 -0.20000000E+01  0.00000000E+00  0.00000000E+00  0.00000000E+00 -0.11200000E+02  0.26400000E+02 -0.40319998E+02
 -0.19600000E+01 -0.22204460E-15 -0.22204460E-15 -0.42188475E-14 -0.10976000E+02  0.25512960E+02 -0.38818159E+02
 -0.19200000E+01  0.22204460E-15  0.11102230E-14 -0.66613381E-15 -0.10752000E+02  0.24643840E+02 -0.37358468E+02
 -0.18800000E+01  0.00000000E+00 -0.77715612E-15 -0.13322676E-14 -0.10528000E+02  0.23792640E+02 -0.35940064E+02
 -0.18400000E+01  0.00000000E+00 -0.11102230E-15 -0.13322676E-14 -0.10304000E+02  0.22959360E+02 -0.34562088E+02
 -0.18000000E+01 -0.22204460E-15  0.13322676E-14  0.11102230E-14 -0.10080000E+02  0.22144000E+02 -0.33223679E+02
 -0.17600000E+01 -0.66613381E-15  0.12212453E-14 -0.15543122E-14 -0.98559998E+01  0.21346560E+02 -0.31923977E+02
 -0.17200000E+01  0.00000000E+00  0.11102230E-14 -0.15543122E-14 -0.96319998E+01  0.20567040E+02 -0.30662122E+02
 -0.16800000E+01 -0.22204460E-15  0.22204460E-15  0.00000000E+00 -0.94079998E+01  0.19805440E+02 -0.29437255E+02
 -0.16400000E+01  0.22204460E-15 -0.88817842E-15 -0.66613381E-15 -0.91839998E+01  0.19061760E+02 -0.28248513E+02
 -0.16000000E+01  0.00000000E+00 -0.66613381E-15 -0.44408921E-15 -0.89599998E+01  0.18336000E+02 -0.27095039E+02
 -0.15600000E+01 -0.44408921E-15  0.11657342E-14 -0.32196468E-14 -0.87359999E+01  0.17628160E+02 -0.25975971E+02
 -0.15200000E+01  0.22204460E-15 -0.94368957E-15  0.24424907E-14 -0.85119999E+01  0.16938240E+02 -0.24890449E+02
 -0.14800000E+01 -0.22204460E-15 -0.16098234E-14 -0.44408921E-15 -0.82879999E+01  0.16266240E+02 -0.23837613E+02
 -0.14400000E+01  0.44408921E-15  0.24980018E-15 -0.44408921E-15 -0.80639999E+01  0.15612160E+02 -0.22816603E+02
 -0.14000000E+01  0.00000000E+00  0.00000000E+00 -0.33306691E-15 -0.78399999E+01  0.14976000E+02 -0.21826559E+02
 -0.13600000E+01 -0.22204460E-15  0.24980018E-15 -0.99920072E-15 -0.76159999E+01  0.14357760E+02 -0.20866621E+02
 -0.13200000E+01  0.00000000E+00 -0.95756736E-15  0.18873791E-14 -0.73919999E+01  0.13757440E+02 -0.19935928E+02
 -0.12800000E+01  0.00000000E+00 -0.15404344E-14 -0.12767565E-14 -0.71679999E+01  0.13175040E+02 -0.19033620E+02
 -0.12400000E+01  0.11102230E-15 -0.56898930E-15  0.27755576E-15 -0.69439999E+01  0.12610560E+02 -0.18158837E+02
 -0.12000000E+01  0.22204460E-15 -0.10547119E-14 -0.22204460E-15 -0.67199999E+01  0.12064000E+02 -0.17310719E+02
 -0.11600000E+01 -0.11102230E-15  0.46490589E-15  0.11102230E-15 -0.64959999E+01  0.11535360E+02 -0.16488407E+02
 -0.11200000E+01  0.00000000E+00 -0.72337969E-15  0.38857806E-15 -0.62719999E+01  0.11024640E+02 -0.15691038E+02
 -0.10800000E+01  0.22204460E-15 -0.16132928E-15  0.11102230E-15 -0.60479999E+01  0.10531840E+02 -0.14917754E+02
 -0.10400000E+01 -0.11102230E-15 -0.17911020E-15 -0.88817842E-15 -0.58239999E+01  0.10056960E+02 -0.14167695E+02
 -0.10000000E+01  0.00000000E+00  0.00000000E+00  0.00000000E+00 -0.55999999E+01  0.95999999E+01 -0.13440000E+02
 -0.96000000E+00  0.80000000E-01  0.32000000E-02  0.12805120E+00 -0.54559999E+01  0.91577599E+01 -0.12861860E+02
 -0.92000000E+00  0.16000000E+00  0.12800000E-01  0.25640960E+00 -0.53119999E+01  0.87270399E+01 -0.12304670E+02
 -0.88000000E+00  0.24000000E+00  0.28800000E-01  0.38538241E+00 -0.51679999E+01  0.83078399E+01 -0.11767879E+02
 -0.84000000E+00  0.32000000E+00  0.51200000E-01  0.51527681E+00 -0.50239999E+01  0.79001599E+01 -0.11250934E+02
 -0.80000000E+00  0.40000000E+00  0.80000000E-01  0.64640001E+00 -0.48799999E+01  0.75039999E+01 -0.10753280E+02
 -0.76000000E+00  0.48000000E+00  0.11520000E+00  0.77905921E+00 -0.47359999E+01  0.71193599E+01 -0.10274365E+02
 -0.72000000E+00  0.56000000E+00  0.15680000E+00  0.91356161E+00 -0.45919999E+01  0.67462400E+01 -0.98136369E+01
 -0.68000000E+00  0.64000000E+00  0.20480000E+00  0.10502144E+01 -0.44479999E+01  0.63846400E+01 -0.93705419E+01
 -0.64000000E+00  0.72000000E+00  0.25920000E+00  0.11893248E+01 -0.43039999E+01  0.60345600E+01 -0.89445272E+01
 -0.60000000E+00  0.80000000E+00  0.32000000E+00  0.13312000E+01 -0.41599999E+01  0.56960000E+01 -0.85350399E+01
 -0.56000000E+00  0.88000000E+00  0.38720000E+00  0.14761472E+01 -0.40159999E+01  0.53689600E+01 -0.81415269E+01
 -0.52000000E+00  0.96000000E+00  0.46080000E+00  0.16244736E+01 -0.38720000E+01  0.50534400E+01 -0.77634354E+01
 -0.48000000E+00  0.10400000E+01  0.54080000E+00  0.17764864E+01 -0.37280000E+01  0.47494400E+01 -0.74002124E+01
 -0.44000000E+00  0.11200000E+01  0.62720000E+00  0.19324928E+01 -0.35840000E+01  0.44569600E+01 -0.70513049E+01
 -0.40000000E+00  0.12000000E+01  0.72000000E+00  0.20928000E+01 -0.34400000E+01  0.41760000E+01 -0.67161599E+01
 -0.36000000E+00  0.12800000E+01  0.81920000E+00  0.22577152E+01 -0.32960000E+01  0.39065600E+01 -0.63942246E+01
 -0.32000000E+00  0.13600000E+01  0.92480000E+00  0.24275456E+01 -0.31520000E+01  0.36486400E+01 -0.60849459E+01
 -0.28000000E+00  0.14400000E+01  0.10368000E+01  0.26025984E+01 -0.30080000E+01  0.34022400E+01 -0.57877708E+01
 -0.24000000E+00  0.15200000E+01  0.11552000E+01  0.27831808E+01 -0.28640000E+01  0.31673600E+01 -0.55021465E+01
 -0.20000000E+00  0.16000000E+01  0.12800000E+01  0.29696000E+01 -0.27200000E+01  0.29440000E+01 -0.52275200E+01
 -0.16000000E+00  0.16800000E+01  0.14112000E+01  0.31621632E+01 -0.25760000E+01  0.27321600E+01 -0.49633382E+01
 -0.12000000E+00  0.17600000E+01  0.15488000E+01  0.33611776E+01 -0.24320000E+01  0.25318400E+01 -0.47090483E+01
 -0.80000000E-01  0.18400000E+01  0.16928000E+01  0.35669504E+01 -0.22880000E+01  0.23430400E+01 -0.44640973E+01
 -0.40000000E-01  0.19200000E+01  0.18432000E+01  0.37797888E+01 -0.21440000E+01  0.21657600E+01 -0.42279322E+01
  0.00000000E+00  0.20000000E+01  0.20000000E+01  0.40000000E+01 -0.20000000E+01  0.20000000E+01 -0.40000000E+01
  0.40000000E-01  0.21440000E+01  0.21657600E+01  0.42279322E+01 -0.19200000E+01  0.18432000E+01 -0.37797888E+01
  0.80000000E-01  0.22880000E+01  0.23430400E+01  0.44640973E+01 -0.18400000E+01  0.16928000E+01 -0.35669504E+01
  0.12000000E+00  0.24320000E+01  0.25318400E+01  0.47090483E+01 -0.17600000E+01  0.15488000E+01 -0.33611776E+01
  0.16000000E+00  0.25760000E+01  0.27321600E+01  0.49633382E+01 -0.16800000E+01  0.14112000E+01 -0.31621632E+01
  0.20000000E+00  0.27200000E+01  0.29440000E+01  0.52275200E+01 -0.16000000E+01  0.12800000E+01 -0.29696000E+01
  0.24000000E+00  0.28640000E+01  0.31673600E+01  0.55021465E+01 -0.15200000E+01  0.11552000E+01 -0.27831808E+01
  0.28000000E+00  0.30080000E+01  0.34022400E+01  0.57877708E+01 -0.14400000E+01  0.10368000E+01 -0.26025984E+01
  0.32000000E+00  0.31520000E+01  0.36486400E+01  0.60849459E+01 -0.13600000E+01  0.92480000E+00 -0.24275456E+01
  0.36000000E+00  0.32960000E+01  0.39065600E+01  0.63942246E+01 -0.12800000E+01  0.81920000E+00 -0.22577152E+01
  0.40000000E+00  0.34400000E+01  0.41760000E+01  0.67161599E+01 -0.12000000E+01  0.72000000E+00 -0.20928000E+01
  0.44000000E+00  0.35840000E+01  0.44569600E+01  0.70513049E+01 -0.11200000E+01  0.62720000E+00 -0.19324928E+01
  0.48000000E+00  0.37280000E+01  0.47494400E+01  0.74002124E+01 -0.10400000E+01  0.54080000E+00 -0.17764864E+01
  0.52000000E+00  0.38720000E+01  0.50534400E+01  0.77634354E+01 -0.96000000E+00  0.46080000E+00 -0.16244736E+01
  0.56000000E+00  0.40159999E+01  0.53689600E+01  0.81415269E+01 -0.88000000E+00  0.38720000E+00 -0.14761472E+01
  0.60000000E+00  0.41599999E+01  0.56960000E+01  0.85350399E+01 -0.80000000E+00  0.32000000E+00 -0.13312000E+01
  0.64000000E+00  0.43039999E+01  0.60345600E+01  0.89445272E+01 -0.72000000E+00  0.25920000E+00 -0.11893248E+01
  0.68000000E+00  0.44479999E+01  0.63846400E+01  0.93705419E+01 -0.64000000E+00  0.20480000E+00 -0.10502144E+01
  0.72000000E+00  0.45919999E+01  0.67462400E+01  0.98136369E+01 -0.56000000E+00  0.15680000E+00 -0.91356161E+00
  0.76000000E+00  0.47359999E+01  0.71193599E+01  0.10274365E+02 -0.48000000E+00  0.11520000E+00 -0.77905921E+00
  0.80000000E+00  0.48799999E+01  0.75039999E+01  0.10753280E+02 -0.40000000E+00  0.80000000E-01 -0.64640001E+00
  0.84000000E+00  0.50239999E+01  0.79001599E+01  0.11250934E+02 -0.32000000E+00  0.51200000E-01 -0.51527681E+00
  0.88000000E+00  0.51679999E+01  0.83078399E+01  0.11767879E+02 -0.24000000E+00  0.28800000E-01 -0.38538241E+00
  0.92000000E+00  0.53119999E+01  0.87270399E+01  0.12304670E+02 -0.16000000E+00  0.12800000E-01 -0.25640960E+00
  0.96000000E+00  0.54559999E+01  0.91577599E+01  0.12861860E+02 -0.80000000E-01  0.32000000E-02 -0.12805120E+00
  0.10000000E+01  0.55999999E+01  0.95999999E+01  0.13440000E+02  0.00000000E+00  0.00000000E+00  0.00000000E+00
  0.10400000E+01  0.58239999E+01  0.10056960E+02  0.14167695E+02  0.00000000E+00  0.00000000E+00  0.88817842E-15
  0.10800000E+01  0.60479999E+01  0.10531840E+02  0.14917754E+02  0.00000000E+00  0.00000000E+00  0.00000000E+00
  0.11200000E+01  0.62719999E+01  0.11024640E+02  0.15691038E+02  0.00000000E+00 -0.88817842E-15  0.00000000E+00
  0.11600000E+01  0.64959999E+01  0.11535360E+02  0.16488407E+02  0.00000000E+00  0.88817842E-15  0.00000000E+00
  0.12000000E+01  0.67199999E+01  0.12064000E+02  0.17310719E+02  0.00000000E+00  0.00000000E+00 -0.88817842E-15
  0.12400000E+01  0.69439999E+01  0.12610560E+02  0.18158837E+02  0.00000000E+00  0.00000000E+00  0.17763568E-14
  0.12800000E+01  0.71679999E+01  0.13175040E+02  0.19033620E+02  0.00000000E+00  0.00000000E+00 -0.35527137E-14
  0.13200000E+01  0.73919999E+01  0.13757440E+02  0.19935928E+02  0.00000000E+00  0.00000000E+00  0.00000000E+00
  0.13600000E+01  0.76159999E+01  0.14357760E+02  0.20866621E+02  0.44408921E-15  0.00000000E+00  0.17763568E-14
  0.14000000E+01  0.78399999E+01  0.14976000E+02  0.21826559E+02  0.00000000E+00  0.00000000E+00  0.00000000E+00
  0.14400000E+01  0.80639999E+01  0.15612160E+02  0.22816603E+02 -0.44408921E-15  0.00000000E+00  0.00000000E+00
  0.14800000E+01  0.82879999E+01  0.16266240E+02  0.23837613E+02  0.44408921E-15 -0.17763568E-14  0.00000000E+00
  0.15200000E+01  0.85119999E+01  0.16938240E+02  0.24890449E+02 -0.44408921E-15 -0.17763568E-14 -0.17763568E-14
  0.15600000E+01  0.87359999E+01  0.17628160E+02  0.25975971E+02  0.44408921E-15  0.17763568E-14  0.35527137E-14
  0.16000000E+01  0.89599998E+01  0.18336000E+02  0.27095039E+02  0.00000000E+00  0.00000000E+00  0.00000000E+00
  0.16400000E+01  0.91839998E+01  0.19061760E+02  0.28248513E+02 -0.44408921E-15 -0.17763568E-14  0.00000000E+00
  0.16800000E+01  0.94079998E+01  0.19805440E+02  0.29437255E+02  0.00000000E+00 -0.17763568E-14 -0.17763568E-14
  0.17200000E+01  0.96319998E+01  0.20567040E+02  0.30662122E+02  0.44408921E-15  0.00000000E+00  0.00000000E+00
  0.17600000E+01  0.98559998E+01  0.21346560E+02  0.31923977E+02 -0.44408921E-15  0.00000000E+00 -0.17763568E-14
  0.18000000E+01  0.10080000E+02  0.22144000E+02  0.33223679E+02 -0.44408921E-15 -0.88817842E-15  0.17763568E-14
  0.18400000E+01  0.10304000E+02  0.22959360E+02  0.34562088E+02  0.44408921E-15 -0.17763568E-14  0.00000000E+00
  0.18800000E+01  0.10528000E+02  0.23792640E+02  0.35940064E+02  0.00000000E+00  0.00000000E+00  0.17763568E-14
  0.19200000E+01  0.10752000E+02  0.24643840E+02  0.37358468E+02  0.00000000E+00  0.17763568E-14  0.00000000E+00
  0.19600000E+01  0.10976000E+02  0.25512960E+02  0.38818159E+02  0.00000000E+00  0.00000000E+00  0.35527137E-14
  0.20000000E+01  0.11200000E+02  0.26400000E+02  0.40319998E+02  0.00000000E+00  0.00000000E+00  0.00000000E+00
