  0.49072938E+01  0.49061904E+01  0.49047071E+01  0.49040231E+01  0.49034869E+01
  0.49030205E+01  0.49025433E+01  0.49020190E+01  0.49013915E+01  0.49005971E+01
  0.48995581E+01  0.48981788E+01  0.48963355E+01  0.48938659E+01  0.48905556E+01
  0.48861200E+01  0.48801773E+01  0.48722106E+01  0.48615206E+01  0.48471617E+01
  0.48278533E+01  0.48018807E+01  0.47669954E+01  0.47202265E+01  0.46576199E+01
  0.45752759E+01  0.44686405E+01  0.43329869E+01  0.41656177E+01  0.39668093E+01
  0.37427175E+01  0.35051372E+01  0.32665676E+01  0.30337029E+01  0.28087549E+01
  0.25958961E+01  0.24009417E+01  0.22285981E+01  0.20807368E+01  0.19546788E+01
  0.18445764E+01  0.17444886E+01  0.16497316E+01  0.15575881E+01  0.14672734E+01
  0.13793959E+01  0.12948895E+01  0.12142655E+01  0.11378243E+01  0.10658260E+01
  0.99837523E+00  0.93541815E+00  0.87678594E+00  0.82224361E+00  0.77152570E+00
  0.72435993E+00  0.68048259E+00  0.63964655E+00  0.60162492E+00  0.56621082E+00
  0.53321534E+00  0.50246468E+00  0.47379722E+00  0.44706149E+00  0.42211483E+00
  0.39882264E+00  0.37705838E+00  0.35670400E+00  0.33765029E+00  0.31979632E+00
  0.30304858E+00  0.28732061E+00  0.27253327E+00  0.25861505E+00  0.24550271E+00
  0.23314168E+00  0.22148549E+00  0.21049211E+00  0.20011972E+00  0.19032492E+00
  0.18107271E+00  0.17233976E+00  0.16412063E+00  0.15643053E+00  0.14927519E+00
  0.14264188E+00  0.13651204E+00  0.13086574E+00  0.12568399E+00  0.12095075E+00
  0.11665435E+00  0.11278780E+00  0.10934878E+00  0.10633802E+00  0.10375831E+00
  0.10160896E+00  0.99880449E-01  0.98545255E-01  0.97591775E-01  0.96919226E-01
  0.96625730E-01  0.49073139E+01  0.49062017E+01  0.49047072E+01  0.49040193E+01
  0.49034805E+01  0.49030129E+01  0.49025344E+01  0.49020084E+01  0.49013794E+01
  0.49005844E+01  0.48995450E+01  0.48981654E+01  0.48963219E+01  0.48938525E+01
  0.48905429E+01  0.48861084E+01  0.48801669E+01  0.48722018E+01  0.48615131E+01
  0.48471540E+01  0.48278430E+01  0.48018660E+01  0.47669743E+01  0.47201973E+01
  0.46575798E+01  0.45752231E+01  0.44685734E+01  0.43329038E+01  0.41655185E+01
  0.39666945E+01  0.37425864E+01  0.35049894E+01  0.32664042E+01  0.30335316E+01
  0.28085893E+01  0.25957532E+01  0.24008399E+01  0.22285464E+01  0.20807246E+01
  0.19546793E+01  0.18445604E+01  0.17444359E+01  0.16496358E+01  0.15574535E+01
  0.14671118E+01  0.13792184E+01  0.12947013E+01  0.12140735E+01  0.11376361E+01
  0.10656444E+01  0.99819954E+00  0.93524652E+00  0.87661644E+00  0.82207460E+00
  0.77135597E+00  0.72418887E+00  0.68031023E+00  0.63947348E+00  0.60145213E+00
  0.56603936E+00  0.53304611E+00  0.50229820E+00  0.47363363E+00  0.44690049E+00
  0.42195572E+00  0.39866455E+00  0.37690048E+00  0.35654560E+00  0.33749072E+00
  0.31963487E+00  0.30288455E+00  0.28715365E+00  0.27236371E+00  0.25844422E+00
  0.24533294E+00  0.23297577E+00  0.22132581E+00  0.21033957E+00  0.19997513E+00
  0.19019223E+00  0.18096271E+00  0.17226655E+00  0.16410155E+00  0.15647490E+00
  0.14937831E+00  0.14279804E+00  0.13671753E+00  0.13111929E+00  0.12598666E+00
  0.12130539E+00  0.11706453E+00  0.11325653E+00  0.10987690E+00  0.10692251E+00
  0.10439047E+00  0.10227311E+00  0.10055784E+00  0.99211043E-01  0.98228513E-01
  0.97462714E-01  0.97091302E-01  0.49073717E+01  0.49062304E+01  0.49046976E+01
  0.49039959E+01  0.49034518E+01  0.49029827E+01  0.49025021E+01  0.49019731E+01
  0.49013418E+01  0.49005458E+01  0.48995062E+01  0.48981264E+01  0.48962831E+01
  0.48938146E+01  0.48905065E+01  0.48860735E+01  0.48801337E+01  0.48721699E+01
  0.48614811E+01  0.48471184E+01  0.48277996E+01  0.48018105E+01  0.47669020E+01
  0.47201031E+01  0.46574561E+01  0.45750646E+01  0.44683752E+01  0.43326611E+01
  0.41652306E+01  0.39663619E+01  0.37422089E+01  0.35045651E+01  0.32659330E+01
  0.30330299E+01  0.28080970E+01  0.25953252E+01  0.24005305E+01  0.22283810E+01
  0.20806701E+01  0.19546562E+01  0.18444856E+01  0.17442515E+01  0.16493209E+01
  0.15570192E+01  0.14665893E+01  0.13786400E+01  0.12940901E+01  0.12134526E+01
  0.11370257E+01  0.10650515E+01  0.99762287E+00  0.93468109E+00  0.87605691E+00
  0.82151655E+00  0.77079618E+00  0.72362584E+00  0.67974431E+00  0.63890666E+00
  0.60088731E+00  0.56547966E+00  0.53249415E+00  0.50175556E+00  0.47310072E+00
  0.44637652E+00  0.42143890E+00  0.39815262E+00  0.37639124E+00  0.35603712E+00
  0.33698113E+00  0.31912224E+00  0.30236728E+00  0.28663127E+00  0.27183778E+00
  0.25791890E+00  0.24481453E+00  0.23247144E+00  0.22084144E+00  0.20987884E+00
  0.19954431E+00  0.18980829E+00  0.18065562E+00  0.17207311E+00  0.16405278E+00
  0.15658301E+00  0.14964027E+00  0.14320755E+00  0.13726977E+00  0.13181303E+00
  0.12682459E+00  0.12229299E+00  0.11820771E+00  0.11455843E+00  0.11133422E+00
  0.10852135E+00  0.10610333E+00  0.10405473E+00  0.10235363E+00  0.10095429E+00
  0.99865644E-01  0.98836801E-01  0.98262173E-01  0.49074678E+01  0.49062731E+01
  0.49046665E+01  0.49039366E+01  0.49033844E+01  0.49029149E+01  0.49024339E+01
  0.49019040E+01  0.49012716E+01  0.49004753E+01  0.48994358E+01  0.48980565E+01
  0.48962143E+01  0.48937473E+01  0.48904410E+01  0.48860095E+01  0.48800704E+01
  0.48721063E+01  0.48614145E+01  0.48470444E+01  0.48277135E+01  0.48017063E+01
  0.47667722E+01  0.47199392E+01  0.46572462E+01  0.45747992E+01  0.44680457E+01
  0.43322595E+01  0.41647546E+01  0.39658111E+01  0.37415833E+01  0.35038604E+01
  0.32651476E+01  0.30321884E+01  0.28072657E+01  0.25945992E+01  0.24000000E+01
  0.22280874E+01  0.20805560E+01  0.19545879E+01  0.18443276E+01  0.17439090E+01
  0.16487590E+01  0.15562556E+01  0.14656727E+01  0.13776247E+01  0.12930223E+01
  0.12123716E+01  0.11359600E+01  0.10640128E+01  0.99660992E+00  0.93368642E+00
  0.87507221E+00  0.82053484E+00  0.76981266E+00  0.72263859E+00  0.67875426E+00
  0.63791715E+00  0.59990303E+00  0.56450549E+00  0.53153411E+00  0.50081199E+00
  0.47217413E+00  0.44546559E+00  0.42054098E+00  0.39726445E+00  0.37550958E+00
  0.35515889E+00  0.33610333E+00  0.31824223E+00  0.30148368E+00  0.28574518E+00
  0.27095357E+00  0.25704397E+00  0.24395837E+00  0.23164403E+00  0.22005179E+00
  0.20913900E+00  0.19887726E+00  0.18925212E+00  0.18024994E+00  0.17185753E+00
  0.16405087E+00  0.15679884E+00  0.15007952E+00  0.14387364E+00  0.13816528E+00
  0.13294098E+00  0.12818827E+00  0.12389419E+00  0.12004383E+00  0.11661905E+00
  0.11359716E+00  0.11094967E+00  0.10864330E+00  0.10663825E+00  0.10490550E+00
  0.10338193E+00  0.10209030E+00  0.10066153E+00  0.99800779E-01  0.49076060E+01
  0.49063312E+01  0.49046111E+01  0.49038357E+01  0.49032699E+01  0.49027991E+01
  0.49023194E+01  0.49017912E+01  0.49011599E+01  0.49003639E+01  0.48993247E+01
  0.48979465E+01  0.48961061E+01  0.48936415E+01  0.48903378E+01  0.48859085E+01
  0.48799705E+01  0.48720062E+01  0.48613108E+01  0.48469316E+01  0.48275847E+01
  0.48015532E+01  0.47665841E+01  0.47197037E+01  0.46569479E+01  0.45744231E+01
  0.44675781E+01  0.43316900E+01  0.41640786E+01  0.39650268E+01  0.37406894E+01
  0.35028512E+01  0.32640226E+01  0.30309853E+01  0.28060787E+01  0.25935617E+01
  0.23992400E+01  0.22276619E+01  0.20803810E+01  0.19544736E+01  0.18440845E+01
  0.17434055E+01  0.16479477E+01  0.15551629E+01  0.14643667E+01  0.13761827E+01
  0.12915116E+01  0.12108457E+01  0.11344552E+01  0.10625446E+01  0.99517711E+00
  0.93227969E+00  0.87368048E+00  0.81914866E+00  0.76842581E+00  0.72124889E+00
  0.67736331E+00  0.63652946E+00  0.59852467E+00  0.56314254E+00  0.53019133E+00
  0.49949196E+00  0.47087695E+00  0.44418924E+00  0.41928198E+00  0.39601879E+00
  0.37427311E+00  0.35392744E+00  0.33487315E+00  0.31701109E+00  0.30025239E+00
  0.28451859E+00  0.26974022E+00  0.25585503E+00  0.24280667E+00  0.23054347E+00
  0.21902087E+00  0.20820935E+00  0.19809632E+00  0.18866695E+00  0.17989681E+00
  0.17176116E+00  0.16422408E+00  0.15725108E+00  0.15082125E+00  0.14491529E+00
  0.13951536E+00  0.13460376E+00  0.13016128E+00  0.12616557E+00  0.12258969E+00
  0.11940169E+00  0.11656353E+00  0.11403251E+00  0.11176677E+00  0.10972005E+00
  0.10786105E+00  0.10611667E+00  0.10453580E+00  0.10263413E+00  0.10145277E+00
  0.49077894E+01  0.49064046E+01  0.49045292E+01  0.49036912E+01  0.49031052E+01
  0.49026317E+01  0.49021535E+01  0.49016285E+01  0.49010002E+01  0.49002059E+01
  0.48991679E+01  0.48977916E+01  0.48959539E+01  0.48934928E+01  0.48901926E+01
  0.48857663E+01  0.48798299E+01  0.48718654E+01  0.48611656E+01  0.48467754E+01
  0.48274088E+01  0.48013465E+01  0.47663326E+01  0.47193915E+01  0.46565568E+01
  0.45739310E+01  0.44669660E+01  0.43309461E+01  0.41631953E+01  0.39640007E+01
  0.37395185E+01  0.35015291E+01  0.32625508E+01  0.30294141E+01  0.28045303E+01
  0.25922097E+01  0.23982491E+01  0.22271032E+01  0.20801425E+01  0.19543090E+01
  0.18437508E+01  0.17427357E+01  0.16468837E+01  0.15537398E+01  0.14626721E+01
  0.13743164E+01  0.12895616E+01  0.12088802E+01  0.11325171E+01  0.10606517E+01
  0.99332903E+00  0.93046560E+00  0.87188672E+00  0.81736373E+00  0.76664253E+00
  0.71946519E+00  0.67558157E+00  0.63475521E+00  0.59676492E+00  0.56140385E+00
  0.52847844E+00  0.49780698E+00  0.46921922E+00  0.44255599E+00  0.41766921E+00
  0.39442194E+00  0.37268732E+00  0.35234806E+00  0.33329715E+00  0.31543903E+00
  0.29868982E+00  0.28297571E+00  0.26823042E+00  0.25439419E+00  0.24141372E+00
  0.22924334E+00  0.21785203E+00  0.20722978E+00  0.19735973E+00  0.18820792E+00
  0.17974041E+00  0.17191650E+00  0.16469993E+00  0.15806543E+00  0.15198908E+00
  0.14644729E+00  0.14141458E+00  0.13686204E+00  0.13275635E+00  0.12905923E+00
  0.12572776E+00  0.12271411E+00  0.11997084E+00  0.11745133E+00  0.11511295E+00
  0.11291060E+00  0.11082056E+00  0.10878026E+00  0.10687549E+00  0.10452102E+00
  0.10304715E+00  0.49080215E+01  0.49064946E+01  0.49044201E+01  0.49035028E+01
  0.49028898E+01  0.49024114E+01  0.49019348E+01  0.49014137E+01  0.49007891E+01
  0.48999979E+01  0.48989619E+01  0.48975880E+01  0.48957540E+01  0.48932972E+01
  0.48900016E+01  0.48855792E+01  0.48796450E+01  0.48716802E+01  0.48609756E+01
  0.48465723E+01  0.48271823E+01  0.48010831E+01  0.47660144E+01  0.47189986E+01
  0.46560695E+01  0.45733187E+01  0.44662033E+01  0.43300210E+01  0.41620964E+01
  0.39627225E+01  0.37380584E+01  0.34998810E+01  0.32607198E+01  0.30274634E+01
  0.28026112E+01  0.25905367E+01  0.23970241E+01  0.22264088E+01  0.20798367E+01
  0.19540890E+01  0.18433209E+01  0.17418949E+01  0.16455639E+01  0.15519861E+01
  0.14605915E+01  0.13720304E+01  0.12871782E+01  0.12064810E+01  0.11301514E+01
  0.10583395E+01  0.99106938E+00  0.92824673E+00  0.86969380E+00  0.81518374E+00
  0.76446782E+00  0.71729407E+00  0.67341726E+00  0.63260399E+00  0.59463414E+00
  0.55929981E+00  0.52640506E+00  0.49576534E+00  0.46720769E+00  0.44057114E+00
  0.41570671E+00  0.39247690E+00  0.37075470E+00  0.35042434E+00  0.33138284E+00
  0.31354054E+00  0.29681955E+00  0.28115000E+00  0.26646904E+00  0.25272188E+00
  0.23986250E+00  0.22785759E+00  0.21669853E+00  0.20636897E+00  0.19682303E+00
  0.18801659E+00  0.17990517E+00  0.17244612E+00  0.16561069E+00  0.15937253E+00
  0.15370061E+00  0.14855933E+00  0.14390811E+00  0.13970098E+00  0.13588746E+00
  0.13241278E+00  0.12922271E+00  0.12626528E+00  0.12349258E+00  0.12086295E+00
  0.11834309E+00  0.11590217E+00  0.11353413E+00  0.11119021E+00  0.10898783E+00
  0.10625855E+00  0.10455053E+00  0.49083056E+01  0.49066020E+01  0.49042834E+01
  0.49032718E+01  0.49026251E+01  0.49021394E+01  0.49016642E+01  0.49011467E+01
  0.49005263E+01  0.48997383E+01  0.48987045E+01  0.48973337E+01  0.48955041E+01
  0.48930526E+01  0.48897625E+01  0.48853447E+01  0.48794131E+01  0.48714480E+01
  0.48607376E+01  0.48463195E+01  0.48269021E+01  0.48007594E+01  0.47656257E+01
  0.47185208E+01  0.46554823E+01  0.45725815E+01  0.44652835E+01  0.43289077E+01
  0.41607736E+01  0.39611822E+01  0.37362974E+01  0.34978943E+01  0.32585169E+01
  0.30251219E+01  0.28003124E+01  0.25885376E+01  0.23955626E+01  0.22255766E+01
  0.20794586E+01  0.19538052E+01  0.18427854E+01  0.17408753E+01  0.16439837E+01
  0.15499004E+01  0.14581268E+01  0.13693287E+01  0.12843660E+01  0.12036524E+01
  0.11273618E+01  0.10556109E+01  0.98839991E+00  0.92562303E+00  0.86710079E+00
  0.81260827E+00  0.76190251E+00  0.71473792E+00  0.67087420E+00  0.63008068E+00
  0.59213753E+00  0.55683515E+00  0.52397487E+00  0.49336927E+00  0.46484314E+00
  0.43823427E+00  0.41339309E+00  0.39018172E+00  0.36847439E+00  0.34815962E+00
  0.32914143E+00  0.31133755E+00  0.29467521E+00  0.27908889E+00  0.26452176E+00
  0.25092821E+00  0.23827288E+00  0.22654696E+00  0.21573384E+00  0.20577567E+00
  0.19661634E+00  0.18820788E+00  0.18050416E+00  0.17346999E+00  0.16707138E+00
  0.16126768E+00  0.15601230E+00  0.15125205E+00  0.14692866E+00  0.14297948E+00
  0.13934196E+00  0.13595728E+00  0.13277106E+00  0.12973834E+00  0.12682226E+00
  0.12399412E+00  0.12123895E+00  0.11854261E+00  0.11591376E+00  0.11330892E+00
  0.11086505E+00  0.10784967E+00  0.10596603E+00  0.49086444E+01  0.49067276E+01
  0.49041195E+01  0.49030004E+01  0.49023144E+01  0.49018190E+01  0.49013438E+01
  0.49008313E+01  0.49002166E+01  0.48994289E+01  0.48983949E+01  0.48970280E+01
  0.48952034E+01  0.48927579E+01  0.48894741E+01  0.48850615E+01  0.48791327E+01
  0.48711669E+01  0.48604497E+01  0.48460144E+01  0.48265654E+01  0.48003725E+01
  0.47651630E+01  0.47179538E+01  0.46547919E+01  0.45717148E+01  0.44641996E+01
  0.43275987E+01  0.41592179E+01  0.39593689E+01  0.37342229E+01  0.34955550E+01
  0.32559283E+01  0.30223767E+01  0.27976240E+01  0.25862066E+01  0.23938618E+01
  0.22246035E+01  0.20790018E+01  0.19534477E+01  0.18421327E+01  0.17396671E+01
  0.16421371E+01  0.15474807E+01  0.14552786E+01  0.13662134E+01  0.12811275E+01
  0.12003962E+01  0.11241484E+01  0.10524627E+01  0.98531549E+00  0.92258956E+00
  0.86410204E+00  0.80963187E+00  0.75894225E+00  0.71179375E+00  0.66795065E+00
  0.62718422E+00  0.58927399E+00  0.55400805E+00  0.52118486E+00  0.49061455E+00
  0.46212034E+00  0.43553949E+00  0.41072218E+00  0.38753144E+00  0.36584593E+00
  0.34556235E+00  0.32659375E+00  0.30886479E+00  0.29230777E+00  0.27686354E+00
  0.26248554E+00  0.24913816E+00  0.23681015E+00  0.22548341E+00  0.21509042E+00
  0.20556105E+00  0.19684289E+00  0.18888583E+00  0.18164694E+00  0.17508178E+00
  0.16913716E+00  0.16375223E+00  0.15886107E+00  0.15439288E+00  0.15027618E+00
  0.14644429E+00  0.14283588E+00  0.13939973E+00  0.13609467E+00  0.13289008E+00
  0.12976769E+00  0.12671621E+00  0.12373335E+00  0.12081375E+00  0.11797446E+00
  0.11517074E+00  0.11254820E+00  0.10932309E+00  0.10731021E+00  0.49090394E+01
  0.49068729E+01  0.49039303E+01  0.49026926E+01  0.49019635E+01  0.49014564E+01
  0.49009806E+01  0.49004746E+01  0.48998610E+01  0.48990684E+01  0.48980347E+01
  0.48966718E+01  0.48948529E+01  0.48924142E+01  0.48891371E+01  0.48847299E+01
  0.48788035E+01  0.48708359E+01  0.48601106E+01  0.48456553E+01  0.48261700E+01
  0.47999198E+01  0.47646231E+01  0.47172938E+01  0.46539944E+01  0.45707135E+01
  0.44629449E+01  0.43260865E+01  0.41574201E+01  0.39572715E+01  0.37318216E+01
  0.34928483E+01  0.32529391E+01  0.30192145E+01  0.27945359E+01  0.25835380E+01
  0.23919193E+01  0.22234859E+01  0.20784581E+01  0.19530041E+01  0.18413490E+01
  0.17382579E+01  0.16400156E+01  0.15447228E+01  0.14520455E+01  0.13626850E+01
  0.12774626E+01  0.11967107E+01  0.11205057E+01  0.10488861E+01  0.98180571E+00
  0.91913425E+00  0.86068576E+00  0.80624372E+00  0.75557760E+00  0.70845377E+00
  0.66464011E+00  0.62390874E+00  0.58603758E+00  0.55081195E+00  0.51802772E+00
  0.48749329E+00  0.45903125E+00  0.43247906E+00  0.40768779E+00  0.38452468E+00
  0.36287784E+00  0.34265520E+00  0.32377889E+00  0.30617943E+00  0.28979515E+00
  0.27457770E+00  0.26049168E+00  0.24752142E+00  0.23564692E+00  0.22479279E+00
  0.21487304E+00  0.20582895E+00  0.19760522E+00  0.19014866E+00  0.18340148E+00
  0.17729613E+00  0.17175743E+00  0.16670527E+00  0.16205794E+00  0.15773879E+00
  0.15367818E+00  0.14981695E+00  0.14610839E+00  0.14251773E+00  0.13902374E+00
  0.13561443E+00  0.13228503E+00  0.12903396E+00  0.12586530E+00  0.12277575E+00
  0.11978265E+00  0.11683523E+00  0.11408230E+00  0.11069887E+00  0.10858696E+00
  0.49094883E+01  0.49070377E+01  0.49037199E+01  0.49023569E+01  0.49015809E+01
  0.49010586E+01  0.49005825E+01  0.49000802E+01  0.48994563E+01  0.48986547E+01
  0.48976257E+01  0.48962678E+01  0.48944558E+01  0.48920244E+01  0.48887540E+01
  0.48843517E+01  0.48784268E+01  0.48704557E+01  0.48597199E+01  0.48452414E+01
  0.48257143E+01  0.47993989E+01  0.47640037E+01  0.47165379E+01  0.46530839E+01
  0.45695713E+01  0.44615136E+01  0.43243628E+01  0.41553701E+01  0.39548777E+01
  0.37290795E+01  0.34897588E+01  0.32495335E+01  0.30156208E+01  0.27910372E+01
  0.25805260E+01  0.23897323E+01  0.22222196E+01  0.20778176E+01  0.19524594E+01
  0.18404176E+01  0.17366329E+01  0.16376087E+01  0.15416194E+01  0.14484236E+01
  0.13587408E+01  0.12733684E+01  0.11925893E+01  0.11164236E+01  0.10448710E+01
  0.97785810E+00  0.91524286E+00  0.85683836E+00  0.80243194E+00  0.75179901E+00
  0.70471073E+00  0.66093713E+00  0.62024976E+00  0.58242408E+00  0.54724257E+00
  0.51449917E+00  0.48400159E+00  0.45557292E+00  0.42905203E+00  0.40429408E+00
  0.38117648E+00  0.35960133E+00  0.33948846E+00  0.32076709E+00  0.30337268E+00
  0.28725389E+00  0.27237591E+00  0.25871833E+00  0.24625752E+00  0.23491287E+00
  0.22458196E+00  0.21519379E+00  0.20668502E+00  0.19899065E+00  0.19203811E+00
  0.18574424E+00  0.18001911E+00  0.17476942E+00  0.16990665E+00  0.16534979E+00
  0.16102883E+00  0.15688908E+00  0.15288961E+00  0.14900484E+00  0.14522086E+00
  0.14153182E+00  0.13793624E+00  0.13443551E+00  0.13103075E+00  0.12772532E+00
  0.12451238E+00  0.12140593E+00  0.11834941E+00  0.11549478E+00  0.11198423E+00
  0.10979222E+00  0.49099871E+01  0.49072236E+01  0.49034984E+01  0.49020027E+01
  0.49011726E+01  0.49006313E+01  0.49001529E+01  0.48996271E+01  0.48989846E+01
  0.48981930E+01  0.48971715E+01  0.48958211E+01  0.48940168E+01  0.48915928E+01
  0.48883288E+01  0.48839305E+01  0.48780054E+01  0.48700283E+01  0.48592784E+01
  0.48447721E+01  0.48251973E+01  0.47988081E+01  0.47633026E+01  0.47156838E+01
  0.46520533E+01  0.45682808E+01  0.44599001E+01  0.43224189E+01  0.41530574E+01
  0.39521748E+01  0.37259816E+01  0.34862699E+01  0.32456944E+01  0.30115795E+01
  0.27871157E+01  0.25771634E+01  0.23872966E+01  0.22207983E+01  0.20770675E+01
  0.19517945E+01  0.18393173E+01  0.17347728E+01  0.16349029E+01  0.15381644E+01
  0.14444096E+01  0.13543800E+01  0.12688414E+01  0.11880244E+01  0.11118958E+01
  0.10404090E+01  0.97346400E+00  0.91090932E+00  0.85255675E+00  0.79819708E+00
  0.74761079E+00  0.70057247E+00  0.65685240E+00  0.61622005E+00  0.57844780E+00
  0.54331563E+00  0.51061650E+00  0.48015861E+00  0.45176691E+00  0.42528391E+00
  0.40057596E+00  0.37753816E+00  0.35608827E+00  0.33615517E+00  0.31767156E+00
  0.30058195E+00  0.28485052E+00  0.27045385E+00  0.25736255E+00  0.24549196E+00
  0.23472262E+00  0.22496553E+00  0.21614843E+00  0.20819192E+00  0.20100591E+00
  0.19449130E+00  0.18854317E+00  0.18305872E+00  0.17794322E+00  0.17311368E+00
  0.16850372E+00  0.16406335E+00  0.15975984E+00  0.15557590E+00  0.15150373E+00
  0.14754120E+00  0.14368890E+00  0.13994826E+00  0.13632039E+00  0.13280326E+00
  0.12939589E+00  0.12608717E+00  0.12288937E+00  0.11974323E+00  0.11680455E+00
  0.11318863E+00  0.11093019E+00  0.49105260E+01  0.49074286E+01  0.49032707E+01
  0.49016349E+01  0.49007463E+01  0.49001813E+01  0.48996633E+01  0.48991011E+01
  0.48984671E+01  0.48976914E+01  0.48966791E+01  0.48953375E+01  0.48935410E+01
  0.48911241E+01  0.48878655E+01  0.48834699E+01  0.48775427E+01  0.48695567E+01
  0.48587880E+01  0.48442480E+01  0.48246184E+01  0.47981458E+01  0.47625174E+01
  0.47147285E+01  0.46508963E+01  0.45668349E+01  0.44580976E+01  0.43202453E+01
  0.41504700E+01  0.39491484E+01  0.37225110E+01  0.34823628E+01  0.32414020E+01
  0.30070724E+01  0.27827572E+01  0.25734408E+01  0.23846053E+01  0.22192117E+01
  0.20761900E+01  0.19509854E+01  0.18380222E+01  0.17326542E+01  0.16318754E+01
  0.15343405E+01  0.14399949E+01  0.13495936E+01  0.12638760E+01  0.11830184E+01
  0.11069265E+01  0.10355081E+01  0.96863844E+00  0.90615515E+00  0.84786868E+00
  0.79357285E+00  0.74305152E+00  0.69608053E+00  0.65242860E+00  0.61186184E+00
  0.57414951E+00  0.53907018E+00  0.50641741E+00  0.47600168E+00  0.44765262E+00
  0.42122353E+00  0.39660062E+00  0.37370060E+00  0.35245334E+00  0.33278993E+00
  0.31464914E+00  0.29799249E+00  0.28279554E+00  0.26902267E+00  0.25658389E+00
  0.24534128E+00  0.23518324E+00  0.22602605E+00  0.21777525E+00  0.21032289E+00
  0.20355234E+00  0.19734405E+00  0.19158703E+00  0.18618316E+00  0.18105014E+00
  0.17612502E+00  0.17136512E+00  0.16674750E+00  0.16226102E+00  0.15790220E+00
  0.15367081E+00  0.14956773E+00  0.14559340E+00  0.14174635E+00  0.13802336E+00
  0.13441806E+00  0.13092697E+00  0.12753768E+00  0.12426206E+00  0.12103908E+00
  0.11802835E+00  0.11432264E+00  0.11200778E+00  0.49110723E+01  0.49076342E+01
  0.49030443E+01  0.49012688E+01  0.49003002E+01  0.48996776E+01  0.48991216E+01
  0.48985613E+01  0.48979383E+01  0.48971632E+01  0.48961577E+01  0.48948228E+01
  0.48930331E+01  0.48906220E+01  0.48873678E+01  0.48829734E+01  0.48770420E+01
  0.48690434E+01  0.48582504E+01  0.48436704E+01  0.48239780E+01  0.47974114E+01
  0.47616464E+01  0.47136693E+01  0.46496088E+01  0.45652269E+01  0.44560976E+01
  0.43178312E+01  0.41475945E+01  0.39457822E+01  0.37186485E+01  0.34780158E+01
  0.32366334E+01  0.30020783E+01  0.27779447E+01  0.25693471E+01  0.23816502E+01
  0.22174460E+01  0.20751629E+01  0.19500048E+01  0.18365046E+01  0.17302541E+01
  0.16285116E+01  0.15301386E+01  0.14351775E+01  0.13443900E+01  0.12584913E+01
  0.11775972E+01  0.11015462E+01  0.10302044E+01  0.96342137E+00  0.90102366E+00
  0.84282016E+00  0.78860715E+00  0.73816996E+00  0.69128292E+00  0.64771111E+00
  0.60721677E+00  0.56956695E+00  0.53454078E+00  0.50193475E+00  0.47156476E+00
  0.44327151E+00  0.41693153E+00  0.39245702E+00  0.36978015E+00  0.34883357E+00
  0.32955037E+00  0.31188583E+00  0.29581641E+00  0.28130135E+00  0.26824180E+00
  0.25648264E+00  0.24588602E+00  0.23635173E+00  0.22776949E+00  0.22001238E+00
  0.21294607E+00  0.20643989E+00  0.20037444E+00  0.19464836E+00  0.18918199E+00
  0.18391880E+00  0.17882543E+00  0.17388540E+00  0.16909289E+00  0.16444689E+00
  0.15994774E+00  0.15559552E+00  0.15138858E+00  0.14732306E+00  0.14339281E+00
  0.13959121E+00  0.13591047E+00  0.13234651E+00  0.12888645E+00  0.12554234E+00
  0.12225187E+00  0.11917802E+00  0.11539421E+00  0.11303042E+00  0.49115706E+01
  0.49077979E+01  0.49027687E+01  0.49008487E+01  0.48998151E+01  0.48991483E+01
  0.48985907E+01  0.48980378E+01  0.48974012E+01  0.48966215E+01  0.48956157E+01
  0.48942835E+01  0.48924975E+01  0.48900901E+01  0.48868382E+01  0.48824428E+01
  0.48765041E+01  0.48684887E+01  0.48576670E+01  0.48430410E+01  0.48232773E+01
  0.47966051E+01  0.47606887E+01  0.47125043E+01  0.46481866E+01  0.45634490E+01
  0.44538893E+01  0.43151643E+01  0.41444162E+01  0.39420581E+01  0.37143729E+01
  0.34732052E+01  0.32313638E+01  0.29965742E+01  0.27726608E+01  0.25648716E+01
  0.23784226E+01  0.22154870E+01  0.20739644E+01  0.19488276E+01  0.18347409E+01
  0.17275561E+01  0.16248101E+01  0.15255719E+01  0.14299820E+01  0.13388097E+01
  0.12527322E+01  0.11718053E+01  0.10958033E+01  0.10245469E+01  0.95786113E+00
  0.89556174E+00  0.83745620E+00  0.78334267E+00  0.73300563E+00  0.68621495E+00
  0.64273049E+00  0.60231119E+00  0.56472374E+00  0.52975038E+00  0.49719369E+00
  0.46688098E+00  0.43867745E+00  0.41249110E+00  0.38825573E+00  0.36590746E+00
  0.34537726E+00  0.32661034E+00  0.30958456E+00  0.29425588E+00  0.28051274E+00
  0.26818390E+00  0.25710350E+00  0.24715016E+00  0.23819551E+00  0.23009259E+00
  0.22269009E+00  0.21584611E+00  0.20943601E+00  0.20335717E+00  0.19753259E+00
  0.19191254E+00  0.18647250E+00  0.18120233E+00  0.17609938E+00  0.17116349E+00
  0.16639453E+00  0.16179081E+00  0.15734824E+00  0.15306039E+00  0.14891937E+00
  0.14491705E+00  0.14104606E+00  0.13729820E+00  0.13366925E+00  0.13014611E+00
  0.12674112E+00  0.12339084E+00  0.12026119E+00  0.11640863E+00  0.11400185E+00
  0.49120221E+01  0.49079357E+01  0.49024753E+01  0.49004002E+01  0.48993189E+01
  0.48986431E+01  0.48980776E+01  0.48975108E+01  0.48968639E+01  0.48960746E+01
  0.48950627E+01  0.48937278E+01  0.48919411E+01  0.48895338E+01  0.48862809E+01
  0.48818813E+01  0.48759316E+01  0.48678952E+01  0.48570405E+01  0.48423624E+01
  0.48225183E+01  0.47957281E+01  0.47596448E+01  0.47112329E+01  0.46466257E+01
  0.45614931E+01  0.44514624E+01  0.43122321E+01  0.41409199E+01  0.39379577E+01
  0.37096623E+01  0.34679073E+01  0.32255691E+01  0.29905385E+01  0.27668909E+01
  0.25600091E+01  0.23749214E+01  0.22133283E+01  0.20725813E+01  0.19474381E+01
  0.18327202E+01  0.17245609E+01  0.16207849E+01  0.15206691E+01  0.14244509E+01
  0.13328991E+01  0.12466464E+01  0.11656899E+01  0.10897417E+01  0.10185774E+01
  0.95199770E+00  0.88980798E+00  0.83181371E+00  0.77781356E+00  0.72758810E+00
  0.68090036E+00  0.63750523E+00  0.59715974E+00  0.55963259E+00  0.52471262E+00
  0.49221415E+00  0.46198885E+00  0.43393991E+00  0.40800259E+00  0.38411819E+00
  0.36222125E+00  0.34224513E+00  0.32416459E+00  0.30793542E+00  0.29343386E+00
  0.28047336E+00  0.26885849E+00  0.25843934E+00  0.24906748E+00  0.24057578E+00
  0.23279697E+00  0.22557803E+00  0.21878924E+00  0.21232722E+00  0.20612045E+00
  0.20012795E+00  0.19433080E+00  0.18872300E+00  0.18330374E+00  0.17807296E+00
  0.17302921E+00  0.16816856E+00  0.16348435E+00  0.15896789E+00  0.15460987E+00
  0.15040147E+00  0.14633416E+00  0.14240044E+00  0.13859202E+00  0.13490469E+00
  0.13132511E+00  0.12786584E+00  0.12446238E+00  0.12128317E+00  0.11736963E+00
  0.11492473E+00  0.49124541E+01  0.49080821E+01  0.49022251E+01  0.48999886E+01
  0.48988413E+01  0.48981437E+01  0.48975641E+01  0.48969846E+01  0.48963281E+01
  0.48955292E+01  0.48945086E+01  0.48931668E+01  0.48913747E+01  0.48889624E+01
  0.48857036E+01  0.48812952E+01  0.48753300E+01  0.48672682E+01  0.48563750E+01
  0.48416374E+01  0.48217033E+01  0.47947815E+01  0.47585128E+01  0.47098508E+01
  0.46449206E+01  0.45593550E+01  0.44488127E+01  0.43090264E+01  0.41370928E+01
  0.39334642E+01  0.37044970E+01  0.34621013E+01  0.32192301E+01  0.29839572E+01
  0.27606304E+01  0.25547640E+01  0.23711578E+01  0.22109792E+01  0.20710162E+01
  0.19458395E+01  0.18304530E+01  0.17212895E+01  0.16164699E+01  0.15154738E+01
  0.14186315E+01  0.13267134E+01  0.12402946E+01  0.11593067E+01  0.10834054E+01
  0.10123268E+01  0.94584900E+00  0.88377170E+00  0.82590069E+00  0.77202807E+00
  0.72192346E+00  0.67534164E+00  0.63203436E+00  0.59175913E+00  0.55429061E+00
  0.51943059E+00  0.48701589E+00  0.45694094E+00  0.42914588E+00  0.40357630E+00
  0.38017443E+00  0.35886982E+00  0.33962238E+00  0.32238745E+00  0.30703939E+00
  0.29337725E+00  0.28117196E+00  0.27023670E+00  0.26040014E+00  0.25147557E+00
  0.24328072E+00  0.23565157E+00  0.22845292E+00  0.22158190E+00  0.21497190E+00
  0.20859002E+00  0.20242349E+00  0.19646920E+00  0.19072649E+00  0.18519402E+00
  0.17986831E+00  0.17474294E+00  0.16980879E+00  0.16505546E+00  0.16047277E+00
  0.15605098E+00  0.15178108E+00  0.14765451E+00  0.14366375E+00  0.13980049E+00
  0.13606048E+00  0.13243017E+00  0.12892226E+00  0.12547123E+00  0.12224771E+00
  0.11827968E+00  0.11580072E+00  0.49128649E+01  0.49082193E+01  0.49019785E+01
  0.48995847E+01  0.48983713E+01  0.48976456E+01  0.48970509E+01  0.48964608E+01
  0.48957959E+01  0.48949894E+01  0.48939612E+01  0.48926114E+01  0.48908106E+01
  0.48883884E+01  0.48851175E+01  0.48806936E+01  0.48747069E+01  0.48666137E+01
  0.48556749E+01  0.48408698E+01  0.48208351E+01  0.47937679E+01  0.47572949E+01
  0.47083586E+01  0.46430746E+01  0.45570391E+01  0.44459395E+01  0.43055419E+01
  0.41329261E+01  0.39285656E+01  0.36988632E+01  0.34557751E+01  0.32123384E+01
  0.29768303E+01  0.27538925E+01  0.25491608E+01  0.23671606E+01  0.22084662E+01
  0.20692898E+01  0.19440505E+01  0.18279620E+01  0.17177723E+01  0.16118981E+01
  0.15100293E+01  0.14125770E+01  0.13202965E+01  0.12337100E+01  0.11526810E+01
  0.10768141E+01  0.10058108E+01  0.93943232E+00  0.87747152E+00  0.81972777E+00
  0.76598312E+00  0.71599833E+00  0.66952240E+00  0.62630251E+00  0.58609640E+00
  0.54869136E+00  0.51391253E+00  0.48163964E+00  0.45181682E+00  0.42440108E+00
  0.39933907E+00  0.37656824E+00  0.35603013E+00  0.33767162E+00  0.32137801E+00
  0.30693626E+00  0.29407713E+00  0.28256921E+00  0.27221660E+00  0.26281374E+00
  0.25416289E+00  0.24608886E+00  0.23845021E+00  0.23114525E+00  0.22411322E+00
  0.21732706E+00  0.21077823E+00  0.20446570E+00  0.19838885E+00  0.19254473E+00
  0.18692729E+00  0.18152733E+00  0.17633345E+00  0.17133380E+00  0.16651732E+00
  0.16187368E+00  0.15739309E+00  0.15306660E+00  0.14888569E+00  0.14484283E+00
  0.14092963E+00  0.13714180E+00  0.13346554E+00  0.12991365E+00  0.12641968E+00
  0.12315622E+00  0.11913913E+00  0.11662953E+00  0.49132667E+01  0.49083432E+01
  0.49017245E+01  0.48991846E+01  0.48979043E+01  0.48971477E+01  0.48965384E+01
  0.48959407E+01  0.48952707E+01  0.48944601E+01  0.48934268E+01  0.48920699E+01
  0.48902592E+01  0.48878234E+01  0.48845350E+01  0.48800880E+01  0.48740712E+01
  0.48659384E+01  0.48549457E+01  0.48400639E+01  0.48199174E+01  0.47926915E+01
  0.47559977E+01  0.47067637E+01  0.46411003E+01  0.45545533E+01  0.44428408E+01
  0.43017761E+01  0.41284157E+01  0.39232566E+01  0.36927562E+01  0.34489275E+01
  0.32048990E+01  0.29691736E+01  0.27467076E+01  0.25432426E+01  0.23629737E+01
  0.22058240E+01  0.20674289E+01  0.19420928E+01  0.18252687E+01  0.17140309E+01
  0.16071023E+01  0.15043721E+01  0.14063127E+01  0.13136628E+01  0.12268930E+01
  0.11458068E+01  0.10699612E+01  0.99902533E+00  0.93274652E+00  0.87090757E+00
  0.81329455E+00  0.75967908E+00  0.70981278E+00  0.66343595E+00  0.62029350E+00
  0.58015589E+00  0.54283453E+00  0.50819128E+00  0.47616089E+00  0.44672305E+00
  0.41983338E+00  0.39543747E+00  0.37347222E+00  0.35386125E+00  0.33650971E+00
  0.32120507E+00  0.30762160E+00  0.29547619E+00  0.28455037E+00  0.27462091E+00
  0.26547302E+00  0.25691912E+00  0.24881052E+00  0.24104630E+00  0.23357172E+00
  0.22636476E+00  0.21941983E+00  0.21273628E+00  0.20631265E+00  0.20014408E+00
  0.19422193E+00  0.18853465E+00  0.18306904E+00  0.17781199E+00  0.17275140E+00
  0.16787621E+00  0.16317597E+00  0.15864091E+00  0.15426216E+00  0.15003123E+00
  0.14594055E+00  0.14198165E+00  0.13815012E+00  0.13443195E+00  0.13084001E+00
  0.12730698E+00  0.12400726E+00  0.11994583E+00  0.11740858E+00  0.49136706E+01
  0.49084664E+01  0.49014710E+01  0.48987853E+01  0.48974356E+01  0.48966514E+01
  0.48960315E+01  0.48954304E+01  0.48947599E+01  0.48939486E+01  0.48929124E+01
  0.48915490E+01  0.48897274E+01  0.48872759E+01  0.48839657E+01  0.48794895E+01
  0.48734341E+01  0.48652511E+01  0.48541943E+01  0.48392248E+01  0.48189538E+01
  0.47915543E+01  0.47546216E+01  0.47050666E+01  0.46389951E+01  0.45518930E+01
  0.44395150E+01  0.42977293E+01  0.41235624E+01  0.39175383E+01  0.36861789E+01
  0.34415643E+01  0.31969235E+01  0.29610081E+01  0.27391093E+01  0.25370530E+01
  0.23586396E+01  0.22030829E+01  0.20654505E+01  0.19399764E+01  0.18223794E+01
  0.17100759E+01  0.16020946E+01  0.14985035E+01  0.13998345E+01  0.13068098E+01
  0.12198416E+01  0.11386806E+01  0.10628406E+01  0.99196239E+00  0.92577958E+00
  0.86406448E+00  0.80658972E+00  0.75311013E+00  0.70336150E+00  0.65707596E+00
  0.61400675E+00  0.57394870E+00  0.53674852E+00  0.50233167E+00  0.47068376E+00
  0.44178875E+00  0.41559301E+00  0.39204432E+00  0.37104823E+00  0.35250743E+00
  0.33623538E+00  0.32184401E+00  0.30899163E+00  0.29743430E+00  0.28692964E+00
  0.27724296E+00  0.26817281E+00  0.25956342E+00  0.25131405E+00  0.24337475E+00
  0.23572775E+00  0.22836951E+00  0.22129938E+00  0.21451430E+00  0.20800690E+00
  0.20176571E+00  0.19577685E+00  0.19002577E+00  0.18449843E+00  0.17918170E+00
  0.17406387E+00  0.16913373E+00  0.16438066E+00  0.15979503E+00  0.15536804E+00
  0.15109106E+00  0.14695646E+00  0.14295566E+00  0.13908411E+00  0.13532762E+00
  0.13169912E+00  0.12813053E+00  0.12479790E+00  0.12069649E+00  0.11813440E+00
  0.49141563E+01  0.49086450E+01  0.49012314E+01  0.48983822E+01  0.48969650E+01
  0.48961620E+01  0.48955388E+01  0.48949407E+01  0.48942739E+01  0.48934642E+01
  0.48924258E+01  0.48910555E+01  0.48892215E+01  0.48867517E+01  0.48834164E+01
  0.48789064E+01  0.48728053E+01  0.48645618E+01  0.48534286E+01  0.48383586E+01
  0.48179487E+01  0.47903579E+01  0.47531649E+01  0.47032635E+01  0.46367504E+01
  0.45490509E+01  0.44359598E+01  0.42933998E+01  0.41183655E+01  0.39114113E+01
  0.36791331E+01  0.34336881E+01  0.31884178E+01  0.29523458E+01  0.27311189E+01
  0.25306225E+01  0.23541839E+01  0.22002515E+01  0.20633491E+01  0.19376893E+01
  0.18192761E+01  0.17058891E+01  0.15968546E+01  0.14924090E+01  0.13931381E+01
  0.12997320E+01  0.12125518E+01  0.11312994E+01  0.10554515E+01  0.98462466E+00
  0.91853849E+00  0.85695131E+00  0.79961670E+00  0.74626824E+00  0.69662774E+00
  0.65042882E+00  0.60744275E+00  0.56749626E+00  0.53049711E+00  0.49644128E+00
  0.46533981E+00  0.43716540E+00  0.41184763E+00  0.38932575E+00  0.36946778E+00
  0.35207351E+00  0.33677770E+00  0.32314447E+00  0.31089631E+00  0.29976797E+00
  0.28950091E+00  0.27987806E+00  0.27073597E+00  0.26197409E+00  0.25354635E+00
  0.24543812E+00  0.23764702E+00  0.23017203E+00  0.22300815E+00  0.21614516E+00
  0.20956882E+00  0.20326315E+00  0.19721226E+00  0.19140111E+00  0.18581545E+00
  0.18044272E+00  0.17527136E+00  0.17028970E+00  0.16548738E+00  0.16085505E+00
  0.15638362E+00  0.15206430E+00  0.14788946E+00  0.14385032E+00  0.13994225E+00
  0.13615088E+00  0.13248915E+00  0.12888837E+00  0.12552609E+00  0.12138915E+00
  0.11880518E+00  0.49146897E+01  0.49088637E+01  0.49010079E+01  0.48979817E+01
  0.48965045E+01  0.48956905E+01  0.48950728E+01  0.48944846E+01  0.48938240E+01
  0.48930164E+01  0.48919747E+01  0.48905957E+01  0.48887473E+01  0.48862565E+01
  0.48828924E+01  0.48783443E+01  0.48721918E+01  0.48638789E+01  0.48526571E+01
  0.48374723E+01  0.48169071E+01  0.47891056E+01  0.47516283E+01  0.47013508E+01
  0.46343634E+01  0.45460245E+01  0.44321690E+01  0.42887798E+01  0.41128169E+01
  0.39048671E+01  0.36716090E+01  0.34252859E+01  0.31793732E+01  0.29431836E+01
  0.27227381E+01  0.25239606E+01  0.23496147E+01  0.21973210E+01  0.20610999E+01
  0.19352013E+01  0.18159337E+01  0.17014462E+01  0.15913648E+01  0.14860833E+01
  0.13862191E+01  0.12924293E+01  0.12050265E+01  0.11236686E+01  0.10478001E+01
  0.97701870E+00  0.91102871E+00  0.84956978E+00  0.79237189E+00  0.73914607E+00
  0.68960390E+00  0.64348935E+00  0.60060433E+00  0.56083580E+00  0.52416986E+00
  0.49064647E+00  0.46027697E+00  0.43301136E+00  0.40877098E+00  0.38742865E+00
  0.36879626E+00  0.35247116E+00  0.33797043E+00  0.32496750E+00  0.31316350E+00
  0.30227231E+00  0.29205943E+00  0.28235310E+00  0.27305127E+00  0.26411034E+00
  0.25551791E+00  0.24727239E+00  0.23937211E+00  0.23180994E+00  0.22457273E+00
  0.21764348E+00  0.21100430E+00  0.20463827E+00  0.19852894E+00  0.19266121E+00
  0.18702089E+00  0.18159637E+00  0.17637528E+00  0.17134535E+00  0.16649756E+00
  0.16182232E+00  0.15731022E+00  0.15295225E+00  0.14874058E+00  0.14466639E+00
  0.14072505E+00  0.13690203E+00  0.13321039E+00  0.12958094E+00  0.12619231E+00
  0.12202437E+00  0.11942149E+00  0.49151153E+01  0.49090609E+01  0.49008419E+01
  0.48976251E+01  0.48960820E+01  0.48952602E+01  0.48946516E+01  0.48940747E+01
  0.48934203E+01  0.48926130E+01  0.48915660E+01  0.48901757E+01  0.48883100E+01
  0.48857950E+01  0.48823983E+01  0.48778071E+01  0.48715977E+01  0.48632081E+01
  0.48518864E+01  0.48365723E+01  0.48158344E+01  0.47878012E+01  0.47500132E+01
  0.46993274E+01  0.46318308E+01  0.45428070E+01  0.44281321E+01  0.42838557E+01
  0.41068998E+01  0.38978855E+01  0.36635824E+01  0.34163288E+01  0.31697493E+01
  0.29334870E+01  0.27139557E+01  0.25170639E+01  0.23449236E+01  0.21942703E+01
  0.20586718E+01  0.19324802E+01  0.18123241E+01  0.16967312E+01  0.15856187E+01
  0.14795242E+01  0.13790806E+01  0.12849071E+01  0.11972714E+01  0.11157930E+01
  0.10398911E+01  0.96914820E+00  0.90325172E+00  0.84191713E+00  0.78484635E+00
  0.73172905E+00  0.68227488E+00  0.63625236E+00  0.59351711E+00  0.55404167E+00
  0.51788225E+00  0.48508964E+00  0.45565295E+00  0.42949809E+00  0.40648413E+00
  0.38641350E+00  0.36894637E+00  0.35352631E+00  0.33969419E+00  0.32714911E+00
  0.31558369E+00  0.30474268E+00  0.29444112E+00  0.28457224E+00  0.27509307E+00
  0.26599248E+00  0.25726946E+00  0.24892150E+00  0.24093953E+00  0.23330746E+00
  0.22600599E+00  0.21901546E+00  0.21231758E+00  0.20589493E+00  0.19973058E+00
  0.19380990E+00  0.18811915E+00  0.18264622E+00  0.17737891E+00  0.17230559E+00
  0.16741648E+00  0.16270164E+00  0.15815192E+00  0.15375846E+00  0.14951314E+00
  0.14540710E+00  0.14143571E+00  0.13758428E+00  0.13386617E+00  0.13021157E+00
  0.12680024E+00  0.12260579E+00  0.11998659E+00  0.49154288E+01  0.49092088E+01
  0.49007056E+01  0.48973184E+01  0.48957158E+01  0.48948903E+01  0.48942904E+01
  0.48937211E+01  0.48930700E+01  0.48922602E+01  0.48912049E+01  0.48898007E+01
  0.48879146E+01  0.48853718E+01  0.48819384E+01  0.48772988E+01  0.48710265E+01
  0.48625527E+01  0.48511209E+01  0.48356637E+01  0.48147353E+01  0.47864482E+01
  0.47483226E+01  0.46971937E+01  0.46291496E+01  0.45393916E+01  0.44238371E+01
  0.42786111E+01  0.41005928E+01  0.38904393E+01  0.36550198E+01  0.34067795E+01
  0.31595044E+01  0.29232256E+01  0.27047635E+01  0.25099327E+01  0.23401020E+01
  0.21910784E+01  0.20560384E+01  0.19294996E+01  0.18084234E+01  0.16917286E+01
  0.15796138E+01  0.14727345E+01  0.13717267E+01  0.12771681E+01  0.11892869E+01
  0.11076718E+01  0.10317229E+01  0.96101060E+00  0.89520210E+00  0.83398284E+00
  0.77702372E+00  0.72399822E+00  0.67462799E+00  0.62872672E+00  0.58623684E+00
  0.54721742E+00  0.51176586E+00  0.47992522E+00  0.45163433E+00  0.42676120E+00
  0.40510446E+00  0.38630584E+00  0.36981712E+00  0.35510308E+00  0.34176644E+00
  0.32947706E+00  0.31796552E+00  0.30703428E+00  0.29656913E+00  0.28652492E+00
  0.27689075E+00  0.26766555E+00  0.25884604E+00  0.25042115E+00  0.24237229E+00
  0.23467770E+00  0.22731663E+00  0.22026872E+00  0.21351602E+00  0.20704017E+00
  0.20082395E+00  0.19485418E+00  0.18911741E+00  0.18359965E+00  0.17828951E+00
  0.17317680E+00  0.16824981E+00  0.16349863E+00  0.15891437E+00  0.15448834E+00
  0.15021252E+00  0.14607793E+00  0.14207982E+00  0.13820335E+00  0.13446217E+00
  0.13078581E+00  0.12735526E+00  0.12313862E+00  0.12050559E+00  0.49156603E+01
  0.49092879E+01  0.49005506E+01  0.48970488E+01  0.48954120E+01  0.48945888E+01
  0.48939953E+01  0.48934294E+01  0.48927774E+01  0.48919618E+01  0.48908953E+01
  0.48894741E+01  0.48875645E+01  0.48849904E+01  0.48815159E+01  0.48768228E+01
  0.48704809E+01  0.48619147E+01  0.48503628E+01  0.48347496E+01  0.48136133E+01
  0.47850498E+01  0.47465589E+01  0.46949573E+01  0.46263238E+01  0.45357715E+01
  0.44192729E+01  0.42730299E+01  0.40938737E+01  0.38825003E+01  0.36458881E+01
  0.33966027E+01  0.31486138E+01  0.29123897E+01  0.26951645E+01  0.25025787E+01
  0.23351539E+01  0.21877375E+01  0.20531851E+01  0.19262397E+01  0.18042176E+01
  0.16864346E+01  0.15733493E+01  0.14657141E+01  0.13641553E+01  0.12692069E+01
  0.11810652E+01  0.10992972E+01  0.10232887E+01  0.95259882E+00  0.88687005E+00
  0.82575221E+00  0.76888537E+00  0.71593760E+00  0.66666294E+00  0.62095440E+00
  0.57885800E+00  0.54050209E+00  0.50598795E+00  0.47531951E+00  0.44838020E+00
  0.42492721E+00  0.40466206E+00  0.38699542E+00  0.37126157E+00  0.35704919E+00
  0.34399030E+00  0.33177295E+00  0.32017748E+00  0.30908234E+00  0.29844142E+00
  0.28824451E+00  0.27849001E+00  0.26917311E+00  0.26028098E+00  0.25179217E+00
  0.24368294E+00  0.23593045E+00  0.22851393E+00  0.22141258E+00  0.21460756E+00
  0.20808175E+00  0.20181863E+00  0.19580385E+00  0.19002391E+00  0.18446514E+00
  0.17911566E+00  0.17396538E+00  0.16900326E+00  0.16421928E+00  0.15960415E+00
  0.15514898E+00  0.15084588E+00  0.14668582E+00  0.14266408E+00  0.13876577E+00
  0.13500472E+00  0.13130992E+00  0.12786306E+00  0.12362791E+00  0.12098363E+00
  0.49158107E+01  0.49093187E+01  0.49004182E+01  0.48968515E+01  0.48951904E+01
  0.48943640E+01  0.48937700E+01  0.48932024E+01  0.48925453E+01  0.48917205E+01
  0.48906397E+01  0.48891983E+01  0.48872616E+01  0.48846524E+01  0.48811325E+01
  0.48763807E+01  0.48699624E+01  0.48612954E+01  0.48496132E+01  0.48338312E+01
  0.48124699E+01  0.47836073E+01  0.47447220E+01  0.46926100E+01  0.46233432E+01
  0.45319397E+01  0.44144292E+01  0.42670980E+01  0.40867239E+01  0.38740449E+01
  0.36361606E+01  0.33857712E+01  0.31370548E+01  0.29009733E+01  0.26851734E+01
  0.24950231E+01  0.23300878E+01  0.21842424E+01  0.20500959E+01  0.19226792E+01
  0.17996915E+01  0.16808395E+01  0.15668183E+01  0.14584552E+01  0.13563554E+01
  0.12610107E+01  0.11725935E+01  0.10906579E+01  0.10145804E+01  0.94390626E+00
  0.87824715E+00  0.81721268E+00  0.76041750E+00  0.70754270E+00  0.65840490E+00
  0.61301316E+00  0.57150847E+00  0.53405416E+00  0.50072794E+00  0.47145629E+00
  0.44598439E+00  0.42400277E+00  0.40500351E+00  0.38822476E+00  0.37307743E+00
  0.35917558E+00  0.34619898E+00  0.33390412E+00  0.32214886E+00  0.31088035E+00
  0.30008902E+00  0.28977485E+00  0.27993200E+00  0.27054587E+00  0.26159306E+00
  0.25304631E+00  0.24488146E+00  0.23707554E+00  0.22960709E+00  0.22245615E+00
  0.21560257E+00  0.20903019E+00  0.20272391E+00  0.19666718E+00  0.19084653E+00
  0.18524960E+00  0.17986433E+00  0.17467979E+00  0.16968563E+00  0.16487178E+00
  0.16022877E+00  0.15574752E+00  0.15142010E+00  0.14723749E+00  0.14319508E+00
  0.13927794E+00  0.13550001E+00  0.13178989E+00  0.12832944E+00  0.12407904E+00
  0.12142568E+00  0.49158908E+01  0.49093159E+01  0.49003291E+01  0.48967429E+01
  0.48950574E+01  0.48942175E+01  0.48936153E+01  0.48930408E+01  0.48923750E+01
  0.48915378E+01  0.48904396E+01  0.48889744E+01  0.48870067E+01  0.48843582E+01
  0.48807886E+01  0.48759732E+01  0.48694720E+01  0.48606957E+01  0.48488724E+01
  0.48329082E+01  0.48113048E+01  0.47821200E+01  0.47428092E+01  0.46901432E+01
  0.46201992E+01  0.45278897E+01  0.44092958E+01  0.42608019E+01  0.40791262E+01
  0.38650520E+01  0.36258129E+01  0.33742587E+01  0.31248060E+01  0.28889727E+01
  0.26748063E+01  0.24872853E+01  0.23249067E+01  0.21805798E+01  0.20467468E+01
  0.19187905E+01  0.17948234E+01  0.16749265E+01  0.15600062E+01  0.14509425E+01
  0.13483105E+01  0.12525627E+01  0.11638579E+01  0.10817459E+01  0.10055947E+01
  0.93493102E+00  0.86932848E+00  0.80835536E+00  0.75161393E+00  0.69882653E+00
  0.64991686E+00  0.60502079E+00  0.56434879E+00  0.52806186E+00  0.49616423E+00
  0.46845962E+00  0.44455847E+00  0.42396994E+00  0.40597382E+00  0.38983148E+00
  0.37506415E+00  0.36129165E+00  0.34825441E+00  0.33580218E+00  0.32387464E+00
  0.31245938E+00  0.30155498E+00  0.29115636E+00  0.28124705E+00  0.27180346E+00
  0.26279554E+00  0.25419452E+00  0.24597853E+00  0.23812377E+00  0.23060715E+00
  0.22340936E+00  0.21651141E+00  0.20989562E+00  0.20354731E+00  0.19745111E+00
  0.19159335E+00  0.18596154E+00  0.18054370E+00  0.17532842E+00  0.17030512E+00
  0.16546383E+00  0.16079524E+00  0.15629038E+00  0.15194129E+00  0.14773892E+00
  0.14367870E+00  0.13974560E+00  0.13595358E+00  0.13223083E+00  0.12875938E+00
  0.12449675E+00  0.12183606E+00  0.49158961E+01  0.49092726E+01  0.49002686E+01
  0.48967014E+01  0.48949937E+01  0.48941373E+01  0.48935240E+01  0.48929408E+01
  0.48922646E+01  0.48914129E+01  0.48902942E+01  0.48888017E+01  0.48867993E+01
  0.48841074E+01  0.48804838E+01  0.48755999E+01  0.48690099E+01  0.48601162E+01
  0.48481403E+01  0.48319796E+01  0.48101164E+01  0.47805855E+01  0.47408173E+01
  0.46875577E+01  0.46168906E+01  0.45236119E+01  0.44038592E+01  0.42541240E+01
  0.40710587E+01  0.38554952E+01  0.36148139E+01  0.33620310E+01  0.31118354E+01
  0.28763754E+01  0.26640738E+01  0.24793772E+01  0.23196040E+01  0.21767246E+01
  0.20431072E+01  0.19145426E+01  0.17895856E+01  0.16686738E+01  0.15528944E+01
  0.14431580E+01  0.13400031E+01  0.12438489E+01  0.11548504E+01  0.10725591E+01
  0.99633370E+00  0.92567437E+00  0.86011051E+00  0.79917420E+00  0.74247880E+00
  0.68982839E+00  0.64129766E+00  0.59713168E+00  0.55756583E+00  0.52272051E+00
  0.49246577E+00  0.46640554E+00  0.44408144E+00  0.42471662E+00  0.40742744E+00
  0.39168198E+00  0.37707005E+00  0.36326798E+00  0.35008981E+00  0.33746773E+00
  0.32539276E+00  0.31386640E+00  0.30288087E+00  0.29242009E+00  0.28245618E+00
  0.27295893E+00  0.26389971E+00  0.25525039E+00  0.24698687E+00  0.23908557E+00
  0.23152374E+00  0.22428140E+00  0.21734091E+00  0.21068470E+00  0.20429743E+00
  0.19816480E+00  0.19227304E+00  0.18660923E+00  0.18116123E+00  0.17591754E+00
  0.17086747E+00  0.16600111E+00  0.16130928E+00  0.15678316E+00  0.15241483E+00
  0.14819524E+00  0.14411982E+00  0.14017333E+00  0.13636970E+00  0.13263669E+00
  0.12915648E+00  0.12488427E+00  0.12221783E+00  0.49158253E+01  0.49091918E+01
  0.49002262E+01  0.48966982E+01  0.48949734E+01  0.48941041E+01  0.48934831E+01
  0.48928939E+01  0.48922088E+01  0.48913415E+01  0.48901995E+01  0.48886770E+01
  0.48866371E+01  0.48838987E+01  0.48802172E+01  0.48752603E+01  0.48685758E+01
  0.48595569E+01  0.48474165E+01  0.48310441E+01  0.48089023E+01  0.47790004E+01
  0.47387420E+01  0.46848454E+01  0.46134056E+01  0.45190924E+01  0.43981016E+01
  0.42470420E+01  0.40624937E+01  0.38453412E+01  0.36031250E+01  0.33490458E+01
  0.30981077E+01  0.28631655E+01  0.26529807E+01  0.24713057E+01  0.23141658E+01
  0.21726443E+01  0.20391400E+01  0.19099011E+01  0.17839493E+01  0.16620589E+01
  0.15454642E+01  0.14350853E+01  0.13314197E+01  0.12348606E+01  0.11455681E+01
  0.10631001E+01  0.98680225E+00  0.91613905E+00  0.85059165E+00  0.78966955E+00
  0.73303389E+00  0.68062716E+00  0.63268665E+00  0.58953030E+00  0.55136819E+00
  0.51821392E+00  0.48971863E+00  0.46532887E+00  0.44438659E+00  0.42593396E+00
  0.40915121E+00  0.39360608E+00  0.37897469E+00  0.36503798E+00  0.35169746E+00
  0.33893193E+00  0.32674800E+00  0.31514238E+00  0.30409662E+00  0.29358403E+00
  0.28357141E+00  0.27402465E+00  0.26491729E+00  0.25622350E+00  0.24791469E+00
  0.23996819E+00  0.23236296E+00  0.22507902E+00  0.21809857E+00  0.21140486E+00
  0.20498214E+00  0.19881588E+00  0.19289235E+00  0.18719853E+00  0.18172224E+00
  0.17645202E+00  0.17137724E+00  0.16648804E+00  0.16177533E+00  0.15723031E+00
  0.15284507E+00  0.14861063E+00  0.14452230E+00  0.14056464E+00  0.13675153E+00
  0.13301029E+00  0.12952320E+00  0.12524373E+00  0.12257298E+00  0.49157220E+01
  0.49091341E+01  0.49002377E+01  0.48967202E+01  0.48949811E+01  0.48941093E+01
  0.48934845E+01  0.48928894E+01  0.48921947E+01  0.48913122E+01  0.48901479E+01
  0.48885951E+01  0.48865163E+01  0.48837294E+01  0.48799873E+01  0.48749533E+01
  0.48681685E+01  0.48590165E+01  0.48466998E+01  0.48300999E+01  0.48076597E+01
  0.47773607E+01  0.47365774E+01  0.46819985E+01  0.46097332E+01  0.45143155E+01
  0.43920026E+01  0.42395300E+01  0.40533994E+01  0.38345514E+01  0.35907011E+01
  0.33352538E+01  0.30835852E+01  0.28493265E+01  0.26415293E+01  0.24630737E+01
  0.23085721E+01  0.21683011E+01  0.20348047E+01  0.19048314E+01  0.17778881E+01
  0.16550627E+01  0.15377013E+01  0.14267129E+01  0.13225518E+01  0.12255938E+01
  0.11360131E+01  0.10533759E+01  0.97700805E+00  0.90632817E+00  0.84077071E+00
  0.77984893E+00  0.72332536E+00  0.67133601E+00  0.62425745E+00  0.58241901E+00
  0.54595393E+00  0.51468382E+00  0.48799404E+00  0.46517292E+00  0.44531237E+00
  0.42743954E+00  0.41095285E+00  0.39544985E+00  0.38069563E+00  0.36659078E+00
  0.35310553E+00  0.34023369E+00  0.32797584E+00  0.31631453E+00  0.30522082E+00
  0.29466039E+00  0.28460094E+00  0.27500974E+00  0.26585706E+00  0.25711810E+00
  0.24876595E+00  0.24077739E+00  0.23313154E+00  0.22580887E+00  0.21879148E+00
  0.21206272E+00  0.20560689E+00  0.19940922E+00  0.19345584E+00  0.18773376E+00
  0.18223087E+00  0.17693588E+00  0.17183830E+00  0.16692838E+00  0.16219703E+00
  0.15763538E+00  0.15323552E+00  0.14898839E+00  0.14488919E+00  0.14092226E+00
  0.13710144E+00  0.13335371E+00  0.12986134E+00  0.12557666E+00  0.12290289E+00
  0.49155762E+01  0.49090989E+01  0.49003214E+01  0.48967947E+01  0.48950415E+01
  0.48941703E+01  0.48935365E+01  0.48929264E+01  0.48922136E+01  0.48913137E+01
  0.48901297E+01  0.48885492E+01  0.48864327E+01  0.48835965E+01  0.48797915E+01
  0.48746762E+01  0.48677857E+01  0.48584927E+01  0.48459877E+01  0.48291445E+01
  0.48063852E+01  0.47756613E+01  0.47343160E+01  0.46790068E+01  0.46058595E+01
  0.45092630E+01  0.43855385E+01  0.42315580E+01  0.40437384E+01  0.38230809E+01
  0.35774904E+01  0.33205996E+01  0.30682248E+01  0.28348433E+01  0.26297267E+01
  0.24546826E+01  0.23027995E+01  0.21636566E+01  0.20300630E+01  0.18993028E+01
  0.17713816E+01  0.16476728E+01  0.15295976E+01  0.14180346E+01  0.13133958E+01
  0.12160496E+01  0.11261917E+01  0.10433956E+01  0.96695716E+00  0.89624150E+00
  0.83064546E+00  0.76973062E+00  0.71343485E+00  0.66210589E+00  0.61620567E+00
  0.57600513E+00  0.54149235E+00  0.51216985E+00  0.48723438E+00  0.46574423E+00
  0.44662516E+00  0.42910017E+00  0.41270388E+00  0.39712010E+00  0.38220999E+00
  0.36795339E+00  0.35435638E+00  0.34141217E+00  0.32910289E+00  0.31739769E+00
  0.30626170E+00  0.29565719E+00  0.28555249E+00  0.27591773E+00  0.26672243E+00
  0.25794044E+00  0.24954712E+00  0.24151913E+00  0.23383529E+00  0.22647630E+00
  0.21942435E+00  0.21266275E+00  0.20617574E+00  0.19994844E+00  0.19396692E+00
  0.18821826E+00  0.18269050E+00  0.17737257E+00  0.17225414E+00  0.16732554E+00
  0.16257763E+00  0.15800146E+00  0.15358904E+00  0.14933116E+00  0.14522287E+00
  0.14124829E+00  0.13742127E+00  0.13366853E+00  0.13017230E+00  0.12588423E+00
  0.12320861E+00  0.49152575E+01  0.49089869E+01  0.49004616E+01  0.48969741E+01
  0.48952109E+01  0.48943242E+01  0.48936638E+01  0.48930224E+01  0.48922780E+01
  0.48913494E+01  0.48901402E+01  0.48885337E+01  0.48863821E+01  0.48834970E+01
  0.48796267E+01  0.48744258E+01  0.48674238E+01  0.48579819E+01  0.48452770E+01
  0.48281743E+01  0.48050743E+01  0.47738960E+01  0.47319497E+01  0.46758591E+01
  0.46017697E+01  0.45039149E+01  0.43786831E+01  0.42230930E+01  0.40334697E+01
  0.38108799E+01  0.35634363E+01  0.33050249E+01  0.30519836E+01  0.28197072E+01
  0.26175886E+01  0.24461373E+01  0.22968255E+01  0.21586763E+01  0.20248829E+01
  0.18932929E+01  0.17644179E+01  0.16398840E+01  0.15211503E+01  0.14090488E+01
  0.13039521E+01  0.12062313E+01  0.11161104E+01  0.10331655E+01  0.95665045E+00
  0.88587318E+00  0.82021446E+00  0.75935396E+00  0.70348043E+00  0.65312251E+00
  0.60874905E+00  0.57049289E+00  0.53810065E+00  0.51070127E+00  0.48729449E+00
  0.46679992E+00  0.44813883E+00  0.43076031E+00  0.41430573E+00  0.39857986E+00
  0.38353135E+00  0.36916271E+00  0.35548756E+00  0.34249389E+00  0.33014380E+00
  0.31839879E+00  0.30722217E+00  0.29657709E+00  0.28643089E+00  0.27675423E+00
  0.26751836E+00  0.25869638E+00  0.25026383E+00  0.24219809E+00  0.23447829E+00
  0.22708517E+00  0.22000082E+00  0.21320835E+00  0.20669187E+00  0.20043651E+00
  0.19442842E+00  0.18865486E+00  0.18310409E+00  0.17776520E+00  0.17262795E+00
  0.16768267E+00  0.16292012E+00  0.15833129E+00  0.15390809E+00  0.14964109E+00
  0.14552517E+00  0.14154433E+00  0.13771242E+00  0.13395597E+00  0.13045714E+00
  0.12616734E+00  0.12349095E+00  0.49146393E+01  0.49086976E+01  0.49006414E+01
  0.48973063E+01  0.48955383E+01  0.48946071E+01  0.48938934E+01  0.48932013E+01
  0.48924091E+01  0.48914366E+01  0.48901889E+01  0.48885491E+01  0.48863627E+01
  0.48834291E+01  0.48794900E+01  0.48741988E+01  0.48670791E+01  0.48574802E+01
  0.48445633E+01  0.48271846E+01  0.48037213E+01  0.47720582E+01  0.47294698E+01
  0.46725438E+01  0.45974479E+01  0.44982499E+01  0.43714088E+01  0.42141000E+01
  0.40225497E+01  0.37978960E+01  0.35484830E+01  0.32884757E+01  0.30348244E+01
  0.28039193E+01  0.26051399E+01  0.24374471E+01  0.22906323E+01  0.21533311E+01
  0.20192381E+01  0.18867853E+01  0.17569916E+01  0.16316959E+01  0.15123592E+01
  0.13997543E+01  0.12942198E+01  0.11961406E+01  0.11057730E+01  0.10226872E+01
  0.94608255E+00  0.87521008E+00  0.80948336E+00  0.74879523E+00  0.69361811E+00
  0.64459267E+00  0.60209924E+00  0.56604039E+00  0.53578100E+00  0.51017001E+00
  0.48798610E+00  0.46812279E+00  0.44970318E+00  0.43230456E+00  0.41571320E+00
  0.39984362E+00  0.38469017E+00  0.37025263E+00  0.35652612E+00  0.34349109E+00
  0.33110398E+00  0.31932215E+00  0.30810733E+00  0.29742422E+00  0.28723988E+00
  0.27752433E+00  0.26824962E+00  0.25938942E+00  0.25091958E+00  0.24281803E+00
  0.23506424E+00  0.22763893E+00  0.22052398E+00  0.21370229E+00  0.20715787E+00
  0.20087596E+00  0.19484293E+00  0.18904629E+00  0.18347448E+00  0.17811664E+00
  0.17296257E+00  0.16800249E+00  0.16322705E+00  0.15862718E+00  0.15419463E+00
  0.14991979E+00  0.14579746E+00  0.14181150E+00  0.13797586E+00  0.13421688E+00
  0.13071661E+00  0.12642664E+00  0.12375046E+00  0.49137195E+01  0.49082321E+01
  0.49008384E+01  0.48977670E+01  0.48960306E+01  0.48950382E+01  0.48942479E+01
  0.48934822E+01  0.48926245E+01  0.48915927E+01  0.48902919E+01  0.48886046E+01
  0.48863747E+01  0.48833899E+01  0.48793796E+01  0.48739935E+01  0.48667491E+01
  0.48569839E+01  0.48438425E+01  0.48261700E+01  0.48023199E+01  0.47701399E+01
  0.47268658E+01  0.46690471E+01  0.45928768E+01  0.44922452E+01  0.43636865E+01
  0.42045431E+01  0.40109338E+01  0.37840760E+01  0.35325787E+01  0.32709007E+01
  0.30167116E+01  0.27874897E+01  0.25924145E+01  0.24286249E+01  0.22842074E+01
  0.21475932E+01  0.20130991E+01  0.18797676E+01  0.17491022E+01  0.16231108E+01
  0.15032242E+01  0.13901484E+01  0.12841961E+01  0.11857764E+01  0.10951787E+01
  0.10119555E+01  0.93523885E+00  0.86423557E+00  0.79847891E+00  0.73817435E+00
  0.68404546E+00  0.63673932E+00  0.59644053E+00  0.56272216E+00  0.53449713E+00
  0.51038308E+00  0.48906445E+00  0.46953269E+00  0.45117594E+00  0.43367185E+00
  0.41693309E+00  0.40094838E+00  0.38571962E+00  0.37124052E+00  0.35748258E+00
  0.34441255E+00  0.33198982E+00  0.32017241E+00  0.30892177E+00  0.29820278E+00
  0.28798253E+00  0.27823053E+00  0.26891904E+00  0.26002253E+00  0.25151748E+00
  0.24338223E+00  0.23559640E+00  0.22814057E+00  0.22099648E+00  0.21414692E+00
  0.20757600E+00  0.20126912E+00  0.19521293E+00  0.18939512E+00  0.18380425E+00
  0.17842943E+00  0.17326037E+00  0.16828716E+00  0.16350036E+00  0.15889082E+00
  0.15445009E+00  0.15016850E+00  0.14604079E+00  0.14205076E+00  0.13821245E+00
  0.13445206E+00  0.13095147E+00  0.12666275E+00  0.12398770E+00  0.49123257E+01
  0.49075866E+01  0.49011504E+01  0.48983662E+01  0.48966821E+01  0.48956201E+01
  0.48947387E+01  0.48938804E+01  0.48929384E+01  0.48918326E+01  0.48904646E+01
  0.48887146E+01  0.48864246E+01  0.48833802E+01  0.48792970E+01  0.48738108E+01
  0.48664335E+01  0.48564912E+01  0.48431108E+01  0.48251250E+01  0.48008627E+01
  0.47681318E+01  0.47241255E+01  0.46653534E+01  0.45880368E+01  0.44858756E+01
  0.43554849E+01  0.41943843E+01  0.39985758E+01  0.37693657E+01  0.35156673E+01
  0.32522646E+01  0.29976362E+01  0.27704416E+01  0.25794545E+01  0.24196835E+01
  0.22775392E+01  0.21414308E+01  0.20064322E+01  0.18722308E+01  0.17407512E+01
  0.16141308E+01  0.14937427E+01  0.13802247E+01  0.12738741E+01  0.11751334E+01
  0.10843218E+01  0.10009575E+01  0.92409583E+00  0.85294142E+00  0.78726539E+00
  0.72764957E+00  0.67498185E+00  0.62979192E+00  0.59193457E+00  0.56051927E+00
  0.53409147E+00  0.51112965E+00  0.49034905E+00  0.47092169E+00  0.45248507E+00
  0.43485215E+00  0.41798850E+00  0.40191994E+00  0.38664480E+00  0.37213969E+00
  0.35836040E+00  0.34526239E+00  0.33280623E+00  0.32095410E+00  0.30966909E+00
  0.29891597E+00  0.28866149E+00  0.27887502E+00  0.26952895E+00  0.26059839E+00
  0.25206040E+00  0.24389357E+00  0.23607749E+00  0.22859258E+00  0.22142055E+00
  0.21454436E+00  0.20794835E+00  0.20161819E+00  0.19554068E+00  0.18970366E+00
  0.18409565E+00  0.17870571E+00  0.17352338E+00  0.16853860E+00  0.16374186E+00
  0.15912384E+00  0.15467600E+00  0.15038864E+00  0.14625653E+00  0.14226342E+00
  0.13842347E+00  0.13466273E+00  0.13116284E+00  0.12687670E+00  0.12420360E+00
  0.49106768E+01  0.49068154E+01  0.49015029E+01  0.48990611E+01  0.48974558E+01
  0.48963323E+01  0.48953556E+01  0.48943986E+01  0.48933627E+01  0.48921692E+01
  0.48907211E+01  0.48888947E+01  0.48865290E+01  0.48834112E+01  0.48792469E+01
  0.48736541E+01  0.48661336E+01  0.48560009E+01  0.48423647E+01  0.48240440E+01
  0.47993419E+01  0.47660234E+01  0.47212359E+01  0.46614460E+01  0.45829058E+01
  0.44791126E+01  0.43467688E+01  0.41835815E+01  0.39854253E+01  0.37537069E+01
  0.34976776E+01  0.32324809E+01  0.29775548E+01  0.27528067E+01  0.25663046E+01
  0.24106330E+01  0.22706026E+01  0.21348063E+01  0.19992127E+01  0.18641694E+01
  0.17319411E+01  0.16047550E+01  0.14839070E+01  0.13699712E+01  0.12632420E+01
  0.11642019E+01  0.10731907E+01  0.98967209E+00  0.91262486E+00  0.84133972E+00
  0.77595922E+00  0.71742699E+00  0.66666222E+00  0.62393288E+00  0.58863528E+00
  0.55935786E+00  0.53435785E+00  0.51215720E+00  0.49165226E+00  0.47219647E+00
  0.45361302E+00  0.43585221E+00  0.41890343E+00  0.40278598E+00  0.38748667E+00
  0.37296297E+00  0.35916323E+00  0.34604034E+00  0.33355482E+00  0.32167082E+00
  0.31035310E+00  0.29956695E+00  0.28927937E+00  0.27945997E+00  0.27008148E+00
  0.26111931E+00  0.25255077E+00  0.24435439E+00  0.23650962E+00  0.22899688E+00
  0.22179810E+00  0.21489658E+00  0.20827704E+00  0.20192540E+00  0.19582857E+00
  0.18997434E+00  0.18435115E+00  0.17894785E+00  0.17375387E+00  0.16875903E+00
  0.16395366E+00  0.15932830E+00  0.15487440E+00  0.15058228E+00  0.14644675E+00
  0.14245155E+00  0.13861094E+00  0.13485084E+00  0.13135257E+00  0.12707021E+00
  0.12439981E+00  0.49094300E+01  0.49062626E+01  0.49018556E+01  0.48997409E+01
  0.48982645E+01  0.48971275E+01  0.48960790E+01  0.48950294E+01  0.48939001E+01
  0.48926136E+01  0.48910736E+01  0.48891587E+01  0.48867046E+01  0.48834962E+01
  0.48792383E+01  0.48735298E+01  0.48658516E+01  0.48555124E+01  0.48416013E+01
  0.48229221E+01  0.47977497E+01  0.47638037E+01  0.47181818E+01  0.46573045E+01
  0.45774579E+01  0.44719232E+01  0.43374982E+01  0.41720872E+01  0.39714253E+01
  0.37370347E+01  0.34785271E+01  0.32114406E+01  0.29564151E+01  0.27346256E+01
  0.25530113E+01  0.24014783E+01  0.22633515E+01  0.21276838E+01  0.19914375E+01
  0.18555785E+01  0.17226688E+01  0.15949749E+01  0.14737017E+01  0.13593700E+01
  0.12522838E+01  0.11529685E+01  0.10617683E+01  0.97807070E+00  0.90080146E+00
  0.82947675E+00  0.76472087E+00  0.70774365E+00  0.65932384E+00  0.61929632E+00
  0.58648055E+00  0.55904189E+00  0.53509621E+00  0.51329828E+00  0.49284227E+00
  0.47329286E+00  0.45456930E+00  0.43670271E+00  0.41970742E+00  0.40357141E+00
  0.38825713E+00  0.37371439E+00  0.35989307E+00  0.34674742E+00  0.33423688E+00
  0.32232483E+00  0.31097653E+00  0.30015843E+00  0.28983868E+00  0.27998778E+00
  0.27057888E+00  0.26158747E+00  0.25299061E+00  0.24476649E+00  0.23689448E+00
  0.22935522E+00  0.22213112E+00  0.21520596E+00  0.20856480E+00  0.20219375E+00
  0.19607970E+00  0.19021033E+00  0.18457384E+00  0.17915892E+00  0.17395486E+00
  0.16895134E+00  0.16413856E+00  0.15950700E+00  0.15504814E+00  0.15075233E+00
  0.14661442E+00  0.14261812E+00  0.13877780E+00  0.13501922E+00  0.13152343E+00
  0.12724588E+00  0.12457885E+00  0.49086294E+01  0.49060246E+01  0.49022920E+01
  0.49003841E+01  0.48990423E+01  0.48979445E+01  0.48968718E+01  0.48957573E+01
  0.48945443E+01  0.48931673E+01  0.48915302E+01  0.48895169E+01  0.48869626E+01
  0.48836483E+01  0.48792799E+01  0.48734415E+01  0.48655927E+01  0.48550300E+01
  0.48408221E+01  0.48217570E+01  0.47960797E+01  0.47614614E+01  0.47149467E+01
  0.46529067E+01  0.45716641E+01  0.44642704E+01  0.43276279E+01  0.41598470E+01
  0.39565107E+01  0.37192751E+01  0.34581184E+01  0.31890623E+01  0.29342104E+01
  0.27159494E+01  0.25396223E+01  0.23922077E+01  0.22557510E+01  0.21200468E+01
  0.19830900E+01  0.18464415E+01  0.17129214E+01  0.15847729E+01  0.14631052E+01
  0.13483992E+01  0.12409812E+01  0.11414177E+01  0.10500325E+01  0.96611932E+00
  0.88862025E+00  0.81745539E+00  0.75376235E+00  0.69885078E+00  0.65316183E+00
  0.61593730E+00  0.58537232E+00  0.55933885E+00  0.53605791E+00  0.51441025E+00
  0.49386535E+00  0.47419515E+00  0.45537222E+00  0.43744576E+00  0.42042903E+00
  0.40428449E+00  0.38895728E+00  0.37439584E+00  0.36055367E+00  0.34738706E+00
  0.33485445E+00  0.32291747E+00  0.31154102E+00  0.30069264E+00  0.29034215E+00
  0.28046136E+00  0.27102400E+00  0.26200540E+00  0.25338208E+00  0.24513190E+00
  0.23723426E+00  0.22967023E+00  0.22242280E+00  0.21547620E+00  0.20881572E+00
  0.20242753E+00  0.19629841E+00  0.19041587E+00  0.18476791E+00  0.17934305E+00
  0.17413044E+00  0.16911957E+00  0.16430059E+00  0.15966402E+00  0.15520135E+00
  0.15090298E+00  0.14676375E+00  0.14276732E+00  0.13892813E+00  0.13517188E+00
  0.13167926E+00  0.12740739E+00  0.12474426E+00  0.49080045E+01  0.49058679E+01
  0.49027098E+01  0.49009909E+01  0.48997696E+01  0.48987286E+01  0.48976738E+01
  0.48965394E+01  0.48952712E+01  0.48938199E+01  0.48920911E+01  0.48899726E+01
  0.48873115E+01  0.48838803E+01  0.48793805E+01  0.48733958E+01  0.48653671E+01
  0.48545640E+01  0.48400339E+01  0.48205499E+01  0.47943272E+01  0.47589867E+01
  0.47115138E+01  0.46482287E+01  0.45654925E+01  0.44561122E+01  0.43171068E+01
  0.41467992E+01  0.39406065E+01  0.37003424E+01  0.34363472E+01  0.31652483E+01
  0.29109212E+01  0.26968321E+01  0.25261784E+01  0.23827894E+01  0.22477629E+01
  0.21118757E+01  0.19741403E+01  0.18367400E+01  0.17026821E+01  0.15741280E+01
  0.14520936E+01  0.13370365E+01  0.12293166E+01  0.11295324E+01  0.10379558E+01
  0.95378185E+00  0.87610839E+00  0.80543475E+00  0.74333961E+00  0.69100181E+00
  0.64831004E+00  0.61377697E+00  0.58509254E+00  0.56003822E+00  0.53707715E+00
  0.51540141E+00  0.49470809E+00  0.47492228E+00  0.45604758E+00  0.43810508E+00
  0.42108208E+00  0.40492895E+00  0.38958835E+00  0.37500992E+00  0.36114914E+00
  0.34796324E+00  0.33541011E+00  0.32345023E+00  0.31204806E+00  0.30117191E+00
  0.29079302E+00  0.28088456E+00  0.27142079E+00  0.26237683E+00  0.25372876E+00
  0.24545425E+00  0.23753297E+00  0.22994651E+00  0.22267829E+00  0.21571284E+00
  0.20903556E+00  0.20263257E+00  0.19649054E+00  0.19059677E+00  0.18493911E+00
  0.17950592E+00  0.17428615E+00  0.16926920E+00  0.16444525E+00  0.15980487E+00
  0.15533955E+00  0.15103967E+00  0.14690007E+00  0.14290434E+00  0.13906698E+00
  0.13531368E+00  0.13182481E+00  0.12755927E+00  0.12490043E+00  0.49074761E+01
  0.49057015E+01  0.49030458E+01  0.49015450E+01  0.49004314E+01  0.48994443E+01
  0.48984293E+01  0.48973137E+01  0.48960320E+01  0.48945291E+01  0.48927285E+01
  0.48905229E+01  0.48877557E+01  0.48842022E+01  0.48795579E+01  0.48734121E+01
  0.48651895E+01  0.48541273E+01  0.48392469E+01  0.48193052E+01  0.47924905E+01
  0.47563710E+01  0.47078670E+01  0.46432459E+01  0.45589086E+01  0.44474032E+01
  0.43058782E+01  0.41328741E+01  0.39236277E+01  0.36801385E+01  0.34131101E+01
  0.31399100E+01  0.28865266E+01  0.26773279E+01  0.25127139E+01  0.23731814E+01
  0.22393203E+01  0.21031266E+01  0.19645690E+01  0.18264648E+01  0.16919362E+01
  0.15630182E+01  0.14406423E+01  0.13252594E+01  0.12172721E+01  0.11172927E+01
  0.10255036E+01  0.94103125E+00  0.86334141E+00  0.79362745E+00  0.73372638E+00
  0.68441588E+00  0.64481830E+00  0.61268202E+00  0.58539141E+00  0.56090884E+00
  0.53802919E+00  0.51622951E+00  0.49538704E+00  0.47551662E+00  0.45662631E+00
  0.43869216E+00  0.42166971E+00  0.40550744E+00  0.39015368E+00  0.37556066E+00
  0.36168387E+00  0.34848024E+00  0.33590759E+00  0.32392631E+00  0.31250095E+00
  0.30160028E+00  0.29119642E+00  0.28126328E+00  0.27177543E+00  0.26270789E+00
  0.25403671E+00  0.24573980E+00  0.23779723E+00  0.23019104E+00  0.22290490E+00
  0.21592341E+00  0.20923192E+00  0.20281646E+00  0.19666358E+00  0.19076042E+00
  0.18509465E+00  0.17965448E+00  0.17442877E+00  0.16940692E+00  0.16457916E+00
  0.15993604E+00  0.15546905E+00  0.15116852E+00  0.14702927E+00  0.14303482E+00
  0.13919978E+00  0.13544985E+00  0.13196511E+00  0.12770627E+00  0.12505194E+00
  0.49070520E+01  0.49055452E+01  0.49032889E+01  0.49020003E+01  0.49009971E+01
  0.49000672E+01  0.48991038E+01  0.48980322E+01  0.48967759E+01  0.48952620E+01
  0.48934269E+01  0.48911598E+01  0.48882952E+01  0.48846221E+01  0.48798305E+01
  0.48735087E+01  0.48650729E+01  0.48537315E+01  0.48384697E+01  0.48180279E+01
  0.47905694E+01  0.47536080E+01  0.47039916E+01  0.46379340E+01  0.45518774E+01
  0.44380955E+01  0.42938801E+01  0.41179935E+01  0.39054791E+01  0.36585528E+01
  0.33882911E+01  0.31129636E+01  0.28610176E+01  0.26574943E+01  0.24992545E+01
  0.23633659E+01  0.22303735E+01  0.20937255E+01  0.19543412E+01  0.18156010E+01
  0.16806642E+01  0.15514178E+01  0.14287248E+01  0.13130451E+01  0.12048290E+01
  0.11046736E+01  0.10126349E+01  0.92786885E+00  0.85046229E+00  0.78230728E+00
  0.72519971E+00  0.67923075E+00  0.64259196E+00  0.61241453E+00  0.58605117E+00
  0.56179861E+00  0.53883713E+00  0.51688657E+00  0.49593300E+00  0.47601834E+00
  0.45713116E+00  0.43921083E+00  0.42219242E+00  0.40602398E+00  0.39065983E+00
  0.37605517E+00  0.36216492E+00  0.34894518E+00  0.33635417E+00  0.32435317E+00
  0.31290729E+00  0.30198574E+00  0.29156079E+00  0.28160636E+00  0.27209690E+00
  0.26300756E+00  0.25431499E+00  0.24599777E+00  0.23803650E+00  0.23041343E+00
  0.22311222E+00  0.21611737E+00  0.20941409E+00  0.20298824E+00  0.19682626E+00
  0.19091515E+00  0.18524244E+00  0.17979632E+00  0.17456562E+00  0.16953980E+00
  0.16470913E+00  0.16006410E+00  0.15559614E+00  0.15129555E+00  0.14715711E+00
  0.14316433E+00  0.13933192E+00  0.13558562E+00  0.13210522E+00  0.12785326E+00
  0.12520350E+00  0.49067244E+01  0.49054119E+01  0.49034474E+01  0.49023301E+01
  0.49014404E+01  0.49005842E+01  0.48996864E+01  0.48986736E+01  0.48974687E+01
  0.48959892E+01  0.48941507E+01  0.48918502E+01  0.48889208E+01  0.48851412E+01
  0.48802058E+01  0.48736966E+01  0.48650267E+01  0.48533809E+01  0.48377050E+01
  0.48167204E+01  0.47885638E+01  0.47506927E+01  0.46998743E+01  0.46322694E+01
  0.45443618E+01  0.44281391E+01  0.42810454E+01  0.41020701E+01  0.38860542E+01
  0.36354608E+01  0.33617508E+01  0.30843068E+01  0.28344037E+01  0.26374095E+01
  0.24858140E+01  0.23533078E+01  0.22208717E+01  0.20836112E+01  0.19434283E+01
  0.18041291E+01  0.16688409E+01  0.15392966E+01  0.14163119E+01  0.13003693E+01
  0.11919667E+01  0.10916440E+01  0.99930618E+00  0.91433663E+00  0.83767888E+00
  0.77177821E+00  0.71801790E+00  0.67550555E+00  0.64147181E+00  0.61271205E+00
  0.58685030E+00  0.56260166E+00  0.53948186E+00  0.51739878E+00  0.49638436E+00
  0.47645875E+00  0.45758039E+00  0.43967069E+00  0.42265761E+00  0.40648785E+00
  0.39111799E+00  0.37650484E+00  0.36260328E+00  0.34936915E+00  0.33676145E+00
  0.32474284E+00  0.31327933E+00  0.30234040E+00  0.29189801E+00  0.28192534E+00
  0.27239651E+00  0.26328721E+00  0.25457509E+00  0.24623967E+00  0.23826203E+00
  0.23062448E+00  0.22331053E+00  0.21630448E+00  0.20959133E+00  0.20315675E+00
  0.19698704E+00  0.19106910E+00  0.18539041E+00  0.17993918E+00  0.17470433E+00
  0.16967536E+00  0.16484252E+00  0.16019621E+00  0.15572783E+00  0.15142762E+00
  0.14729035E+00  0.14329952E+00  0.13946996E+00  0.13572748E+00  0.13225152E+00
  0.12800636E+00  0.12536109E+00  0.49064853E+01  0.49053081E+01  0.49035323E+01
  0.49025237E+01  0.49017442E+01  0.49009914E+01  0.49001812E+01  0.48992395E+01
  0.48980986E+01  0.48966720E+01  0.48948588E+01  0.48925650E+01  0.48896059E+01
  0.48857420E+01  0.48806746E+01  0.48739747E+01  0.48650474E+01  0.48530655E+01
  0.48369461E+01  0.48153799E+01  0.47864712E+01  0.47476188E+01  0.46955003E+01
  0.46262258E+01  0.45363208E+01  0.44174792E+01  0.42673011E+01  0.40850073E+01
  0.38652356E+01  0.36107246E+01  0.33333316E+01  0.30538247E+01  0.28067154E+01
  0.26171725E+01  0.24723969E+01  0.23429255E+01  0.22107409E+01  0.20727491E+01
  0.19318153E+01  0.17920307E+01  0.16564365E+01  0.15266205E+01  0.14033719E+01
  0.12872069E+01  0.11786631E+01  0.10781676E+01  0.98548862E+00  0.90054112E+00
  0.82527364E+00  0.76235755E+00  0.71235119E+00  0.67314753E+00  0.64120797E+00
  0.61335053E+00  0.58764549E+00  0.56326137E+00  0.53998002E+00  0.51781162E+00
  0.49678034E+00  0.47686202E+00  0.45799127E+00  0.44008819E+00  0.42308154E+00
  0.40691593E+00  0.39154594E+00  0.37692779E+00  0.36301674E+00  0.34976960E+00
  0.33714677E+00  0.32511236E+00  0.31363338E+00  0.30267955E+00  0.29222212E+00
  0.28223329E+00  0.27268697E+00  0.26355963E+00  0.25483009E+00  0.24647869E+00
  0.23848685E+00  0.23083691E+00  0.22351225E+00  0.21649680E+00  0.20977528E+00
  0.20333321E+00  0.19715679E+00  0.19123288E+00  0.18554897E+00  0.18009337E+00
  0.17485511E+00  0.16982367E+00  0.16498923E+00  0.16034213E+00  0.15587370E+00
  0.15157417E+00  0.14743826E+00  0.14344953E+00  0.13962293E+00  0.13588427E+00
  0.13241270E+00  0.12817401E+00  0.12553294E+00  0.49063528E+01  0.49052206E+01
  0.49035352E+01  0.49026171E+01  0.49019364E+01  0.49012943E+01  0.49006048E+01
  0.48997436E+01  0.48986547E+01  0.48972928E+01  0.48955292E+01  0.48932625E+01
  0.48902919E+01  0.48863680E+01  0.48811841E+01  0.48742954E+01  0.48650972E+01
  0.48527603E+01  0.48361777E+01  0.48139954E+01  0.47842794E+01  0.47443696E+01
  0.46908443E+01  0.46197669E+01  0.45277039E+01  0.44060501E+01  0.42525632E+01
  0.40666972E+01  0.38428907E+01  0.35841894E+01  0.33028584E+01  0.30214033E+01
  0.27780109E+01  0.25968927E+01  0.24589948E+01  0.23321360E+01  0.21999042E+01
  0.20610892E+01  0.19194729E+01  0.17792771E+01  0.16434143E+01  0.15133530E+01
  0.13898743E+01  0.12735365E+01  0.11648984E+01  0.10642075E+01  0.97119473E+00
  0.88667590E+00  0.81359677E+00  0.75435107E+00  0.70826690E+00  0.67198199E+00
  0.64153145E+00  0.61411949E+00  0.58835318E+00  0.56378688E+00  0.54038235E+00
  0.51817708E+00  0.49715443E+00  0.47724845E+00  0.45838273E+00  0.44048399E+00
  0.42348522E+00  0.40732831E+00  0.39196298E+00  0.37734299E+00  0.36342420E+00
  0.35016550E+00  0.33752922E+00  0.32548084E+00  0.31398826E+00  0.30302115E+00
  0.29254989E+00  0.28254596E+00  0.27298341E+00  0.26383969E+00  0.25509458E+00
  0.24672900E+00  0.23872465E+00  0.23106393E+00  0.22373007E+00  0.21670677E+00
  0.20997842E+00  0.20353027E+00  0.19734835E+00  0.19141946E+00  0.18573122E+00
  0.18027207E+00  0.17503105E+00  0.16999767E+00  0.16516201E+00  0.16051435E+00
  0.15604602E+00  0.15174719E+00  0.14761261E+00  0.14362588E+00  0.13980203E+00
  0.13606686E+00  0.13259926E+00  0.12836623E+00  0.12572878E+00  0.49062924E+01
  0.49051394E+01  0.49034787E+01  0.49026489E+01  0.49020568E+01  0.49015064E+01
  0.49009281E+01  0.49001893E+01  0.48991626E+01  0.48978337E+01  0.48961200E+01
  0.48938823E+01  0.48909057E+01  0.48869328E+01  0.48816398E+01  0.48745633E+01
  0.48651067E+01  0.48524281E+01  0.48353713E+01  0.48125370E+01  0.47819535E+01
  0.47409013E+01  0.46858542E+01  0.46128350E+01  0.45184425E+01  0.43937707E+01
  0.42367327E+01  0.40470135E+01  0.38188660E+01  0.35556768E+01  0.32701400E+01
  0.29869379E+01  0.27483827E+01  0.25766849E+01  0.24455798E+01  0.23208412E+01
  0.21882713E+01  0.20485765E+01  0.19063626E+01  0.17658310E+01  0.16297370E+01
  0.14994638E+01  0.13757987E+01  0.12593485E+01  0.11506616E+01  0.10497356E+01
  0.95649884E+00  0.87302773E+00  0.80302704E+00  0.74800432E+00  0.70570482E+00
  0.67175283E+00  0.64222006E+00  0.61490055E+00  0.58895846E+00  0.56423271E+00
  0.54075995E+00  0.51855026E+00  0.49754260E+00  0.47764732E+00  0.45878566E+00
  0.44089092E+00  0.42390045E+00  0.40775383E+00  0.39239525E+00  0.37777519E+00
  0.36385032E+00  0.35058203E+00  0.33793462E+00  0.32587472E+00  0.31437103E+00
  0.30339287E+00  0.29290947E+00  0.28289211E+00  0.27331564E+00  0.26415829E+00
  0.25539999E+00  0.24702173E+00  0.23900571E+00  0.23133453E+00  0.22399131E+00
  0.21695956E+00  0.21022367E+00  0.20376879E+00  0.19758076E+00  0.19164635E+00
  0.18595333E+00  0.18049027E+00  0.17524619E+00  0.17021048E+00  0.16537316E+00
  0.16072449E+00  0.15625576E+00  0.15195710E+00  0.14782334E+00  0.14383812E+00
  0.14001646E+00  0.13628417E+00  0.13282000E+00  0.12859193E+00  0.12595762E+00
  0.49062483E+01  0.49050716E+01  0.49034160E+01  0.49026498E+01  0.49021322E+01
  0.49016553E+01  0.49011506E+01  0.49005358E+01  0.48996030E+01  0.48982938E+01
  0.48966056E+01  0.48943856E+01  0.48913922E+01  0.48873623E+01  0.48819588E+01
  0.48747120E+01  0.48650279E+01  0.48520182E+01  0.48344680E+01  0.48109349E+01
  0.47794097E+01  0.47371187E+01  0.46804376E+01  0.46053444E+01  0.45084454E+01
  0.43805410E+01  0.42196913E+01  0.40258076E+01  0.37929834E+01  0.35249830E+01
  0.32350106E+01  0.29503836E+01  0.27179560E+01  0.25566478E+01  0.24320749E+01
  0.23089065E+01  0.21757492E+01  0.20351739E+01  0.18924625E+01  0.17516752E+01
  0.16153888E+01  0.14849465E+01  0.13611492E+01  0.12446564E+01  0.11359572E+01
  0.10347491E+01  0.94155842E+00  0.85998619E+00  0.79395288E+00  0.74347482E+00
  0.70453431E+00  0.67217387E+00  0.64304528E+00  0.61560887E+00  0.58947446E+00
  0.56464582E+00  0.54115326E+00  0.51895501E+00  0.49796034E+00  0.47807372E+00
  0.45921720E+00  0.44132740E+00  0.42434445E+00  0.40820671E+00  0.39285407E+00
  0.37823416E+00  0.36430426E+00  0.35102774E+00  0.33837059E+00  0.32630055E+00
  0.31478653E+00  0.30379711E+00  0.29330097E+00  0.28327011E+00  0.27368049E+00
  0.26451087E+00  0.25574154E+00  0.24735342E+00  0.23932850E+00  0.23164936E+00
  0.22429870E+00  0.21725982E+00  0.21051729E+00  0.20405632E+00  0.19786263E+00
  0.19192290E+00  0.18622503E+00  0.18075778E+00  0.17551013E+00  0.17047144E+00
  0.16563165E+00  0.16098102E+00  0.15651075E+00  0.15221106E+00  0.14807691E+00
  0.14409188E+00  0.14027099E+00  0.13654014E+00  0.13307808E+00  0.12885335E+00
  0.12622117E+00  0.49062207E+01  0.49050175E+01  0.49033653E+01  0.49026543E+01
  0.49021891E+01  0.49017662E+01  0.49013147E+01  0.49007718E+01  0.48999448E+01
  0.48986701E+01  0.48969536E+01  0.48947341E+01  0.48917176E+01  0.48876181E+01
  0.48821119E+01  0.48747318E+01  0.48648291E+01  0.48514539E+01  0.48333570E+01
  0.48090464E+01  0.47764948E+01  0.47328835E+01  0.46745036E+01  0.45972212E+01
  0.44976110E+01  0.43662489E+01  0.42013045E+01  0.40029090E+01  0.37650382E+01
  0.34918735E+01  0.31971277E+01  0.29115519E+01  0.26868760E+01  0.25368736E+01
  0.24184001E+01  0.22962170E+01  0.21622842E+01  0.20209060E+01  0.18778085E+01
  0.17368369E+01  0.16003978E+01  0.14698355E+01  0.13459651E+01  0.12295022E+01
  0.11208051E+01  0.10193005E+01  0.92665546E+00  0.84803486E+00  0.78675732E+00
  0.74074081E+00  0.70449851E+00  0.67309055E+00  0.64397843E+00  0.61632659E+00
  0.59003845E+00  0.56515984E+00  0.54166865E+00  0.51947856E+00  0.49848804E+00
  0.47860440E+00  0.45975120E+00  0.44186503E+00  0.42488605E+00  0.40875180E+00
  0.39340026E+00  0.37877811E+00  0.36484305E+00  0.35155896E+00  0.33889259E+00
  0.32681230E+00  0.31528637E+00  0.30428238E+00  0.29376960E+00  0.28372186E+00
  0.27411645E+00  0.26493239E+00  0.25615014E+00  0.24775062E+00  0.23971543E+00
  0.23202687E+00  0.22466761E+00  0.21762102E+00  0.21087152E+00  0.20440395E+00
  0.19820393E+00  0.19225838E+00  0.18655522E+00  0.18108299E+00  0.17583065E+00
  0.17078744E+00  0.16594328E+00  0.16128836E+00  0.15681400E+00  0.15251074E+00
  0.14837359E+00  0.14438602E+00  0.14056316E+00  0.13683102E+00  0.13336853E+00
  0.12914429E+00  0.12651254E+00  0.49062110E+01  0.49049821E+01  0.49033290E+01
  0.49026630E+01  0.49022350E+01  0.49018478E+01  0.49014332E+01  0.49009339E+01
  0.49001897E+01  0.48989490E+01  0.48971741E+01  0.48949258E+01  0.48918836E+01
  0.48877133E+01  0.48821214E+01  0.48746023E+01  0.48644346E+01  0.48506210E+01
  0.48318810E+01  0.48067046E+01  0.47730784E+01  0.47281095E+01  0.46679955E+01
  0.45884071E+01  0.44858548E+01  0.43507902E+01  0.41814363E+01  0.39781355E+01
  0.37348065E+01  0.34560926E+01  0.31561618E+01  0.28703383E+01  0.26554047E+01
  0.25175301E+01  0.24045589E+01  0.22827900E+01  0.21479436E+01  0.20058983E+01
  0.18625165E+01  0.17214036E+01  0.15848454E+01  0.14542101E+01  0.13303220E+01
  0.12139553E+01  0.11052403E+01  0.10035362E+01  0.91222907E+00  0.83772900E+00
  0.78176470E+00  0.73973361E+00  0.70530079E+00  0.67429795E+00  0.64502288E+00
  0.61717216E+00  0.59079104E+00  0.56589004E+00  0.54239472E+00  0.52019899E+00
  0.49920122E+00  0.47931229E+00  0.46045681E+00  0.44256951E+00  0.42558836E+00
  0.40945003E+00  0.39409269E+00  0.37946384E+00  0.36552098E+00  0.35222672E+00
  0.33954776E+00  0.32745264E+00  0.31590869E+00  0.30488318E+00  0.29434789E+00
  0.28427931E+00  0.27465538E+00  0.26545520E+00  0.25665837E+00  0.24824542E+00
  0.24019754E+00  0.23249636E+00  0.22512451E+00  0.21806559E+00  0.21130364E+00
  0.20482330E+00  0.19861087E+00  0.19265404E+00  0.18694066E+00  0.18145848E+00
  0.17619599E+00  0.17114261E+00  0.16628861E+00  0.16162427E+00  0.15714114E+00
  0.15283008E+00  0.14868599E+00  0.14469226E+00  0.14086414E+00  0.13712746E+00
  0.13366128E+00  0.12943441E+00  0.12680157E+00  0.49062200E+01  0.49049621E+01
  0.49033009E+01  0.49026711E+01  0.49022692E+01  0.49019058E+01  0.49015176E+01
  0.49010431E+01  0.49003359E+01  0.48991336E+01  0.48972930E+01  0.48949690E+01
  0.48919084E+01  0.48876915E+01  0.48820042E+01  0.48742806E+01  0.48637702E+01
  0.48494312E+01  0.48299460E+01  0.48038853E+01  0.47692363E+01  0.47229193E+01
  0.46609620E+01  0.45788745E+01  0.44731363E+01  0.43340906E+01  0.41599709E+01
  0.39513151E+01  0.37020696E+01  0.34173693E+01  0.31118865E+01  0.28268871E+01
  0.26240120E+01  0.24989499E+01  0.23907007E+01  0.22688024E+01  0.21329599E+01
  0.19903804E+01  0.18467768E+01  0.17055301E+01  0.15688687E+01  0.14381937E+01
  0.13143312E+01  0.11981104E+01  0.10893232E+01  0.98769481E+00  0.89882505E+00
  0.82962035E+00  0.77906841E+00  0.74023867E+00  0.70679350E+00  0.67572754E+00
  0.64621020E+00  0.61821156E+00  0.59177741E+00  0.56685569E+00  0.54334115E+00
  0.52112451E+00  0.50010736E+00  0.48020436E+00  0.46134037E+00  0.44344647E+00
  0.42645654E+00  0.41030579E+00  0.39493389E+00  0.38028988E+00  0.36632993E+00
  0.35301502E+00  0.34031173E+00  0.32818808E+00  0.31661159E+00  0.30555317E+00
  0.29498912E+00  0.28489757E+00  0.27525533E+00  0.26603920E+00  0.25722722E+00
  0.24879889E+00  0.24073465E+00  0.23301587E+00  0.22562531E+00  0.21854682E+00
  0.21176455E+00  0.20526431E+00  0.19903352E+00  0.19305960E+00  0.18732948E+00
  0.18182992E+00  0.17654958E+00  0.17147940E+00  0.16661063E+00  0.16193334E+00
  0.15743866E+00  0.15311674E+00  0.14896227E+00  0.14495880E+00  0.14112180E+00
  0.13737704E+00  0.13390400E+00  0.12967182E+00  0.12703663E+00  0.49062459E+01
  0.49049543E+01  0.49032748E+01  0.49026719E+01  0.49022879E+01  0.49019371E+01
  0.49015632E+01  0.49011021E+01  0.49004069E+01  0.48992264E+01  0.48973276E+01
  0.48949108E+01  0.48918341E+01  0.48875885E+01  0.48817694E+01  0.48737872E+01
  0.48629010E+01  0.48480270E+01  0.48278002E+01  0.48009612E+01  0.47653880E+01
  0.47177533E+01  0.46537279E+01  0.45687649E+01  0.44595418E+01  0.43162093E+01
  0.41369353E+01  0.39224164E+01  0.36667522E+01  0.33755860E+01  0.30642084E+01
  0.27816836E+01  0.25936864E+01  0.24817861E+01  0.23771268E+01  0.22545743E+01
  0.21177148E+01  0.19746949E+01  0.18308743E+01  0.16894631E+01  0.15526905E+01
  0.14219866E+01  0.12981709E+01  0.11821131E+01  0.10731865E+01  0.97219756E+00
  0.88719068E+00  0.82417511E+00  0.77851836E+00  0.74178216E+00  0.70865954E+00
  0.67733881E+00  0.64759806E+00  0.61949743E+00  0.59301613E+00  0.56805635E+00
  0.54450359E+00  0.52224869E+00  0.50119692E+00  0.48126818E+00  0.46238621E+00
  0.44447375E+00  0.42745804E+00  0.41127407E+00  0.39586623E+00  0.38118629E+00
  0.36718941E+00  0.35383710E+00  0.34109485E+00  0.32892995E+00  0.31731328E+00
  0.30622220E+00  0.29563457E+00  0.28552498E+00  0.27586568E+00  0.26662902E+00
  0.25779295E+00  0.24933800E+00  0.24124580E+00  0.23349881E+00  0.22608038E+00
  0.21897470E+00  0.21216661E+00  0.20564221E+00  0.19938866E+00  0.19339291E+00
  0.18764249E+00  0.18212573E+00  0.17683151E+00  0.17174846E+00  0.16686612E+00
  0.16217568E+00  0.15766850E+00  0.15333371E+00  0.14916566E+00  0.14514824E+00
  0.14129745E+00  0.13753951E+00  0.13405519E+00  0.12981390E+00  0.12717446E+00
  0.49062827E+01  0.49049499E+01  0.49032336E+01  0.49026409E+01  0.49022638E+01
  0.49019129E+01  0.49015293E+01  0.49010550E+01  0.49003509E+01  0.48992166E+01
  0.48973100E+01  0.48948121E+01  0.48917172E+01  0.48874246E+01  0.48814619E+01
  0.48732654E+01  0.48620972E+01  0.48468325E+01  0.48260351E+01  0.47984895E+01
  0.47619031E+01  0.47125950E+01  0.46460948E+01  0.45579629E+01  0.44449021E+01
  0.42970097E+01  0.41121846E+01  0.38912870E+01  0.36287883E+01  0.33307424E+01
  0.30134050E+01  0.27353943E+01  0.25650448E+01  0.24663107E+01  0.23639590E+01
  0.22403485E+01  0.21025349E+01  0.19591116E+01  0.18150278E+01  0.16733979E+01
  0.15364802E+01  0.14057191E+01  0.12819165E+01  0.11659582E+01  0.10568331E+01
  0.95721883E+00  0.87763674E+00  0.82129627E+00  0.77957937E+00  0.74389924E+00
  0.71061433E+00  0.67899762E+00  0.64909717E+00  0.62092511E+00  0.59438794E+00
  0.56936953E+00  0.54575851E+00  0.52344843E+00  0.50234850E+00  0.48238025E+00
  0.46346153E+00  0.44550641E+00  0.42843858E+00  0.41219842E+00  0.39673873E+00
  0.38201440E+00  0.36797955E+00  0.35459399E+00  0.34182126E+00  0.32962777E+00
  0.31798500E+00  0.30686675E+00  0.29624587E+00  0.28609861E+00  0.27639895E+00
  0.26711916E+00  0.25823894E+00  0.24974046E+00  0.24160663E+00  0.23382021E+00
  0.22636554E+00  0.21922783E+00  0.21239169E+00  0.20584132E+00  0.19956248E+00
  0.19354240E+00  0.18776987E+00  0.18223494E+00  0.17692620E+00  0.17183008E+00
  0.16693464E+00  0.16223125E+00  0.15771172E+00  0.15336529E+00  0.14918616E+00
  0.14515804E+00  0.14129692E+00  0.13752907E+00  0.13403624E+00  0.12978893E+00
  0.12714711E+00  0.49063296E+01  0.49049400E+01  0.49031443E+01  0.49025134E+01
  0.49021094E+01  0.49017321E+01  0.49013069E+01  0.49007897E+01  0.49000690E+01
  0.48990180E+01  0.48972452E+01  0.48948002E+01  0.48917400E+01  0.48874493E+01
  0.48814448E+01  0.48732087E+01  0.48619634E+01  0.48465620E+01  0.48254825E+01
  0.47969288E+01  0.47585051E+01  0.47066305E+01  0.46380946E+01  0.45479630E+01
  0.44309865E+01  0.42784226E+01  0.40879231E+01  0.38601893E+01  0.35904345E+01
  0.32850653E+01  0.29624084E+01  0.26917609E+01  0.25405630E+01  0.24533993E+01
  0.23518152E+01  0.22268602E+01  0.20883445E+01  0.19445633E+01  0.18001790E+01
  0.16583008E+01  0.15212133E+01  0.13903638E+01  0.12665457E+01  0.11506311E+01
  0.10414550E+01  0.94417304E+00  0.87099911E+00  0.82071864E+00  0.78144913E+00
  0.74598392E+00  0.71238476E+00  0.68054614E+00  0.65053831E+00  0.62229421E+00
  0.59568781E+00  0.57059933E+00  0.54692056E+00  0.52455102E+00  0.50339560E+00
  0.48336159E+00  0.46436402E+00  0.44632714E+00  0.42918218E+00  0.41287576E+00
  0.39736343E+00  0.38259723E+00  0.36852907E+00  0.35511405E+00  0.34231208E+00
  0.33008778E+00  0.31841053E+00  0.30724991E+00  0.29657826E+00  0.28637482E+00
  0.27662014E+00  0.26729366E+00  0.25837440E+00  0.24984219E+00  0.24167789E+00
  0.23386360E+00  0.22638332E+00  0.21922175E+00  0.21236346E+00  0.20579334E+00
  0.19949708E+00  0.19346133E+00  0.18767344E+00  0.18212148E+00  0.17679412E+00
  0.17168083E+00  0.16677147E+00  0.16205581E+00  0.15752498E+00  0.15316912E+00
  0.14898297E+00  0.14494971E+00  0.14108474E+00  0.13731385E+00  0.13381854E+00
  0.12956967E+00  0.12692738E+00  0.49063392E+01  0.49048612E+01  0.49029153E+01
  0.49021625E+01  0.49016455E+01  0.49011563E+01  0.49006146E+01  0.48999892E+01
  0.48991866E+01  0.48981527E+01  0.48965133E+01  0.48941279E+01  0.48908960E+01
  0.48863518E+01  0.48801801E+01  0.48718015E+01  0.48603237E+01  0.48445843E+01
  0.48229965E+01  0.47928743E+01  0.47517344E+01  0.46967443E+01  0.46243457E+01
  0.45293401E+01  0.44070510E+01  0.42491416E+01  0.40513196E+01  0.38160703E+01
  0.35409160E+01  0.32317203E+01  0.29077647E+01  0.26473287E+01  0.25161538E+01
  0.24393888E+01  0.23368645E+01  0.22100899E+01  0.20711529E+01  0.19271216E+01
  0.17824862E+01  0.16404263E+01  0.15032611E+01  0.13724355E+01  0.12487430E+01
  0.11330071E+01  0.10242658E+01  0.93100331E+00  0.86601425E+00  0.82156098E+00
  0.78351561E+00  0.74774470E+00  0.71384971E+00  0.68189252E+00  0.65180851E+00
  0.62347765E+00  0.59678194E+00  0.57160605E+00  0.54784217E+00  0.52539464E+00
  0.50416802E+00  0.48406570E+00  0.46500160E+00  0.44690472E+00  0.42971365E+00
  0.41337173E+00  0.39782523E+00  0.38302354E+00  0.36892048E+00  0.35547141E+00
  0.34263313E+00  0.33036859E+00  0.31864743E+00  0.30744299E+00  0.29673251E+00
  0.28649068E+00  0.27669879E+00  0.26734296E+00  0.25840159E+00  0.24985249E+00
  0.24167414E+00  0.23384818E+00  0.22635723E+00  0.21918386E+00  0.21231309E+00
  0.20573220E+00  0.19942770E+00  0.19338512E+00  0.18759093E+00  0.18203188E+00
  0.17669650E+00  0.17157583E+00  0.16666061E+00  0.16193970E+00  0.15740310E+00
  0.15304167E+00  0.14885114E+00  0.14481441E+00  0.14094680E+00  0.13717409E+00
  0.13367714E+00  0.12942547E+00  0.12678127E+00  0.49063214E+01  0.49047888E+01
  0.49027478E+01  0.49019105E+01  0.49013072E+01  0.49007290E+01  0.49000992E+01
  0.48993915E+01  0.48985130E+01  0.48974539E+01  0.48958262E+01  0.48934086E+01
  0.48899649E+01  0.48851336E+01  0.48787685E+01  0.48702088E+01  0.48584784E+01
  0.48423976E+01  0.48203591E+01  0.47893155E+01  0.47467254E+01  0.46901644E+01
  0.46145677E+01  0.45150804E+01  0.43893845E+01  0.42284626E+01  0.40261180E+01
  0.37868763E+01  0.35100841E+01  0.32008596E+01  0.28779843E+01  0.26231736E+01
  0.25023047E+01  0.24309325E+01  0.23275611E+01  0.21997070E+01  0.20606023E+01
  0.19164789E+01  0.17717446E+01  0.16296271E+01  0.14924699E+01  0.13617144E+01
  0.12381509E+01  0.11225689E+01  0.10142009E+01  0.92349202E+00  0.86337239E+00
  0.82210693E+00  0.78453869E+00  0.74856978E+00  0.71453745E+00  0.68252684E+00
  0.65240113E+00  0.62402047E+00  0.59727293E+00  0.57204530E+00  0.54822935E+00
  0.52573094E+00  0.50446125E+00  0.48433268E+00  0.46525605E+00  0.44715209E+00
  0.42995968E+00  0.41361696E+00  0.39806302E+00  0.38324865E+00  0.36913093E+00
  0.35566732E+00  0.34281429E+00  0.33053405E+00  0.31879651E+00  0.30757657E+00
  0.29685273E+00  0.28659752E+00  0.27679163E+00  0.26742280E+00  0.25847011E+00
  0.24991159E+00  0.24172522E+00  0.23389254E+00  0.22639589E+00  0.21921708E+00
  0.21234101E+00  0.20575551E+00  0.19944726E+00  0.19340133E+00  0.18760449E+00
  0.18204384E+00  0.17670769E+00  0.17158699E+00  0.16667233E+00  0.16195197E+00
  0.15741524E+00  0.15305317E+00  0.14886193E+00  0.14482438E+00  0.14095600E+00
  0.13718277E+00  0.13368530E+00  0.12943238E+00  0.12678725E+00
