  0.28552792E+01  0.28042986E+01  0.27585119E+01  0.27622905E+01  0.27604439E+01
  0.27593414E+01  0.27582523E+01  0.27574856E+01  0.27568598E+01  0.27562912E+01
  0.27555503E+01  0.27545354E+01  0.27532661E+01  0.27516677E+01  0.27496164E+01
  0.27469492E+01  0.27434525E+01  0.27388358E+01  0.27327019E+01  0.27245248E+01
  0.27135879E+01  0.26989365E+01  0.26793863E+01  0.26533263E+01  0.26182353E+01
  0.25721344E+01  0.25126511E+01  0.24368870E+01  0.23433907E+01  0.22323095E+01
  0.21069395E+01  0.19737313E+01  0.18399063E+01  0.17093404E+01  0.15831105E+01
  0.14634709E+01  0.13536882E+01  0.12564661E+01  0.11729369E+01  0.11016958E+01
  0.10395232E+01  0.98309454E+00  0.92976717E+00  0.87797755E+00  0.82723991E+00
  0.77786212E+00  0.73036522E+00  0.68503644E+00  0.64203875E+00  0.60151842E+00
  0.56353991E+00  0.52807891E+00  0.49504514E+00  0.46430972E+00  0.43572539E+00
  0.40914004E+00  0.38440586E+00  0.36138388E+00  0.33994635E+00  0.31997669E+00
  0.30136852E+00  0.28402412E+00  0.26785275E+00  0.25276947E+00  0.23869437E+00
  0.22555206E+00  0.21327159E+00  0.20178662E+00  0.19103576E+00  0.18096228E+00
  0.17151358E+00  0.16264099E+00  0.15429972E+00  0.14644931E+00  0.13905288E+00
  0.13208058E+00  0.12550134E+00  0.11930310E+00  0.11346990E+00  0.10796471E+00
  0.10276456E+00  0.97853219E-01  0.93221806E-01  0.88872161E-01  0.84807605E-01
  0.81024520E-01  0.77514738E-01  0.74268650E-01  0.71276153E-01  0.68528093E-01
  0.66016393E-01  0.63737487E-01  0.61691914E-01  0.59880687E-01  0.58306116E-01
  0.56971133E-01  0.55874608E-01  0.55000711E-01  0.54353972E-01  0.53856234E-01
  0.53620652E-01  0.28574114E+01  0.28060961E+01  0.27600679E+01  0.27639265E+01
  0.27619966E+01  0.27607700E+01  0.27595554E+01  0.27586171E+01  0.27577945E+01
  0.27570522E+01  0.27561706E+01  0.27550301E+01  0.27536394E+01  0.27519280E+01
  0.27497804E+01  0.27470421E+01  0.27435050E+01  0.27388799E+01  0.27327708E+01
  0.27246357E+01  0.27137351E+01  0.26991051E+01  0.26795525E+01  0.26534595E+01
  0.26182972E+01  0.25720809E+01  0.25124320E+01  0.24364488E+01  0.23426910E+01
  0.22313037E+01  0.21057270E+01  0.19724883E+01  0.18386747E+01  0.17081265E+01
  0.15819347E+01  0.14623520E+01  0.13526508E+01  0.12555311E+01  0.11721094E+01
  0.11009589E+01  0.10388541E+01  0.98247588E+00  0.92918534E+00  0.87742563E+00
  0.82672001E+00  0.77737809E+00  0.72991177E+00  0.68460743E+00  0.64163290E+00
  0.60113463E+00  0.56317597E+00  0.52773214E+00  0.49471297E+00  0.46398977E+00
  0.43541565E+00  0.40883905E+00  0.38411265E+00  0.36109801E+00  0.33966772E+00
  0.31970544E+00  0.30110481E+00  0.28376799E+00  0.26760404E+00  0.25252780E+00
  0.23845908E+00  0.22532234E+00  0.21304660E+00  0.20156561E+00  0.19081801E+00
  0.18074702E+00  0.17130004E+00  0.16242854E+00  0.15408812E+00  0.14623883E+00
  0.13884481E+00  0.13187599E+00  0.12530315E+00  0.11910820E+00  0.11327225E+00
  0.10776608E+00  0.10257132E+00  0.97674583E-01  0.93069749E-01  0.88758179E-01
  0.84737252E-01  0.81000274E-01  0.77538245E-01  0.74342814E-01  0.71402039E-01
  0.68699861E-01  0.66231579E-01  0.63999694E-01  0.62003680E-01  0.60242627E-01
  0.58716149E-01  0.57422063E-01  0.56356632E-01  0.55500869E-01  0.54859748E-01
  0.54333555E-01  0.54068650E-01  0.28618982E+01  0.28091656E+01  0.27618492E+01
  0.27658399E+01  0.27639233E+01  0.27626918E+01  0.27614100E+01  0.27603383E+01
  0.27593539E+01  0.27584548E+01  0.27574684E+01  0.27562781E+01  0.27548410E+01
  0.27530751E+01  0.27508631E+01  0.27480508E+01  0.27444341E+01  0.27397303E+01
  0.27335474E+01  0.27253408E+01  0.27143701E+01  0.26996714E+01  0.26800444E+01
  0.26538645E+01  0.26185900E+01  0.25722313E+01  0.25124084E+01  0.24362158E+01
  0.23422242E+01  0.22305840E+01  0.21048247E+01  0.19715231E+01  0.18376755E+01
  0.17071001E+01  0.15809157E+01  0.14613834E+01  0.13517819E+01  0.12547976E+01
  0.11715096E+01  0.11004500E+01  0.10383856E+01  0.98201001E+00  0.92869966E+00
  0.87691617E+00  0.82620005E+00  0.77686467E+00  0.72940944E+00  0.68411897E+00
  0.64116451E+00  0.60068798E+00  0.56274869E+00  0.52731994E+00  0.49431138E+00
  0.46359495E+00  0.43502451E+00  0.40844966E+00  0.38372428E+00  0.36071105E+00
  0.33928333E+00  0.31932507E+00  0.30072983E+00  0.28339927E+00  0.26724185E+00
  0.25217171E+00  0.23810806E+00  0.22497498E+00  0.21270147E+00  0.20122144E+00
  0.19047354E+00  0.18040093E+00  0.17095112E+00  0.16207603E+00  0.15373245E+00
  0.14588166E+00  0.13849001E+00  0.13152614E+00  0.12496587E+00  0.11878483E+00
  0.11295787E+00  0.10746770E+00  0.10230417E+00  0.97457578E-01  0.92922973E-01
  0.88696213E-01  0.84764398E-01  0.81117456E-01  0.77745661E-01  0.74642471E-01
  0.71791407E-01  0.69180057E-01  0.66812547E-01  0.64687761E-01  0.62800932E-01
  0.61145712E-01  0.59714436E-01  0.58494355E-01  0.57473794E-01  0.56625827E-01
  0.55958990E-01  0.55322628E-01  0.54966227E-01  0.28683217E+01  0.28130025E+01
  0.27631485E+01  0.27671266E+01  0.27653412E+01  0.27644273E+01  0.27633516E+01
  0.27624162E+01  0.27615252E+01  0.27606782E+01  0.27597307E+01  0.27585827E+01
  0.27571672E+01  0.27553960E+01  0.27531479E+01  0.27502650E+01  0.27465435E+01
  0.27417049E+01  0.27353569E+01  0.27269655E+01  0.27158105E+01  0.27009388E+01
  0.26811544E+01  0.26548359E+01  0.26194357E+01  0.25729691E+01  0.25130615E+01
  0.24368050E+01  0.23427711E+01  0.22311142E+01  0.21053181E+01  0.19719383E+01
  0.18380045E+01  0.17073475E+01  0.15811138E+01  0.14615882E+01  0.13520519E+01
  0.12551667E+01  0.11719571E+01  0.11009102E+01  0.10387878E+01  0.98230270E+00
  0.92886260E+00  0.87695824E+00  0.82614924E+00  0.77675309E+00  0.72926153E+00
  0.68395387E+00  0.64099696E+00  0.60052386E+00  0.56258677E+00  0.52715556E+00
  0.49413940E+00  0.46341107E+00  0.43482579E+00  0.40823482E+00  0.38349378E+00
  0.36046681E+00  0.33902818E+00  0.31906210E+00  0.30046174E+00  0.28312792E+00
  0.26696808E+00  0.25189534E+00  0.23782809E+00  0.22469005E+00  0.21241019E+00
  0.20092248E+00  0.19016556E+00  0.18008272E+00  0.17062200E+00  0.16173659E+00
  0.15338509E+00  0.14553041E+00  0.13814049E+00  0.13118322E+00  0.12463647E+00
  0.11847872E+00  0.11268630E+00  0.10724875E+00  0.10215811E+00  0.97405511E-01
  0.92978799E-01  0.88863472E-01  0.85044458E-01  0.81513762E-01  0.78253274E-01
  0.75249778E-01  0.72506259E-01  0.70022133E-01  0.67791534E-01  0.65802153E-01
  0.64041997E-01  0.62496989E-01  0.61149618E-01  0.59976487E-01  0.58960240E-01
  0.58065237E-01  0.57306678E-01  0.56471743E-01  0.55970284E-01  0.28780539E+01
  0.28191006E+01  0.27656346E+01  0.27694895E+01  0.27677824E+01  0.27672840E+01
  0.27665369E+01  0.27658421E+01  0.27651124E+01  0.27643612E+01  0.27634419E+01
  0.27622479E+01  0.27607434E+01  0.27588516E+01  0.27564588E+01  0.27534145E+01
  0.27495212E+01  0.27445060E+01  0.27379765E+01  0.27293970E+01  0.27180497E+01
  0.27029834E+01  0.26830044E+01  0.26564931E+01  0.26209014E+01  0.25742499E+01
  0.25141661E+01  0.24377406E+01  0.23435480E+01  0.22317418E+01  0.21058168E+01
  0.19723324E+01  0.18382997E+01  0.17075528E+01  0.15812727E+01  0.14617756E+01
  0.13523463E+01  0.12556119E+01  0.11725200E+01  0.11014963E+01  0.10392978E+01
  0.98266566E+00  0.92905251E+00  0.87698957E+00  0.82606092E+00  0.77658945E+00
  0.72905789E+00  0.68373484E+00  0.64077895E+00  0.60031353E+00  0.56238156E+00
  0.52694838E+00  0.49392274E+00  0.46317873E+00  0.43457359E+00  0.40796111E+00
  0.38319921E+00  0.36015389E+00  0.33870051E+00  0.31872348E+00  0.30011541E+00
  0.28277598E+00  0.26661132E+00  0.25153333E+00  0.23745957E+00  0.22431340E+00
  0.21202370E+00  0.20052438E+00  0.18975420E+00  0.17965712E+00  0.17018269E+00
  0.16128650E+00  0.15292881E+00  0.14507519E+00  0.13769128E+00  0.13075349E+00
  0.12423982E+00  0.11812621E+00  0.11240216E+00  0.10705937E+00  0.10208370E+00
  0.97461912E-01  0.93176793E-01  0.89206772E-01  0.85542498E-01  0.82164448E-01
  0.79056515E-01  0.76217713E-01  0.73648191E-01  0.71339672E-01  0.69272095E-01
  0.67427886E-01  0.65786569E-01  0.64323595E-01  0.63014372E-01  0.61831772E-01
  0.60759011E-01  0.59756347E-01  0.58851627E-01  0.57769347E-01  0.57098370E-01
  0.28911735E+01  0.28272791E+01  0.27689012E+01  0.27727725E+01  0.27712843E+01
  0.27711852E+01  0.27707637E+01  0.27703618E+01  0.27698639E+01  0.27692547E+01
  0.27683757E+01  0.27671422E+01  0.27655429E+01  0.27635082E+01  0.27609300E+01
  0.27576651E+01  0.27535259E+01  0.27482514E+01  0.27414553E+01  0.27326066E+01
  0.27209935E+01  0.27056681E+01  0.26854366E+01  0.26586786E+01  0.26228457E+01
  0.25759581E+01  0.25156457E+01  0.24390032E+01  0.23446073E+01  0.22326161E+01
  0.21065323E+01  0.19729133E+01  0.18387494E+01  0.17078830E+01  0.15815419E+01
  0.14620802E+01  0.13527873E+01  0.12562440E+01  0.11732981E+01  0.11022978E+01
  0.10399962E+01  0.98317183E+00  0.92933517E+00  0.87706822E+00  0.82598580E+00
  0.77641881E+00  0.72883862E+00  0.68349875E+00  0.64054491E+00  0.60008762E+00
  0.56216019E+00  0.52672308E+00  0.49368412E+00  0.46291903E+00  0.43428791E+00
  0.40764769E+00  0.38285912E+00  0.35979029E+00  0.33831767E+00  0.31832568E+00
  0.29970609E+00  0.28235721E+00  0.26618366E+00  0.25109615E+00  0.23701151E+00
  0.22385279E+00  0.21154863E+00  0.20003294E+00  0.18924517E+00  0.17913112E+00
  0.16964304E+00  0.16073925E+00  0.15238164E+00  0.14453740E+00  0.13717195E+00
  0.13027009E+00  0.12381729E+00  0.11779168E+00  0.11218538E+00  0.10698055E+00
  0.10215837E+00  0.97698063E-01  0.93582356E-01  0.89785330E-01  0.86289949E-01
  0.83091016E-01  0.80183822E-01  0.77559784E-01  0.75193720E-01  0.73063937E-01
  0.71146772E-01  0.69414791E-01  0.67839851E-01  0.66394124E-01  0.65053621E-01
  0.63794383E-01  0.62604007E-01  0.61446554E-01  0.60369228E-01  0.59040669E-01
  0.58209435E-01  0.29081141E+01  0.28378547E+01  0.27732015E+01  0.27773101E+01
  0.27762218E+01  0.27765343E+01  0.27764510E+01  0.27764253E+01  0.27762408E+01
  0.27758247E+01  0.27750108E+01  0.27737099E+01  0.27719593E+01  0.27697012E+01
  0.27668429E+01  0.27632549E+01  0.27587637E+01  0.27531231E+01  0.27459562E+01
  0.27367375E+01  0.27247621E+01  0.27090870E+01  0.26885192E+01  0.26614373E+01
  0.26252964E+01  0.25781082E+01  0.25175048E+01  0.24405908E+01  0.23459403E+01
  0.22337154E+01  0.21074310E+01  0.19736440E+01  0.18393189E+01  0.17083075E+01
  0.15818934E+01  0.14624780E+01  0.13533548E+01  0.12570458E+01  0.11742764E+01
  0.11033018E+01  0.10408730E+01  0.98381489E+00  0.92970881E+00  0.87719804E+00
  0.82593380E+00  0.77625596E+00  0.72862096E+00  0.68326344E+00  0.64031187E+00
  0.59986143E+00  0.56193610E+00  0.52649217E+00  0.49343607E+00  0.46264477E+00
  0.43398179E+00  0.40730798E+00  0.38248737E+00  0.35939021E+00  0.33789390E+00
  0.31788254E+00  0.29924678E+00  0.28188342E+00  0.26569562E+00  0.25059305E+00
  0.23649206E+00  0.22331531E+00  0.21099125E+00  0.19945437E+00  0.18864617E+00
  0.17851562E+00  0.16901856E+00  0.16011520E+00  0.15176970E+00  0.14395076E+00
  0.13663252E+00  0.12980308E+00  0.12345361E+00  0.11756864E+00  0.11212340E+00
  0.10709358E+00  0.10245477E+00  0.98174305E-01  0.94236996E-01  0.90636214E-01
  0.87354263E-01  0.84381888E-01  0.81702171E-01  0.79281836E-01  0.77091612E-01
  0.75099623E-01  0.73273412E-01  0.71582363E-01  0.69999018E-01  0.68500485E-01
  0.67068825E-01  0.65686421E-01  0.64348916E-01  0.63027228E-01  0.61786315E-01
  0.60248263E-01  0.59285434E-01  0.29293320E+01  0.28511897E+01  0.27788804E+01
  0.27834444E+01  0.27827819E+01  0.27835519E+01  0.27840118E+01  0.27844718E+01
  0.27845590E+01  0.27842889E+01  0.27835372E+01  0.27821475E+01  0.27802003E+01
  0.27776563E+01  0.27744399E+01  0.27704376E+01  0.27654915E+01  0.27593729E+01
  0.27517182E+01  0.27420099E+01  0.27295529E+01  0.27134126E+01  0.26923982E+01
  0.26648870E+01  0.26283473E+01  0.25807734E+01  0.25197993E+01  0.24425483E+01
  0.23475841E+01  0.22350737E+01  0.21085466E+01  0.19745587E+01  0.18400431E+01
  0.17088612E+01  0.15823623E+01  0.14630045E+01  0.13540847E+01  0.12580532E+01
  0.11754894E+01  0.11045419E+01  0.10419615E+01  0.98462923E+00  0.93020920E+00
  0.87741530E+00  0.82594167E+00  0.77613536E+00  0.72843521E+00  0.68305594E+00
  0.64010468E+00  0.59966065E+00  0.56173699E+00  0.52628377E+00  0.49320673E+00
  0.46238450E+00  0.43368488E+00  0.40697346E+00  0.38211732E+00  0.35898837E+00
  0.33746452E+00  0.31742923E+00  0.29877182E+00  0.28138762E+00  0.26517859E+00
  0.25005377E+00  0.23592917E+00  0.22272724E+00  0.21037687E+00  0.19881473E+00
  0.18798611E+00  0.17784434E+00  0.16834795E+00  0.15945955E+00  0.15114779E+00
  0.14338540E+00  0.13615871E+00  0.12946158E+00  0.12327700E+00  0.11757840E+00
  0.11232096E+00  0.10747492E+00  0.10302742E+00  0.98959804E-01  0.95252666E-01
  0.91893776E-01  0.88863122E-01  0.86122342E-01  0.83637773E-01  0.81373040E-01
  0.79290620E-01  0.77355776E-01  0.75537260E-01  0.73809928E-01  0.72153852E-01
  0.70552746E-01  0.68996663E-01  0.67476255E-01  0.65995093E-01  0.64527427E-01
  0.63149634E-01  0.61446868E-01  0.60382442E-01  0.29553735E+01  0.28677123E+01
  0.27862942E+01  0.27916099E+01  0.27914550E+01  0.27927267E+01  0.27938468E+01
  0.27947634E+01  0.27951987E+01  0.27949095E+01  0.27938242E+01  0.27922144E+01
  0.27899864E+01  0.27870895E+01  0.27834574E+01  0.27789900E+01  0.27735419E+01
  0.27668970E+01  0.27587019E+01  0.27484430E+01  0.27354316E+01  0.27187435E+01
  0.26971907E+01  0.26691516E+01  0.26321208E+01  0.25840666E+01  0.25226290E+01
  0.24449638E+01  0.23496151E+01  0.22367578E+01  0.21099391E+01  0.19757141E+01
  0.18409762E+01  0.17095954E+01  0.15829974E+01  0.14637072E+01  0.13550233E+01
  0.12593093E+01  0.11769761E+01  0.11060522E+01  0.10432916E+01  0.98564167E+00
  0.93086032E+00  0.87774206E+00  0.82602429E+00  0.77606850E+00  0.72830012E+00
  0.68290123E+00  0.63995476E+00  0.59952205E+00  0.56160264E+00  0.52614096E+00
  0.49304277E+00  0.46219067E+00  0.43345601E+00  0.40670709E+00  0.38181422E+00
  0.35865131E+00  0.33709648E+00  0.31703226E+00  0.29834661E+00  0.28093358E+00
  0.26469441E+00  0.24953777E+00  0.23538002E+00  0.22214447E+00  0.20976197E+00
  0.19817342E+00  0.18732946E+00  0.17718704E+00  0.16770845E+00  0.15886015E+00
  0.15061855E+00  0.14295815E+00  0.13587896E+00  0.12936060E+00  0.12335748E+00
  0.11784538E+00  0.11279587E+00  0.10818150E+00  0.10398103E+00  0.10017947E+00
  0.96745843E-01  0.93640362E-01  0.90825292E-01  0.88259901E-01  0.85901703E-01
  0.83710853E-01  0.81651565E-01  0.79695051E-01  0.77818822E-01  0.76005153E-01
  0.74242149E-01  0.72521968E-01  0.70841817E-01  0.69197293E-01  0.67596653E-01
  0.66014105E-01  0.64531901E-01  0.62705204E-01  0.61564222E-01  0.29867812E+01
  0.28880720E+01  0.27962264E+01  0.28025544E+01  0.28030913E+01  0.28050753E+01
  0.28069553E+01  0.28083658E+01  0.28092899E+01  0.28092633E+01  0.28079598E+01
  0.28059633E+01  0.28031495E+01  0.27995181E+01  0.27950642E+01  0.27897427E+01
  0.27834499E+01  0.27759983E+01  0.27670481E+01  0.27560808E+01  0.27423989E+01
  0.27250735E+01  0.27029037E+01  0.26742553E+01  0.26366655E+01  0.25880559E+01
  0.25260669E+01  0.24479118E+01  0.23521061E+01  0.22388366E+01  0.21116717E+01
  0.19771649E+01  0.18421651E+01  0.17105509E+01  0.15838360E+01  0.14646213E+01
  0.13562034E+01  0.12608431E+01  0.11787592E+01  0.11078495E+01  0.10448760E+01
  0.98686313E+00  0.93167468E+00  0.87819479E+00  0.82621020E+00  0.77609495E+00
  0.72825213E+00  0.68283289E+00  0.63989531E+00  0.59947852E+00  0.56157016E+00
  0.52610859E+00  0.49299819E+00  0.46212390E+00  0.43336070E+00  0.40658059E+00
  0.38165666E+00  0.35846397E+00  0.33688018E+00  0.31678677E+00  0.29807045E+00
  0.28062418E+00  0.26434905E+00  0.24915370E+00  0.23495451E+00  0.22167721E+00
  0.20925830E+00  0.19764568E+00  0.18679555E+00  0.17667004E+00  0.16723498E+00
  0.15846521E+00  0.15033637E+00  0.14284529E+00  0.13597597E+00  0.12967375E+00
  0.12389966E+00  0.11862582E+00  0.11383599E+00  0.10950531E+00  0.10559111E+00
  0.10205416E+00  0.98852381E-01  0.95940057E-01  0.93268642E-01  0.90791679E-01
  0.88467661E-01  0.86262910E-01  0.84151637E-01  0.82113586E-01  0.80135009E-01
  0.78207318E-01  0.76326167E-01  0.74489124E-01  0.72697154E-01  0.70947739E-01
  0.69250305E-01  0.67576316E-01  0.66010799E-01  0.64082527E-01  0.62877952E-01
  0.30239471E+01  0.29137832E+01  0.28106973E+01  0.28177347E+01  0.28192245E+01
  0.28222409E+01  0.28249067E+01  0.28274889E+01  0.28295209E+01  0.28298135E+01
  0.28284974E+01  0.28259229E+01  0.28221639E+01  0.28173185E+01  0.28114718E+01
  0.28046663E+01  0.27968811E+01  0.27880017E+01  0.27777401E+01  0.27655987E+01
  0.27508807E+01  0.27326465E+01  0.27096631E+01  0.26802592E+01  0.26420112E+01
  0.25927622E+01  0.25301374E+01  0.24514204E+01  0.23550882E+01  0.22413412E+01
  0.21137718E+01  0.19789310E+01  0.18436235E+01  0.17117387E+01  0.15848891E+01
  0.14657608E+01  0.13576407E+01  0.12626685E+01  0.11808513E+01  0.11099477E+01
  0.10467348E+01  0.98832638E+00  0.93270261E+00  0.87884295E+00  0.82659662E+00
  0.77634584E+00  0.72846556E+00  0.68307437E+00  0.64019335E+00  0.59983676E+00
  0.56197759E+00  0.52654586E+00  0.49344389E+00  0.46255877E+00  0.43377068E+00
  0.40695687E+00  0.38199286E+00  0.35875399E+00  0.33711804E+00  0.31696678E+00
  0.29818630E+00  0.28066981E+00  0.26432052E+00  0.24905117E+00  0.23478107E+00
  0.22144024E+00  0.20897363E+00  0.19733719E+00  0.18649360E+00  0.17640771E+00
  0.16705203E+00  0.15840386E+00  0.15045540E+00  0.14319647E+00  0.13656943E+00
  0.13052570E+00  0.12503614E+00  0.12006067E+00  0.11556376E+00  0.11150501E+00
  0.10783794E+00  0.10451156E+00  0.10147072E+00  0.98661124E-01  0.96034000E-01
  0.93548591E-01  0.91173746E-01  0.88885768E-01  0.86668378E-01  0.84511563E-01
  0.82410176E-01  0.80361842E-01  0.78366054E-01  0.76422624E-01  0.74533191E-01
  0.72694165E-01  0.70913759E-01  0.69159840E-01  0.67519831E-01  0.65498426E-01
  0.64235160E-01  0.30676987E+01  0.29443968E+01  0.28282541E+01  0.28366331E+01
  0.28404044E+01  0.28451488E+01  0.28503500E+01  0.28552282E+01  0.28578542E+01
  0.28581245E+01  0.28563350E+01  0.28529360E+01  0.28480127E+01  0.28416903E+01
  0.28340993E+01  0.28253485E+01  0.28155020E+01  0.28045424E+01  0.27922743E+01
  0.27782735E+01  0.27618951E+01  0.27422201E+01  0.27179970E+01  0.26875163E+01
  0.26483675E+01  0.25983003E+01  0.25349133E+01  0.24555349E+01  0.23585930E+01
  0.22442960E+01  0.21162612E+01  0.19810384E+01  0.18453844E+01  0.17131985E+01
  0.15862021E+01  0.14671759E+01  0.13593922E+01  0.12648508E+01  0.11833236E+01
  0.11124280E+01  0.10489657E+01  0.99015107E+00  0.93409506E+00  0.87987897E+00
  0.82741119E+00  0.77709468E+00  0.72926442E+00  0.68397691E+00  0.64121041E+00
  0.60095020E+00  0.56315107E+00  0.52773766E+00  0.49461487E+00  0.46367512E+00
  0.43480694E+00  0.40789730E+00  0.38282560E+00  0.35946917E+00  0.33770907E+00
  0.31742931E+00  0.29852136E+00  0.28088265E+00  0.26441643E+00  0.24903670E+00
  0.23466896E+00  0.22125299E+00  0.20874373E+00  0.19710469E+00  0.18629957E+00
  0.17629810E+00  0.16707700E+00  0.15862775E+00  0.15093723E+00  0.14394402E+00
  0.13759067E+00  0.13183903E+00  0.12664323E+00  0.12195888E+00  0.11773497E+00
  0.11391523E+00  0.11043811E+00  0.10724067E+00  0.10426482E+00  0.10146095E+00
  0.98790723E-01  0.96225512E-01  0.93745045E-01  0.91336981E-01  0.88994748E-01
  0.86715471E-01  0.84498191E-01  0.82342777E-01  0.80249471E-01  0.78217331E-01
  0.76246323E-01  0.74330395E-01  0.72476473E-01  0.70650263E-01  0.68942440E-01
  0.66836379E-01  0.65519878E-01  0.31187605E+01  0.29814363E+01  0.28515969E+01
  0.28619228E+01  0.28687863E+01  0.28770747E+01  0.28843639E+01  0.28888371E+01
  0.28902420E+01  0.28893996E+01  0.28870891E+01  0.28832540E+01  0.28777777E+01
  0.28706358E+01  0.28618503E+01  0.28514785E+01  0.28396284E+01  0.28263985E+01
  0.28117208E+01  0.27953062E+01  0.27766344E+01  0.27548750E+01  0.27288154E+01
  0.26967468E+01  0.26562784E+01  0.26050685E+01  0.25406800E+01  0.24604597E+01
  0.23627728E+01  0.22478236E+01  0.21192549E+01  0.19836148E+01  0.18475927E+01
  0.17150857E+01  0.15879359E+01  0.14690301E+01  0.13616234E+01  0.12675590E+01
  0.11863540E+01  0.11154812E+01  0.10517790E+01  0.99257388E+00  0.93611548E+00
  0.88159590E+00  0.82898188E+00  0.77867598E+00  0.73094344E+00  0.68576152E+00
  0.64306366E+00  0.60280846E+00  0.56494532E+00  0.52941169E+00  0.49612740E+00
  0.46499860E+00  0.43592855E+00  0.40881364E+00  0.38354474E+00  0.36000833E+00
  0.33808315E+00  0.31764957E+00  0.29859725E+00  0.28082384E+00  0.26423519E+00
  0.24874802E+00  0.23429684E+00  0.22083617E+00  0.20833096E+00  0.19674399E+00
  0.18604147E+00  0.17619814E+00  0.16720642E+00  0.15905005E+00  0.15166205E+00
  0.14497516E+00  0.13894008E+00  0.13350371E+00  0.12861143E+00  0.12420127E+00
  0.12020546E+00  0.11655189E+00  0.11317140E+00  0.11000367E+00  0.10700053E+00
  0.10412603E+00  0.10135423E+00  0.98669289E-01  0.96062499E-01  0.93530039E-01
  0.91070441E-01  0.88683178E-01  0.86368001E-01  0.84124144E-01  0.81950231E-01
  0.79842996E-01  0.77800569E-01  0.75815810E-01  0.73895467E-01  0.72003823E-01
  0.70234794E-01  0.68053127E-01  0.66689306E-01  0.31688528E+01  0.30203911E+01
  0.28816694E+01  0.28949803E+01  0.29023166E+01  0.29094317E+01  0.29136446E+01
  0.29153254E+01  0.29155471E+01  0.29141518E+01  0.29120329E+01  0.29087452E+01
  0.29040450E+01  0.28977038E+01  0.28895066E+01  0.28792790E+01  0.28669312E+01
  0.28524682E+01  0.28358825E+01  0.28170988E+01  0.27958614E+01  0.27715467E+01
  0.27430863E+01  0.27088565E+01  0.26665414E+01  0.26137366E+01  0.25479785E+01
  0.24666312E+01  0.23679865E+01  0.22522333E+01  0.21230452E+01  0.19869627E+01
  0.18505627E+01  0.17177157E+01  0.15904005E+01  0.14716270E+01  0.13646320E+01
  0.12710859E+01  0.11902348E+01  0.11194066E+01  0.10554872E+01  0.99592589E+00
  0.93910782E+00  0.88432578E+00  0.83158976E+00  0.78125530E+00  0.73349192E+00
  0.68821527E+00  0.64534579E+00  0.60485027E+00  0.56669835E+00  0.53085328E+00
  0.49726179E+00  0.46585726E+00  0.43654830E+00  0.40922338E+00  0.38376772E+00
  0.36006124E+00  0.33797944E+00  0.31740181E+00  0.29821452E+00  0.28031513E+00
  0.26361612E+00  0.24804659E+00  0.23355717E+00  0.22011479E+00  0.20768286E+00
  0.19622486E+00  0.18571034E+00  0.17613362E+00  0.16747631E+00  0.15966294E+00
  0.15261744E+00  0.14627774E+00  0.14058049E+00  0.13545940E+00  0.13084074E+00
  0.12664460E+00  0.12279009E+00  0.11920277E+00  0.11582136E+00  0.11259976E+00
  0.10950453E+00  0.10651413E+00  0.10361644E+00  0.10080592E+00  0.98080459E-01
  0.95439262E-01  0.92881755E-01  0.90406879E-01  0.88012778E-01  0.85696431E-01
  0.83454222E-01  0.81281634E-01  0.79176243E-01  0.77130513E-01  0.75151397E-01
  0.73202081E-01  0.71379350E-01  0.69131930E-01  0.67727101E-01  0.32158128E+01
  0.30552205E+01  0.29045819E+01  0.29173835E+01  0.29225695E+01  0.29256360E+01
  0.29271335E+01  0.29279902E+01  0.29278387E+01  0.29270345E+01  0.29255403E+01
  0.29232446E+01  0.29199757E+01  0.29154840E+01  0.29094248E+01  0.29013919E+01
  0.28909462E+01  0.28777203E+01  0.28614562E+01  0.28419639E+01  0.28190696E+01
  0.27924575E+01  0.27614273E+01  0.27246398E+01  0.26799821E+01  0.26250784E+01
  0.25575008E+01  0.24746548E+01  0.23747647E+01  0.22580184E+01  0.21281140E+01
  0.19915480E+01  0.18547435E+01  0.17215187E+01  0.15940077E+01  0.14753621E+01
  0.13688007E+01  0.12758020E+01  0.11953251E+01  0.11245553E+01  0.10604297E+01
  0.10005127E+01  0.94330280E+00  0.88815317E+00  0.83507811E+00  0.78438301E+00
  0.73619866E+00  0.69045508E+00  0.64710193E+00  0.60615973E+00  0.56763161E+00
  0.53147060E+00  0.49761235E+00  0.46597927E+00  0.43647193E+00  0.40897664E+00
  0.38336701E+00  0.35951175E+00  0.33728639E+00  0.31657341E+00  0.29726387E+00
  0.27926167E+00  0.26248878E+00  0.24689199E+00  0.23243918E+00  0.21909518E+00
  0.20682373E+00  0.19558581E+00  0.18537878E+00  0.17618338E+00  0.16791133E+00
  0.16047998E+00  0.15381335E+00  0.14783414E+00  0.14246300E+00  0.13761365E+00
  0.13319455E+00  0.12911628E+00  0.12530137E+00  0.12168897E+00  0.11823455E+00
  0.11490765E+00  0.11169095E+00  0.10857603E+00  0.10555968E+00  0.10264068E+00
  0.99818173E-01  0.97090938E-01  0.94456835E-01  0.91912646E-01  0.89454109E-01
  0.87076547E-01  0.84775608E-01  0.82546413E-01  0.80386417E-01  0.78287869E-01
  0.76257958E-01  0.74258935E-01  0.72390014E-01  0.70086206E-01  0.68646252E-01
  0.32527230E+01  0.30802797E+01  0.29163646E+01  0.29274794E+01  0.29324453E+01
  0.29358560E+01  0.29378900E+01  0.29382354E+01  0.29370777E+01  0.29358362E+01
  0.29340713E+01  0.29317313E+01  0.29287771E+01  0.29250928E+01  0.29204300E+01
  0.29143887E+01  0.29064355E+01  0.28959596E+01  0.28822870E+01  0.28647075E+01
  0.28426370E+01  0.28156278E+01  0.27831227E+01  0.27441618E+01  0.26970781E+01
  0.26397512E+01  0.25699519E+01  0.24852177E+01  0.23837545E+01  0.22657501E+01
  0.21349581E+01  0.19978419E+01  0.18605918E+01  0.17269331E+01  0.15991751E+01
  0.14806343E+01  0.13745041E+01  0.12820478E+01  0.12019228E+01  0.11311576E+01
  0.10667182E+01  0.10062484E+01  0.94833486E+00  0.89241691E+00  0.83854388E+00
  0.78701156E+00  0.73802629E+00  0.69163169E+00  0.64779275E+00  0.60648054E+00
  0.56765538E+00  0.53125253E+00  0.49719015E+00  0.46537097E+00  0.43569162E+00
  0.40803924E+00  0.38228678E+00  0.35830330E+00  0.33596207E+00  0.31514518E+00
  0.29574870E+00  0.27768638E+00  0.26090044E+00  0.24535920E+00  0.23103016E+00
  0.21788068E+00  0.20586188E+00  0.19497396E+00  0.18519626E+00  0.17642548E+00
  0.16857632E+00  0.16155780E+00  0.15527308E+00  0.14962894E+00  0.14452608E+00
  0.13986186E+00  0.13553959E+00  0.13147935E+00  0.12762077E+00  0.12392138E+00
  0.12035482E+00  0.11690721E+00  0.11357273E+00  0.11034941E+00  0.10723634E+00
  0.10423223E+00  0.10133484E+00  0.98540727E-01  0.95845256E-01  0.93243127E-01
  0.90729104E-01  0.88298101E-01  0.85945617E-01  0.83666697E-01  0.81458803E-01
  0.79314013E-01  0.77239729E-01  0.75197366E-01  0.73288204E-01  0.70935350E-01
  0.69464860E-01  0.32859020E+01  0.31040689E+01  0.29315494E+01  0.29434652E+01
  0.29484264E+01  0.29518995E+01  0.29534927E+01  0.29532404E+01  0.29518550E+01
  0.29501656E+01  0.29476674E+01  0.29443481E+01  0.29402732E+01  0.29354989E+01
  0.29300447E+01  0.29238042E+01  0.29164441E+01  0.29074155E+01  0.28959437E+01
  0.28810127E+01  0.28615344E+01  0.28364552E+01  0.28047643E+01  0.27654099E+01
  0.27169430E+01  0.26576008E+01  0.25856008E+01  0.24987946E+01  0.23955070E+01
  0.22759856E+01  0.21441040E+01  0.20063134E+01  0.18684998E+01  0.17342727E+01
  0.16061467E+01  0.14876238E+01  0.13818524E+01  0.12898305E+01  0.12098743E+01
  0.11388361E+01  0.10737002E+01  0.10122118E+01  0.95311111E+00  0.89598616E+00
  0.84093622E+00  0.78837833E+00  0.73864358E+00  0.69172506E+00  0.64751625E+00
  0.60591757E+00  0.56684069E+00  0.53021627E+00  0.49596770E+00  0.46400133E+00
  0.43420566E+00  0.40645269E+00  0.38060661E+00  0.35653461E+00  0.33411149E+00
  0.31322554E+00  0.29378231E+00  0.27571789E+00  0.25900223E+00  0.24360584E+00
  0.22950063E+00  0.21663542E+00  0.20500424E+00  0.19458218E+00  0.18526079E+00
  0.17695456E+00  0.16955460E+00  0.16293718E+00  0.15699417E+00  0.15161370E+00
  0.14668247E+00  0.14209699E+00  0.13777485E+00  0.13365618E+00  0.12970054E+00
  0.12588537E+00  0.12220037E+00  0.11864182E+00  0.11520822E+00  0.11189815E+00
  0.10870933E+00  0.10563826E+00  0.10268016E+00  0.99829172E-01  0.97079319E-01
  0.94424806E-01  0.91860238E-01  0.89380492E-01  0.86981073E-01  0.84657015E-01
  0.82405811E-01  0.80219391E-01  0.78105356E-01  0.76024343E-01  0.74079435E-01
  0.71683300E-01  0.70185929E-01  0.33260299E+01  0.31332198E+01  0.29501187E+01
  0.29605276E+01  0.29623592E+01  0.29638791E+01  0.29635525E+01  0.29625549E+01
  0.29618282E+01  0.29606216E+01  0.29586986E+01  0.29559071E+01  0.29521171E+01
  0.29472460E+01  0.29412866E+01  0.29342745E+01  0.29261796E+01  0.29168207E+01
  0.29057201E+01  0.28919932E+01  0.28744641E+01  0.28517410E+01  0.28222813E+01
  0.27844846E+01  0.27365616E+01  0.26767081E+01  0.26034242E+01  0.25149464E+01
  0.24099014E+01  0.22887747E+01  0.21556266E+01  0.20168628E+01  0.18781165E+01
  0.17429894E+01  0.16142473E+01  0.14955592E+01  0.13899779E+01  0.12981651E+01
  0.12180523E+01  0.11463320E+01  0.10800583E+01  0.10171665E+01  0.95662000E+00
  0.89813264E+00  0.84194614E+00  0.78857628E+00  0.73828644E+00  0.69096206E+00
  0.64642225E+00  0.60455861E+00  0.56528043E+00  0.52850243E+00  0.49413648E+00
  0.46207931E+00  0.43220804E+00  0.40438650E+00  0.37847541E+00  0.35434045E+00
  0.33185998E+00  0.31093346E+00  0.29148973E+00  0.27349915E+00  0.25694068E+00
  0.24178787E+00  0.22799611E+00  0.21554772E+00  0.20440829E+00  0.19447639E+00
  0.18566767E+00  0.17785063E+00  0.17086722E+00  0.16459473E+00  0.15890928E+00
  0.15368679E+00  0.14881715E+00  0.14421505E+00  0.13982067E+00  0.13559618E+00
  0.13152227E+00  0.12759120E+00  0.12380074E+00  0.12014965E+00  0.11663583E+00
  0.11325583E+00  0.11000472E+00  0.10687625E+00  0.10386356E+00  0.10096007E+00
  0.98159589E-01  0.95456309E-01  0.92844874E-01  0.90320218E-01  0.87877878E-01
  0.85512870E-01  0.83222676E-01  0.80999067E-01  0.78849801E-01  0.76734775E-01
  0.74758617E-01  0.72325011E-01  0.70804447E-01  0.33641429E+01  0.31575342E+01
  0.29601454E+01  0.29682707E+01  0.29673657E+01  0.29672734E+01  0.29662870E+01
  0.29653114E+01  0.29647281E+01  0.29639802E+01  0.29629196E+01  0.29613736E+01
  0.29591117E+01  0.29558366E+01  0.29511476E+01  0.29447714E+01  0.29366653E+01
  0.29268457E+01  0.29151905E+01  0.29012200E+01  0.28840637E+01  0.28624514E+01
  0.28347040E+01  0.27988353E+01  0.27526120E+01  0.26937569E+01  0.26205901E+01
  0.25314995E+01  0.24253245E+01  0.23028227E+01  0.21682301E+01  0.20279554E+01
  0.18876969E+01  0.17512807E+01  0.16217062E+01  0.15027403E+01  0.13972529E+01
  0.13054986E+01  0.12250210E+01  0.11524081E+01  0.10848602E+01  0.10205485E+01
  0.95862972E+00  0.89898110E+00  0.84194725E+00  0.78795668E+00  0.73717841E+00
  0.68949387E+00  0.64469496E+00  0.60263565E+00  0.56320687E+00  0.52631309E+00
  0.49185544E+00  0.45972119E+00  0.42978007E+00  0.40189182E+00  0.37591674E+00
  0.35172448E+00  0.32920675E+00  0.30828114E+00  0.28890936E+00  0.27108391E+00
  0.25478352E+00  0.23997098E+00  0.22662382E+00  0.21468863E+00  0.20408283E+00
  0.19472961E+00  0.18645703E+00  0.17906955E+00  0.17243302E+00  0.16641298E+00
  0.16087401E+00  0.15569854E+00  0.15079777E+00  0.14611158E+00  0.14160490E+00
  0.13726133E+00  0.13307520E+00  0.12904474E+00  0.12516842E+00  0.12144326E+00
  0.11786454E+00  0.11442604E+00  0.11112038E+00  0.10793989E+00  0.10487734E+00
  0.10192612E+00  0.99080012E-01  0.96333172E-01  0.93680309E-01  0.91116368E-01
  0.88636856E-01  0.86236709E-01  0.83913330E-01  0.81658294E-01  0.79479451E-01
  0.77336009E-01  0.75333829E-01  0.72869156E-01  0.71329392E-01  0.33941736E+01
  0.31727148E+01  0.29604268E+01  0.29680418E+01  0.29665021E+01  0.29655019E+01
  0.29645125E+01  0.29644883E+01  0.29643202E+01  0.29639713E+01  0.29633845E+01
  0.29625074E+01  0.29612037E+01  0.29592325E+01  0.29562450E+01  0.29517794E+01
  0.29452791E+01  0.29363808E+01  0.29249420E+01  0.29106929E+01  0.28931262E+01
  0.28713733E+01  0.28440145E+01  0.28090862E+01  0.27641691E+01  0.27065528E+01
  0.26342274E+01  0.25454228E+01  0.24388716E+01  0.23154160E+01  0.21793429E+01
  0.20371904E+01  0.18951061E+01  0.17572870E+01  0.16269090E+01  0.15077859E+01
  0.14025293E+01  0.13109310E+01  0.12301587E+01  0.11567557E+01  0.10881119E+01
  0.10226075E+01  0.95956880E+00  0.89902230E+00  0.84128187E+00  0.78671843E+00
  0.73551302E+00  0.68750499E+00  0.64245227E+00  0.60018971E+00  0.56060094E+00
  0.52358580E+00  0.48903793E+00  0.45683396E+00  0.42683320E+00  0.39888843E+00
  0.37286015E+00  0.34863081E+00  0.32611051E+00  0.30525329E+00  0.28605287E+00
  0.26850273E+00  0.25257205E+00  0.23823567E+00  0.22542762E+00  0.21408360E+00
  0.20413575E+00  0.19536019E+00  0.18752708E+00  0.18049321E+00  0.17411171E+00
  0.16823369E+00  0.16273291E+00  0.15751681E+00  0.15252488E+00  0.14772422E+00
  0.14310106E+00  0.13865120E+00  0.13437318E+00  0.13026484E+00  0.12632208E+00
  0.12253875E+00  0.11890728E+00  0.11541931E+00  0.11206656E+00  0.10884116E+00
  0.10573609E+00  0.10274468E+00  0.99860550E-01  0.97077841E-01  0.94391256E-01
  0.91795609E-01  0.89286264E-01  0.86858018E-01  0.84508131E-01  0.82228001E-01
  0.80025481E-01  0.77859239E-01  0.75836097E-01  0.73346136E-01  0.71790698E-01
  0.34304113E+01  0.31892875E+01  0.29582482E+01  0.29666987E+01  0.29652681E+01
  0.29646087E+01  0.29637019E+01  0.29635417E+01  0.29632838E+01  0.29629202E+01
  0.29623915E+01  0.29616596E+01  0.29606236E+01  0.29591288E+01  0.29570192E+01
  0.29539614E+01  0.29493682E+01  0.29425545E+01  0.29328162E+01  0.29195354E+01
  0.29022103E+01  0.28802230E+01  0.28525176E+01  0.28174560E+01  0.27727731E+01
  0.27156290E+01  0.26438211E+01  0.25553462E+01  0.24486550E+01  0.23244815E+01
  0.21870691E+01  0.20431752E+01  0.18993778E+01  0.17603166E+01  0.16294509E+01
  0.15105241E+01  0.14058178E+01  0.13146431E+01  0.12338237E+01  0.11598880E+01
  0.10903934E+01  0.10238921E+01  0.95990252E+00  0.89853589E+00  0.84010357E+00
  0.78497845E+00  0.73331357E+00  0.68493484E+00  0.63958775E+00  0.59709916E+00
  0.55734687E+00  0.52022177E+00  0.48560337E+00  0.45335167E+00  0.42331336E+00
  0.39533709E+00  0.36929089E+00  0.34507124E+00  0.32261955E+00  0.30193448E+00
  0.28302225E+00  0.26587563E+00  0.25043913E+00  0.23669979E+00  0.22457028E+00
  0.21393029E+00  0.20458822E+00  0.19626452E+00  0.18880075E+00  0.18203097E+00
  0.17579081E+00  0.16994472E+00  0.16439586E+00  0.15908350E+00  0.15397681E+00
  0.14906411E+00  0.14434220E+00  0.13980961E+00  0.13546338E+00  0.13129802E+00
  0.12730587E+00  0.12347786E+00  0.11980465E+00  0.11627721E+00  0.11288692E+00
  0.10962604E+00  0.10648759E+00  0.10346464E+00  0.10055063E+00  0.97739888E-01
  0.95026841E-01  0.92406070E-01  0.89873000E-01  0.87422297E-01  0.85051072E-01
  0.82750580E-01  0.80528587E-01  0.78343342E-01  0.76302624E-01  0.73791349E-01
  0.72222687E-01  0.34790370E+01  0.32129834E+01  0.29565222E+01  0.29645175E+01
  0.29624500E+01  0.29616085E+01  0.29613050E+01  0.29614025E+01  0.29614319E+01
  0.29613716E+01  0.29610695E+01  0.29604819E+01  0.29596220E+01  0.29583534E+01
  0.29564965E+01  0.29538219E+01  0.29500429E+01  0.29446449E+01  0.29368527E+01
  0.29255732E+01  0.29097304E+01  0.28884872E+01  0.28608597E+01  0.28254758E+01
  0.27803933E+01  0.27229032E+01  0.26508595E+01  0.25621937E+01  0.24551072E+01
  0.23301760E+01  0.21915960E+01  0.20462973E+01  0.19012382E+01  0.17613805E+01
  0.16303706E+01  0.15119511E+01  0.14080622E+01  0.13175119E+01  0.12368089E+01
  0.11624758E+01  0.10921924E+01  0.10247255E+01  0.95978472E+00  0.89755428E+00
  0.83837141E+00  0.78260287E+00  0.73041161E+00  0.68162689E+00  0.63598225E+00
  0.59329123E+00  0.55341632E+00  0.51622948E+00  0.48158808E+00  0.44933133E+00
  0.41929318E+00  0.39132305E+00  0.36530271E+00  0.34115921E+00  0.31887965E+00
  0.29848701E+00  0.27999835E+00  0.26336828E+00  0.24858741E+00  0.23555690E+00
  0.22415514E+00  0.21417484E+00  0.20530754E+00  0.19737693E+00  0.19019151E+00
  0.18356748E+00  0.17735856E+00  0.17146331E+00  0.16582018E+00  0.16039958E+00
  0.15519121E+00  0.15019237E+00  0.14540119E+00  0.14081358E+00  0.13642240E+00
  0.13221816E+00  0.12819032E+00  0.12432865E+00  0.12062317E+00  0.11706466E+00
  0.11364423E+00  0.11035506E+00  0.10718942E+00  0.10413936E+00  0.10119974E+00
  0.98364803E-01  0.95628800E-01  0.92986192E-01  0.90432145E-01  0.87961253E-01
  0.85570660E-01  0.83251556E-01  0.81011755E-01  0.78809271E-01  0.76752441E-01
  0.74221785E-01  0.72641280E-01  0.35157987E+01  0.32343190E+01  0.29614415E+01
  0.29679400E+01  0.29653542E+01  0.29642193E+01  0.29631850E+01  0.29623479E+01
  0.29614666E+01  0.29607082E+01  0.29600369E+01  0.29593268E+01  0.29584296E+01
  0.29571647E+01  0.29553787E+01  0.29528912E+01  0.29494056E+01  0.29445105E+01
  0.29376863E+01  0.29279601E+01  0.29140642E+01  0.28945805E+01  0.28680407E+01
  0.28330130E+01  0.27877534E+01  0.27297169E+01  0.26569833E+01  0.25676361E+01
  0.24597811E+01  0.23339207E+01  0.21942544E+01  0.20478195E+01  0.19018522E+01
  0.17615039E+01  0.16305533E+01  0.15128289E+01  0.14099179E+01  0.13200692E+01
  0.12394829E+01  0.11646820E+01  0.10935063E+01  0.10249872E+01  0.95900988E+00
  0.89583608E+00  0.83584279E+00  0.77940699E+00  0.72670622E+00  0.67756309E+00
  0.63168670E+00  0.58886747E+00  0.54894367E+00  0.51176072E+00  0.47714935E+00
  0.44492834E+00  0.41492396E+00  0.38699697E+00  0.36105373E+00  0.33707243E+00
  0.31508425E+00  0.29512017E+00  0.27717478E+00  0.26121861E+00  0.24714909E+00
  0.23483853E+00  0.22412932E+00  0.21470721E+00  0.20628168E+00  0.19865160E+00
  0.19162404E+00  0.18504148E+00  0.17879373E+00  0.17281531E+00  0.16707637E+00
  0.16156712E+00  0.15628514E+00  0.15122811E+00  0.14639100E+00  0.14176509E+00
  0.13733930E+00  0.13310203E+00  0.12904213E+00  0.12514912E+00  0.12141284E+00
  0.11782415E+00  0.11437461E+00  0.11105683E+00  0.10786365E+00  0.10478801E+00
  0.10182387E+00  0.98965114E-01  0.96206243E-01  0.93541922E-01  0.90967113E-01
  0.88476379E-01  0.86066886E-01  0.83729722E-01  0.81472924E-01  0.79254139E-01
  0.77182471E-01  0.74634176E-01  0.73042717E-01  0.35390762E+01  0.32501061E+01
  0.29698621E+01  0.29760161E+01  0.29737595E+01  0.29735846E+01  0.29724403E+01
  0.29708819E+01  0.29689514E+01  0.29667357E+01  0.29643276E+01  0.29618960E+01
  0.29595225E+01  0.29572293E+01  0.29548518E+01  0.29520537E+01  0.29484459E+01
  0.29436386E+01  0.29370923E+01  0.29279979E+01  0.29152316E+01  0.28973234E+01
  0.28725411E+01  0.28388476E+01  0.27942105E+01  0.27360927E+01  0.26627792E+01
  0.25726293E+01  0.24638110E+01  0.23368878E+01  0.21961610E+01  0.20487306E+01
  0.19018896E+01  0.17610421E+01  0.16302765E+01  0.15133725E+01  0.14114694E+01
  0.13222627E+01  0.12416414E+01  0.11661994E+01  0.10940197E+01  0.10243696E+01
  0.95730471E+00  0.89319725E+00  0.83244573E+00  0.77542725E+00  0.72231816E+00
  0.67291884E+00  0.62690586E+00  0.58404242E+00  0.54413907E+00  0.50701172E+00
  0.47246458E+00  0.44030052E+00  0.41035010E+00  0.38249539E+00  0.35669354E+00
  0.33297502E+00  0.31139801E+00  0.29199998E+00  0.27473406E+00  0.25953834E+00
  0.24627545E+00  0.23475072E+00  0.22467920E+00  0.21571153E+00  0.20760363E+00
  0.20014185E+00  0.19315653E+00  0.18652986E+00  0.18019212E+00  0.17411188E+00
  0.16827931E+00  0.16269203E+00  0.15734751E+00  0.15223993E+00  0.14735938E+00
  0.14269335E+00  0.13822951E+00  0.13395547E+00  0.12986086E+00  0.12593418E+00
  0.12216447E+00  0.11854413E+00  0.11506531E+00  0.11171912E+00  0.10849863E+00
  0.10539804E+00  0.10240986E+00  0.99527900E-01  0.96746723E-01  0.94061063E-01
  0.91466103E-01  0.88956390E-01  0.86529019E-01  0.84174951E-01  0.81902411E-01
  0.79668556E-01  0.77583520E-01  0.75019665E-01  0.73418446E-01  0.35561722E+01
  0.32588353E+01  0.29702463E+01  0.29756977E+01  0.29727415E+01  0.29730308E+01
  0.29730993E+01  0.29732330E+01  0.29728184E+01  0.29716028E+01  0.29696585E+01
  0.29670218E+01  0.29638145E+01  0.29602542E+01  0.29565464E+01  0.29526281E+01
  0.29482347E+01  0.29429533E+01  0.29362149E+01  0.29271985E+01  0.29147297E+01
  0.28975119E+01  0.28738570E+01  0.28415765E+01  0.27983073E+01  0.27409988E+01
  0.26678720E+01  0.25774176E+01  0.24678541E+01  0.23399001E+01  0.21979825E+01
  0.20493118E+01  0.19013673E+01  0.17598872E+01  0.16292778E+01  0.15132239E+01
  0.14123215E+01  0.13236301E+01  0.12428299E+01  0.11666759E+01  0.10934651E+01
  0.10227068E+01  0.95463532E+00  0.88970882E+00  0.82833415E+00  0.77087287E+00
  0.71748317E+00  0.66793369E+00  0.62186752E+00  0.57902161E+00  0.53917972E+00
  0.50212949E+00  0.46765261E+00  0.43554590E+00  0.40565822E+00  0.37791549E+00
  0.35234094E+00  0.32900681E+00  0.30798402E+00  0.28926136E+00  0.27282652E+00
  0.25850803E+00  0.24611036E+00  0.23533089E+00  0.22573207E+00  0.21707491E+00
  0.20912980E+00  0.20170286E+00  0.19466110E+00  0.18792966E+00  0.18147678E+00
  0.17529335E+00  0.16937693E+00  0.16372409E+00  0.15832793E+00  0.15317659E+00
  0.14825608E+00  0.14355247E+00  0.13905325E+00  0.13474548E+00  0.13061731E+00
  0.12665864E+00  0.12285946E+00  0.11921079E+00  0.11570436E+00  0.11233200E+00
  0.10908613E+00  0.10596038E+00  0.10294836E+00  0.10004399E+00  0.97241607E-01
  0.94535764E-01  0.91921655E-01  0.89393830E-01  0.86949445E-01  0.84579483E-01
  0.82292317E-01  0.80044833E-01  0.77947583E-01  0.75369831E-01  0.73760243E-01
  0.35676153E+01  0.32632650E+01  0.29673730E+01  0.29721491E+01  0.29687161E+01
  0.29688664E+01  0.29690711E+01  0.29697994E+01  0.29704046E+01  0.29707218E+01
  0.29705647E+01  0.29695189E+01  0.29674875E+01  0.29643753E+01  0.29602288E+01
  0.29552766E+01  0.29497189E+01  0.29434039E+01  0.29359145E+01  0.29264360E+01
  0.29138191E+01  0.28967230E+01  0.28733439E+01  0.28416588E+01  0.27993049E+01
  0.27427979E+01  0.26701436E+01  0.25797811E+01  0.24698311E+01  0.23410666E+01
  0.21979541E+01  0.20478879E+01  0.18987356E+01  0.17566857E+01  0.16264036E+01
  0.15114030E+01  0.14116641E+01  0.13235821E+01  0.12426927E+01  0.11659261E+01
  0.10917959E+01  0.10200739E+01  0.95116796E+00  0.88559664E+00  0.82376165E+00
  0.76600053E+00  0.71244153E+00  0.66281732E+00  0.61674381E+00  0.57393898E+00
  0.53416380E+00  0.49718100E+00  0.46275651E+00  0.43069569E+00  0.40088203E+00
  0.37331462E+00  0.34807248E+00  0.32525858E+00  0.30492452E+00  0.28704818E+00
  0.27144870E+00  0.25795913E+00  0.24632842E+00  0.23608578E+00  0.22686803E+00
  0.21841767E+00  0.21053268E+00  0.20306919E+00  0.19594117E+00  0.18911187E+00
  0.18257182E+00  0.17631926E+00  0.17035033E+00  0.16465680E+00  0.15922572E+00
  0.15404114E+00  0.14908792E+00  0.14435192E+00  0.13982004E+00  0.13548060E+00
  0.13132098E+00  0.12733136E+00  0.12350311E+00  0.11982569E+00  0.11629072E+00
  0.11289076E+00  0.10961869E+00  0.10646784E+00  0.10343197E+00  0.10050506E+00
  0.97681421E-01  0.94955590E-01  0.92322766E-01  0.89777498E-01  0.87317006E-01
  0.84932289E-01  0.82631848E-01  0.80372297E-01  0.78264439E-01  0.75675012E-01
  0.74058508E-01  0.35751101E+01  0.32655947E+01  0.29646934E+01  0.29700658E+01
  0.29671437E+01  0.29671862E+01  0.29670277E+01  0.29673294E+01  0.29677687E+01
  0.29683473E+01  0.29687458E+01  0.29686083E+01  0.29678448E+01  0.29661600E+01
  0.29631926E+01  0.29587371E+01  0.29527679E+01  0.29454669E+01  0.29369011E+01
  0.29265127E+01  0.29132157E+01  0.28956995E+01  0.28722241E+01  0.28405860E+01
  0.27983734E+01  0.27420398E+01  0.26694962E+01  0.25791267E+01  0.24688437E+01
  0.23393644E+01  0.21952081E+01  0.20439430E+01  0.18938169E+01  0.17514977E+01
  0.16218797E+01  0.15082134E+01  0.14098052E+01  0.13224560E+01  0.12415585E+01
  0.11642471E+01  0.10893176E+01  0.10167870E+01  0.94721007E+00  0.88115066E+00
  0.81899350E+00  0.76103534E+00  0.70736487E+00  0.65768805E+00  0.61160794E+00
  0.56883122E+00  0.52909896E+00  0.49215207E+00  0.45775071E+00  0.42572581E+00
  0.39602443E+00  0.36872446E+00  0.34395038E+00  0.32181192E+00  0.30230752E+00
  0.28536711E+00  0.27071731E+00  0.25806084E+00  0.24705148E+00  0.23721081E+00
  0.22822711E+00  0.21985800E+00  0.21194279E+00  0.20438931E+00  0.19715709E+00
  0.19023502E+00  0.18362038E+00  0.17730947E+00  0.17129290E+00  0.16555845E+00
  0.16008771E+00  0.15486238E+00  0.14987023E+00  0.14509713E+00  0.14052875E+00
  0.13615336E+00  0.13195990E+00  0.12793712E+00  0.12407587E+00  0.12036724E+00
  0.11680300E+00  0.11337556E+00  0.11007769E+00  0.10690256E+00  0.10384375E+00
  0.10089525E+00  0.98051473E-01  0.95307017E-01  0.92657104E-01  0.90096270E-01
  0.87621771E-01  0.85224513E-01  0.82913071E-01  0.80643742E-01  0.78527543E-01
  0.75929292E-01  0.74307601E-01  0.35757856E+01  0.32624253E+01  0.29573663E+01
  0.29626109E+01  0.29603545E+01  0.29615963E+01  0.29627552E+01  0.29640178E+01
  0.29649897E+01  0.29657382E+01  0.29663122E+01  0.29666000E+01  0.29664054E+01
  0.29655391E+01  0.29636997E+01  0.29604933E+01  0.29555123E+01  0.29484548E+01
  0.29392859E+01  0.29279009E+01  0.29136031E+01  0.28952070E+01  0.28710594E+01
  0.28390087E+01  0.27966417E+01  0.27401917E+01  0.26675093E+01  0.25769596E+01
  0.24662277E+01  0.23359759E+01  0.21907985E+01  0.20384485E+01  0.18874953E+01
  0.17450860E+01  0.16163605E+01  0.15042269E+01  0.14072546E+01  0.13206473E+01
  0.12397412E+01  0.11619309E+01  0.10863024E+01  0.10131068E+01  0.94301590E+00
  0.87660370E+00  0.81421287E+00  0.75609278E+00  0.70230601E+00  0.65255271E+00
  0.60643500E+00  0.56365082E+00  0.52392133E+00  0.48697010E+00  0.45256576E+00
  0.42058817E+00  0.39107692E+00  0.36417433E+00  0.34003215E+00  0.31872297E+00
  0.30021320E+00  0.28422969E+00  0.27053958E+00  0.25871873E+00  0.24816376E+00
  0.23856358E+00  0.22966174E+00  0.22126336E+00  0.21325318E+00  0.20558422E+00
  0.19824678E+00  0.19124058E+00  0.18456054E+00  0.17819764E+00  0.17213574E+00
  0.16635652E+00  0.16084345E+00  0.15557950E+00  0.15054971E+00  0.14573993E+00
  0.14113640E+00  0.13672658E+00  0.13249968E+00  0.12844530E+00  0.12455408E+00
  0.12081734E+00  0.11722681E+00  0.11377473E+00  0.11045375E+00  0.10725695E+00
  0.10417785E+00  0.10121046E+00  0.98349235E-01  0.95588854E-01  0.92924554E-01
  0.90350888E-01  0.87865129E-01  0.85458046E-01  0.83138235E-01  0.80861682E-01
  0.78739512E-01  0.76135288E-01  0.74510157E-01  0.35682785E+01  0.32528738E+01
  0.29474945E+01  0.29542715E+01  0.29519171E+01  0.29536597E+01  0.29557447E+01
  0.29581225E+01  0.29602457E+01  0.29619255E+01  0.29630985E+01  0.29638677E+01
  0.29640989E+01  0.29637117E+01  0.29625452E+01  0.29602208E+01  0.29563287E+01
  0.29503369E+01  0.29417941E+01  0.29302374E+01  0.29151582E+01  0.28957597E+01
  0.28705886E+01  0.28376204E+01  0.27945829E+01  0.27375612E+01  0.26643550E+01
  0.25733389E+01  0.24619913E+01  0.23309104E+01  0.21847362E+01  0.20313939E+01
  0.18797550E+01  0.17374643E+01  0.16098866E+01  0.14994955E+01  0.14040651E+01
  0.13182472E+01  0.12373938E+01  0.11591873E+01  0.10830034E+01  0.10092946E+01
  0.93880922E+00  0.87210643E+00  0.80948594E+00  0.75116857E+00  0.69721493E+00
  0.64733519E+00  0.60113519E+00  0.55830188E+00  0.51853438E+00  0.48154538E+00
  0.44713215E+00  0.41525619E+00  0.38605462E+00  0.35971784E+00  0.33638272E+00
  0.31607444E+00  0.29859041E+00  0.28360223E+00  0.27074760E+00  0.25947026E+00
  0.24924509E+00  0.23978035E+00  0.23087633E+00  0.22240248E+00  0.21429548E+00
  0.20653710E+00  0.19912854E+00  0.19206731E+00  0.18534307E+00  0.17894163E+00
  0.17284409E+00  0.16702892E+00  0.16148029E+00  0.15618368E+00  0.15112081E+00
  0.14627760E+00  0.14164152E+00  0.13720065E+00  0.13294416E+00  0.12886193E+00
  0.12494449E+00  0.12118302E+00  0.11756923E+00  0.11409531E+00  0.11075389E+00
  0.10753805E+00  0.10444137E+00  0.10145785E+00  0.98582007E-01  0.95808508E-01
  0.93132592E-01  0.90548828E-01  0.88054443E-01  0.85640063E-01  0.83314282E-01
  0.81032815E-01  0.78906782E-01  0.76299100E-01  0.74672082E-01  0.35570522E+01
  0.32417424E+01  0.29389763E+01  0.29479124E+01  0.29452344E+01  0.29469796E+01
  0.29490531E+01  0.29516284E+01  0.29542601E+01  0.29566982E+01  0.29586629E+01
  0.29601356E+01  0.29609796E+01  0.29610496E+01  0.29603743E+01  0.29587024E+01
  0.29555397E+01  0.29504350E+01  0.29429064E+01  0.29321708E+01  0.29172708E+01
  0.28973146E+01  0.28711645E+01  0.28370563E+01  0.27929301E+01  0.27348394E+01
  0.26606541E+01  0.25688270E+01  0.24566323E+01  0.23246039E+01  0.21774371E+01
  0.20232130E+01  0.18710667E+01  0.17291227E+01  0.16029471E+01  0.14945015E+01
  0.14007064E+01  0.13157136E+01  0.12349544E+01  0.11564073E+01  0.10797305E+01
  0.10055537E+01  0.93468026E+00  0.86765381E+00  0.80474345E+00  0.74615777E+00
  0.69197245E+00  0.64191743E+00  0.59559993E+00  0.55268672E+00  0.51285297E+00
  0.47581195E+00  0.44142065E+00  0.40975262E+00  0.38102497E+00  0.35545041E+00
  0.33310323E+00  0.31394435E+00  0.29757057E+00  0.28355270E+00  0.27140593E+00
  0.26048776E+00  0.25043100E+00  0.24098344E+00  0.23199850E+00  0.22341292E+00
  0.21520402E+00  0.20736496E+00  0.19989654E+00  0.19278879E+00  0.18602541E+00
  0.17958591E+00  0.17345122E+00  0.16760232E+00  0.16202005E+00  0.15668894E+00
  0.15159342E+00  0.14671932E+00  0.14205382E+00  0.13758511E+00  0.13330232E+00
  0.12919539E+00  0.12525482E+00  0.12147169E+00  0.11783760E+00  0.11434468E+00
  0.11098560E+00  0.10775350E+00  0.10464203E+00  0.10164524E+00  0.98757653E-01
  0.95973871E-01  0.93289098E-01  0.90697861E-01  0.88197295E-01  0.85777887E-01
  0.83448225E-01  0.81163820E-01  0.79035720E-01  0.76426729E-01  0.74799155E-01
  0.35461394E+01  0.32316286E+01  0.29297616E+01  0.29386634E+01  0.29362895E+01
  0.29389679E+01  0.29419141E+01  0.29450715E+01  0.29480512E+01  0.29508461E+01
  0.29533203E+01  0.29553659E+01  0.29568822E+01  0.29575894E+01  0.29573789E+01
  0.29562103E+01  0.29537121E+01  0.29493312E+01  0.29425630E+01  0.29326810E+01
  0.29185314E+01  0.28989195E+01  0.28724609E+01  0.28374776E+01  0.27922272E+01
  0.27327900E+01  0.26572244E+01  0.25641967E+01  0.24508511E+01  0.23176968E+01
  0.21695138E+01  0.20145098E+01  0.18620096E+01  0.17206075E+01  0.15960552E+01
  0.14897088E+01  0.13975760E+01  0.13133661E+01  0.12326496E+01  0.11537151E+01
  0.10765102E+01  0.10018300E+01  0.93052034E+00  0.86310659E+00  0.79983440E+00
  0.74091535E+00  0.68645439E+00  0.63620131E+00  0.58975239E+00  0.54674551E+00
  0.50683201E+00  0.46974921E+00  0.43545388E+00  0.40414311E+00  0.37609170E+00
  0.35147390E+00  0.33030631E+00  0.31228471E+00  0.29696140E+00  0.28379636E+00
  0.27211197E+00  0.26142207E+00  0.25142721E+00  0.24193738E+00  0.23286151E+00
  0.22418059E+00  0.21589812E+00  0.20801011E+00  0.20050546E+00  0.19336712E+00
  0.18657519E+00  0.18010650E+00  0.17394150E+00  0.16806234E+00  0.16245101E+00
  0.15709141E+00  0.15196858E+00  0.14706848E+00  0.14237822E+00  0.13788606E+00
  0.13358119E+00  0.12945349E+00  0.12549344E+00  0.12169204E+00  0.11804083E+00
  0.11453196E+00  0.11115815E+00  0.10791264E+00  0.10478916E+00  0.10178182E+00
  0.98885077E-01  0.96093481E-01  0.93402192E-01  0.90805624E-01  0.88300817E-01
  0.85878138E-01  0.83546195E-01  0.81260366E-01  0.79131598E-01  0.76523038E-01
  0.74896005E-01  0.35252355E+01  0.32179420E+01  0.29223653E+01  0.29300439E+01
  0.29275273E+01  0.29306162E+01  0.29341381E+01  0.29379288E+01  0.29414647E+01
  0.29446760E+01  0.29475181E+01  0.29499585E+01  0.29519305E+01  0.29532860E+01
  0.29536398E+01  0.29528842E+01  0.29509176E+01  0.29471729E+01  0.29410969E+01
  0.29318944E+01  0.29184413E+01  0.28994468E+01  0.28732712E+01  0.28380594E+01
  0.27921317E+01  0.27315405E+01  0.26545532E+01  0.25601357E+01  0.24454071E+01
  0.23109436E+01  0.21616549E+01  0.20058482E+01  0.18530224E+01  0.17122733E+01
  0.15895024E+01  0.14853339E+01  0.13947986E+01  0.13112388E+01  0.12304358E+01
  0.11510055E+01  0.10731935E+01  0.99794896E+00  0.92614623E+00  0.85829082E+00
  0.79461161E+00  0.73533102E+00  0.68058554E+00  0.63013698E+00  0.58355812E+00
  0.54045348E+00  0.50045688E+00  0.46337359E+00  0.42930186E+00  0.39854168E+00
  0.37138842E+00  0.34791672E+00  0.32805354E+00  0.31122756E+00  0.29683640E+00
  0.28430783E+00  0.27291517E+00  0.26231616E+00  0.25229067E+00  0.24271499E+00
  0.23355344E+00  0.22480127E+00  0.21646600E+00  0.20854321E+00  0.20101058E+00
  0.19384542E+00  0.18702593E+00  0.18053029E+00  0.17433859E+00  0.16843292E+00
  0.16279604E+00  0.15741168E+00  0.15226492E+00  0.14734201E+00  0.14263028E+00
  0.13811801E+00  0.13379433E+00  0.12964898E+00  0.12567231E+00  0.12185528E+00
  0.11818947E+00  0.11466708E+00  0.11128091E+00  0.10802430E+00  0.10489104E+00
  0.10187522E+00  0.98971217E-01  0.96173555E-01  0.93477356E-01  0.90876927E-01
  0.88369242E-01  0.85944586E-01  0.83611622E-01  0.81325638E-01  0.79197424E-01
  0.76590864E-01  0.74965365E-01  0.34734055E+01  0.31862341E+01  0.29131547E+01
  0.29231396E+01  0.29206719E+01  0.29237792E+01  0.29271782E+01  0.29310298E+01
  0.29347996E+01  0.29383127E+01  0.29414551E+01  0.29442004E+01  0.29464697E+01
  0.29482653E+01  0.29491539E+01  0.29488469E+01  0.29473259E+01  0.29440864E+01
  0.29385890E+01  0.29300650E+01  0.29172795E+01  0.28988033E+01  0.28730117E+01
  0.28379373E+01  0.27917986E+01  0.27304483E+01  0.26522908E+01  0.25565883E+01
  0.24404548E+01  0.23045865E+01  0.21540583E+01  0.19973066E+01  0.18440831E+01
  0.17040511E+01  0.15831937E+01  0.14812428E+01  0.13921884E+01  0.13091053E+01
  0.12280659E+01  0.11480258E+01  0.10695391E+01  0.99369703E+00  0.92138502E+00
  0.85307882E+00  0.78898883E+00  0.72935075E+00  0.67433366E+00  0.62370439E+00
  0.57700378E+00  0.53379794E+00  0.49373189E+00  0.45672962E+00  0.42305237E+00
  0.39307781E+00  0.36704561E+00  0.34492059E+00  0.32632434E+00  0.31059702E+00
  0.29702683E+00  0.28490655E+00  0.27367941E+00  0.26307627E+00  0.25297122E+00
  0.24330706E+00  0.23407683E+00  0.22527987E+00  0.21691103E+00  0.20896043E+00
  0.20140475E+00  0.19421833E+00  0.18737751E+00  0.18086076E+00  0.17464809E+00
  0.16872123E+00  0.16306321E+00  0.15765809E+00  0.15249118E+00  0.14754903E+00
  0.14281919E+00  0.13828993E+00  0.13395030E+00  0.12978984E+00  0.12579883E+00
  0.12196831E+00  0.11828990E+00  0.11475586E+00  0.11135908E+00  0.10809301E+00
  0.10495150E+00  0.10192868E+00  0.99018913E-01  0.96216737E-01  0.93517189E-01
  0.90914478E-01  0.88405508E-01  0.85980471E-01  0.83648039E-01  0.81363427E-01
  0.79237179E-01  0.76634254E-01  0.75011277E-01  0.34078056E+01  0.31462765E+01
  0.28996443E+01  0.29114426E+01  0.29105594E+01  0.29150675E+01  0.29197605E+01
  0.29243044E+01  0.29283914E+01  0.29320784E+01  0.29353832E+01  0.29383137E+01
  0.29407825E+01  0.29427765E+01  0.29440699E+01  0.29442183E+01  0.29430440E+01
  0.29402172E+01  0.29351773E+01  0.29271867E+01  0.29149992E+01  0.28971094E+01
  0.28717554E+01  0.28368730E+01  0.27907069E+01  0.27288546E+01  0.26497766E+01
  0.25529726E+01  0.24355110E+01  0.22982075E+01  0.21463326E+01  0.19884801E+01
  0.18347617E+01  0.16955262E+01  0.15767413E+01  0.14770509E+01  0.13893699E+01
  0.13066132E+01  0.12252244E+01  0.11445227E+01  0.10653628E+01  0.98894922E+00
  0.91615368E+00  0.84741370E+00  0.78292552E+00  0.72294696E+00  0.66768268E+00
  0.61689584E+00  0.57008559E+00  0.52677914E+00  0.48668999E+00  0.44991243E+00
  0.41685175E+00  0.38790480E+00  0.36318725E+00  0.34250902E+00  0.32518661E+00
  0.31039172E+00  0.29737064E+00  0.28545564E+00  0.27427776E+00  0.26362787E+00
  0.25344476E+00  0.24371962E+00  0.23444927E+00  0.22563053E+00  0.21724837E+00
  0.20928344E+00  0.20171203E+00  0.19450920E+00  0.18765154E+00  0.18111763E+00
  0.17488752E+00  0.16894273E+00  0.16326641E+00  0.15784309E+00  0.15265853E+00
  0.14769958E+00  0.14295384E+00  0.13840958E+00  0.13405573E+00  0.12988166E+00
  0.12587760E+00  0.12203467E+00  0.11834480E+00  0.11480063E+00  0.11139537E+00
  0.10812237E+00  0.10497532E+00  0.10194820E+00  0.99035278E-01  0.96231009E-01
  0.93530282E-01  0.90927205E-01  0.88418619E-01  0.85994645E-01  0.83663970E-01
  0.81381790E-01  0.79258386E-01  0.76660079E-01  0.75040240E-01  0.32989003E+01
  0.30861692E+01  0.28868853E+01  0.28985062E+01  0.28990319E+01  0.29043203E+01
  0.29104730E+01  0.29163891E+01  0.29214057E+01  0.29256721E+01  0.29292966E+01
  0.29324180E+01  0.29350435E+01  0.29371294E+01  0.29386507E+01  0.29391075E+01
  0.29381856E+01  0.29356936E+01  0.29310091E+01  0.29234172E+01  0.29116842E+01
  0.28942613E+01  0.28693017E+01  0.28346411E+01  0.27885249E+01  0.27263029E+01
  0.26464662E+01  0.25487060E+01  0.24299932E+01  0.22912427E+01  0.21379524E+01
  0.19787926E+01  0.18244528E+01  0.16862050E+01  0.15697506E+01  0.14724227E+01
  0.13860679E+01  0.13035476E+01  0.12217574E+01  0.11404053E+01  0.10606069E+01
  0.98365774E+00  0.91040394E+00  0.84124930E+00  0.77638690E+00  0.71610415E+00
  0.66063558E+00  0.60972549E+00  0.56281951E+00  0.51943052E+00  0.47939970E+00
  0.44303821E+00  0.41085914E+00  0.38318988E+00  0.35997127E+00  0.34068657E+00
  0.32448666E+00  0.31047527E+00  0.29782508E+00  0.28599868E+00  0.27478362E+00
  0.26406731E+00  0.25381539E+00  0.24403963E+00  0.23474127E+00  0.22590875E+00
  0.21751731E+00  0.20954004E+00  0.20195282E+00  0.19473309E+00  0.18785879E+00
  0.18130863E+00  0.17506247E+00  0.16910159E+00  0.16340919E+00  0.15797011E+00
  0.15277038E+00  0.14779688E+00  0.14303715E+00  0.13847937E+00  0.13411246E+00
  0.12992628E+00  0.12591147E+00  0.12205916E+00  0.11836129E+00  0.11481052E+00
  0.11139990E+00  0.10812270E+00  0.10497249E+00  0.10194310E+00  0.99028714E-01
  0.96223632E-01  0.93522673E-01  0.90919933E-01  0.88412274E-01  0.85989832E-01
  0.83661386E-01  0.81382143E-01  0.79262126E-01  0.76669250E-01  0.75053081E-01
  0.31651235E+01  0.30105686E+01  0.28691054E+01  0.28834300E+01  0.28877910E+01
  0.28939519E+01  0.29004740E+01  0.29072257E+01  0.29132841E+01  0.29184341E+01
  0.29227419E+01  0.29263088E+01  0.29292198E+01  0.29314407E+01  0.29330940E+01
  0.29337095E+01  0.29329313E+01  0.29306598E+01  0.29262199E+01  0.29189070E+01
  0.29074871E+01  0.28903775E+01  0.28656853E+01  0.28311719E+01  0.27850844E+01
  0.27225101E+01  0.26419690E+01  0.25433245E+01  0.24234015E+01  0.22831945E+01
  0.21284187E+01  0.19679598E+01  0.18131743E+01  0.16762007E+01  0.15623432E+01
  0.14674407E+01  0.13823186E+01  0.12999023E+01  0.12176238E+01  0.11356093E+01
  0.10551934E+01  0.97774420E+00  0.90407255E+00  0.83455015E+00  0.76937029E+00
  0.70884741E+00  0.65323200E+00  0.60223342E+00  0.55523896E+00  0.51180597E+00
  0.47197474E+00  0.43626938E+00  0.40524341E+00  0.37907041E+00  0.35744512E+00
  0.33951045E+00  0.32421074E+00  0.31068211E+00  0.29821413E+00  0.28639512E+00
  0.27510803E+00  0.26432086E+00  0.25402443E+00  0.24422624E+00  0.23492095E+00
  0.22608607E+00  0.21769138E+00  0.20970817E+00  0.20211211E+00  0.19488150E+00
  0.18799528E+00  0.18143276E+00  0.17517396E+00  0.16920021E+00  0.16349477E+00
  0.15804272E+00  0.15283030E+00  0.14784469E+00  0.14307375E+00  0.13850560E+00
  0.13412910E+00  0.12993418E+00  0.12591159E+00  0.12205265E+00  0.11834928E+00
  0.11479390E+00  0.11137932E+00  0.10809876E+00  0.10494583E+00  0.10191439E+00
  0.98998584E-01  0.96192672E-01  0.93491484E-01  0.90889167E-01  0.88382637E-01
  0.85962054E-01  0.83636295E-01  0.81360571E-01  0.79244591E-01  0.76658087E-01
  0.75046195E-01  0.30749070E+01  0.29580846E+01  0.28513435E+01  0.28652468E+01
  0.28737819E+01  0.28823551E+01  0.28900018E+01  0.28973691E+01  0.29042015E+01
  0.29102123E+01  0.29153230E+01  0.29195956E+01  0.29230373E+01  0.29255821E+01
  0.29274328E+01  0.29281623E+01  0.29274440E+01  0.29252718E+01  0.29209517E+01
  0.29137943E+01  0.29025562E+01  0.28856113E+01  0.28610288E+01  0.28265207E+01
  0.27803573E+01  0.27173571E+01  0.26360732E+01  0.25365352E+01  0.24153887E+01
  0.22736982E+01  0.21173916E+01  0.19556849E+01  0.18006797E+01  0.16653065E+01
  0.15543062E+01  0.14618664E+01  0.13778468E+01  0.12954130E+01  0.12126143E+01
  0.11299753E+01  0.10490251E+01  0.97116818E+00  0.89716487E+00  0.82735394E+00
  0.76193171E+00  0.70123734E+00  0.64552472E+00  0.59445571E+00  0.54737390E+00
  0.50395975E+00  0.46452986E+00  0.42977406E+00  0.40017142E+00  0.37565782E+00
  0.35555032E+00  0.33877033E+00  0.32419198E+00  0.31094889E+00  0.29852957E+00
  0.28667170E+00  0.27531279E+00  0.26446690E+00  0.25414486E+00  0.24434198E+00
  0.23503724E+00  0.22620085E+00  0.21780271E+00  0.20981508E+00  0.20221323E+00
  0.19497478E+00  0.18807876E+00  0.18150497E+00  0.17523425E+00  0.16924896E+00
  0.16353298E+00  0.15807130E+00  0.15284984E+00  0.14785550E+00  0.14307586E+00
  0.13849913E+00  0.13411451E+00  0.12991190E+00  0.12588203E+00  0.12201648E+00
  0.11830734E+00  0.11474714E+00  0.11132872E+00  0.10804523E+00  0.10489017E+00
  0.10185732E+00  0.98940748E-01  0.96134689E-01  0.93433995E-01  0.90832851E-01
  0.88328205E-01  0.85910222E-01  0.83587849E-01  0.81316307E-01  0.79204955E-01
  0.76625597E-01  0.75018496E-01  0.30059451E+01  0.29169655E+01  0.28359045E+01
  0.28482013E+01  0.28583629E+01  0.28690741E+01  0.28784973E+01  0.28868560E+01
  0.28943955E+01  0.29011787E+01  0.29070113E+01  0.29120281E+01  0.29161629E+01
  0.29192469E+01  0.29215021E+01  0.29224437E+01  0.29217793E+01  0.29196510E+01
  0.29153474E+01  0.29082207E+01  0.28970321E+01  0.28801099E+01  0.28554786E+01
  0.28208103E+01  0.27744189E+01  0.27108561E+01  0.26287225E+01  0.25282172E+01
  0.24057861E+01  0.22625611E+01  0.21047125E+01  0.19417017E+01  0.17865921E+01
  0.16532241E+01  0.15453998E+01  0.14554803E+01  0.13724766E+01  0.12899902E+01
  0.12067154E+01  0.11235455E+01  0.10421799E+01  0.96401895E+00  0.88976595E+00
  0.81973450E+00  0.75413175E+00  0.69331989E+00  0.63754201E+00  0.58640195E+00
  0.53924358E+00  0.49596634E+00  0.45719309E+00  0.42369756E+00  0.39576133E+00
  0.37298883E+00  0.35430319E+00  0.33841767E+00  0.32426945E+00  0.31113630E+00
  0.29868553E+00  0.28677255E+00  0.27537034E+00  0.26450236E+00  0.25418002E+00
  0.24438541E+00  0.23508629E+00  0.22625120E+00  0.21785208E+00  0.20986272E+00
  0.20225809E+00  0.19501493E+00  0.18811198E+00  0.18152959E+00  0.17524956E+00
  0.16925510E+00  0.16353038E+00  0.15806038E+00  0.15283085E+00  0.14782823E+00
  0.14303975E+00  0.13845391E+00  0.13406046E+00  0.12984986E+00  0.12581321E+00
  0.12194212E+00  0.11822859E+00  0.11466506E+00  0.11124425E+00  0.10795921E+00
  0.10480337E+00  0.10177038E+00  0.98854278E-01  0.96049316E-01  0.93350358E-01
  0.90751607E-01  0.88250021E-01  0.85835740E-01  0.83517763E-01  0.81251337E-01
  0.79145449E-01  0.76574201E-01  0.74972476E-01  0.29444315E+01  0.28749250E+01
  0.28131601E+01  0.28273082E+01  0.28408907E+01  0.28541793E+01  0.28656296E+01
  0.28753866E+01  0.28837908E+01  0.28913805E+01  0.28979660E+01  0.29035834E+01
  0.29084202E+01  0.29121612E+01  0.29149819E+01  0.29163368E+01  0.29158808E+01
  0.29138231E+01  0.29094980E+01  0.29023115E+01  0.28910509E+01  0.28740139E+01
  0.28491793E+01  0.28141837E+01  0.27673955E+01  0.27031003E+01  0.26199687E+01
  0.25183785E+01  0.23945640E+01  0.22497369E+01  0.20903233E+01  0.19260399E+01
  0.17711013E+01  0.16402162E+01  0.15358756E+01  0.14484740E+01  0.13663861E+01
  0.12838099E+01  0.12000660E+01  0.11164356E+01  0.10347492E+01  0.95636349E+00
  0.88192456E+00  0.81172884E+00  0.74599921E+00  0.68511369E+00  0.62928718E+00
  0.57806045E+00  0.53086614E+00  0.48792704E+00  0.45013296E+00  0.41819729E+00
  0.39209846E+00  0.37098189E+00  0.35348656E+00  0.33827312E+00  0.32435916E+00
  0.31123475E+00  0.29871378E+00  0.28674395E+00  0.27532148E+00  0.26445652E+00
  0.25414432E+00  0.24435800E+00  0.23506376E+00  0.22623097E+00  0.21783268E+00
  0.20984328E+00  0.20223751E+00  0.19499153E+00  0.18808380E+00  0.18149511E+00
  0.17520801E+00  0.16920611E+00  0.16347375E+00  0.15799600E+00  0.15275863E+00
  0.14774814E+00  0.14295218E+00  0.13835954E+00  0.13396016E+00  0.12974464E+00
  0.12570414E+00  0.12183026E+00  0.11811495E+00  0.11455049E+00  0.11112955E+00
  0.10784506E+00  0.10469036E+00  0.10165901E+00  0.98745062E-01  0.95942787E-01
  0.93247057E-01  0.90652071E-01  0.88154784E-01  0.85745310E-01  0.83432672E-01
  0.81172192E-01  0.79072469E-01  0.76510048E-01  0.74914112E-01  0.28954895E+01
  0.28367134E+01  0.27858513E+01  0.28024974E+01  0.28203313E+01  0.28370466E+01
  0.28510620E+01  0.28626392E+01  0.28721961E+01  0.28805244E+01  0.28878749E+01
  0.28942430E+01  0.28997524E+01  0.29041862E+01  0.29075826E+01  0.29095498E+01
  0.29095744E+01  0.29076644E+01  0.29033702E+01  0.28961132E+01  0.28847108E+01
  0.28674475E+01  0.28422661E+01  0.28067813E+01  0.27594259E+01  0.26942127E+01
  0.26099150E+01  0.25071020E+01  0.23817810E+01  0.22352713E+01  0.20742373E+01
  0.19087183E+01  0.17542874E+01  0.16263912E+01  0.15258124E+01  0.14408660E+01
  0.13595707E+01  0.12768787E+01  0.11926894E+01  0.11086820E+01  0.10267724E+01
  0.94823988E+00  0.87367477E+00  0.80336370E+00  0.73754980E+00  0.67661899E+00
  0.62074060E+00  0.56941222E+00  0.52226909E+00  0.47993872E+00  0.44348590E+00
  0.41339959E+00  0.38922099E+00  0.36962337E+00  0.35302536E+00  0.33819425E+00
  0.32435926E+00  0.31119142E+00  0.29860252E+00  0.28659474E+00  0.27517425E+00
  0.26432900E+00  0.25403306E+00  0.24425626E+00  0.23496813E+00  0.22614005E+00
  0.21774515E+00  0.20975757E+00  0.20215204E+00  0.19490469E+00  0.18799398E+00
  0.18140094E+00  0.17510863E+00  0.16910136E+00  0.16336390E+00  0.15788130E+00
  0.15263914E+00  0.14762403E+00  0.14282384E+00  0.13822762E+00  0.13382546E+00
  0.12960803E+00  0.12556648E+00  0.12169235E+00  0.11797752E+00  0.11441421E+00
  0.11099498E+00  0.10771269E+00  0.10456057E+00  0.10153221E+00  0.98621668E-01
  0.95823228E-01  0.93131753E-01  0.90541421E-01  0.88049176E-01  0.85645121E-01
  0.83338305E-01  0.81084164E-01  0.78990935E-01  0.76437687E-01  0.74847749E-01
  0.28599427E+01  0.28067569E+01  0.27603754E+01  0.27767421E+01  0.27968442E+01
  0.28167588E+01  0.28339460E+01  0.28479837E+01  0.28592989E+01  0.28686565E+01
  0.28769107E+01  0.28841526E+01  0.28902447E+01  0.28953169E+01  0.28992405E+01
  0.29018939E+01  0.29025504E+01  0.29009032E+01  0.28967866E+01  0.28895440E+01
  0.28780152E+01  0.28604771E+01  0.28348432E+01  0.27987273E+01  0.27506412E+01
  0.26843238E+01  0.25986841E+01  0.24944962E+01  0.23675318E+01  0.22192414E+01
  0.20565141E+01  0.18898316E+01  0.17362959E+01  0.16119091E+01  0.15153335E+01
  0.14327501E+01  0.13521082E+01  0.12692557E+01  0.11846661E+01  0.11003727E+01
  0.10183211E+01  0.93969471E+00  0.86503652E+00  0.79463566E+00  0.72876359E+00
  0.66780391E+00  0.61186114E+00  0.56044826E+00  0.51353421E+00  0.47216871E+00
  0.43741456E+00  0.40938232E+00  0.38703617E+00  0.36868795E+00  0.35273287E+00
  0.33808510E+00  0.32423346E+00  0.31099908E+00  0.29836077E+00  0.28634055E+00
  0.27493656E+00  0.26411612E+00  0.25384010E+00  0.24407664E+00  0.23479839E+00
  0.22597877E+00  0.21759078E+00  0.20960797E+00  0.20200521E+00  0.19475919E+00
  0.18784880E+00  0.18125537E+00  0.17496214E+00  0.16895346E+00  0.16321405E+00
  0.15772905E+00  0.15248437E+00  0.14746702E+00  0.14266519E+00  0.13806811E+00
  0.13366586E+00  0.12944904E+00  0.12540872E+00  0.12153633E+00  0.11782370E+00
  0.11426298E+00  0.11084661E+00  0.10756743E+00  0.10441869E+00  0.10139398E+00
  0.98487413E-01  0.95693244E-01  0.93006321E-01  0.90420810E-01  0.87933648E-01
  0.85534951E-01  0.83233831E-01  0.80985881E-01  0.78899017E-01  0.76354951E-01
  0.74771075E-01  0.28337065E+01  0.27846620E+01  0.27405538E+01  0.27540638E+01
  0.27730900E+01  0.27940437E+01  0.28138633E+01  0.28306983E+01  0.28443863E+01
  0.28554876E+01  0.28648007E+01  0.28729159E+01  0.28797917E+01  0.28855212E+01
  0.28899748E+01  0.28932918E+01  0.28945628E+01  0.28932576E+01  0.28894706E+01
  0.28823817E+01  0.28708246E+01  0.28530516E+01  0.28269324E+01  0.27900936E+01
  0.27411382E+01  0.26735537E+01  0.25864028E+01  0.24806700E+01  0.23519141E+01
  0.22017371E+01  0.20372445E+01  0.18694719E+01  0.17172535E+01  0.15969419E+01
  0.15045696E+01  0.14242229E+01  0.13440848E+01  0.12610056E+01  0.11760591E+01
  0.10915457E+01  0.10093942E+01  0.93069259E+00  0.85595509E+00  0.78548822E+00
  0.71959570E+00  0.65863541E+00  0.60262309E+00  0.55119292E+00  0.50479579E+00
  0.46481840E+00  0.43210723E+00  0.40621446E+00  0.38552278E+00  0.36809427E+00
  0.35248326E+00  0.33787431E+00  0.32395843E+00  0.31066514E+00  0.29800777E+00
  0.28599991E+00  0.27462084E+00  0.26382616E+00  0.25357255E+00  0.24382707E+00
  0.23456330E+00  0.22575560E+00  0.21737718E+00  0.20940154E+00  0.20180404E+00
  0.19456221E+00  0.18765556E+00  0.18106568E+00  0.17477563E+00  0.16876926E+00
  0.16303102E+00  0.15754622E+00  0.15230135E+00  0.14728399E+00  0.14248269E+00
  0.13788674E+00  0.13348614E+00  0.12927141E+00  0.12523349E+00  0.12136375E+00
  0.11765391E+00  0.11409605E+00  0.11068258E+00  0.10740637E+00  0.10426071E+00
  0.10123926E+00  0.98336138E-01  0.95545595E-01  0.92862473E-01  0.90280954E-01
  0.87797998E-01  0.85403770E-01  0.83107515E-01  0.80865019E-01  0.78783943E-01
  0.76248944E-01  0.74671243E-01  0.28145804E+01  0.27686634E+01  0.27259132E+01
  0.27355504E+01  0.27510831E+01  0.27705545E+01  0.27912472E+01  0.28104010E+01
  0.28267194E+01  0.28400517E+01  0.28508843E+01  0.28602462E+01  0.28681881E+01
  0.28746817E+01  0.28797088E+01  0.28836849E+01  0.28855271E+01  0.28845429E+01
  0.28811361E+01  0.28743114E+01  0.28628551E+01  0.28449569E+01  0.28184040E+01
  0.27808298E+01  0.27309255E+01  0.26619523E+01  0.25731461E+01  0.24657054E+01
  0.23350082E+01  0.21828310E+01  0.20164920E+01  0.18477224E+01  0.16973133E+01
  0.15816604E+01  0.14936255E+01  0.14153156E+01  0.13354905E+01  0.12521036E+01
  0.11668166E+01  0.10821169E+01  0.99988914E+00  0.92113761E+00  0.84636236E+00
  0.77589059E+00  0.71004646E+00  0.64912141E+00  0.59304032E+00  0.54172417E+00
  0.49621669E+00  0.45806171E+00  0.42766263E+00  0.40382296E+00  0.38446869E+00
  0.36766877E+00  0.35220071E+00  0.33754679E+00  0.32355874E+00  0.31023292E+00
  0.29758407E+00  0.28560126E+00  0.27424813E+00  0.26347829E+00  0.25324887E+00
  0.24352578E+00  0.23428125E+00  0.22548910E+00  0.21712281E+00  0.20915661E+00
  0.20156669E+00  0.19433141E+00  0.18743088E+00  0.18084682E+00  0.17456187E+00
  0.16855922E+00  0.16282308E+00  0.15733914E+00  0.15209456E+00  0.14707753E+00
  0.14227685E+00  0.13768191E+00  0.13328268E+00  0.12906942E+00  0.12503287E+00
  0.12116429E+00  0.11745543E+00  0.11389840E+00  0.11048571E+00  0.10721032E+00
  0.10406567E+00  0.10104547E+00  0.98143871E-01  0.95355108E-01  0.92674045E-01
  0.90094890E-01  0.87614649E-01  0.85223562E-01  0.82931062E-01  0.80693140E-01
  0.78617253E-01  0.76091617E-01  0.74520595E-01  0.28022753E+01  0.27564094E+01
  0.27135081E+01  0.27215092E+01  0.27336304E+01  0.27497355E+01  0.27690720E+01
  0.27882786E+01  0.28058215E+01  0.28216065E+01  0.28346246E+01  0.28457080E+01
  0.28549593E+01  0.28624389E+01  0.28682296E+01  0.28727643E+01  0.28752351E+01
  0.28747701E+01  0.28716551E+01  0.28650818E+01  0.28537784E+01  0.28358512E+01
  0.28089533E+01  0.27707006E+01  0.27198451E+01  0.26494248E+01  0.25588670E+01
  0.24495873E+01  0.23168087E+01  0.21624996E+01  0.19942580E+01  0.18245750E+01
  0.16764477E+01  0.15660178E+01  0.14823369E+01  0.14057867E+01  0.13260712E+01
  0.12423111E+01  0.11567419E+01  0.10719451E+01  0.98972824E+00  0.91101400E+00
  0.83628772E+00  0.76589164E+00  0.70015448E+00  0.63926181E+00  0.58311731E+00
  0.53214560E+00  0.48798670E+00  0.45206815E+00  0.42409518E+00  0.40211073E+00
  0.38372509E+00  0.36723717E+00  0.35177331E+00  0.33704342E+00  0.32300790E+00
  0.30968555E+00  0.29707004E+00  0.28512450E+00  0.27380391E+00  0.26306443E+00
  0.25286574E+00  0.24317253E+00  0.23395425E+00  0.22518301E+00  0.21683239E+00
  0.20887771E+00  0.20129632E+00  0.19406746E+00  0.18717182E+00  0.18059107E+00
  0.17430751E+00  0.16830407E+00  0.16256521E+00  0.15707724E+00  0.15182822E+00
  0.14680709E+00  0.14200299E+00  0.13740541E+00  0.13300428E+00  0.12878974E+00
  0.12475237E+00  0.12088325E+00  0.11717398E+00  0.11361665E+00  0.11020381E+00
  0.10692853E+00  0.10378427E+00  0.10076480E+00  0.97864269E-01  0.95076923E-01
  0.92397673E-01  0.89820753E-01  0.87343239E-01  0.84955446E-01  0.82666999E-01
  0.80434084E-01  0.78363941E-01  0.75849094E-01  0.74285868E-01  0.27943959E+01
  0.27475215E+01  0.27035069E+01  0.27106106E+01  0.27204440E+01  0.27330477E+01
  0.27491351E+01  0.27668196E+01  0.27838536E+01  0.28002609E+01  0.28151504E+01
  0.28281814E+01  0.28391376E+01  0.28480271E+01  0.28549901E+01  0.28601723E+01
  0.28633888E+01  0.28636939E+01  0.28608414E+01  0.28544842E+01  0.28433125E+01
  0.28253642E+01  0.27981576E+01  0.27592925E+01  0.27075273E+01  0.26356652E+01
  0.25433202E+01  0.24321111E+01  0.22971256E+01  0.21406131E+01  0.19699391E+01
  0.17990497E+01  0.16539676E+01  0.15494760E+01  0.14702010E+01  0.13952266E+01
  0.13155922E+01  0.12315651E+01  0.11458972E+01  0.10611600E+01  0.97905402E+00
  0.90043733E+00  0.82579274E+00  0.75548976E+00  0.68985673E+00  0.62894264E+00
  0.57278187E+00  0.52251559E+00  0.48023540E+00  0.44690903E+00  0.42127722E+00
  0.40078810E+00  0.38306955E+00  0.36672387E+00  0.35122164E+00  0.33644363E+00
  0.32240399E+00  0.30911267E+00  0.29653796E+00  0.28462812E+00  0.27333580E+00
  0.26262089E+00  0.25244631E+00  0.24277621E+00  0.23357712E+00  0.22481918E+00
  0.21647636E+00  0.20852562E+00  0.20094575E+00  0.19371696E+00  0.18682063E+00
  0.18023859E+00  0.17395268E+00  0.16794582E+00  0.16220290E+00  0.15671090E+00
  0.15145771E+00  0.14643193E+00  0.14162288E+00  0.13702012E+00  0.13261369E+00
  0.12839392E+00  0.12435164E+00  0.12047806E+00  0.11676480E+00  0.11320408E+00
  0.10978869E+00  0.10651184E+00  0.10336703E+00  0.10034803E+00  0.97448913E-01
  0.94663940E-01  0.91987991E-01  0.89415267E-01  0.86942877E-01  0.84561152E-01
  0.82279801E-01  0.80055183E-01  0.77994030E-01  0.75494571E-01  0.73942210E-01
  0.27890363E+01  0.27418908E+01  0.26970571E+01  0.27023886E+01  0.27097951E+01
  0.27194962E+01  0.27319338E+01  0.27470778E+01  0.27622092E+01  0.27771979E+01
  0.27926496E+01  0.28072281E+01  0.28199640E+01  0.28305683E+01  0.28391099E+01
  0.28453918E+01  0.28496002E+01  0.28507297E+01  0.28482337E+01  0.28421654E+01
  0.28311037E+01  0.28130636E+01  0.27855275E+01  0.27460952E+01  0.26934514E+01
  0.26201718E+01  0.25260398E+01  0.24128405E+01  0.22755635E+01  0.21166947E+01
  0.19438015E+01  0.17723479E+01  0.16311752E+01  0.15332174E+01  0.14581887E+01
  0.13844414E+01  0.13047094E+01  0.12203729E+01  0.11346038E+01  0.10498920E+01
  0.96783230E+00  0.88925565E+00  0.81465835E+00  0.74444759E+00  0.67892569E+00
  0.61796794E+00  0.56194688E+00  0.51289055E+00  0.47304471E+00  0.44253460E+00
  0.41904672E+00  0.39961228E+00  0.38219736E+00  0.36583678E+00  0.35025749E+00
  0.33544399E+00  0.32141563E+00  0.30815393E+00  0.29560846E+00  0.28372338E+00
  0.27245194E+00  0.26175621E+00  0.25160098E+00  0.24195010E+00  0.23276798E+00
  0.22402324E+00  0.21569014E+00  0.20774682E+00  0.20017317E+00  0.19295006E+00
  0.18605921E+00  0.17948226E+00  0.17320082E+00  0.16719824E+00  0.16146009E+00
  0.15597364E+00  0.15072693E+00  0.14570834E+00  0.14090710E+00  0.13631284E+00
  0.13191535E+00  0.12770470E+00  0.12367179E+00  0.11980797E+00  0.11610488E+00
  0.11255466E+00  0.10915019E+00  0.10588482E+00  0.10275208E+00  0.99745677E-01
  0.96859625E-01  0.94088136E-01  0.91425992E-01  0.88867325E-01  0.86409241E-01
  0.84042047E-01  0.81775328E-01  0.79565710E-01  0.77519095E-01  0.75039458E-01
  0.73500075E-01  0.27860580E+01  0.27374985E+01  0.26918502E+01  0.26969844E+01
  0.27023007E+01  0.27092596E+01  0.27184827E+01  0.27301826E+01  0.27427864E+01
  0.27551501E+01  0.27683199E+01  0.27827928E+01  0.27967395E+01  0.28090379E+01
  0.28193860E+01  0.28271999E+01  0.28329180E+01  0.28351303E+01  0.28330788E+01
  0.28273634E+01  0.28163917E+01  0.27982332E+01  0.27704423E+01  0.27305337E+01
  0.26769980E+01  0.26023094E+01  0.25063875E+01  0.23911393E+01  0.22515011E+01
  0.20901587E+01  0.19152082E+01  0.17437929E+01  0.16074227E+01  0.15164984E+01
  0.14454405E+01  0.13725205E+01  0.12925197E+01  0.12078766E+01  0.11220459E+01
  0.10373967E+01  0.95542769E+00  0.87696705E+00  0.80251794E+00  0.73251646E+00
  0.66717870E+00  0.60622029E+00  0.55064906E+00  0.50342223E+00  0.46651000E+00
  0.43876969E+00  0.41701107E+00  0.39826835E+00  0.38093590E+00  0.36448183E+00
  0.34882878E+00  0.33400376E+00  0.32000034E+00  0.30677070E+00  0.29425558E+00
  0.28240015E+00  0.27115867E+00  0.26049307E+00  0.25036774E+00  0.24074595E+00
  0.23159118E+00  0.22287159E+00  0.21456162E+00  0.20663966E+00  0.19908586E+00
  0.19188133E+00  0.18500741E+00  0.17844526E+00  0.17217676E+00  0.16618639E+00
  0.16046090E+00  0.15498792E+00  0.14975593E+00  0.14475377E+00  0.13997056E+00
  0.13539585E+00  0.13101932E+00  0.12683099E+00  0.12282149E+00  0.11898182E+00
  0.11530334E+00  0.11177805E+00  0.10839843E+00  0.10515742E+00  0.10204844E+00
  0.99065077E-01  0.96201186E-01  0.93450782E-01  0.90808648E-01  0.88269167E-01
  0.85829407E-01  0.83479606E-01  0.81229144E-01  0.79035126E-01  0.77002844E-01
  0.74542278E-01  0.73015447E-01  0.27845176E+01  0.27341343E+01  0.26871071E+01
  0.26925112E+01  0.26968541E+01  0.27018583E+01  0.27085332E+01  0.27173168E+01
  0.27271659E+01  0.27360568E+01  0.27454863E+01  0.27579795E+01  0.27712624E+01
  0.27837070E+01  0.27950672E+01  0.28042920E+01  0.28115174E+01  0.28152046E+01
  0.28141706E+01  0.28089592E+01  0.27982549E+01  0.27800852E+01  0.27522676E+01
  0.27120854E+01  0.26576125E+01  0.25814871E+01  0.24837404E+01  0.23663606E+01
  0.22242747E+01  0.20604824E+01  0.18830407E+01  0.17117353E+01  0.15815197E+01
  0.14983281E+01  0.14309847E+01  0.13586151E+01  0.12783339E+01  0.11935644E+01
  0.11078619E+01  0.10234448E+01  0.94171791E+00  0.86350599E+00  0.78930436E+00
  0.71957180E+00  0.65438215E+00  0.59345070E+00  0.53879348E+00  0.49409993E+00
  0.46046142E+00  0.43524912E+00  0.41469179E+00  0.39627151E+00  0.37892205E+00
  0.36241635E+00  0.34677001E+00  0.33199440E+00  0.31805083E+00  0.30487918E+00
  0.29241946E+00  0.28061826E+00  0.26943048E+00  0.25881713E+00  0.24874155E+00
  0.23916670E+00  0.23005651E+00  0.22137987E+00  0.21311135E+00  0.20522897E+00
  0.19771318E+00  0.19054573E+00  0.18370803E+00  0.17718076E+00  0.17094691E+00
  0.16499237E+00  0.15930359E+00  0.15386770E+00  0.14867226E+00  0.14370555E+00
  0.13895639E+00  0.13441377E+00  0.13006738E+00  0.12590749E+00  0.12192438E+00
  0.11810855E+00  0.11445151E+00  0.11094577E+00  0.10758407E+00  0.10435937E+00
  0.10126517E+00  0.98295064E-01  0.95442758E-01  0.92702116E-01  0.90068100E-01
  0.87535627E-01  0.85102133E-01  0.82758152E-01  0.80513347E-01  0.78325285E-01
  0.76298739E-01  0.73853415E-01  0.72339240E-01  0.27845320E+01  0.27318825E+01
  0.26828257E+01  0.26884437E+01  0.26923861E+01  0.26963273E+01  0.27013983E+01
  0.27078817E+01  0.27148992E+01  0.27212713E+01  0.27274122E+01  0.27360593E+01
  0.27462669E+01  0.27564765E+01  0.27668641E+01  0.27762838E+01  0.27840769E+01
  0.27890444E+01  0.27895209E+01  0.27851562E+01  0.27751967E+01  0.27574892E+01
  0.27296937E+01  0.26890874E+01  0.26337510E+01  0.25563184E+01  0.24568588E+01
  0.23373664E+01  0.21928571E+01  0.20266205E+01  0.18467764E+01  0.16764309E+01
  0.15535924E+01  0.14783330E+01  0.14142888E+01  0.13423414E+01  0.12619485E+01
  0.11773348E+01  0.10919437E+01  0.10078213E+01  0.92632188E+00  0.84829279E+00
  0.77424979E+00  0.70469329E+00  0.63956820E+00  0.57879921E+00  0.52566388E+00
  0.48422799E+00  0.45396130E+00  0.43087043E+00  0.41116511E+00  0.39292311E+00
  0.37559314E+00  0.35913897E+00  0.34359513E+00  0.32893918E+00  0.31511251E+00
  0.30205158E+00  0.28969840E+00  0.27800236E+00  0.26691869E+00  0.25640720E+00
  0.24643001E+00  0.23694968E+00  0.22793095E+00  0.21934363E+00  0.21116187E+00
  0.20336178E+00  0.19592347E+00  0.18882832E+00  0.18205586E+00  0.17558740E+00
  0.16940745E+00  0.16350227E+00  0.15785826E+00  0.15246231E+00  0.14730206E+00
  0.14236578E+00  0.13764184E+00  0.13311916E+00  0.12878773E+00  0.12463817E+00
  0.12066127E+00  0.11684862E+00  0.11319242E+00  0.10968504E+00  0.10631908E+00
  0.10308765E+00  0.99984590E-01  0.97004757E-01  0.94143601E-01  0.91395974E-01
  0.88757001E-01  0.86221184E-01  0.83785940E-01  0.81441973E-01  0.79199383E-01
  0.77016190E-01  0.74996095E-01  0.72571670E-01  0.71075050E-01  0.27857933E+01
  0.27307514E+01  0.26793711E+01  0.26849570E+01  0.26884769E+01  0.26915486E+01
  0.26952867E+01  0.26999650E+01  0.27049344E+01  0.27097278E+01  0.27132398E+01
  0.27177261E+01  0.27239882E+01  0.27307111E+01  0.27381038E+01  0.27453706E+01
  0.27516982E+01  0.27562487E+01  0.27573412E+01  0.27538966E+01  0.27449874E+01
  0.27286425E+01  0.27015935E+01  0.26606506E+01  0.26045335E+01  0.25259095E+01
  0.24248802E+01  0.23033454E+01  0.21565598E+01  0.19881394E+01  0.18057820E+01
  0.16375646E+01  0.15247311E+01  0.14582697E+01  0.13968456E+01  0.13246872E+01
  0.12437044E+01  0.11587900E+01  0.10732236E+01  0.98897842E+00  0.90743958E+00
  0.82949787E+00  0.75567191E+00  0.68651153E+00  0.62182981E+00  0.56208892E+00
  0.51179698E+00  0.47446007E+00  0.44746615E+00  0.42592691E+00  0.40666361E+00
  0.38851209E+00  0.37127492E+00  0.35497718E+00  0.33961562E+00  0.32514002E+00
  0.31148539E+00  0.29858671E+00  0.28638809E+00  0.27484110E+00  0.26389981E+00
  0.25351892E+00  0.24365560E+00  0.23427162E+00  0.22533382E+00  0.21681304E+00
  0.20868207E+00  0.20091855E+00  0.19350331E+00  0.18641824E+00  0.17964631E+00
  0.17317406E+00  0.16699062E+00  0.16108318E+00  0.15543789E+00  0.15004105E+00
  0.14488015E+00  0.13994377E+00  0.13522100E+00  0.13070172E+00  0.12637601E+00
  0.12223380E+00  0.11826595E+00  0.11446434E+00  0.11082120E+00  0.10732906E+00
  0.10398080E+00  0.10076935E+00  0.97687639E-01  0.94729458E-01  0.91889941E-01
  0.89164711E-01  0.86549140E-01  0.84036802E-01  0.81624292E-01  0.79302126E-01
  0.77080358E-01  0.74918353E-01  0.72918227E-01  0.70536080E-01  0.69072816E-01
  0.27869198E+01  0.27295791E+01  0.26760466E+01  0.26817551E+01  0.26850007E+01
  0.26873682E+01  0.26897882E+01  0.26926741E+01  0.26955634E+01  0.26988825E+01
  0.26997521E+01  0.27008196E+01  0.27045738E+01  0.27081596E+01  0.27119375E+01
  0.27154135E+01  0.27179451E+01  0.27188866E+01  0.27171946E+01  0.27120263E+01
  0.27025725E+01  0.26860448E+01  0.26591784E+01  0.26194030E+01  0.25640555E+01
  0.24857049E+01  0.23843784E+01  0.22616972E+01  0.21138057E+01  0.19429556E+01
  0.17572156E+01  0.15906714E+01  0.14865355E+01  0.14270009E+01  0.13668618E+01
  0.12946969E+01  0.12141853E+01  0.11303800E+01  0.10462061E+01  0.96345060E+00
  0.88339166E+00  0.80686116E+00  0.73432953E+00  0.66635465E+00  0.60246434E+00
  0.54404957E+00  0.49728646E+00  0.46435654E+00  0.44029602E+00  0.41997252E+00
  0.40103774E+00  0.38300439E+00  0.36591120E+00  0.34978284E+00  0.33457099E+00
  0.32021335E+00  0.30664838E+00  0.29381534E+00  0.28166336E+00  0.27015120E+00
  0.25923741E+00  0.24887340E+00  0.23901283E+00  0.22961990E+00  0.22066656E+00
  0.21212776E+00  0.20397873E+00  0.19619876E+00  0.18876849E+00  0.18166981E+00
  0.17488862E+00  0.16841127E+00  0.16222428E+00  0.15631459E+00  0.15066912E+00
  0.14527487E+00  0.14011955E+00  0.13519213E+00  0.13048255E+00  0.12598093E+00
  0.12167792E+00  0.11756477E+00  0.11363258E+00  0.10987229E+00  0.10627563E+00
  0.10283525E+00  0.99544146E-01  0.96395262E-01  0.93381282E-01  0.90494476E-01
  0.87727617E-01  0.85074987E-01  0.82531661E-01  0.80091490E-01  0.77750908E-01
  0.75500657E-01  0.73349633E-01  0.71259695E-01  0.69326445E-01  0.67054423E-01
  0.65671817E-01  0.27865698E+01  0.27269723E+01  0.26714472E+01  0.26775165E+01
  0.26808592E+01  0.26831667E+01  0.26850560E+01  0.26871486E+01  0.26885258E+01
  0.26883108E+01  0.26855398E+01  0.26825828E+01  0.26832723E+01  0.26858583E+01
  0.26875141E+01  0.26873527E+01  0.26853319E+01  0.26811908E+01  0.26742688E+01
  0.26637731E+01  0.26489961E+01  0.26255629E+01  0.25949480E+01  0.25574595E+01
  0.25048540E+01  0.24299132E+01  0.23344835E+01  0.22222002E+01  0.20872423E+01
  0.19259223E+01  0.17437081E+01  0.15834817E+01  0.14928745E+01  0.14424679E+01
  0.13834605E+01  0.13094920E+01  0.12263892E+01  0.11393824E+01  0.10515487E+01
  0.96498153E+00  0.88129951E+00  0.80156472E+00  0.72640026E+00  0.65641757E+00
  0.59087742E+00  0.53284029E+00  0.48939733E+00  0.45957072E+00  0.43630955E+00
  0.41534508E+00  0.39548408E+00  0.37664288E+00  0.35887420E+00  0.34215364E+00
  0.32641377E+00  0.31158388E+00  0.29760059E+00  0.28440718E+00  0.27194864E+00
  0.26017228E+00  0.24902797E+00  0.23847075E+00  0.22846117E+00  0.21896663E+00
  0.20995957E+00  0.20141197E+00  0.19329626E+00  0.18558468E+00  0.17825099E+00
  0.17127183E+00  0.16462787E+00  0.15830159E+00  0.15227471E+00  0.14653111E+00
  0.14105812E+00  0.13584361E+00  0.13087465E+00  0.12613830E+00  0.12162324E+00
  0.11731786E+00  0.11321171E+00  0.10929685E+00  0.10556379E+00  0.10200357E+00
  0.98608150E-01  0.95368815E-01  0.92277126E-01  0.89325321E-01  0.86506544E-01
  0.83814550E-01  0.81241927E-01  0.78781880E-01  0.76428897E-01  0.74176592E-01
  0.72021345E-01  0.69954594E-01  0.67981152E-01  0.66067325E-01  0.64283271E-01
  0.62178453E-01  0.60903939E-01  0.27315279E+01  0.26559717E+01  0.25444306E+01
  0.24721115E+01  0.24053738E+01  0.23511919E+01  0.23104353E+01  0.22820977E+01
  0.22614725E+01  0.22452813E+01  0.22312115E+01  0.22190889E+01  0.22104156E+01
  0.22036163E+01  0.21971882E+01  0.21908750E+01  0.21849983E+01  0.21789219E+01
  0.21716797E+01  0.21621741E+01  0.21491761E+01  0.21307699E+01  0.21054420E+01
  0.20704279E+01  0.20231445E+01  0.19594188E+01  0.18785613E+01  0.17823151E+01
  0.16671103E+01  0.15351404E+01  0.13958384E+01  0.12836029E+01  0.12272639E+01
  0.11947237E+01  0.11503077E+01  0.10937009E+01  0.10306894E+01  0.96497268E+00
  0.89887182E+00  0.83401255E+00  0.77159473E+00  0.71236153E+00  0.65672356E+00
  0.60502509E+00  0.55677987E+00  0.51472762E+00  0.48317793E+00  0.45973105E+00
  0.43950234E+00  0.42059612E+00  0.40276555E+00  0.38601798E+00  0.37030010E+00
  0.35553769E+00  0.34166154E+00  0.32860414E+00  0.31630518E+00  0.30471298E+00
  0.29377511E+00  0.28343747E+00  0.27365042E+00  0.26437636E+00  0.25558446E+00
  0.24724530E+00  0.23933098E+00  0.23181344E+00  0.22466631E+00  0.21786424E+00
  0.21138320E+00  0.20520228E+00  0.19930394E+00  0.19367381E+00  0.18829834E+00
  0.18316367E+00  0.17825785E+00  0.17356987E+00  0.16908810E+00  0.16480085E+00
  0.16069800E+00  0.15676947E+00  0.15300558E+00  0.14939829E+00  0.14593910E+00
  0.14262075E+00  0.13943682E+00  0.13638001E+00  0.13344335E+00  0.13062052E+00
  0.12790579E+00  0.12529456E+00  0.12278134E+00  0.12036092E+00  0.11802892E+00
  0.11577986E+00  0.11361151E+00  0.11151540E+00  0.10949925E+00  0.10751343E+00
  0.10569086E+00  0.10321040E+00  0.10155051E+00  0.26771872E+01  0.25868028E+01
  0.24202219E+01  0.22693068E+01  0.21323701E+01  0.20215569E+01  0.19381074E+01
  0.18792137E+01  0.18369463E+01  0.18075681E+01  0.17841286E+01  0.17650639E+01
  0.17494761E+01  0.17330568E+01  0.17189927E+01  0.17081669E+01  0.17006309E+01
  0.16949685E+01  0.16899744E+01  0.16846638E+01  0.16776900E+01  0.16700961E+01
  0.16532058E+01  0.16195302E+01  0.15759948E+01  0.15209639E+01  0.14492678E+01
  0.13585358E+01  0.12501426E+01  0.11365320E+01  0.10345250E+01  0.96419857E+00
  0.93120737E+00  0.90942355E+00  0.87868591E+00  0.84169702E+00  0.80249900E+00
  0.76289346E+00  0.72398792E+00  0.68642966E+00  0.65051720E+00  0.61637110E+00
  0.58401373E+00  0.55345817E+00  0.52453777E+00  0.49854105E+00  0.47718123E+00
  0.45912297E+00  0.44246325E+00  0.42684396E+00  0.41221191E+00  0.39849566E+00
  0.38561314E+00  0.37349154E+00  0.36206830E+00  0.35128688E+00  0.34109602E+00
  0.33144990E+00  0.32230777E+00  0.31363337E+00  0.30539238E+00  0.29755233E+00
  0.29008513E+00  0.28296420E+00  0.27616413E+00  0.26966328E+00  0.26344275E+00
  0.25748519E+00  0.25177432E+00  0.24629529E+00  0.24103491E+00  0.23598140E+00
  0.23112428E+00  0.22645342E+00  0.22195922E+00  0.21763272E+00  0.21346542E+00
  0.20944914E+00  0.20557610E+00  0.20183919E+00  0.19823169E+00  0.19474705E+00
  0.19137923E+00  0.18812280E+00  0.18497259E+00  0.18192352E+00  0.17897089E+00
  0.17611031E+00  0.17333767E+00  0.17064921E+00  0.16804133E+00  0.16551025E+00
  0.16305287E+00  0.16066532E+00  0.15834708E+00  0.15608929E+00  0.15390562E+00
  0.15172748E+00  0.14977034E+00  0.14682923E+00  0.14473425E+00
