  0.32154234E+04  0.32155408E+04  0.32159661E+04  0.32164358E+04  0.32167027E+04
  0.32168832E+04  0.32170081E+04  0.32170846E+04  0.32171192E+04  0.32171158E+04
  0.32170726E+04  0.32169840E+04  0.32168408E+04  0.32166295E+04  0.32163303E+04
  0.32159158E+04  0.32153484E+04  0.32145767E+04  0.32135304E+04  0.32121140E+04
  0.32101966E+04  0.32075994E+04  0.32040835E+04  0.31993263E+04  0.31928921E+04
  0.31843075E+04  0.31729832E+04  0.31582428E+04  0.31395098E+04  0.31164235E+04
  0.30892311E+04  0.30587463E+04  0.30262754E+04  0.29926693E+04  0.29581081E+04
  0.29232103E+04  0.28890623E+04  0.28568728E+04  0.28275313E+04  0.28010708E+04
  0.27767225E+04  0.27534656E+04  0.27303509E+04  0.27067560E+04  0.26824654E+04
  0.26575969E+04  0.26323852E+04  0.26069978E+04  0.25815735E+04  0.25562658E+04
  0.25312062E+04  0.25064856E+04  0.24821596E+04  0.24582575E+04  0.24347914E+04
  0.24117622E+04  0.23891653E+04  0.23669941E+04  0.23452425E+04  0.23239059E+04
  0.23029810E+04  0.22824650E+04  0.22623548E+04  0.22426456E+04  0.22233304E+04
  0.22043997E+04  0.21858415E+04  0.21676424E+04  0.21497876E+04  0.21322619E+04
  0.21150484E+04  0.20981297E+04  0.20814883E+04  0.20651077E+04  0.20489747E+04
  0.20330809E+04  0.20174234E+04  0.20020011E+04  0.19868091E+04  0.19718362E+04
  0.19570807E+04  0.19425569E+04  0.19283127E+04  0.19144370E+04  0.19010063E+04
  0.18880665E+04  0.18756545E+04  0.18638044E+04  0.18525510E+04  0.18419340E+04
  0.18320016E+04  0.18228120E+04  0.18144331E+04  0.18069386E+04  0.18004036E+04
  0.17948872E+04  0.17904140E+04  0.17869503E+04  0.17844881E+04  0.17827937E+04
  0.17820728E+04  0.32154246E+04  0.32155424E+04  0.32159693E+04  0.32164408E+04
  0.32167083E+04  0.32168885E+04  0.32170133E+04  0.32170900E+04  0.32171248E+04
  0.32171210E+04  0.32170774E+04  0.32169883E+04  0.32168446E+04  0.32166328E+04
  0.32163332E+04  0.32159183E+04  0.32153507E+04  0.32145789E+04  0.32135325E+04
  0.32121159E+04  0.32101980E+04  0.32076001E+04  0.32040834E+04  0.31993253E+04
  0.31928899E+04  0.31843040E+04  0.31729781E+04  0.31582360E+04  0.31395009E+04
  0.31164124E+04  0.30892173E+04  0.30587295E+04  0.30262554E+04  0.29926469E+04
  0.29580849E+04  0.29231890E+04  0.28890467E+04  0.28568654E+04  0.28275304E+04
  0.28010708E+04  0.27767189E+04  0.27534548E+04  0.27303305E+04  0.27067260E+04
  0.26824278E+04  0.26575538E+04  0.26323376E+04  0.26069472E+04  0.25815218E+04
  0.25562138E+04  0.25311536E+04  0.25064317E+04  0.24821035E+04  0.24581985E+04
  0.24347286E+04  0.24116952E+04  0.23890937E+04  0.23669180E+04  0.23451622E+04
  0.23238218E+04  0.23028934E+04  0.22823742E+04  0.22622608E+04  0.22425480E+04
  0.22232286E+04  0.22042928E+04  0.21857287E+04  0.21675228E+04  0.21496603E+04
  0.21321256E+04  0.21149021E+04  0.20979725E+04  0.20813199E+04  0.20649292E+04
  0.20487886E+04  0.20328906E+04  0.20172320E+04  0.20018101E+04  0.19866200E+04
  0.19716568E+04  0.19569286E+04  0.19424590E+04  0.19283037E+04  0.19145395E+04
  0.19012221E+04  0.18883931E+04  0.18760928E+04  0.18643596E+04  0.18532331E+04
  0.18427563E+04  0.18329787E+04  0.18239565E+04  0.18157513E+04  0.18084250E+04
  0.18020353E+04  0.17966202E+04  0.17921936E+04  0.17887042E+04  0.17861623E+04
  0.17842045E+04  0.17832645E+04  0.32154277E+04  0.32155477E+04  0.32159824E+04
  0.32164614E+04  0.32167310E+04  0.32169109E+04  0.32170354E+04  0.32171124E+04
  0.32171471E+04  0.32171424E+04  0.32170972E+04  0.32170064E+04  0.32168612E+04
  0.32166477E+04  0.32163465E+04  0.32159302E+04  0.32153613E+04  0.32145885E+04
  0.32135412E+04  0.32121233E+04  0.32102035E+04  0.32076036E+04  0.32040845E+04
  0.31993237E+04  0.31928849E+04  0.31842951E+04  0.31729648E+04  0.31582175E+04
  0.31394769E+04  0.31163823E+04  0.30891803E+04  0.30586843E+04  0.30262014E+04
  0.29925856E+04  0.29580213E+04  0.29231319E+04  0.28890067E+04  0.28568503E+04
  0.28275349E+04  0.28010787E+04  0.27767155E+04  0.27534286E+04  0.27302743E+04
  0.27066397E+04  0.26823168E+04  0.26574247E+04  0.26321951E+04  0.26067965E+04
  0.25813681E+04  0.25560590E+04  0.25309971E+04  0.25062714E+04  0.24819369E+04
  0.24580230E+04  0.24345422E+04  0.24114963E+04  0.23888816E+04  0.23666927E+04
  0.23449246E+04  0.23235729E+04  0.23026344E+04  0.22821058E+04  0.22619829E+04
  0.22422598E+04  0.22229283E+04  0.22039783E+04  0.21853975E+04  0.21671723E+04
  0.21492879E+04  0.21317283E+04  0.21144768E+04  0.20975174E+04  0.20808354E+04
  0.20644190E+04  0.20482597E+04  0.20323520E+04  0.20166920E+04  0.20012755E+04
  0.19861022E+04  0.19711859E+04  0.19565577E+04  0.19422706E+04  0.19283703E+04
  0.19148921E+04  0.19018756E+04  0.18893570E+04  0.18773792E+04  0.18659877E+04
  0.18552295E+04  0.18451531E+04  0.18358076E+04  0.18272406E+04  0.18194937E+04
  0.18125967E+04  0.18065644E+04  0.18013804E+04  0.17970277E+04  0.17934200E+04
  0.17905972E+04  0.17879110E+04  0.17864075E+04  0.32154327E+04  0.32155581E+04
  0.32160108E+04  0.32165064E+04  0.32167801E+04  0.32169597E+04  0.32170833E+04
  0.32171594E+04  0.32171930E+04  0.32171864E+04  0.32171386E+04  0.32170450E+04
  0.32168969E+04  0.32166805E+04  0.32163764E+04  0.32159572E+04  0.32153856E+04
  0.32146102E+04  0.32135604E+04  0.32121397E+04  0.32102166E+04  0.32076129E+04
  0.32040897E+04  0.31993240E+04  0.31928796E+04  0.31842832E+04  0.31729454E+04
  0.31581897E+04  0.31394401E+04  0.31163358E+04  0.30891231E+04  0.30586147E+04
  0.30261179E+04  0.29924903E+04  0.29579227E+04  0.29230452E+04  0.28889501E+04
  0.28568360E+04  0.28275558E+04  0.28011090E+04  0.27767271E+04  0.27533995E+04
  0.27301930E+04  0.27065068E+04  0.26821410E+04  0.26572176E+04  0.26319668E+04
  0.26065563E+04  0.25811232E+04  0.25558129E+04  0.25307488E+04  0.25060176E+04
  0.24816734E+04  0.24577459E+04  0.24342480E+04  0.24111825E+04  0.23885471E+04
  0.23663377E+04  0.23445504E+04  0.23231813E+04  0.23022270E+04  0.22816834E+04
  0.22615453E+04  0.22418056E+04  0.22224549E+04  0.22034822E+04  0.21848750E+04
  0.21666195E+04  0.21487003E+04  0.21311015E+04  0.21138076E+04  0.20968048E+04
  0.20800825E+04  0.20636334E+04  0.20474527E+04  0.20315368E+04  0.20158828E+04
  0.20004930E+04  0.19853869E+04  0.19706033E+04  0.19562010E+04  0.19422355E+04
  0.19287139E+04  0.19156469E+04  0.19030768E+04  0.18910426E+04  0.18795866E+04
  0.18687546E+04  0.18585932E+04  0.18491461E+04  0.18404492E+04  0.18325262E+04
  0.18253824E+04  0.18190020E+04  0.18133450E+04  0.18083493E+04  0.18039726E+04
  0.18000781E+04  0.17967383E+04  0.17929919E+04  0.17907262E+04  0.32154403E+04
  0.32155746E+04  0.32160571E+04  0.32165798E+04  0.32168603E+04  0.32170397E+04
  0.32171613E+04  0.32172349E+04  0.32172656E+04  0.32172558E+04  0.32172044E+04
  0.32171069E+04  0.32169548E+04  0.32167344E+04  0.32164262E+04  0.32160028E+04
  0.32154270E+04  0.32146473E+04  0.32135932E+04  0.32121679E+04  0.32102399E+04
  0.32076307E+04  0.32041013E+04  0.31993285E+04  0.31928758E+04  0.31842699E+04
  0.31729212E+04  0.31581536E+04  0.31393910E+04  0.31162730E+04  0.30890453E+04
  0.30585197E+04  0.30260037E+04  0.29923605E+04  0.29577893E+04  0.29229299E+04
  0.28888787E+04  0.28568254E+04  0.28275966E+04  0.28011666E+04  0.27767602E+04
  0.27533747E+04  0.27300946E+04  0.27063362E+04  0.26819106E+04  0.26569440E+04
  0.26316656E+04  0.26062399E+04  0.25808012E+04  0.25554896E+04  0.25304232E+04
  0.25056855E+04  0.24813294E+04  0.24573844E+04  0.24338644E+04  0.24107736E+04
  0.23881116E+04  0.23658761E+04  0.23440640E+04  0.23226723E+04  0.23016971E+04
  0.22811334E+04  0.22609745E+04  0.22412116E+04  0.22218342E+04  0.22028303E+04
  0.21841870E+04  0.21658897E+04  0.21479231E+04  0.21302724E+04  0.21129249E+04
  0.20958715E+04  0.20791066E+04  0.20626273E+04  0.20464332E+04  0.20305230E+04
  0.20149048E+04  0.19996046E+04  0.19846689E+04  0.19701635E+04  0.19561366E+04
  0.19425890E+04  0.19295316E+04  0.19169979E+04  0.19050203E+04  0.18936383E+04
  0.18828905E+04  0.18728130E+04  0.18634358E+04  0.18547771E+04  0.18468380E+04
  0.18396013E+04  0.18330229E+04  0.18270420E+04  0.18215910E+04  0.18165842E+04
  0.18119643E+04  0.18075650E+04  0.18035229E+04  0.17985869E+04  0.17955092E+04
  0.32154506E+04  0.32155977E+04  0.32161218E+04  0.32166830E+04  0.32169741E+04
  0.32171538E+04  0.32172726E+04  0.32173422E+04  0.32173683E+04  0.32173537E+04
  0.32172976E+04  0.32171952E+04  0.32170381E+04  0.32168125E+04  0.32164989E+04
  0.32160700E+04  0.32154883E+04  0.32147026E+04  0.32136423E+04  0.32122106E+04
  0.32102757E+04  0.32076590E+04  0.32041211E+04  0.31993388E+04  0.31928752E+04
  0.31842565E+04  0.31728934E+04  0.31581100E+04  0.31393305E+04  0.31161944E+04
  0.30889472E+04  0.30583997E+04  0.30258596E+04  0.29921969E+04  0.29576221E+04
  0.29227870E+04  0.28887940E+04  0.28568201E+04  0.28276577E+04  0.28012494E+04
  0.27768126E+04  0.27533543E+04  0.27299811E+04  0.27061312E+04  0.26816299E+04
  0.26566093E+04  0.26312970E+04  0.26058538E+04  0.25804087E+04  0.25550958E+04
  0.25300272E+04  0.25052822E+04  0.24809119E+04  0.24569462E+04  0.24333999E+04
  0.24102792E+04  0.23875860E+04  0.23653196E+04  0.23434784E+04  0.23220596E+04
  0.23010588E+04  0.22804696E+04  0.22602835E+04  0.22404902E+04  0.22210779E+04
  0.22020338E+04  0.21833440E+04  0.21649937E+04  0.21469685E+04  0.21292570E+04
  0.21118517E+04  0.20947499E+04  0.20779511E+04  0.20614576E+04  0.20452737E+04
  0.20294128E+04  0.20139087E+04  0.19988122E+04  0.19842026E+04  0.19701288E+04
  0.19565707E+04  0.19435286E+04  0.19310508E+04  0.19191771E+04  0.19079338E+04
  0.18973501E+04  0.18874483E+04  0.18782382E+04  0.18697143E+04  0.18618489E+04
  0.18545957E+04  0.18478936E+04  0.18416685E+04  0.18358397E+04  0.18303332E+04
  0.18250580E+04  0.18199695E+04  0.18149211E+04  0.18101311E+04  0.18041140E+04
  0.18003324E+04  0.32154639E+04  0.32156273E+04  0.32162049E+04  0.32168158E+04
  0.32171219E+04  0.32173027E+04  0.32174181E+04  0.32174825E+04  0.32175027E+04
  0.32174820E+04  0.32174201E+04  0.32173120E+04  0.32171490E+04  0.32169173E+04
  0.32165970E+04  0.32161610E+04  0.32155718E+04  0.32147785E+04  0.32137101E+04
  0.32122699E+04  0.32103261E+04  0.32076996E+04  0.32041509E+04  0.31993565E+04
  0.31928793E+04  0.31842446E+04  0.31728631E+04  0.31580600E+04  0.31392592E+04
  0.31161004E+04  0.30888290E+04  0.30582545E+04  0.30256853E+04  0.29919994E+04
  0.29574210E+04  0.29226173E+04  0.28886969E+04  0.28568212E+04  0.28277398E+04
  0.28013573E+04  0.27768833E+04  0.27533372E+04  0.27298521E+04  0.27058928E+04
  0.26813013E+04  0.26562167E+04  0.26308656E+04  0.26054031E+04  0.25799516E+04
  0.25546377E+04  0.25295670E+04  0.25048142E+04  0.24804287E+04  0.24564400E+04
  0.24328646E+04  0.24097112E+04  0.23869838E+04  0.23646837E+04  0.23428106E+04
  0.23213613E+04  0.23003307E+04  0.22797106E+04  0.22594910E+04  0.22396598E+04
  0.22202042E+04  0.22011104E+04  0.21823639E+04  0.21639506E+04  0.21458598E+04
  0.21280862E+04  0.21106298E+04  0.20934943E+04  0.20766843E+04  0.20602101E+04
  0.20440944E+04  0.20283794E+04  0.20131112E+04  0.19983853E+04  0.19842647E+04
  0.19707042E+04  0.19576967E+04  0.19452952E+04  0.19335402E+04  0.19224563E+04
  0.19120621E+04  0.19023625E+04  0.18933463E+04  0.18849784E+04  0.18772060E+04
  0.18699591E+04  0.18631589E+04  0.18567241E+04  0.18505745E+04  0.18446335E+04
  0.18388372E+04  0.18331212E+04  0.18274841E+04  0.18218059E+04  0.18163702E+04
  0.18095146E+04  0.18052051E+04  0.32154803E+04  0.32156631E+04  0.32163055E+04
  0.32169775E+04  0.32173025E+04  0.32174857E+04  0.32175974E+04  0.32176554E+04
  0.32176684E+04  0.32176410E+04  0.32175728E+04  0.32174587E+04  0.32172893E+04
  0.32170503E+04  0.32167221E+04  0.32162775E+04  0.32156793E+04  0.32148764E+04
  0.32137982E+04  0.32123477E+04  0.32103928E+04  0.32077543E+04  0.32041923E+04
  0.31993830E+04  0.31928897E+04  0.31842353E+04  0.31728314E+04  0.31580046E+04
  0.31391780E+04  0.31159916E+04  0.30886910E+04  0.30580845E+04  0.30254811E+04
  0.29917684E+04  0.29571868E+04  0.29224219E+04  0.28885893E+04  0.28568304E+04
  0.28278444E+04  0.28014914E+04  0.27769729E+04  0.27533241E+04  0.27297091E+04
  0.27056235E+04  0.26809285E+04  0.26557714E+04  0.26303775E+04  0.26048951E+04
  0.25794382E+04  0.25541254E+04  0.25290538E+04  0.25042940E+04  0.24798935E+04
  0.24558819E+04  0.24322774E+04  0.24090912E+04  0.23863297E+04  0.23639961E+04
  0.23420903E+04  0.23206090E+04  0.22995455E+04  0.22788900E+04  0.22586307E+04
  0.22387545E+04  0.22192474E+04  0.22000949E+04  0.21812830E+04  0.21628014E+04
  0.21446465E+04  0.21268215E+04  0.21093348E+04  0.20921960E+04  0.20754198E+04
  0.20590375E+04  0.20431046E+04  0.20276606E+04  0.20128093E+04  0.19986412E+04
  0.19850837E+04  0.19721114E+04  0.19597950E+04  0.19481722E+04  0.19372564E+04
  0.19270524E+04  0.19175474E+04  0.19087060E+04  0.19004702E+04  0.18927624E+04
  0.18854983E+04  0.18785940E+04  0.18719631E+04  0.18655261E+04  0.18592172E+04
  0.18529832E+04  0.18467960E+04  0.18406256E+04  0.18345051E+04  0.18283261E+04
  0.18224114E+04  0.18149713E+04  0.18102999E+04  0.32154997E+04  0.32157049E+04
  0.32164227E+04  0.32171661E+04  0.32175139E+04  0.32177005E+04  0.32178083E+04
  0.32178589E+04  0.32178640E+04  0.32178303E+04  0.32177564E+04  0.32176362E+04
  0.32174595E+04  0.32172122E+04  0.32168748E+04  0.32164203E+04  0.32158115E+04
  0.32149977E+04  0.32139079E+04  0.32124451E+04  0.32104771E+04  0.32078245E+04
  0.32042466E+04  0.31994197E+04  0.31929075E+04  0.31842298E+04  0.31727991E+04
  0.31579446E+04  0.31390877E+04  0.31158686E+04  0.30885336E+04  0.30578899E+04
  0.30252474E+04  0.29915044E+04  0.29569208E+04  0.29222028E+04  0.28884737E+04
  0.28568506E+04  0.28279738E+04  0.28016534E+04  0.27770835E+04  0.27533177E+04
  0.27295559E+04  0.27053287E+04  0.26805189E+04  0.26552827E+04  0.26298443E+04
  0.26043438E+04  0.25788851E+04  0.25535769E+04  0.25285086E+04  0.25037459E+04
  0.24793341E+04  0.24553032E+04  0.24316733E+04  0.24084581E+04  0.23856663E+04
  0.23633020E+04  0.23413656E+04  0.23198524E+04  0.22987542E+04  0.22780595E+04
  0.22577552E+04  0.22378271E+04  0.22182609E+04  0.21990422E+04  0.21801608E+04
  0.21616144E+04  0.21434101E+04  0.21255596E+04  0.21080802E+04  0.20909945E+04
  0.20743400E+04  0.20581822E+04  0.20425676E+04  0.20275935E+04  0.20133743E+04
  0.19998239E+04  0.19868854E+04  0.19746503E+04  0.19631571E+04  0.19524037E+04
  0.19423762E+04  0.19330397E+04  0.19243350E+04  0.19161828E+04  0.19084928E+04
  0.19011746E+04  0.18941387E+04  0.18873029E+04  0.18805971E+04  0.18739657E+04
  0.18673764E+04  0.18608097E+04  0.18542646E+04  0.18477301E+04  0.18412585E+04
  0.18347392E+04  0.18285093E+04  0.18206850E+04  0.18157738E+04  0.32155220E+04
  0.32157521E+04  0.32165551E+04  0.32173792E+04  0.32177528E+04  0.32179441E+04
  0.32180478E+04  0.32180901E+04  0.32180881E+04  0.32180501E+04  0.32179715E+04
  0.32178447E+04  0.32176598E+04  0.32174031E+04  0.32170553E+04  0.32165896E+04
  0.32159690E+04  0.32151427E+04  0.32140399E+04  0.32125632E+04  0.32105801E+04
  0.32079111E+04  0.32043150E+04  0.31994677E+04  0.31929340E+04  0.31842293E+04
  0.31727674E+04  0.31578809E+04  0.31389889E+04  0.31157321E+04  0.30883574E+04
  0.30576713E+04  0.30249847E+04  0.29912086E+04  0.29566244E+04  0.29219625E+04
  0.28883535E+04  0.28568852E+04  0.28281309E+04  0.28018461E+04  0.27772180E+04
  0.27533226E+04  0.27293997E+04  0.27050185E+04  0.26800857E+04  0.26547680E+04
  0.26292873E+04  0.26037741E+04  0.25783205E+04  0.25530244E+04  0.25279673E+04
  0.25032092E+04  0.24787933E+04  0.24547502E+04  0.24311021E+04  0.24078648E+04
  0.23850486E+04  0.23626585E+04  0.23406940E+04  0.23191492E+04  0.22980139E+04
  0.22772756E+04  0.22569199E+04  0.22369328E+04  0.22173000E+04  0.21980108E+04
  0.21790638E+04  0.21604696E+04  0.21422464E+04  0.21244173E+04  0.21070136E+04
  0.20900798E+04  0.20736897E+04  0.20579096E+04  0.20428169E+04  0.20285405E+04
  0.20149973E+04  0.20020895E+04  0.19899270E+04  0.19785521E+04  0.19679411E+04
  0.19580609E+04  0.19488522E+04  0.19402363E+04  0.19321174E+04  0.19243964E+04
  0.19169803E+04  0.19097823E+04  0.19027275E+04  0.18957564E+04  0.18888335E+04
  0.18819396E+04  0.18750689E+04  0.18682213E+04  0.18614098E+04  0.18546285E+04
  0.18479303E+04  0.18411934E+04  0.18347572E+04  0.18266665E+04  0.18215852E+04
  0.32155469E+04  0.32158039E+04  0.32167002E+04  0.32176131E+04  0.32180155E+04
  0.32182127E+04  0.32183125E+04  0.32183492E+04  0.32183435E+04  0.32183022E+04
  0.32182179E+04  0.32180832E+04  0.32178889E+04  0.32176218E+04  0.32172627E+04
  0.32167849E+04  0.32161514E+04  0.32153114E+04  0.32141943E+04  0.32127022E+04
  0.32107025E+04  0.32080152E+04  0.32043984E+04  0.31995281E+04  0.31929701E+04
  0.31842347E+04  0.31727372E+04  0.31578146E+04  0.31388825E+04  0.31155826E+04
  0.30881629E+04  0.30574292E+04  0.30246940E+04  0.29908822E+04  0.29563001E+04
  0.29217047E+04  0.28882334E+04  0.28569394E+04  0.28283205E+04  0.28020743E+04
  0.27773824E+04  0.27533472E+04  0.27292527E+04  0.27047092E+04  0.26796503E+04
  0.26542540E+04  0.26287383E+04  0.26032220E+04  0.25777842E+04  0.25525110E+04
  0.25274745E+04  0.25027296E+04  0.24783176E+04  0.24542698E+04  0.24306101E+04
  0.24073563E+04  0.23845198E+04  0.23621056E+04  0.23401119E+04  0.23185311E+04
  0.22973519E+04  0.22765607E+04  0.22561433E+04  0.22360865E+04  0.22163794E+04
  0.21970209E+04  0.21780247E+04  0.21594170E+04  0.21412285E+04  0.21234980E+04
  0.21062766E+04  0.20896398E+04  0.20736891E+04  0.20584842E+04  0.20441215E+04
  0.20305547E+04  0.20176732E+04  0.20055725E+04  0.19942978E+04  0.19838017E+04
  0.19740291E+04  0.19649024E+04  0.19563223E+04  0.19481834E+04  0.19403847E+04
  0.19328298E+04  0.19254378E+04  0.19181456E+04  0.19109118E+04  0.19037157E+04
  0.18965504E+04  0.18894170E+04  0.18823228E+04  0.18752741E+04  0.18682836E+04
  0.18613388E+04  0.18544859E+04  0.18475921E+04  0.18410005E+04  0.18327002E+04
  0.18274837E+04  0.32155737E+04  0.32158588E+04  0.32168546E+04  0.32178629E+04
  0.32182969E+04  0.32185025E+04  0.32186032E+04  0.32186410E+04  0.32186344E+04
  0.32185871E+04  0.32184940E+04  0.32183495E+04  0.32181449E+04  0.32178666E+04
  0.32174957E+04  0.32170051E+04  0.32163579E+04  0.32155034E+04  0.32143708E+04
  0.32128622E+04  0.32108444E+04  0.32081371E+04  0.32044977E+04  0.31996018E+04
  0.31930166E+04  0.31842468E+04  0.31727097E+04  0.31577464E+04  0.31387695E+04
  0.31154212E+04  0.30879512E+04  0.30571649E+04  0.30243770E+04  0.29905279E+04
  0.29559518E+04  0.29214350E+04  0.28881207E+04  0.28570209E+04  0.28285507E+04
  0.28023465E+04  0.27775873E+04  0.27534051E+04  0.27291330E+04  0.27044249E+04
  0.26792423E+04  0.26537748E+04  0.26282331E+04  0.26027231E+04  0.25773108E+04
  0.25520675E+04  0.25270559E+04  0.25023266E+04  0.24779197E+04  0.24538669E+04
  0.24301941E+04  0.24069208E+04  0.23840591E+04  0.23616132E+04  0.23395798E+04
  0.23179500E+04  0.22967118E+04  0.22758515E+04  0.22553565E+04  0.22352161E+04
  0.22154294E+04  0.21960151E+04  0.21770062E+04  0.21584413E+04  0.21403667E+04
  0.21228401E+04  0.21059403E+04  0.20897944E+04  0.20744660E+04  0.20599959E+04
  0.20463703E+04  0.20334960E+04  0.20214361E+04  0.20102340E+04  0.19998154E+04
  0.19901054E+04  0.19810071E+04  0.19724085E+04  0.19641988E+04  0.19562708E+04
  0.19485348E+04  0.19409202E+04  0.19333775E+04  0.19258829E+04  0.19184276E+04
  0.19110128E+04  0.19036443E+04  0.18963305E+04  0.18890791E+04  0.18818917E+04
  0.18747728E+04  0.18677020E+04  0.18607228E+04  0.18536978E+04  0.18469757E+04
  0.18384999E+04  0.18331703E+04  0.32156026E+04  0.32159151E+04  0.32170131E+04
  0.32181217E+04  0.32185912E+04  0.32188110E+04  0.32189195E+04  0.32189635E+04
  0.32189557E+04  0.32188992E+04  0.32187954E+04  0.32186404E+04  0.32184249E+04
  0.32181353E+04  0.32177521E+04  0.32172484E+04  0.32165871E+04  0.32157176E+04
  0.32145688E+04  0.32130428E+04  0.32110058E+04  0.32082772E+04  0.32046134E+04
  0.31996897E+04  0.31930742E+04  0.31842668E+04  0.31726862E+04  0.31576780E+04
  0.31386513E+04  0.31152494E+04  0.30877240E+04  0.30568809E+04  0.30240372E+04
  0.29901505E+04  0.29555862E+04  0.29211624E+04  0.28880261E+04  0.28571420E+04
  0.28288340E+04  0.28026764E+04  0.27778483E+04  0.27535153E+04  0.27290624E+04
  0.27041909E+04  0.26788893E+04  0.26533549E+04  0.26277912E+04  0.26022903E+04
  0.25769013E+04  0.25516819E+04  0.25266865E+04  0.25019615E+04  0.24775465E+04
  0.24534749E+04  0.24297745E+04  0.24064663E+04  0.23835623E+04  0.23610658E+04
  0.23389720E+04  0.23172711E+04  0.22959512E+04  0.22750001E+04  0.22544084E+04
  0.22341746E+04  0.22143194E+04  0.21948856E+04  0.21759214E+04  0.21574774E+04
  0.21396188E+04  0.21224300E+04  0.21060541E+04  0.20905688E+04  0.20759604E+04
  0.20622408E+04  0.20493600E+04  0.20373267E+04  0.20261620E+04  0.20157791E+04
  0.20060831E+04  0.19969601E+04  0.19882898E+04  0.19799552E+04  0.19718536E+04
  0.19639017E+04  0.19560408E+04  0.19482413E+04  0.19404912E+04  0.19327901E+04
  0.19251439E+04  0.19175602E+04  0.19100466E+04  0.19026071E+04  0.18952425E+04
  0.18879466E+04  0.18807200E+04  0.18735402E+04  0.18664502E+04  0.18593100E+04
  0.18524742E+04  0.18438484E+04  0.18384231E+04  0.32156338E+04  0.32159743E+04
  0.32171747E+04  0.32183852E+04  0.32188942E+04  0.32191329E+04  0.32192527E+04
  0.32193021E+04  0.32192923E+04  0.32192288E+04  0.32191164E+04  0.32189516E+04
  0.32187256E+04  0.32184247E+04  0.32180293E+04  0.32175125E+04  0.32168370E+04
  0.32159520E+04  0.32147867E+04  0.32132426E+04  0.32111858E+04  0.32084349E+04
  0.32047456E+04  0.31997923E+04  0.31931441E+04  0.31842959E+04  0.31726684E+04
  0.31576109E+04  0.31385299E+04  0.31150695E+04  0.30874843E+04  0.30565812E+04
  0.30236800E+04  0.29897574E+04  0.29552132E+04  0.29208993E+04  0.28879645E+04
  0.28573179E+04  0.28291860E+04  0.28030798E+04  0.27781824E+04  0.27536963E+04
  0.27290605E+04  0.27040239E+04  0.26786011E+04  0.26529933E+04  0.26273974E+04
  0.26018904E+04  0.25765035E+04  0.25512834E+04  0.25262775E+04  0.25015299E+04
  0.24770805E+04  0.24529652E+04  0.24292139E+04  0.24058482E+04  0.23828789E+04
  0.23603074E+04  0.23381276E+04  0.23163297E+04  0.22949031E+04  0.22738393E+04
  0.22531374E+04  0.22328194E+04  0.22129340E+04  0.21935387E+04  0.21746945E+04
  0.21564745E+04  0.21389666E+04  0.21223175E+04  0.21066270E+04  0.20918552E+04
  0.20780126E+04  0.20650950E+04  0.20530662E+04  0.20419035E+04  0.20315145E+04
  0.20217860E+04  0.20125926E+04  0.20038050E+04  0.19953042E+04  0.19869935E+04
  0.19788017E+04  0.19706877E+04  0.19626336E+04  0.19546372E+04  0.19467038E+04
  0.19388413E+04  0.19310576E+04  0.19233576E+04  0.19157422E+04  0.19082078E+04
  0.19007496E+04  0.18933595E+04  0.18860373E+04  0.18787602E+04  0.18715715E+04
  0.18643295E+04  0.18573943E+04  0.18486401E+04  0.18431334E+04  0.32156633E+04
  0.32160359E+04  0.32173419E+04  0.32186543E+04  0.32192046E+04  0.32194630E+04
  0.32195915E+04  0.32196426E+04  0.32196327E+04  0.32195678E+04  0.32194505E+04
  0.32192782E+04  0.32190429E+04  0.32187314E+04  0.32183242E+04  0.32177943E+04
  0.32171047E+04  0.32162043E+04  0.32150223E+04  0.32134600E+04  0.32113830E+04
  0.32086092E+04  0.32048936E+04  0.31999095E+04  0.31932264E+04  0.31843349E+04
  0.31726574E+04  0.31575471E+04  0.31384078E+04  0.31148847E+04  0.30872363E+04
  0.30562710E+04  0.30233121E+04  0.29893573E+04  0.29548438E+04  0.29206591E+04
  0.28879508E+04  0.28575635E+04  0.28296199E+04  0.28035687E+04  0.27785989E+04
  0.27539537E+04  0.27291273E+04  0.27039139E+04  0.26783529E+04  0.26526478E+04
  0.26269877E+04  0.26014378E+04  0.25760150E+04  0.25507561E+04  0.25257038E+04
  0.25009005E+04  0.24763877E+04  0.24522034E+04  0.24283784E+04  0.24049328E+04
  0.23818751E+04  0.23592046E+04  0.23369143E+04  0.23149955E+04  0.22934411E+04
  0.22722509E+04  0.22514469E+04  0.22310824E+04  0.22112255E+04  0.21919474E+04
  0.21733312E+04  0.21554717E+04  0.21385039E+04  0.21225550E+04  0.21075957E+04
  0.20936166E+04  0.20806336E+04  0.20685755E+04  0.20573765E+04  0.20469392E+04
  0.20371356E+04  0.20278294E+04  0.20188876E+04  0.20101924E+04  0.20016538E+04
  0.19932139E+04  0.19848468E+04  0.19765456E+04  0.19683144E+04  0.19601613E+04
  0.19520949E+04  0.19441214E+04  0.19362429E+04  0.19284572E+04  0.19207588E+04
  0.19131413E+04  0.19055991E+04  0.18981237E+04  0.18907151E+04  0.18833503E+04
  0.18760737E+04  0.18687420E+04  0.18617197E+04  0.18528548E+04  0.18472782E+04
  0.32156908E+04  0.32160973E+04  0.32175141E+04  0.32189316E+04  0.32195215E+04
  0.32197955E+04  0.32199293E+04  0.32199823E+04  0.32199746E+04  0.32199108E+04
  0.32197918E+04  0.32196147E+04  0.32193721E+04  0.32190511E+04  0.32186329E+04
  0.32180906E+04  0.32173870E+04  0.32164713E+04  0.32152727E+04  0.32136922E+04
  0.32115948E+04  0.32087979E+04  0.32050554E+04  0.32000399E+04  0.31933204E+04
  0.31843833E+04  0.31726536E+04  0.31574879E+04  0.31382871E+04  0.31146979E+04
  0.30869834E+04  0.30559546E+04  0.30229385E+04  0.29889560E+04  0.29544849E+04
  0.29204506E+04  0.28879938E+04  0.28578850E+04  0.28301376E+04  0.28041389E+04
  0.27790860E+04  0.27542658E+04  0.27292286E+04  0.27038119E+04  0.26780786E+04
  0.26522343E+04  0.26264638E+04  0.26008258E+04  0.25753259E+04  0.25499922E+04
  0.25248621E+04  0.24999766E+04  0.24753779E+04  0.24511053E+04  0.24271883E+04
  0.24036440E+04  0.23804778E+04  0.23576874E+04  0.23352656E+04  0.23132072E+04
  0.22915126E+04  0.22702025E+04  0.22493340E+04  0.22289843E+04  0.22092388E+04
  0.21901919E+04  0.21719465E+04  0.21546211E+04  0.21383660E+04  0.21231965E+04
  0.21090720E+04  0.20959916E+04  0.20838646E+04  0.20725899E+04  0.20620633E+04
  0.20521465E+04  0.20426926E+04  0.20335663E+04  0.20246534E+04  0.20158739E+04
  0.20071848E+04  0.19985698E+04  0.19900295E+04  0.19815724E+04  0.19732081E+04
  0.19649447E+04  0.19567861E+04  0.19487315E+04  0.19407764E+04  0.19329143E+04
  0.19251388E+04  0.19174435E+04  0.19098226E+04  0.19022682E+04  0.18947804E+04
  0.18873362E+04  0.18799810E+04  0.18725697E+04  0.18654711E+04  0.18565101E+04
  0.18508733E+04  0.32157191E+04  0.32161580E+04  0.32176850E+04  0.32192095E+04
  0.32198389E+04  0.32201266E+04  0.32202668E+04  0.32203234E+04  0.32203172E+04
  0.32202540E+04  0.32201342E+04  0.32199543E+04  0.32197066E+04  0.32193785E+04
  0.32189510E+04  0.32183974E+04  0.32176807E+04  0.32167501E+04  0.32155351E+04
  0.32139363E+04  0.32118183E+04  0.32089978E+04  0.32052278E+04  0.32001802E+04
  0.31934230E+04  0.31844391E+04  0.31726560E+04  0.31574326E+04  0.31381678E+04
  0.31145096E+04  0.30867264E+04  0.30556319E+04  0.30225578E+04  0.29885506E+04
  0.29541327E+04  0.29202685E+04  0.28880862E+04  0.28582698E+04  0.28307176E+04
  0.28047589E+04  0.27796012E+04  0.27545772E+04  0.27292964E+04  0.27036393E+04
  0.26776910E+04  0.26516647E+04  0.26257441E+04  0.25999808E+04  0.25743710E+04
  0.25489339E+04  0.25237016E+04  0.24987144E+04  0.24740159E+04  0.24496435E+04
  0.24256223E+04  0.24019649E+04  0.23786743E+04  0.23557466E+04  0.23331773E+04
  0.23109683E+04  0.22891374E+04  0.22677426E+04  0.22468732E+04  0.22266264E+04
  0.22071113E+04  0.21884420E+04  0.21707302E+04  0.21541327E+04  0.21387254E+04
  0.21244415E+04  0.21112247E+04  0.20989811E+04  0.20875887E+04  0.20769333E+04
  0.20668674E+04  0.20572360E+04  0.20479006E+04  0.20387530E+04  0.20297229E+04
  0.20207798E+04  0.20119176E+04  0.20031427E+04  0.19944649E+04  0.19858937E+04
  0.19774355E+04  0.19690919E+04  0.19608596E+04  0.19527329E+04  0.19447052E+04
  0.19367700E+04  0.19289210E+04  0.19211520E+04  0.19134577E+04  0.19058305E+04
  0.18982708E+04  0.18907556E+04  0.18833308E+04  0.18758500E+04  0.18686851E+04
  0.18596418E+04  0.18539534E+04  0.32157482E+04  0.32162198E+04  0.32178540E+04
  0.32194834E+04  0.32201552E+04  0.32204596E+04  0.32206061E+04  0.32206648E+04
  0.32206584E+04  0.32205939E+04  0.32204721E+04  0.32202896E+04  0.32200385E+04
  0.32197057E+04  0.32192719E+04  0.32187096E+04  0.32179816E+04  0.32170372E+04
  0.32158063E+04  0.32141893E+04  0.32120503E+04  0.32092055E+04  0.32054072E+04
  0.32003263E+04  0.31935302E+04  0.31844983E+04  0.31726601E+04  0.31573769E+04
  0.31380457E+04  0.31143153E+04  0.30864592E+04  0.30552936E+04  0.30221565E+04
  0.29881229E+04  0.29537655E+04  0.29200883E+04  0.28881977E+04  0.28586795E+04
  0.28313120E+04  0.28053706E+04  0.27800771E+04  0.27548146E+04  0.27292538E+04
  0.27033214E+04  0.26771252E+04  0.26508859E+04  0.26247886E+04  0.25988766E+04
  0.25731357E+04  0.25475767E+04  0.25222277E+04  0.24971279E+04  0.24723192E+04
  0.24478354E+04  0.24236975E+04  0.23999146E+04  0.23764861E+04  0.23534067E+04
  0.23306789E+04  0.23083196E+04  0.22863827E+04  0.22649673E+04  0.22441873E+04
  0.22241634E+04  0.22050266E+04  0.21868965E+04  0.21699176E+04  0.21542256E+04
  0.21397483E+04  0.21263503E+04  0.21139403E+04  0.21023905E+04  0.20915711E+04
  0.20813250E+04  0.20714906E+04  0.20619265E+04  0.20525307E+04  0.20432444E+04
  0.20340464E+04  0.20249377E+04  0.20159290E+04  0.20070319E+04  0.19982551E+04
  0.19896027E+04  0.19810736E+04  0.19726626E+04  0.19643631E+04  0.19561687E+04
  0.19480730E+04  0.19400699E+04  0.19321535E+04  0.19243178E+04  0.19165582E+04
  0.19088669E+04  0.19012448E+04  0.18936684E+04  0.18861844E+04  0.18786450E+04
  0.18714245E+04  0.18623126E+04  0.18565815E+04  0.32157795E+04  0.32162855E+04
  0.32180277E+04  0.32197613E+04  0.32204757E+04  0.32207959E+04  0.32209460E+04
  0.32210038E+04  0.32209945E+04  0.32209261E+04  0.32208005E+04  0.32206147E+04
  0.32203607E+04  0.32200250E+04  0.32195875E+04  0.32190200E+04  0.32182840E+04
  0.32173282E+04  0.32160826E+04  0.32144481E+04  0.32122881E+04  0.32094183E+04
  0.32055904E+04  0.32004744E+04  0.31936377E+04  0.31845550E+04  0.31726583E+04
  0.31573124E+04  0.31379108E+04  0.31141033E+04  0.30861668E+04  0.30549193E+04
  0.30217079E+04  0.29876400E+04  0.29533456E+04  0.29198685E+04  0.28882813E+04
  0.28590597E+04  0.28318597E+04  0.28059084E+04  0.27804469E+04  0.27549152E+04
  0.27290493E+04  0.27028202E+04  0.26763567E+04  0.26498869E+04  0.26235968E+04
  0.25975213E+04  0.25716357E+04  0.25459426E+04  0.25204672E+04  0.24952464E+04
  0.24703180E+04  0.24457117E+04  0.24214442E+04  0.23975191E+04  0.23739333E+04
  0.23506878E+04  0.23277994E+04  0.23053145E+04  0.22833321E+04  0.22619871E+04
  0.22414151E+04  0.22217595E+04  0.22031674E+04  0.21857669E+04  0.21697160E+04
  0.21549768E+04  0.21413514E+04  0.21287272E+04  0.21169859E+04  0.21059755E+04
  0.20955259E+04  0.20854705E+04  0.20756655E+04  0.20660149E+04  0.20564710E+04
  0.20470208E+04  0.20376708E+04  0.20284336E+04  0.20193213E+04  0.20103414E+04
  0.20014958E+04  0.19927818E+04  0.19841930E+04  0.19757223E+04  0.19673630E+04
  0.19591090E+04  0.19509542E+04  0.19428925E+04  0.19349186E+04  0.19270269E+04
  0.19192129E+04  0.19114688E+04  0.19037955E+04  0.18961695E+04  0.18886376E+04
  0.18810508E+04  0.18737855E+04  0.18646185E+04  0.18588531E+04  0.32158114E+04
  0.32163528E+04  0.32182072E+04  0.32200469E+04  0.32208006E+04  0.32211318E+04
  0.32212815E+04  0.32213350E+04  0.32213198E+04  0.32212454E+04  0.32211146E+04
  0.32209247E+04  0.32206679E+04  0.32203302E+04  0.32198909E+04  0.32193210E+04
  0.32185806E+04  0.32176170E+04  0.32163594E+04  0.32147087E+04  0.32125282E+04
  0.32096332E+04  0.32057744E+04  0.32006212E+04  0.31937407E+04  0.31846027E+04
  0.31726422E+04  0.31572281E+04  0.31377498E+04  0.31138563E+04  0.30858270E+04
  0.30544811E+04  0.30211787E+04  0.29870650E+04  0.29528334E+04  0.29195670E+04
  0.28882921E+04  0.28593628E+04  0.28323124E+04  0.28063257E+04  0.27806719E+04
  0.27548526E+04  0.27286683E+04  0.27021319E+04  0.26753925E+04  0.26486841E+04
  0.26221902E+04  0.25959379E+04  0.25698929E+04  0.25440514E+04  0.25184363E+04
  0.24930826E+04  0.24680243E+04  0.24432848E+04  0.24188729E+04  0.23947872E+04
  0.23710273E+04  0.23476075E+04  0.23245696E+04  0.23020100E+04  0.22800722E+04
  0.22589163E+04  0.22386965E+04  0.22195790E+04  0.22017042E+04  0.21852250E+04
  0.21701484E+04  0.21562472E+04  0.21433688E+04  0.21314040E+04  0.21201785E+04
  0.21095086E+04  0.20992198E+04  0.20891683E+04  0.20792631E+04  0.20694650E+04
  0.20597686E+04  0.20501841E+04  0.20407257E+04  0.20314051E+04  0.20222277E+04
  0.20131934E+04  0.20042975E+04  0.19955336E+04  0.19868944E+04  0.19783732E+04
  0.19699641E+04  0.19616611E+04  0.19534578E+04  0.19453489E+04  0.19373293E+04
  0.19293933E+04  0.19215364E+04  0.19137510E+04  0.19060377E+04  0.18983728E+04
  0.18908035E+04  0.18831796E+04  0.18758792E+04  0.18666689E+04  0.18608765E+04
  0.32158441E+04  0.32164204E+04  0.32183886E+04  0.32203345E+04  0.32211223E+04
  0.32214597E+04  0.32216052E+04  0.32216507E+04  0.32216273E+04  0.32215457E+04
  0.32214092E+04  0.32212155E+04  0.32209563E+04  0.32206173E+04  0.32201774E+04
  0.32196066E+04  0.32188645E+04  0.32178967E+04  0.32166306E+04  0.32149663E+04
  0.32127669E+04  0.32098470E+04  0.32059565E+04  0.32007637E+04  0.31938355E+04
  0.31846366E+04  0.31726055E+04  0.31571151E+04  0.31375499E+04  0.31135576E+04
  0.30854192E+04  0.30539553E+04  0.30205434E+04  0.29863724E+04  0.29522044E+04
  0.29191604E+04  0.28882077E+04  0.28595661E+04  0.28326499E+04  0.28066074E+04
  0.27807438E+04  0.27546285E+04  0.27281198E+04  0.27012720E+04  0.26742526E+04
  0.26472968E+04  0.26205855E+04  0.25941393E+04  0.25679170E+04  0.25419106E+04
  0.25161416E+04  0.24906427E+04  0.24654417E+04  0.24405535E+04  0.24159794E+04
  0.23917171E+04  0.23677751E+04  0.23441877E+04  0.23210414E+04  0.22984890E+04
  0.22767121E+04  0.22558921E+04  0.22361900E+04  0.22177909E+04  0.22008181E+04
  0.21853077E+04  0.21710923E+04  0.21579392E+04  0.21457260E+04  0.21342658E+04
  0.21233602E+04  0.21128290E+04  0.21025286E+04  0.20923711E+04  0.20823245E+04
  0.20723882E+04  0.20625757E+04  0.20529024E+04  0.20433786E+04  0.20340082E+04
  0.20247887E+04  0.20157143E+04  0.20067783E+04  0.19979736E+04  0.19892931E+04
  0.19807310E+04  0.19722820E+04  0.19639393E+04  0.19556974E+04  0.19475513E+04
  0.19394959E+04  0.19315253E+04  0.19236350E+04  0.19158173E+04  0.19080728E+04
  0.19003776E+04  0.18927787E+04  0.18851256E+04  0.18777976E+04  0.18685537E+04
  0.18627406E+04  0.32158725E+04  0.32164807E+04  0.32185564E+04  0.32206062E+04
  0.32214279E+04  0.32217690E+04  0.32219073E+04  0.32219423E+04  0.32219096E+04
  0.32218208E+04  0.32216795E+04  0.32214829E+04  0.32212224E+04  0.32208831E+04
  0.32204435E+04  0.32198731E+04  0.32191308E+04  0.32181612E+04  0.32168900E+04
  0.32152154E+04  0.32129994E+04  0.32100558E+04  0.32061333E+04  0.32008993E+04
  0.31939200E+04  0.31846545E+04  0.31725449E+04  0.31569682E+04  0.31373034E+04
  0.31131968E+04  0.30849309E+04  0.30533295E+04  0.30197921E+04  0.29855556E+04
  0.29514557E+04  0.29186497E+04  0.28880314E+04  0.28596735E+04  0.28328764E+04
  0.28067619E+04  0.27806754E+04  0.27542557E+04  0.27274184E+04  0.27002559E+04
  0.26729485E+04  0.26457318E+04  0.26187856E+04  0.25921262E+04  0.25657079E+04
  0.25395214E+04  0.25135864E+04  0.24879313E+04  0.24625760E+04  0.24375249E+04
  0.24127733E+04  0.23883227E+04  0.23641986E+04  0.23404753E+04  0.23172983E+04
  0.22948698E+04  0.22734004E+04  0.22530822E+04  0.22340845E+04  0.22165537E+04
  0.22005717E+04  0.21859788E+04  0.21725248E+04  0.21600425E+04  0.21483324E+04
  0.21371823E+04  0.21264039E+04  0.21158526E+04  0.21054451E+04  0.20951531E+04
  0.20849807E+04  0.20749436E+04  0.20650576E+04  0.20553326E+04  0.20457700E+04
  0.20363656E+04  0.20271131E+04  0.20180058E+04  0.20090361E+04  0.20001973E+04
  0.19914823E+04  0.19828872E+04  0.19744051E+04  0.19660287E+04  0.19577550E+04
  0.19495787E+04  0.19414940E+04  0.19334950E+04  0.19255771E+04  0.19177325E+04
  0.19099619E+04  0.19022414E+04  0.18946183E+04  0.18869415E+04  0.18795912E+04
  0.18703210E+04  0.18644923E+04  0.32158900E+04  0.32165264E+04  0.32187013E+04
  0.32208513E+04  0.32217067E+04  0.32220480E+04  0.32221765E+04  0.32222012E+04
  0.32221602E+04  0.32220659E+04  0.32219214E+04  0.32217234E+04  0.32214629E+04
  0.32211246E+04  0.32206864E+04  0.32201177E+04  0.32193763E+04  0.32184062E+04
  0.32171323E+04  0.32154504E+04  0.32132204E+04  0.32102548E+04  0.32063008E+04
  0.32010244E+04  0.31939916E+04  0.31846546E+04  0.31724586E+04  0.31567855E+04
  0.31370081E+04  0.31127708E+04  0.30843595E+04  0.30526027E+04  0.30189255E+04
  0.29846193E+04  0.29505975E+04  0.29180485E+04  0.28877778E+04  0.28596983E+04
  0.28330032E+04  0.28068000E+04  0.27804773E+04  0.27537433E+04  0.27265702E+04
  0.26990854E+04  0.26714789E+04  0.26439864E+04  0.26167884E+04  0.25898991E+04
  0.25632710E+04  0.25368941E+04  0.25107857E+04  0.24849672E+04  0.24594475E+04
  0.24342207E+04  0.24092791E+04  0.23846366E+04  0.23603508E+04  0.23365562E+04
  0.23134621E+04  0.22913064E+04  0.22703137E+04  0.22506778E+04  0.22325567E+04
  0.22160243E+04  0.22010122E+04  0.21872464E+04  0.21744590E+04  0.21624687E+04
  0.21510558E+04  0.21400231E+04  0.21292201E+04  0.21185629E+04  0.21080270E+04
  0.20976191E+04  0.20873570E+04  0.20772573E+04  0.20673287E+04  0.20575710E+04
  0.20479791E+04  0.20385459E+04  0.20292645E+04  0.20201278E+04  0.20111278E+04
  0.20022583E+04  0.19935133E+04  0.19848880E+04  0.19763762E+04  0.19679717E+04
  0.19596701E+04  0.19514660E+04  0.19433542E+04  0.19353292E+04  0.19273859E+04
  0.19195168E+04  0.19117228E+04  0.19039797E+04  0.18963356E+04  0.18886389E+04
  0.18812705E+04  0.18719798E+04  0.18661384E+04  0.32159033E+04  0.32165642E+04
  0.32188282E+04  0.32210676E+04  0.32219488E+04  0.32222856E+04  0.32224036E+04
  0.32224202E+04  0.32223740E+04  0.32222766E+04  0.32221312E+04  0.32219338E+04
  0.32216750E+04  0.32213392E+04  0.32209039E+04  0.32203380E+04  0.32195987E+04
  0.32186293E+04  0.32173540E+04  0.32156667E+04  0.32134249E+04  0.32104389E+04
  0.32064542E+04  0.32011349E+04  0.31940465E+04  0.31846337E+04  0.31723446E+04
  0.31565657E+04  0.31366632E+04  0.31122801E+04  0.30837064E+04  0.30517776E+04
  0.30179468E+04  0.29835687E+04  0.29496390E+04  0.29173684E+04  0.28874566E+04
  0.28596480E+04  0.28330342E+04  0.28067211E+04  0.27801458E+04  0.27530862E+04
  0.27255699E+04  0.26977551E+04  0.26698399E+04  0.26420606E+04  0.26145997E+04
  0.25874709E+04  0.25606258E+04  0.25340542E+04  0.25077690E+04  0.24817816E+04
  0.24560875E+04  0.24306721E+04  0.24055323E+04  0.23807073E+04  0.23563097E+04
  0.23325442E+04  0.23096746E+04  0.22879661E+04  0.22676303E+04  0.22488486E+04
  0.22317514E+04  0.22162654E+04  0.22021148E+04  0.21890118E+04  0.21767237E+04
  0.21650294E+04  0.21537292E+04  0.21426685E+04  0.21317603E+04  0.21209801E+04
  0.21103365E+04  0.20998481E+04  0.20895319E+04  0.20793960E+04  0.20694390E+04
  0.20596545E+04  0.20500359E+04  0.20405755E+04  0.20312670E+04  0.20221018E+04
  0.20130719E+04  0.20041733E+04  0.19954005E+04  0.19867458E+04  0.19782048E+04
  0.19697735E+04  0.19614446E+04  0.19532129E+04  0.19450739E+04  0.19370226E+04
  0.19290544E+04  0.19211616E+04  0.19133451E+04  0.19055808E+04  0.18979176E+04
  0.18902031E+04  0.18828199E+04  0.18735133E+04  0.18676617E+04  0.32159183E+04
  0.32166001E+04  0.32189342E+04  0.32212401E+04  0.32221379E+04  0.32224704E+04
  0.32225820E+04  0.32225943E+04  0.32225464E+04  0.32224493E+04  0.32223056E+04
  0.32221112E+04  0.32218562E+04  0.32215247E+04  0.32210940E+04  0.32205323E+04
  0.32197965E+04  0.32188288E+04  0.32175527E+04  0.32158612E+04  0.32136089E+04
  0.32106038E+04  0.32065889E+04  0.32012265E+04  0.31940805E+04  0.31845872E+04
  0.31721985E+04  0.31563055E+04  0.31362664E+04  0.31117226E+04  0.30829697E+04
  0.30508516E+04  0.30168534E+04  0.29824018E+04  0.29485798E+04  0.29166099E+04
  0.28870666E+04  0.28595176E+04  0.28329612E+04  0.28065145E+04  0.27796706E+04
  0.27522757E+04  0.27244116E+04  0.26962635E+04  0.26680363E+04  0.26399666E+04
  0.26122388E+04  0.25848674E+04  0.25578033E+04  0.25310358E+04  0.25045710E+04
  0.24784071E+04  0.24525260E+04  0.24269090E+04  0.24015696E+04  0.23765931E+04
  0.23521676E+04  0.23285671E+04  0.23060898E+04  0.22850082E+04  0.22655100E+04
  0.22477217E+04  0.22316802E+04  0.22171160E+04  0.22036542E+04  0.21910536E+04
  0.21790838E+04  0.21675231E+04  0.21562071E+04  0.21450479E+04  0.21340227E+04
  0.21231422E+04  0.21124259E+04  0.21018904E+04  0.20915436E+04  0.20813826E+04
  0.20714007E+04  0.20615907E+04  0.20519461E+04  0.20424585E+04  0.20331206E+04
  0.20239260E+04  0.20148673E+04  0.20059393E+04  0.19971364E+04  0.19884517E+04
  0.19798801E+04  0.19714182E+04  0.19630599E+04  0.19547999E+04  0.19466334E+04
  0.19385553E+04  0.19305614E+04  0.19226444E+04  0.19148053E+04  0.19070205E+04
  0.18993393E+04  0.18916088E+04  0.18842124E+04  0.18748930E+04  0.18690342E+04
  0.32159339E+04  0.32166314E+04  0.32190099E+04  0.32213535E+04  0.32222617E+04
  0.32225952E+04  0.32227067E+04  0.32227199E+04  0.32226742E+04  0.32225808E+04
  0.32224417E+04  0.32222529E+04  0.32220042E+04  0.32216795E+04  0.32212553E+04
  0.32206994E+04  0.32199683E+04  0.32190033E+04  0.32177271E+04  0.32160317E+04
  0.32137696E+04  0.32107459E+04  0.32067007E+04  0.32012939E+04  0.31940878E+04
  0.31845094E+04  0.31720142E+04  0.31559982E+04  0.31358107E+04  0.31110910E+04
  0.30821405E+04  0.30498140E+04  0.30156319E+04  0.29811062E+04  0.29474114E+04
  0.29157657E+04  0.28865986E+04  0.28592951E+04  0.28327705E+04  0.28061676E+04
  0.27790424E+04  0.27513084E+04  0.27230983E+04  0.26946207E+04  0.26660848E+04
  0.26377269E+04  0.26097331E+04  0.25821189E+04  0.25548355E+04  0.25278699E+04
  0.25012192E+04  0.24748660E+04  0.24487806E+04  0.24229499E+04  0.23974220E+04
  0.23723558E+04  0.23480204E+04  0.23247460E+04  0.23028503E+04  0.22825794E+04
  0.22640609E+04  0.22473446E+04  0.22322695E+04  0.22184377E+04  0.22055093E+04
  0.21932407E+04  0.21814119E+04  0.21698450E+04  0.21584396E+04  0.21471701E+04
  0.21360497E+04  0.21251008E+04  0.21143404E+04  0.21037765E+04  0.20934061E+04
  0.20832204E+04  0.20732129E+04  0.20633760E+04  0.20537027E+04  0.20441857E+04
  0.20348160E+04  0.20255889E+04  0.20164991E+04  0.20075381E+04  0.19987010E+04
  0.19899831E+04  0.19813790E+04  0.19728842E+04  0.19644942E+04  0.19562038E+04
  0.19480082E+04  0.19399021E+04  0.19318816E+04  0.19239398E+04  0.19160783E+04
  0.19082735E+04  0.19005754E+04  0.18928310E+04  0.18854230E+04  0.18760938E+04
  0.18702302E+04  0.32159462E+04  0.32166509E+04  0.32190484E+04  0.32214085E+04
  0.32223240E+04  0.32226627E+04  0.32227786E+04  0.32227966E+04  0.32227564E+04
  0.32226692E+04  0.32225374E+04  0.32223570E+04  0.32221175E+04  0.32218020E+04
  0.32213865E+04  0.32208383E+04  0.32201131E+04  0.32191516E+04  0.32178758E+04
  0.32161768E+04  0.32139049E+04  0.32108624E+04  0.32067862E+04  0.32013326E+04
  0.31940636E+04  0.31843954E+04  0.31717859E+04  0.31556369E+04  0.31352879E+04
  0.31103754E+04  0.30812077E+04  0.30486526E+04  0.30142698E+04  0.29796722E+04
  0.29461288E+04  0.29148321E+04  0.28860479E+04  0.28589739E+04  0.28324563E+04
  0.28056782E+04  0.27782639E+04  0.27501929E+04  0.27216447E+04  0.26928467E+04
  0.26640093E+04  0.26353675E+04  0.26071087E+04  0.25792506E+04  0.25517444E+04
  0.25245741E+04  0.24977242E+04  0.24711617E+04  0.24448508E+04  0.24188003E+04
  0.23931206E+04  0.23680619E+04  0.23439668E+04  0.23212033E+04  0.23000756E+04
  0.22807745E+04  0.22633539E+04  0.22476833E+04  0.22334049E+04  0.22201255E+04
  0.22075566E+04  0.21954463E+04  0.21836129E+04  0.21719522E+04  0.21604339E+04
  0.21490694E+04  0.21378809E+04  0.21268876E+04  0.21160970E+04  0.21055082E+04
  0.20951114E+04  0.20848968E+04  0.20748604E+04  0.20649938E+04  0.20552879E+04
  0.20457367E+04  0.20363327E+04  0.20270691E+04  0.20179418E+04  0.20089441E+04
  0.20000708E+04  0.19913174E+04  0.19826790E+04  0.19741505E+04  0.19657272E+04
  0.19574045E+04  0.19491780E+04  0.19410431E+04  0.19329960E+04  0.19250299E+04
  0.19171470E+04  0.19093239E+04  0.19016109E+04  0.18938546E+04  0.18864378E+04
  0.18771023E+04  0.18712359E+04  0.32159528E+04  0.32166560E+04  0.32190542E+04
  0.32214177E+04  0.32223382E+04  0.32226833E+04  0.32228046E+04  0.32228280E+04
  0.32227943E+04  0.32227151E+04  0.32225930E+04  0.32224236E+04  0.32221957E+04
  0.32218917E+04  0.32214869E+04  0.32209479E+04  0.32202297E+04  0.32192725E+04
  0.32179977E+04  0.32162954E+04  0.32140135E+04  0.32109515E+04  0.32068429E+04
  0.32013405E+04  0.31940052E+04  0.31842411E+04  0.31715088E+04  0.31552161E+04
  0.31346913E+04  0.31095682E+04  0.30801626E+04  0.30473585E+04  0.30127608E+04
  0.29780978E+04  0.29447339E+04  0.29138137E+04  0.28854181E+04  0.28585553E+04
  0.28320214E+04  0.28050538E+04  0.27773469E+04  0.27489458E+04  0.27200712E+04
  0.26909639E+04  0.26618321E+04  0.26329080E+04  0.26043814E+04  0.25762734E+04
  0.25485359E+04  0.25211469E+04  0.24940768E+04  0.24672782E+04  0.24407216E+04
  0.24144603E+04  0.23886997E+04  0.23637813E+04  0.23401030E+04  0.23180497E+04
  0.22978647E+04  0.22796240E+04  0.22633032E+04  0.22485460E+04  0.22348629E+04
  0.22219580E+04  0.22095728E+04  0.21974861E+04  0.21855733E+04  0.21738013E+04
  0.21621858E+04  0.21507526E+04  0.21395194E+04  0.21284961E+04  0.21176791E+04
  0.21070613E+04  0.20966348E+04  0.20863904E+04  0.20763217E+04  0.20664207E+04
  0.20566788E+04  0.20470893E+04  0.20376468E+04  0.20283446E+04  0.20191779E+04
  0.20101420E+04  0.20012317E+04  0.19924420E+04  0.19837680E+04  0.19752048E+04
  0.19667478E+04  0.19583927E+04  0.19501356E+04  0.19419724E+04  0.19338998E+04
  0.19259112E+04  0.19180092E+04  0.19101701E+04  0.19024447E+04  0.18946793E+04
  0.18872564E+04  0.18779181E+04  0.18720510E+04  0.32159540E+04  0.32166519E+04
  0.32190410E+04  0.32213987E+04  0.32223200E+04  0.32226693E+04  0.32227938E+04
  0.32228209E+04  0.32227925E+04  0.32227220E+04  0.32226113E+04  0.32224546E+04
  0.32222399E+04  0.32219489E+04  0.32215561E+04  0.32210274E+04  0.32203173E+04
  0.32193651E+04  0.32180918E+04  0.32163863E+04  0.32140941E+04  0.32110116E+04
  0.32068688E+04  0.32013149E+04  0.31939096E+04  0.31840433E+04  0.31711791E+04
  0.31547312E+04  0.31340156E+04  0.31086631E+04  0.30789988E+04  0.30459261E+04
  0.30111026E+04  0.29763857E+04  0.29432347E+04  0.29127206E+04  0.28847178E+04
  0.28580472E+04  0.28314755E+04  0.28043067E+04  0.27763072E+04  0.27475855E+04
  0.27183969E+04  0.26889892E+04  0.26595658E+04  0.26303552E+04  0.26015516E+04
  0.25731819E+04  0.25451984E+04  0.25175706E+04  0.24902527E+04  0.24631888E+04
  0.24363745E+04  0.24099419E+04  0.23842080E+04  0.23595954E+04  0.23365353E+04
  0.23153822E+04  0.22962662E+04  0.22791345E+04  0.22637814E+04  0.22497183E+04
  0.22364697E+04  0.22237739E+04  0.22114201E+04  0.21992633E+04  0.21872493E+04
  0.21753852E+04  0.21637027E+04  0.21522251E+04  0.21409615E+04  0.21299122E+04
  0.21190688E+04  0.21084203E+04  0.20979616E+04  0.20876860E+04  0.20775819E+04
  0.20676427E+04  0.20578620E+04  0.20482331E+04  0.20387508E+04  0.20294097E+04
  0.20202045E+04  0.20111304E+04  0.20021827E+04  0.19933563E+04  0.19846466E+04
  0.19760490E+04  0.19675590E+04  0.19591729E+04  0.19508871E+04  0.19426977E+04
  0.19346018E+04  0.19265934E+04  0.19186749E+04  0.19108227E+04  0.19030877E+04
  0.18953158E+04  0.18878894E+04  0.18785518E+04  0.18726863E+04  0.32159492E+04
  0.32166400E+04  0.32190125E+04  0.32213589E+04  0.32222773E+04  0.32226259E+04
  0.32227523E+04  0.32227833E+04  0.32227607E+04  0.32226982E+04  0.32225981E+04
  0.32224540E+04  0.32222529E+04  0.32219754E+04  0.32215950E+04  0.32210772E+04
  0.32203757E+04  0.32194290E+04  0.32181574E+04  0.32164486E+04  0.32141455E+04
  0.32110412E+04  0.32068622E+04  0.32012539E+04  0.31937744E+04  0.31837993E+04
  0.31707939E+04  0.31541789E+04  0.31332573E+04  0.31076564E+04  0.30777127E+04
  0.30443533E+04  0.30092965E+04  0.29745430E+04  0.29416435E+04  0.29115680E+04
  0.28839595E+04  0.28574614E+04  0.28308314E+04  0.28034498E+04  0.27751585E+04
  0.27461253E+04  0.27166320E+04  0.26869278E+04  0.26572086E+04  0.26277006E+04
  0.25986055E+04  0.25699581E+04  0.25417100E+04  0.25138182E+04  0.24862208E+04
  0.24588653E+04  0.24318012E+04  0.24052761E+04  0.23797171E+04  0.23556043E+04
  0.23333721E+04  0.23132816E+04  0.22953023E+04  0.22792414E+04  0.22646740E+04
  0.22510750E+04  0.22380879E+04  0.22254573E+04  0.22130351E+04  0.22007692E+04
  0.21886603E+04  0.21767298E+04  0.21650056E+04  0.21534993E+04  0.21422110E+04
  0.21311339E+04  0.21202610E+04  0.21095825E+04  0.20990898E+04  0.20887779E+04
  0.20786367E+04  0.20686593E+04  0.20588397E+04  0.20491720E+04  0.20396509E+04
  0.20302714E+04  0.20210285E+04  0.20119173E+04  0.20029330E+04  0.19940708E+04
  0.19853264E+04  0.19766955E+04  0.19681745E+04  0.19597596E+04  0.19514478E+04
  0.19432353E+04  0.19351194E+04  0.19270941E+04  0.19191620E+04  0.19112995E+04
  0.19035575E+04  0.18957817E+04  0.18883543E+04  0.18790206E+04  0.18731586E+04
  0.32159357E+04  0.32166110E+04  0.32189513E+04  0.32212790E+04  0.32221932E+04
  0.32225418E+04  0.32226750E+04  0.32227168E+04  0.32227056E+04  0.32226525E+04
  0.32225609E+04  0.32224271E+04  0.32222380E+04  0.32219733E+04  0.32216051E+04
  0.32210982E+04  0.32204056E+04  0.32194644E+04  0.32181942E+04  0.32164815E+04
  0.32141664E+04  0.32110389E+04  0.32068216E+04  0.32011555E+04  0.31935973E+04
  0.31835066E+04  0.31703506E+04  0.31535567E+04  0.31324136E+04  0.31065454E+04
  0.30763025E+04  0.30426390E+04  0.30073447E+04  0.29725773E+04  0.29399738E+04
  0.29103706E+04  0.28831538E+04  0.28568056E+04  0.28300973E+04  0.28024902E+04
  0.27739065E+04  0.27445678E+04  0.27147744E+04  0.26847716E+04  0.26547466E+04
  0.26249253E+04  0.25955211E+04  0.25665784E+04  0.25380445E+04  0.25098606E+04
  0.24819514E+04  0.24542890E+04  0.24270175E+04  0.24005212E+04  0.23753214E+04
  0.23519231E+04  0.23307119E+04  0.23117635E+04  0.22949036E+04  0.22797562E+04
  0.22657511E+04  0.22524466E+04  0.22395626E+04  0.22268989E+04  0.22143782E+04
  0.22020118E+04  0.21898313E+04  0.21778593E+04  0.21661089E+04  0.21545804E+04
  0.21432688E+04  0.21321637E+04  0.21212593E+04  0.21105485E+04  0.21000220E+04
  0.20896732E+04  0.20794951E+04  0.20694806E+04  0.20596234E+04  0.20499182E+04
  0.20403599E+04  0.20309437E+04  0.20216647E+04  0.20125179E+04  0.20034986E+04
  0.19946024E+04  0.19858252E+04  0.19771636E+04  0.19686140E+04  0.19601735E+04
  0.19518388E+04  0.19436064E+04  0.19354737E+04  0.19274347E+04  0.19194920E+04
  0.19116217E+04  0.19038753E+04  0.18960981E+04  0.18886720E+04  0.18793454E+04
  0.18734889E+04  0.32159120E+04  0.32165649E+04  0.32188411E+04  0.32211206E+04
  0.32220319E+04  0.32223931E+04  0.32225463E+04  0.32226101E+04  0.32226197E+04
  0.32225834E+04  0.32225035E+04  0.32223783E+04  0.32221986E+04  0.32219449E+04
  0.32215885E+04  0.32210926E+04  0.32204086E+04  0.32194725E+04  0.32182026E+04
  0.32164846E+04  0.32141561E+04  0.32110034E+04  0.32067450E+04  0.32010171E+04
  0.31933755E+04  0.31831621E+04  0.31698460E+04  0.31528616E+04  0.31314817E+04
  0.31053278E+04  0.30747654E+04  0.30407798E+04  0.30052452E+04  0.29704932E+04
  0.29382358E+04  0.29091381E+04  0.28823043E+04  0.28560790E+04  0.28292715E+04
  0.28014255E+04  0.27725466E+04  0.27429052E+04  0.27128114E+04  0.26825028E+04
  0.26521579E+04  0.26220054E+04  0.25922746E+04  0.25630190E+04  0.25341771E+04
  0.25056715E+04  0.24774218E+04  0.24494590E+04  0.24220672E+04  0.23957661E+04
  0.23711417E+04  0.23486747E+04  0.23286264E+04  0.23108382E+04  0.22949771E+04
  0.22805233E+04  0.22668747E+04  0.22537110E+04  0.22408119E+04  0.22280647E+04
  0.22154574E+04  0.22030199E+04  0.21907931E+04  0.21787964E+04  0.21670259E+04
  0.21554760E+04  0.21441399E+04  0.21330083E+04  0.21220739E+04  0.21113307E+04
  0.21007710E+04  0.20903874E+04  0.20801734E+04  0.20701227E+04  0.20602296E+04
  0.20504890E+04  0.20408958E+04  0.20314451E+04  0.20221320E+04  0.20129516E+04
  0.20038995E+04  0.19949717E+04  0.19861646E+04  0.19774751E+04  0.19689004E+04
  0.19604374E+04  0.19520831E+04  0.19438341E+04  0.19356879E+04  0.19276383E+04
  0.19196879E+04  0.19118128E+04  0.19040646E+04  0.18962888E+04  0.18888666E+04
  0.18795501E+04  0.18737011E+04  0.32158753E+04  0.32164910E+04  0.32186535E+04
  0.32208453E+04  0.32217601E+04  0.32221556E+04  0.32223476E+04  0.32224479E+04
  0.32224897E+04  0.32224804E+04  0.32224207E+04  0.32223082E+04  0.32221365E+04
  0.32218920E+04  0.32215473E+04  0.32210622E+04  0.32203863E+04  0.32194544E+04
  0.32181834E+04  0.32164582E+04  0.32141140E+04  0.32109335E+04  0.32066304E+04
  0.32008362E+04  0.31931056E+04  0.31827619E+04  0.31692756E+04  0.31520887E+04
  0.31304567E+04  0.31039985E+04  0.30730928E+04  0.30387635E+04  0.30029904E+04
  0.29682909E+04  0.29364338E+04  0.29078722E+04  0.28814065E+04  0.28552723E+04
  0.28283427E+04  0.28002439E+04  0.27710662E+04  0.27411217E+04  0.27107234E+04
  0.26800985E+04  0.26494179E+04  0.26189174E+04  0.25888446E+04  0.25592600E+04
  0.25300876E+04  0.25012295E+04  0.24726215E+04  0.24444019E+04  0.24170248E+04
  0.23911252E+04  0.23673087E+04  0.23459607E+04  0.23271298E+04  0.23104572E+04
  0.22954082E+04  0.22814080E+04  0.22679525E+04  0.22547953E+04  0.22418149E+04
  0.22289769E+04  0.22163053E+04  0.22038288E+04  0.21915749E+04  0.21795576E+04
  0.21677686E+04  0.21561982E+04  0.21448385E+04  0.21336816E+04  0.21227199E+04
  0.21119465E+04  0.21013549E+04  0.20909380E+04  0.20806900E+04  0.20706052E+04
  0.20606785E+04  0.20509049E+04  0.20412793E+04  0.20317964E+04  0.20224514E+04
  0.20132397E+04  0.20041574E+04  0.19952009E+04  0.19863673E+04  0.19776537E+04
  0.19690574E+04  0.19605756E+04  0.19522055E+04  0.19439436E+04  0.19357875E+04
  0.19277308E+04  0.19197760E+04  0.19118990E+04  0.19041520E+04  0.18963802E+04
  0.18889646E+04  0.18796613E+04  0.18738217E+04  0.32158249E+04  0.32163826E+04
  0.32183770E+04  0.32204414E+04  0.32213628E+04  0.32218131E+04  0.32220643E+04
  0.32222176E+04  0.32223044E+04  0.32223324E+04  0.32223024E+04  0.32222113E+04
  0.32220523E+04  0.32218170E+04  0.32214829E+04  0.32210078E+04  0.32203394E+04
  0.32194109E+04  0.32181373E+04  0.32164025E+04  0.32140399E+04  0.32108280E+04
  0.32064759E+04  0.32006099E+04  0.31927838E+04  0.31823011E+04  0.31686336E+04
  0.31512313E+04  0.31293307E+04  0.31025487E+04  0.30712662E+04  0.30365694E+04
  0.30005701E+04  0.29659671E+04  0.29345671E+04  0.29065672E+04  0.28804482E+04
  0.28543706E+04  0.28272959E+04  0.27989302E+04  0.27694481E+04  0.27391971E+04
  0.27084875E+04  0.26775345E+04  0.26465039E+04  0.26156415E+04  0.25852150E+04
  0.25552871E+04  0.25257606E+04  0.24965209E+04  0.24675585E+04  0.24391754E+04
  0.24119980E+04  0.23867341E+04  0.23639456E+04  0.23438401E+04  0.23261997E+04
  0.23104820E+04  0.22960153E+04  0.22822622E+04  0.22688707E+04  0.22556543E+04
  0.22425814E+04  0.22296716E+04  0.22169565E+04  0.22044621E+04  0.21921964E+04
  0.21801627E+04  0.21683552E+04  0.21567649E+04  0.21453832E+04  0.21342026E+04
  0.21232154E+04  0.21124143E+04  0.21017928E+04  0.20913448E+04  0.20810652E+04
  0.20709491E+04  0.20609916E+04  0.20511875E+04  0.20415317E+04  0.20320190E+04
  0.20226446E+04  0.20134045E+04  0.20042952E+04  0.19953139E+04  0.19864580E+04
  0.19777249E+04  0.19691118E+04  0.19606159E+04  0.19522342E+04  0.19439633E+04
  0.19358007E+04  0.19277398E+04  0.19197833E+04  0.19119072E+04  0.19041640E+04
  0.18963988E+04  0.18889921E+04  0.18797046E+04  0.18738759E+04  0.32157522E+04
  0.32162605E+04  0.32180528E+04  0.32199359E+04  0.32208529E+04  0.32213645E+04
  0.32216893E+04  0.32219098E+04  0.32220539E+04  0.32221295E+04  0.32221386E+04
  0.32220784E+04  0.32219420E+04  0.32217197E+04  0.32213945E+04  0.32209289E+04
  0.32202673E+04  0.32193415E+04  0.32180642E+04  0.32163177E+04  0.32139335E+04
  0.32106862E+04  0.32062799E+04  0.32003357E+04  0.31924065E+04  0.31817744E+04
  0.31679133E+04  0.31502808E+04  0.31280931E+04  0.31009653E+04  0.30692656E+04
  0.30341783E+04  0.29979732E+04  0.29635151E+04  0.29326318E+04  0.29052122E+04
  0.28794112E+04  0.28533623E+04  0.28261201E+04  0.27974656E+04  0.27676706E+04
  0.27371084E+04  0.27060809E+04  0.26747896E+04  0.26433979E+04  0.26121651E+04
  0.25813771E+04  0.25510920E+04  0.25211856E+04  0.24915431E+04  0.24622661E+04
  0.24338664E+04  0.24071165E+04  0.23827423E+04  0.23611605E+04  0.23423317E+04
  0.23257650E+04  0.23107685E+04  0.22966717E+04  0.22830096E+04  0.22695815E+04
  0.22562897E+04  0.22431400E+04  0.22301817E+04  0.22174453E+04  0.22049447E+04
  0.21926752E+04  0.21806305E+04  0.21688059E+04  0.21571959E+04  0.21457934E+04
  0.21345908E+04  0.21235799E+04  0.21127532E+04  0.21021044E+04  0.20916284E+04
  0.20813204E+04  0.20711761E+04  0.20611907E+04  0.20513588E+04  0.20416752E+04
  0.20321352E+04  0.20227348E+04  0.20134703E+04  0.20043387E+04  0.19953374E+04
  0.19864640E+04  0.19777159E+04  0.19690901E+04  0.19605839E+04  0.19521940E+04
  0.19439171E+04  0.19357502E+04  0.19276873E+04  0.19197312E+04  0.19118579E+04
  0.19041202E+04  0.18963634E+04  0.18889673E+04  0.18796974E+04  0.18738807E+04
  0.32156672E+04  0.32161349E+04  0.32177047E+04  0.32193659E+04  0.32202597E+04
  0.32208250E+04  0.32212256E+04  0.32215210E+04  0.32217311E+04  0.32218631E+04
  0.32219199E+04  0.32218994E+04  0.32217948E+04  0.32215927E+04  0.32212790E+04
  0.32208228E+04  0.32201688E+04  0.32192459E+04  0.32179637E+04  0.32162034E+04
  0.32137944E+04  0.32105072E+04  0.32060409E+04  0.32000111E+04  0.31919699E+04
  0.31811767E+04  0.31671074E+04  0.31492279E+04  0.31267319E+04  0.30992331E+04
  0.30670769E+04  0.30315723E+04  0.29951807E+04  0.29609257E+04  0.29306232E+04
  0.29037923E+04  0.28782798E+04  0.28522416E+04  0.28248001E+04  0.27958247E+04
  0.27657100E+04  0.27348351E+04  0.27034856E+04  0.26718495E+04  0.26400904E+04
  0.26084832E+04  0.25773282E+04  0.25466700E+04  0.25163559E+04  0.24863069E+04
  0.24568074E+04  0.24285912E+04  0.24025254E+04  0.23792736E+04  0.23590037E+04
  0.23413832E+04  0.23256922E+04  0.23111785E+04  0.22972737E+04  0.22836060E+04
  0.22700916E+04  0.22567240E+04  0.22435262E+04  0.22305454E+04  0.22178044E+04
  0.22053025E+04  0.21930294E+04  0.21809762E+04  0.21691381E+04  0.21575111E+04
  0.21460895E+04  0.21348661E+04  0.21238331E+04  0.21129831E+04  0.21023102E+04
  0.20918097E+04  0.20814773E+04  0.20713083E+04  0.20612979E+04  0.20514410E+04
  0.20417329E+04  0.20321693E+04  0.20227467E+04  0.20134619E+04  0.20043122E+04
  0.19952950E+04  0.19864076E+04  0.19776475E+04  0.19690116E+04  0.19604971E+04
  0.19521008E+04  0.19438192E+04  0.19356494E+04  0.19275855E+04  0.19196306E+04
  0.19117608E+04  0.19040292E+04  0.18962814E+04  0.18888962E+04  0.18796448E+04
  0.18738405E+04  0.32155886E+04  0.32160016E+04  0.32173448E+04  0.32187842E+04
  0.32196302E+04  0.32202248E+04  0.32206885E+04  0.32210550E+04  0.32213336E+04
  0.32215275E+04  0.32216385E+04  0.32216650E+04  0.32215994E+04  0.32214269E+04
  0.32211298E+04  0.32206845E+04  0.32200410E+04  0.32191224E+04  0.32178347E+04
  0.32160584E+04  0.32136213E+04  0.32102897E+04  0.32057572E+04  0.31996337E+04
  0.31914705E+04  0.31805028E+04  0.31662088E+04  0.31480632E+04  0.31252345E+04
  0.30973355E+04  0.30646884E+04  0.30287381E+04  0.29921762E+04  0.29581919E+04
  0.29285354E+04  0.29022893E+04  0.28770492E+04  0.28509954E+04  0.28232989E+04
  0.27939837E+04  0.27635513E+04  0.27323662E+04  0.27006935E+04  0.26687088E+04
  0.26365793E+04  0.26045962E+04  0.25730680E+04  0.25420162E+04  0.25112674E+04
  0.24808410E+04  0.24512698E+04  0.24234848E+04  0.23983742E+04  0.23764164E+04
  0.23574702E+04  0.23408951E+04  0.23258359E+04  0.23115981E+04  0.22977424E+04
  0.22840266E+04  0.22704284E+04  0.22569992E+04  0.22437812E+04  0.22307995E+04
  0.22180597E+04  0.22055553E+04  0.21932772E+04  0.21812174E+04  0.21693698E+04
  0.21577296E+04  0.21462915E+04  0.21350491E+04  0.21239957E+04  0.21131249E+04
  0.21024312E+04  0.20919100E+04  0.20815567E+04  0.20713666E+04  0.20613345E+04
  0.20514556E+04  0.20417257E+04  0.20321413E+04  0.20226992E+04  0.20133967E+04
  0.20042310E+04  0.19951998E+04  0.19863002E+04  0.19775294E+04  0.19688844E+04
  0.19603622E+04  0.19519595E+04  0.19436727E+04  0.19354995E+04  0.19274339E+04
  0.19194792E+04  0.19116120E+04  0.19038855E+04  0.18961456E+04  0.18887704E+04
  0.18795369E+04  0.18737450E+04  0.32155104E+04  0.32158550E+04  0.32169912E+04
  0.32182376E+04  0.32190146E+04  0.32196055E+04  0.32201043E+04  0.32205252E+04
  0.32208656E+04  0.32211212E+04  0.32212896E+04  0.32213683E+04  0.32213480E+04
  0.32212129E+04  0.32209403E+04  0.32205103E+04  0.32198790E+04  0.32189657E+04
  0.32176728E+04  0.32158792E+04  0.32134114E+04  0.32100312E+04  0.32054264E+04
  0.31992004E+04  0.31909043E+04  0.31797472E+04  0.31652104E+04  0.31467771E+04
  0.31235883E+04  0.30952559E+04  0.30620913E+04  0.30256679E+04  0.29889461E+04
  0.29553098E+04  0.29263625E+04  0.29006947E+04  0.28756958E+04  0.28495838E+04
  0.28215952E+04  0.27919389E+04  0.27611938E+04  0.27297010E+04  0.26977033E+04
  0.26653668E+04  0.26328652E+04  0.26005052E+04  0.25685944E+04  0.25371230E+04
  0.25059224E+04  0.24751983E+04  0.24457665E+04  0.24186930E+04  0.23947877E+04
  0.23742133E+04  0.23564954E+04  0.23407539E+04  0.23260935E+04  0.23119596E+04
  0.22980590E+04  0.22842750E+04  0.22706197E+04  0.22571597E+04  0.22439385E+04
  0.22309630E+04  0.22182256E+04  0.22057188E+04  0.21934365E+04  0.21813721E+04
  0.21695184E+04  0.21578686E+04  0.21464171E+04  0.21351582E+04  0.21240867E+04
  0.21131976E+04  0.21024861E+04  0.20919472E+04  0.20815757E+04  0.20713662E+04
  0.20613138E+04  0.20514140E+04  0.20416632E+04  0.20320587E+04  0.20225978E+04
  0.20132780E+04  0.20040967E+04  0.19950512E+04  0.19861387E+04  0.19773561E+04
  0.19687005E+04  0.19601685E+04  0.19517571E+04  0.19434630E+04  0.19352837E+04
  0.19272139E+04  0.19192570E+04  0.19113896E+04  0.19036657E+04  0.18959311E+04
  0.18885640E+04  0.18793469E+04  0.18735668E+04  0.32154457E+04  0.32157228E+04
  0.32166696E+04  0.32177407E+04  0.32184431E+04  0.32190092E+04  0.32195125E+04
  0.32199599E+04  0.32203435E+04  0.32206511E+04  0.32208742E+04  0.32210059E+04
  0.32210341E+04  0.32209413E+04  0.32207033E+04  0.32202941E+04  0.32196737E+04
  0.32187664E+04  0.32174694E+04  0.32156591E+04  0.32131595E+04  0.32097274E+04
  0.32050443E+04  0.31987071E+04  0.31902666E+04  0.31789042E+04  0.31641047E+04
  0.31453599E+04  0.31217808E+04  0.30929780E+04  0.30592725E+04  0.30223471E+04
  0.29854783E+04  0.29522830E+04  0.29241044E+04  0.28990163E+04  0.28741993E+04
  0.28479637E+04  0.28196795E+04  0.27896916E+04  0.27586387E+04  0.27268389E+04
  0.26945134E+04  0.26618220E+04  0.26289475E+04  0.25962091E+04  0.25639013E+04
  0.25319794E+04  0.25003380E+04  0.24694595E+04  0.24404323E+04  0.24143662E+04
  0.23918470E+04  0.23726508E+04  0.23559686E+04  0.23408055E+04  0.23263581E+04
  0.23122141E+04  0.22982252E+04  0.22843739E+04  0.22706938E+04  0.22572339E+04
  0.22440201E+04  0.22310505E+04  0.22183155E+04  0.22058084E+04  0.21935242E+04
  0.21814570E+04  0.21695990E+04  0.21579421E+04  0.21464796E+04  0.21352066E+04
  0.21241190E+04  0.21132130E+04  0.21024842E+04  0.20919275E+04  0.20815369E+04
  0.20713068E+04  0.20612325E+04  0.20513103E+04  0.20415375E+04  0.20319116E+04
  0.20224304E+04  0.20130914E+04  0.20038920E+04  0.19948293E+04  0.19859006E+04
  0.19771026E+04  0.19684324E+04  0.19598866E+04  0.19514625E+04  0.19431570E+04
  0.19349679E+04  0.19268901E+04  0.19189271E+04  0.19110560E+04  0.19033311E+04
  0.18955987E+04  0.18882370E+04  0.18790346E+04  0.18732658E+04  0.32154073E+04
  0.32156298E+04  0.32164055E+04  0.32173094E+04  0.32179388E+04  0.32184703E+04
  0.32189561E+04  0.32194004E+04  0.32197980E+04  0.32201364E+04  0.32204017E+04
  0.32205802E+04  0.32206542E+04  0.32206046E+04  0.32204054E+04  0.32200213E+04
  0.32194130E+04  0.32185124E+04  0.32172132E+04  0.32153886E+04  0.32128576E+04
  0.32093715E+04  0.32046046E+04  0.31981477E+04  0.31895508E+04  0.31779662E+04
  0.31628829E+04  0.31438007E+04  0.31197982E+04  0.30904851E+04  0.30562055E+04
  0.30187526E+04  0.29817700E+04  0.29491209E+04  0.29217662E+04  0.28972553E+04
  0.28725616E+04  0.28461251E+04  0.28175357E+04  0.27872322E+04  0.27558809E+04
  0.27237758E+04  0.26911201E+04  0.26580714E+04  0.26248245E+04  0.25917048E+04
  0.25589793E+04  0.25265772E+04  0.24945521E+04  0.24637307E+04  0.24354157E+04
  0.24106356E+04  0.23895864E+04  0.23716507E+04  0.23557666E+04  0.23409291E+04
  0.23265404E+04  0.23123293E+04  0.22982547E+04  0.22843588E+04  0.22706807E+04
  0.22572391E+04  0.22440380E+04  0.22310743E+04  0.22183423E+04  0.22058366E+04
  0.21935522E+04  0.21814825E+04  0.21696193E+04  0.21579542E+04  0.21464803E+04
  0.21351928E+04  0.21240883E+04  0.21131637E+04  0.21024147E+04  0.20918360E+04
  0.20814218E+04  0.20711669E+04  0.20610669E+04  0.20511188E+04  0.20413203E+04
  0.20316694E+04  0.20221639E+04  0.20128014E+04  0.20035792E+04  0.19944945E+04
  0.19855445E+04  0.19767261E+04  0.19680362E+04  0.19594718E+04  0.19510304E+04
  0.19427092E+04  0.19345063E+04  0.19264165E+04  0.19184439E+04  0.19105654E+04
  0.19028363E+04  0.18951030E+04  0.18877442E+04  0.18785549E+04  0.18727966E+04
  0.32153862E+04  0.32155639E+04  0.32161973E+04  0.32169592E+04  0.32175206E+04
  0.32180102E+04  0.32184633E+04  0.32188826E+04  0.32192657E+04  0.32196070E+04
  0.32198915E+04  0.32200991E+04  0.32202083E+04  0.32201963E+04  0.32200333E+04
  0.32196774E+04  0.32190855E+04  0.32181921E+04  0.32168931E+04  0.32150569E+04
  0.32124955E+04  0.32089536E+04  0.32040979E+04  0.31975126E+04  0.31887474E+04
  0.31769231E+04  0.31615335E+04  0.31420864E+04  0.31176248E+04  0.30877587E+04
  0.30528605E+04  0.30148570E+04  0.29778180E+04  0.29458321E+04  0.29193568E+04
  0.28953845E+04  0.28707589E+04  0.28440808E+04  0.28151696E+04  0.27845603E+04
  0.27529171E+04  0.27205072E+04  0.26875191E+04  0.26541122E+04  0.26204945E+04
  0.25869878E+04  0.25538162E+04  0.25209194E+04  0.24886296E+04  0.24581450E+04
  0.24308724E+04  0.24075802E+04  0.23879863E+04  0.23710924E+04  0.23557342E+04
  0.23410404E+04  0.23266101E+04  0.23123151E+04  0.22981798E+04  0.22842656E+04
  0.22706010E+04  0.22571803E+04  0.22439930E+04  0.22310352E+04  0.22183053E+04
  0.22057999E+04  0.21935130E+04  0.21814371E+04  0.21695639E+04  0.21578856E+04
  0.21463956E+04  0.21350893E+04  0.21239636E+04  0.21130154E+04  0.21022403E+04
  0.20916333E+04  0.20811890E+04  0.20709028E+04  0.20607713E+04  0.20507920E+04
  0.20409629E+04  0.20312820E+04  0.20217472E+04  0.20123562E+04  0.20031062E+04
  0.19939948E+04  0.19850189E+04  0.19761755E+04  0.19674617E+04  0.19588748E+04
  0.19504125E+04  0.19420720E+04  0.19338516E+04  0.19257465E+04  0.19177608E+04
  0.19098716E+04  0.19021348E+04  0.18943974E+04  0.18870386E+04  0.18778602E+04
  0.18721116E+04  0.32153722E+04  0.32155167E+04  0.32160438E+04  0.32166969E+04
  0.32171968E+04  0.32176363E+04  0.32180440E+04  0.32184235E+04  0.32187725E+04
  0.32190899E+04  0.32193640E+04  0.32195754E+04  0.32197014E+04  0.32197143E+04
  0.32195800E+04  0.32192528E+04  0.32186811E+04  0.32177980E+04  0.32165013E+04
  0.32146539E+04  0.32120611E+04  0.32084608E+04  0.32035111E+04  0.31967891E+04
  0.31878433E+04  0.31757614E+04  0.31600421E+04  0.31402002E+04  0.31152410E+04
  0.30847764E+04  0.30492091E+04  0.30106332E+04  0.29736160E+04  0.29424240E+04
  0.29168833E+04  0.28933880E+04  0.28687639E+04  0.28418207E+04  0.28125808E+04
  0.27816784E+04  0.27497468E+04  0.27170311E+04  0.26837087E+04  0.26499435E+04
  0.26159567E+04  0.25820509E+04  0.25483954E+04  0.25150257E+04  0.24826664E+04
  0.24528551E+04  0.24269453E+04  0.24052289E+04  0.23869481E+04  0.23708379E+04
  0.23557523E+04  0.23410700E+04  0.23265554E+04  0.23121872E+04  0.22980200E+04
  0.22841045E+04  0.22704513E+04  0.22570431E+04  0.22438638E+04  0.22309083E+04
  0.22181763E+04  0.22056652E+04  0.21933686E+04  0.21812784E+04  0.21693867E+04
  0.21576868E+04  0.21461731E+04  0.21348413E+04  0.21236881E+04  0.21127098E+04
  0.21019016E+04  0.20912588E+04  0.20807773E+04  0.20704537E+04  0.20602854E+04
  0.20502703E+04  0.20404063E+04  0.20306913E+04  0.20211230E+04  0.20116991E+04
  0.20024172E+04  0.19932747E+04  0.19842684E+04  0.19753956E+04  0.19666537E+04
  0.19580402E+04  0.19495528E+04  0.19411888E+04  0.19329467E+04  0.19248216E+04
  0.19168179E+04  0.19089128E+04  0.19011633E+04  0.18934170E+04  0.18860537E+04
  0.18768830E+04  0.18711427E+04  0.32153565E+04  0.32154812E+04  0.32159431E+04
  0.32165214E+04  0.32169632E+04  0.32173447E+04  0.32176953E+04  0.32180254E+04
  0.32183298E+04  0.32186034E+04  0.32188422E+04  0.32190324E+04  0.32191510E+04
  0.32191687E+04  0.32190493E+04  0.32187452E+04  0.32181981E+04  0.32173308E+04
  0.32160352E+04  0.32141717E+04  0.32115427E+04  0.32078792E+04  0.32028292E+04
  0.31959616E+04  0.31868227E+04  0.31744646E+04  0.31583907E+04  0.31381219E+04
  0.31126237E+04  0.30815113E+04  0.30452203E+04  0.30060547E+04  0.29691592E+04
  0.29389034E+04  0.29143512E+04  0.28912719E+04  0.28665625E+04  0.28393201E+04
  0.28097577E+04  0.27785831E+04  0.27463695E+04  0.27133475E+04  0.26796885E+04
  0.26455642E+04  0.26112061E+04  0.25768758E+04  0.25426948E+04  0.25089308E+04
  0.24767778E+04  0.24480145E+04  0.24237071E+04  0.24035467E+04  0.23863334E+04
  0.23707153E+04  0.23557253E+04  0.23409702E+04  0.23263611E+04  0.23119372E+04
  0.22977549E+04  0.22838395E+04  0.22701861E+04  0.22567763E+04  0.22435949E+04
  0.22306346E+04  0.22178934E+04  0.22053678E+04  0.21930515E+04  0.21809366E+04
  0.21690167E+04  0.21572863E+04  0.21457410E+04  0.21343768E+04  0.21231898E+04
  0.21121750E+04  0.21013271E+04  0.20906418E+04  0.20801167E+04  0.20697499E+04
  0.20595394E+04  0.20494830E+04  0.20395787E+04  0.20298243E+04  0.20202174E+04
  0.20107555E+04  0.20014360E+04  0.19922564E+04  0.19832137E+04  0.19743054E+04
  0.19655292E+04  0.19568828E+04  0.19483640E+04  0.19399703E+04  0.19316999E+04
  0.19235481E+04  0.19155195E+04  0.19075918E+04  0.18998231E+04  0.18920613E+04
  0.18846876E+04  0.18755201E+04  0.18697865E+04  0.32153318E+04  0.32154490E+04
  0.32158884E+04  0.32164232E+04  0.32168053E+04  0.32171250E+04  0.32174141E+04
  0.32176859E+04  0.32179380E+04  0.32181613E+04  0.32183519E+04  0.32185021E+04
  0.32185920E+04  0.32185936E+04  0.32184728E+04  0.32181823E+04  0.32176565E+04
  0.32168008E+04  0.32154967E+04  0.32136066E+04  0.32109326E+04  0.32071990E+04
  0.32020406E+04  0.31950169E+04  0.31856704E+04  0.31730157E+04  0.31565596E+04
  0.31358286E+04  0.31097460E+04  0.30779318E+04  0.30408581E+04  0.30010927E+04
  0.29644438E+04  0.29352816E+04  0.29117449E+04  0.28890172E+04  0.28641595E+04
  0.28365879E+04  0.28067106E+04  0.27752809E+04  0.27427882E+04  0.27094552E+04
  0.26754525E+04  0.26409620E+04  0.26062185E+04  0.25714175E+04  0.25366838E+04
  0.25026751E+04  0.24710820E+04  0.24437456E+04  0.24211456E+04  0.24023785E+04
  0.23859615E+04  0.23705681E+04  0.23555380E+04  0.23406678E+04  0.23259707E+04
  0.23115076E+04  0.22973141E+04  0.22833893E+04  0.22697205E+04  0.22562942E+04
  0.22430984E+04  0.22301239E+04  0.22173647E+04  0.22048150E+04  0.21924684E+04
  0.21803191E+04  0.21683624E+04  0.21565939E+04  0.21450100E+04  0.21336068E+04
  0.21223790E+04  0.21113203E+04  0.21004252E+04  0.20896909E+04  0.20791159E+04
  0.20686988E+04  0.20584380E+04  0.20483320E+04  0.20383790E+04  0.20285769E+04
  0.20189230E+04  0.20094149E+04  0.20000497E+04  0.19908248E+04  0.19817377E+04
  0.19727861E+04  0.19639682E+04  0.19552816E+04  0.19467241E+04  0.19382931E+04
  0.19299869E+04  0.19218010E+04  0.19137404E+04  0.19057831E+04  0.18979882E+04
  0.18902042E+04  0.18828139E+04  0.18736453E+04  0.18679168E+04  0.32153071E+04
  0.32154258E+04  0.32158662E+04  0.32163749E+04  0.32167016E+04  0.32169624E+04
  0.32171936E+04  0.32174044E+04  0.32175998E+04  0.32177722E+04  0.32179109E+04
  0.32180146E+04  0.32180675E+04  0.32180425E+04  0.32179094E+04  0.32176224E+04
  0.32170969E+04  0.32162257E+04  0.32148950E+04  0.32129656E+04  0.32102368E+04
  0.32064236E+04  0.32011454E+04  0.31939509E+04  0.31843771E+04  0.31714002E+04
  0.31545298E+04  0.31332958E+04  0.31065779E+04  0.30740024E+04  0.30360801E+04
  0.29957153E+04  0.29594724E+04  0.29315832E+04  0.29090562E+04  0.28866047E+04
  0.28615666E+04  0.28336492E+04  0.28034633E+04  0.27717799E+04  0.27389955E+04
  0.27053338E+04  0.26709671E+04  0.26360906E+04  0.26009272E+04  0.25655880E+04
  0.25303102E+04  0.24962918E+04  0.24656900E+04  0.24400792E+04  0.24191811E+04
  0.24015341E+04  0.23855732E+04  0.23702083E+04  0.23550482E+04  0.23400494E+04
  0.23252779E+04  0.23107840E+04  0.22965710E+04  0.22826217E+04  0.22689230E+04
  0.22554664E+04  0.22422430E+04  0.22292421E+04  0.22164533E+04  0.22038681E+04
  0.21914806E+04  0.21792869E+04  0.21672833E+04  0.21554665E+04  0.21438331E+04
  0.21323789E+04  0.21210968E+04  0.21099804E+04  0.20990261E+04  0.20882327E+04
  0.20775994E+04  0.20671248E+04  0.20568082E+04  0.20466482E+04  0.20366426E+04
  0.20267889E+04  0.20170841E+04  0.20075256E+04  0.19981104E+04  0.19888357E+04
  0.19796997E+04  0.19707006E+04  0.19618365E+04  0.19531050E+04  0.19445039E+04
  0.19360305E+04  0.19276835E+04  0.19194586E+04  0.19113613E+04  0.19033698E+04
  0.18955442E+04  0.18877331E+04  0.18803212E+04  0.18711465E+04  0.18654207E+04
  0.32152955E+04  0.32154164E+04  0.32158570E+04  0.32163445E+04  0.32166279E+04
  0.32168398E+04  0.32170207E+04  0.32171783E+04  0.32173195E+04  0.32174417E+04
  0.32175346E+04  0.32175964E+04  0.32176147E+04  0.32175631E+04  0.32174111E+04
  0.32171048E+04  0.32165445E+04  0.32156306E+04  0.32142575E+04  0.32122793E+04
  0.32094867E+04  0.32055805E+04  0.32001628E+04  0.31927722E+04  0.31829410E+04
  0.31696083E+04  0.31522838E+04  0.31304989E+04  0.31030879E+04  0.30696846E+04
  0.30308445E+04  0.29898988E+04  0.29542681E+04  0.29278516E+04  0.29063153E+04
  0.28840413E+04  0.28587746E+04  0.28305059E+04  0.28000070E+04  0.27680402E+04
  0.27349320E+04  0.27009068E+04  0.26661399E+04  0.26308424E+04  0.25952025E+04
  0.25592503E+04  0.25234987E+04  0.24898133E+04  0.24606676E+04  0.24368718E+04
  0.24174432E+04  0.24006463E+04  0.23848677E+04  0.23694042E+04  0.23540908E+04
  0.23389820E+04  0.23241509E+04  0.23096196E+04  0.22953699E+04  0.22813804E+04
  0.22676392E+04  0.22541405E+04  0.22408772E+04  0.22278377E+04  0.22150079E+04
  0.22023766E+04  0.21899378E+04  0.21776883E+04  0.21656256E+04  0.21537472E+04
  0.21420502E+04  0.21305292E+04  0.21191774E+04  0.21079905E+04  0.20969675E+04
  0.20861085E+04  0.20754132E+04  0.20648808E+04  0.20545093E+04  0.20442964E+04
  0.20342393E+04  0.20243346E+04  0.20145793E+04  0.20049703E+04  0.19955047E+04
  0.19861803E+04  0.19769956E+04  0.19679494E+04  0.19590390E+04  0.19502624E+04
  0.19416175E+04  0.19331030E+04  0.19247176E+04  0.19164567E+04  0.19083258E+04
  0.19003029E+04  0.18924483E+04  0.18846106E+04  0.18771759E+04  0.18679892E+04
  0.18622614E+04  0.32152934E+04  0.32154135E+04  0.32158492E+04  0.32163180E+04
  0.32165699E+04  0.32167453E+04  0.32168868E+04  0.32170038E+04  0.32170985E+04
  0.32171750E+04  0.32172330E+04  0.32172650E+04  0.32172562E+04  0.32171799E+04
  0.32169929E+04  0.32166298E+04  0.32160124E+04  0.32150555E+04  0.32136402E+04
  0.32116116E+04  0.32087429E+04  0.32047166E+04  0.31991230E+04  0.31914930E+04
  0.31813588E+04  0.31676273E+04  0.31498014E+04  0.31274092E+04  0.30992388E+04
  0.30649321E+04  0.30250827E+04  0.29835972E+04  0.29488576E+04  0.29241191E+04
  0.29035187E+04  0.28812891E+04  0.28557129E+04  0.28270734E+04  0.27962356E+04
  0.27639317E+04  0.27304494E+04  0.26960110E+04  0.26607950E+04  0.26250284E+04
  0.25888385E+04  0.25522178E+04  0.25161522E+04  0.24832548E+04  0.24559165E+04
  0.24339632E+04  0.24157006E+04  0.23993528E+04  0.23835600E+04  0.23679302E+04
  0.23524788E+04  0.23372908E+04  0.23224077E+04  0.23078262E+04  0.22935246E+04
  0.22794838E+04  0.22656926E+04  0.22521451E+04  0.22388344E+04  0.22257474E+04
  0.22128676E+04  0.22001820E+04  0.21876841E+04  0.21753712E+04  0.21632422E+04
  0.21512968E+04  0.21395330E+04  0.21279465E+04  0.21165322E+04  0.21052877E+04
  0.20942116E+04  0.20833017E+04  0.20725557E+04  0.20619709E+04  0.20515452E+04
  0.20412764E+04  0.20311627E+04  0.20212011E+04  0.20113887E+04  0.20017237E+04
  0.19922052E+04  0.19828314E+04  0.19736013E+04  0.19645124E+04  0.19555615E+04
  0.19467485E+04  0.19380730E+04  0.19295346E+04  0.19211308E+04  0.19128545E+04
  0.19047107E+04  0.18966764E+04  0.18888110E+04  0.18809630E+04  0.18735192E+04
  0.18643291E+04  0.18586022E+04  0.32152952E+04  0.32154130E+04  0.32158406E+04
  0.32162930E+04  0.32165231E+04  0.32166732E+04  0.32167852E+04  0.32168728E+04
  0.32169363E+04  0.32169793E+04  0.32170136E+04  0.32170307E+04  0.32169963E+04
  0.32168795E+04  0.32166334E+04  0.32162025E+04  0.32155401E+04  0.32145598E+04
  0.32131230E+04  0.32110449E+04  0.32080617E+04  0.32038527E+04  0.31980194E+04
  0.31900906E+04  0.31796010E+04  0.31654234E+04  0.31470427E+04  0.31239783E+04
  0.30949718E+04  0.30596717E+04  0.30186993E+04  0.29767482E+04  0.29432267E+04
  0.29203160E+04  0.29005075E+04  0.28781438E+04  0.28521650E+04  0.28231210E+04
  0.27919043E+04  0.27592043E+04  0.27252873E+04  0.26903771E+04  0.26546568E+04
  0.26183636E+04  0.25815436E+04  0.25442178E+04  0.25081038E+04  0.24765210E+04
  0.24511158E+04  0.24308972E+04  0.24136148E+04  0.23973405E+04  0.23813417E+04
  0.23655118E+04  0.23499432E+04  0.23346909E+04  0.23197551E+04  0.23051180E+04
  0.22907610E+04  0.22766686E+04  0.22628294E+04  0.22492344E+04  0.22358734E+04
  0.22227317E+04  0.22097946E+04  0.21970509E+04  0.21844946E+04  0.21721243E+04
  0.21599414E+04  0.21479481E+04  0.21361444E+04  0.21245277E+04  0.21130901E+04
  0.21018231E+04  0.20907206E+04  0.20797758E+04  0.20689848E+04  0.20583470E+04
  0.20478647E+04  0.20375395E+04  0.20273719E+04  0.20173609E+04  0.20075078E+04
  0.19978117E+04  0.19882684E+04  0.19788744E+04  0.19696288E+04  0.19605324E+04
  0.19515848E+04  0.19427854E+04  0.19341307E+04  0.19256184E+04  0.19172437E+04
  0.19089972E+04  0.19008833E+04  0.18928779E+04  0.18850403E+04  0.18772210E+04
  0.18698055E+04  0.18606464E+04  0.18549372E+04  0.32152990E+04  0.32154135E+04
  0.32158328E+04  0.32162727E+04  0.32164880E+04  0.32166210E+04  0.32167114E+04
  0.32167760E+04  0.32168224E+04  0.32168518E+04  0.32168726E+04  0.32168789E+04
  0.32168075E+04  0.32166228E+04  0.32163118E+04  0.32158401E+04  0.32151620E+04
  0.32141836E+04  0.32127514E+04  0.32105832E+04  0.32073747E+04  0.32028756E+04
  0.31967313E+04  0.31884645E+04  0.31775797E+04  0.31629086E+04  0.31439121E+04
  0.31200958E+04  0.30901561E+04  0.30537404E+04  0.30115081E+04  0.29691689E+04
  0.29371521E+04  0.29160799E+04  0.28968305E+04  0.28741730E+04  0.28477247E+04
  0.28182482E+04  0.27866095E+04  0.27534583E+04  0.27190496E+04  0.26836122E+04
  0.26473354E+04  0.26104584E+04  0.25729341E+04  0.25349259E+04  0.24991886E+04
  0.24693866E+04  0.24460149E+04  0.24271822E+04  0.24104239E+04  0.23940825E+04
  0.23778836E+04  0.23619204E+04  0.23462817E+04  0.23309812E+04  0.23159998E+04
  0.23013190E+04  0.22869231E+04  0.22727955E+04  0.22589190E+04  0.22452801E+04
  0.22318678E+04  0.22186732E+04  0.22056896E+04  0.21929122E+04  0.21803379E+04
  0.21679631E+04  0.21557860E+04  0.21438091E+04  0.21320298E+04  0.21204356E+04
  0.21090062E+04  0.20977251E+04  0.20865889E+04  0.20756022E+04  0.20647705E+04
  0.20541002E+04  0.20435980E+04  0.20332658E+04  0.20231028E+04  0.20131098E+04
  0.20032916E+04  0.19936379E+04  0.19841353E+04  0.19747828E+04  0.19655843E+04
  0.19565490E+04  0.19476760E+04  0.19389578E+04  0.19303880E+04  0.19219613E+04
  0.19136736E+04  0.19055172E+04  0.18974951E+04  0.18895840E+04  0.18818432E+04
  0.18741235E+04  0.18668045E+04  0.18577418E+04  0.18520834E+04  0.32153024E+04
  0.32154145E+04  0.32158289E+04  0.32162605E+04  0.32164657E+04  0.32165872E+04
  0.32166605E+04  0.32167049E+04  0.32167373E+04  0.32167674E+04  0.32167826E+04
  0.32167666E+04  0.32166420E+04  0.32163815E+04  0.32160173E+04  0.32155174E+04
  0.32148168E+04  0.32138190E+04  0.32123646E+04  0.32099905E+04  0.32064016E+04
  0.32015465E+04  0.31950718E+04  0.31864506E+04  0.31751329E+04  0.31599061E+04
  0.31402036E+04  0.31155120E+04  0.30844868E+04  0.30467617E+04  0.30030691E+04
  0.29604008E+04  0.29301077E+04  0.29107591E+04  0.28918169E+04  0.28687738E+04
  0.28418301E+04  0.28119048E+04  0.27798098E+04  0.27461678E+04  0.27112300E+04
  0.26752305E+04  0.26383681E+04  0.26008805E+04  0.25626132E+04  0.25241612E+04
  0.24894606E+04  0.24618688E+04  0.24405795E+04  0.24227577E+04  0.24059964E+04
  0.23894927E+04  0.23732005E+04  0.23572149E+04  0.23415683E+04  0.23262515E+04
  0.23112522E+04  0.22965623E+04  0.22821650E+04  0.22680337E+04  0.22541441E+04
  0.22404898E+04  0.22270725E+04  0.22138912E+04  0.22009413E+04  0.21882189E+04
  0.21757194E+04  0.21634280E+04  0.21513297E+04  0.21394201E+04  0.21276892E+04
  0.21161100E+04  0.21046717E+04  0.20933676E+04  0.20822174E+04  0.20712568E+04
  0.20604897E+04  0.20499158E+04  0.20395325E+04  0.20293343E+04  0.20193160E+04
  0.20094752E+04  0.19998095E+04  0.19903079E+04  0.19809613E+04  0.19717719E+04
  0.19627354E+04  0.19538435E+04  0.19450883E+04  0.19364713E+04  0.19279997E+04
  0.19196704E+04  0.19114842E+04  0.19034387E+04  0.18955368E+04  0.18877556E+04
  0.18801520E+04  0.18725725E+04  0.18653851E+04  0.18564527E+04  0.18508635E+04
  0.32153046E+04  0.32154180E+04  0.32158381E+04  0.32162720E+04  0.32164726E+04
  0.32165882E+04  0.32166520E+04  0.32166822E+04  0.32166958E+04  0.32167172E+04
  0.32167089E+04  0.32166420E+04  0.32164471E+04  0.32161090E+04  0.32156767E+04
  0.32150921E+04  0.32142633E+04  0.32130858E+04  0.32114160E+04  0.32087192E+04
  0.32047810E+04  0.31996528E+04  0.31928715E+04  0.31838479E+04  0.31720021E+04
  0.31560884E+04  0.31354895E+04  0.31096759E+04  0.30772837E+04  0.30379244E+04
  0.29924811E+04  0.29495644E+04  0.29213154E+04  0.29036863E+04  0.28848606E+04
  0.28613669E+04  0.28339252E+04  0.28035336E+04  0.27709471E+04  0.27367835E+04
  0.27013044E+04  0.26647520E+04  0.26273367E+04  0.25892952E+04  0.25503772E+04
  0.25120008E+04  0.24791267E+04  0.24542736E+04  0.24348961E+04  0.24176331E+04
  0.24008035E+04  0.23842073E+04  0.23679112E+04  0.23519594E+04  0.23363444E+04
  0.23210481E+04  0.23060675E+04  0.22914015E+04  0.22770367E+04  0.22629600E+04
  0.22491534E+04  0.22356128E+04  0.22223442E+04  0.22093342E+04  0.21965579E+04
  0.21840007E+04  0.21716533E+04  0.21594987E+04  0.21475198E+04  0.21357042E+04
  0.21240423E+04  0.21125225E+04  0.21011583E+04  0.20899490E+04  0.20789239E+04
  0.20681294E+04  0.20575554E+04  0.20471878E+04  0.20370132E+04  0.20270221E+04
  0.20172096E+04  0.20075708E+04  0.19980953E+04  0.19887855E+04  0.19796461E+04
  0.19706735E+04  0.19618515E+04  0.19531535E+04  0.19445715E+04  0.19361145E+04
  0.19277922E+04  0.19196052E+04  0.19115568E+04  0.19036480E+04  0.18958834E+04
  0.18882409E+04  0.18807754E+04  0.18733325E+04  0.18662714E+04  0.18574666E+04
  0.18519470E+04  0.32153068E+04  0.32154309E+04  0.32158833E+04  0.32163500E+04
  0.32165679E+04  0.32166950E+04  0.32167694E+04  0.32168039E+04  0.32167982E+04
  0.32167527E+04  0.32166277E+04  0.32164214E+04  0.32161331E+04  0.32157184E+04
  0.32151427E+04  0.32143314E+04  0.32131843E+04  0.32115827E+04  0.32093907E+04
  0.32064095E+04  0.32024664E+04  0.31972375E+04  0.31902446E+04  0.31808513E+04
  0.31683519E+04  0.31515664E+04  0.31298141E+04  0.31025361E+04  0.30683877E+04
  0.30269400E+04  0.29795103E+04  0.29367156E+04  0.29110460E+04  0.28952328E+04
  0.28763783E+04  0.28523803E+04  0.28244511E+04  0.27935607E+04  0.27604412E+04
  0.27257424E+04  0.26897514E+04  0.26527280E+04  0.26148998E+04  0.25765044E+04
  0.25372896E+04  0.24997564E+04  0.24694840E+04  0.24474626E+04  0.24294905E+04
  0.24124442E+04  0.23956539E+04  0.23791277E+04  0.23629330E+04  0.23470927E+04
  0.23315997E+04  0.23164377E+04  0.23015966E+04  0.22870659E+04  0.22728370E+04
  0.22589155E+04  0.22452965E+04  0.22319613E+04  0.22188937E+04  0.22060713E+04
  0.21934688E+04  0.21810670E+04  0.21688547E+04  0.21568277E+04  0.21449815E+04
  0.21333053E+04  0.21217984E+04  0.21104784E+04  0.20993591E+04  0.20884350E+04
  0.20776993E+04  0.20671525E+04  0.20567926E+04  0.20466143E+04  0.20366103E+04
  0.20267759E+04  0.20171092E+04  0.20076070E+04  0.19982620E+04  0.19890784E+04
  0.19800628E+04  0.19712092E+04  0.19625133E+04  0.19539709E+04  0.19455783E+04
  0.19373252E+04  0.19292013E+04  0.19212059E+04  0.19133392E+04  0.19055992E+04
  0.18979923E+04  0.18904969E+04  0.18831676E+04  0.18758559E+04  0.18689186E+04
  0.18602556E+04  0.18548201E+04  0.32153044E+04  0.32154411E+04  0.32159350E+04
  0.32164480E+04  0.32166926E+04  0.32168380E+04  0.32169286E+04  0.32169727E+04
  0.32169485E+04  0.32168035E+04  0.32165070E+04  0.32161104E+04  0.32157123E+04
  0.32152185E+04  0.32144619E+04  0.32133682E+04  0.32118556E+04  0.32097970E+04
  0.32070451E+04  0.32038841E+04  0.32000971E+04  0.31948033E+04  0.31874496E+04
  0.31774171E+04  0.31640928E+04  0.31462828E+04  0.31230745E+04  0.30940780E+04
  0.30581104E+04  0.30146265E+04  0.29654796E+04  0.29234577E+04  0.29011353E+04
  0.28873257E+04  0.28681068E+04  0.28433608E+04  0.28148607E+04  0.27834035E+04
  0.27497270E+04  0.27145317E+04  0.26781211E+04  0.26407713E+04  0.26027259E+04
  0.25642199E+04  0.25251330E+04  0.24892867E+04  0.24625877E+04  0.24432563E+04
  0.24260126E+04  0.24090754E+04  0.23923518E+04  0.23759369E+04  0.23598938E+04
  0.23442260E+04  0.23289275E+04  0.23139896E+04  0.22993892E+04  0.22851007E+04
  0.22711114E+04  0.22574114E+04  0.22439925E+04  0.22308290E+04  0.22178861E+04
  0.22051530E+04  0.21926340E+04  0.21803244E+04  0.21682140E+04  0.21563030E+04
  0.21445916E+04  0.21330735E+04  0.21217498E+04  0.21106382E+04  0.20997437E+04
  0.20890800E+04  0.20786183E+04  0.20683065E+04  0.20581460E+04  0.20481398E+04
  0.20382883E+04  0.20285922E+04  0.20190514E+04  0.20096640E+04  0.20004286E+04
  0.19913465E+04  0.19824196E+04  0.19736445E+04  0.19650244E+04  0.19565677E+04
  0.19482756E+04  0.19401364E+04  0.19321365E+04  0.19242697E+04  0.19165312E+04
  0.19089159E+04  0.19014289E+04  0.18940485E+04  0.18868254E+04  0.18796178E+04
  0.18727829E+04  0.18642534E+04  0.18589033E+04  0.32153008E+04  0.32154412E+04
  0.32159511E+04  0.32164829E+04  0.32167369E+04  0.32168878E+04  0.32169824E+04
  0.32170277E+04  0.32169934E+04  0.32168044E+04  0.32164306E+04  0.32159472E+04
  0.32154932E+04  0.32149558E+04  0.32141167E+04  0.32128997E+04  0.32112335E+04
  0.32089892E+04  0.32060141E+04  0.32027758E+04  0.31990280E+04  0.31936761E+04
  0.31860259E+04  0.31755033E+04  0.31617079E+04  0.31433553E+04  0.31193293E+04
  0.30894339E+04  0.30526271E+04  0.30082762E+04  0.29584382E+04  0.29169681E+04
  0.28965473E+04  0.28838218E+04  0.28642911E+04  0.28390602E+04  0.28102279E+04
  0.27784633E+04  0.27445061E+04  0.27090808E+04  0.26724915E+04  0.26350191E+04
  0.25969119E+04  0.25584008E+04  0.25194616E+04  0.24846573E+04  0.24600406E+04
  0.24420830E+04  0.24250562E+04  0.24081586E+04  0.23914760E+04  0.23751180E+04
  0.23591507E+04  0.23435695E+04  0.23283674E+04  0.23135393E+04  0.22990582E+04
  0.22848934E+04  0.22710293E+04  0.22574426E+04  0.22441173E+04  0.22310276E+04
  0.22181366E+04  0.22054391E+04  0.21929534E+04  0.21806862E+04  0.21686294E+04
  0.21567804E+04  0.21451379E+04  0.21336964E+04  0.21224545E+04  0.21114197E+04
  0.21005951E+04  0.20900123E+04  0.20796490E+04  0.20694399E+04  0.20593766E+04
  0.20494592E+04  0.20396883E+04  0.20300663E+04  0.20205943E+04  0.20112709E+04
  0.20020963E+04  0.19930723E+04  0.19841996E+04  0.19754751E+04  0.19668982E+04
  0.19584717E+04  0.19501997E+04  0.19420828E+04  0.19341143E+04  0.19262843E+04
  0.19185856E+04  0.19110126E+04  0.19035691E+04  0.18962330E+04  0.18890515E+04
  0.18818864E+04  0.18750948E+04  0.18666233E+04  0.18613114E+04
