  0.32154360E+04  0.32155471E+04  0.32159661E+04  0.32164358E+04  0.32167027E+04
  0.32168832E+04  0.32170081E+04  0.32170846E+04  0.32171192E+04  0.32171158E+04
  0.32170726E+04  0.32169841E+04  0.32168409E+04  0.32166296E+04  0.32163306E+04
  0.32159163E+04  0.32153492E+04  0.32145781E+04  0.32135326E+04  0.32121175E+04
  0.32102023E+04  0.32076084E+04  0.32040978E+04  0.31993488E+04  0.31929275E+04
  0.31843618E+04  0.31730656E+04  0.31583657E+04  0.31396880E+04  0.31166736E+04
  0.30895692E+04  0.30591916E+04  0.30268269E+04  0.29933158E+04  0.29588474E+04
  0.29240233E+04  0.28899161E+04  0.28577305E+04  0.28283634E+04  0.28018743E+04
  0.27775190E+04  0.27542858E+04  0.27312261E+04  0.27077119E+04  0.26835174E+04
  0.26587479E+04  0.26336309E+04  0.26083329E+04  0.25829919E+04  0.25577615E+04
  0.25327750E+04  0.25081244E+04  0.24838668E+04  0.24600328E+04  0.24366355E+04
  0.24136765E+04  0.23911514E+04  0.23690540E+04  0.23473781E+04  0.23261189E+04
  0.23052731E+04  0.22848379E+04  0.22648099E+04  0.22451847E+04  0.22259555E+04
  0.22071131E+04  0.21886461E+04  0.21705412E+04  0.21527841E+04  0.21353599E+04
  0.21182524E+04  0.21014445E+04  0.20849192E+04  0.20686600E+04  0.20526535E+04
  0.20368903E+04  0.20213665E+04  0.20060806E+04  0.19910288E+04  0.19762011E+04
  0.19615929E+04  0.19472119E+04  0.19330925E+04  0.19193087E+04  0.19059358E+04
  0.18930246E+04  0.18806118E+04  0.18687291E+04  0.18574075E+04  0.18466815E+04
  0.18365926E+04  0.18271914E+04  0.18185388E+04  0.18107033E+04  0.18037590E+04
  0.17977736E+04  0.17927943E+04  0.17888097E+04  0.17858538E+04  0.17836209E+04
  0.17825928E+04  0.32154371E+04  0.32155487E+04  0.32159693E+04  0.32164408E+04
  0.32167082E+04  0.32168885E+04  0.32170133E+04  0.32170900E+04  0.32171248E+04
  0.32171210E+04  0.32170774E+04  0.32169883E+04  0.32168447E+04  0.32166330E+04
  0.32163335E+04  0.32159188E+04  0.32153515E+04  0.32145802E+04  0.32135347E+04
  0.32121194E+04  0.32102036E+04  0.32076091E+04  0.32040977E+04  0.31993479E+04
  0.31929253E+04  0.31843584E+04  0.31730606E+04  0.31583589E+04  0.31396792E+04
  0.31166626E+04  0.30895555E+04  0.30591749E+04  0.30268069E+04  0.29932934E+04
  0.29588242E+04  0.29240020E+04  0.28899003E+04  0.28577229E+04  0.28283624E+04
  0.28018744E+04  0.27775157E+04  0.27542754E+04  0.27312061E+04  0.27076823E+04
  0.26834800E+04  0.26587050E+04  0.26335835E+04  0.26082823E+04  0.25829402E+04
  0.25577096E+04  0.25327225E+04  0.25080707E+04  0.24838110E+04  0.24599741E+04
  0.24365732E+04  0.24136100E+04  0.23910805E+04  0.23689786E+04  0.23472985E+04
  0.23260355E+04  0.23051863E+04  0.22847478E+04  0.22647168E+04  0.22450881E+04
  0.22258549E+04  0.22070078E+04  0.21885351E+04  0.21704236E+04  0.21526592E+04
  0.21352265E+04  0.21181094E+04  0.21012910E+04  0.20847548E+04  0.20684857E+04
  0.20524712E+04  0.20367033E+04  0.20211779E+04  0.20058922E+04  0.19908418E+04
  0.19760211E+04  0.19614340E+04  0.19470970E+04  0.19330534E+04  0.19193709E+04
  0.19061069E+04  0.18933035E+04  0.18809981E+04  0.18692261E+04  0.18580231E+04
  0.18474275E+04  0.18374831E+04  0.18282401E+04  0.18197556E+04  0.18120896E+04
  0.18053025E+04  0.17994420E+04  0.17945424E+04  0.17905711E+04  0.17875790E+04
  0.17851417E+04  0.17839306E+04  0.32154402E+04  0.32155539E+04  0.32159823E+04
  0.32164614E+04  0.32167310E+04  0.32169109E+04  0.32170354E+04  0.32171124E+04
  0.32171471E+04  0.32171424E+04  0.32170972E+04  0.32170065E+04  0.32168613E+04
  0.32166479E+04  0.32163468E+04  0.32159307E+04  0.32153621E+04  0.32145898E+04
  0.32135433E+04  0.32121268E+04  0.32102092E+04  0.32076126E+04  0.32040988E+04
  0.31993462E+04  0.31929203E+04  0.31843495E+04  0.31730473E+04  0.31583405E+04
  0.31396552E+04  0.31166326E+04  0.30895187E+04  0.30591300E+04  0.30267533E+04
  0.29932325E+04  0.29587607E+04  0.29239447E+04  0.28898599E+04  0.28577072E+04
  0.28283666E+04  0.28018825E+04  0.27775129E+04  0.27542502E+04  0.27311510E+04
  0.27075971E+04  0.26833699E+04  0.26585765E+04  0.26334414E+04  0.26081319E+04
  0.25827866E+04  0.25575550E+04  0.25325664E+04  0.25079110E+04  0.24836452E+04
  0.24597998E+04  0.24363882E+04  0.24134127E+04  0.23908701E+04  0.23687553E+04
  0.23470629E+04  0.23257889E+04  0.23049297E+04  0.22844820E+04  0.22644417E+04
  0.22448031E+04  0.22255584E+04  0.22066977E+04  0.21882091E+04  0.21700793E+04
  0.21522940E+04  0.21348375E+04  0.21176938E+04  0.21008467E+04  0.20842818E+04
  0.20679869E+04  0.20519530E+04  0.20361740E+04  0.20206459E+04  0.20053640E+04
  0.19903266E+04  0.19755425E+04  0.19610357E+04  0.19468515E+04  0.19330344E+04
  0.19196191E+04  0.19066412E+04  0.18941343E+04  0.18821359E+04  0.18706868E+04
  0.18598299E+04  0.18496101E+04  0.18400738E+04  0.18312673E+04  0.18232340E+04
  0.18160091E+04  0.18096172E+04  0.18040555E+04  0.17993205E+04  0.17953355E+04
  0.17921728E+04  0.17891457E+04  0.17874548E+04  0.32154450E+04  0.32155642E+04
  0.32160107E+04  0.32165064E+04  0.32167801E+04  0.32169597E+04  0.32170833E+04
  0.32171594E+04  0.32171930E+04  0.32171864E+04  0.32171386E+04  0.32170451E+04
  0.32168970E+04  0.32166807E+04  0.32163767E+04  0.32159577E+04  0.32153865E+04
  0.32146115E+04  0.32135625E+04  0.32121432E+04  0.32102223E+04  0.32076220E+04
  0.32041040E+04  0.31993467E+04  0.31929150E+04  0.31843377E+04  0.31730280E+04
  0.31583129E+04  0.31396186E+04  0.31165864E+04  0.30894618E+04  0.30590607E+04
  0.30266702E+04  0.29931376E+04  0.29586624E+04  0.29238578E+04  0.28898026E+04
  0.28576919E+04  0.28283868E+04  0.28019130E+04  0.27775256E+04  0.27542228E+04
  0.27310718E+04  0.27074663E+04  0.26831958E+04  0.26583705E+04  0.26332140E+04
  0.26078922E+04  0.25825422E+04  0.25573093E+04  0.25323187E+04  0.25076581E+04
  0.24833831E+04  0.24595247E+04  0.24360964E+04  0.24131017E+04  0.23905388E+04
  0.23684037E+04  0.23466924E+04  0.23254010E+04  0.23045262E+04  0.22840638E+04
  0.22640089E+04  0.22443544E+04  0.22250914E+04  0.22062091E+04  0.21876954E+04
  0.21695367E+04  0.21517182E+04  0.21342245E+04  0.21170399E+04  0.21001508E+04
  0.20835462E+04  0.20672181E+04  0.20511613E+04  0.20353721E+04  0.20198469E+04
  0.20045857E+04  0.19896024E+04  0.19749281E+04  0.19606137E+04  0.19467151E+04
  0.19332486E+04  0.19202208E+04  0.19076634E+04  0.18956119E+04  0.18841049E+04
  0.18731841E+04  0.18628928E+04  0.18532740E+04  0.18443656E+04  0.18361963E+04
  0.18287803E+04  0.18221128E+04  0.18161680E+04  0.18108928E+04  0.18062527E+04
  0.18021180E+04  0.17985755E+04  0.17946423E+04  0.17922784E+04  0.32154523E+04
  0.32155806E+04  0.32160570E+04  0.32165798E+04  0.32168603E+04  0.32170397E+04
  0.32171613E+04  0.32172349E+04  0.32172656E+04  0.32172558E+04  0.32172044E+04
  0.32171070E+04  0.32169549E+04  0.32167346E+04  0.32164265E+04  0.32160033E+04
  0.32154278E+04  0.32146487E+04  0.32135954E+04  0.32121715E+04  0.32102456E+04
  0.32076398E+04  0.32041156E+04  0.31993512E+04  0.31929113E+04  0.31843244E+04
  0.31730040E+04  0.31582769E+04  0.31395698E+04  0.31165239E+04  0.30893845E+04
  0.30589662E+04  0.30265566E+04  0.29930084E+04  0.29585293E+04  0.29237421E+04
  0.28897302E+04  0.28576799E+04  0.28284266E+04  0.28019708E+04  0.27775602E+04
  0.27542005E+04  0.27309765E+04  0.27072985E+04  0.26829677E+04  0.26580987E+04
  0.26329139E+04  0.26075766E+04  0.25822206E+04  0.25569866E+04  0.25319940E+04
  0.25073275E+04  0.24830411E+04  0.24591658E+04  0.24357160E+04  0.24126966E+04
  0.23901076E+04  0.23679466E+04  0.23462109E+04  0.23248972E+04  0.23040018E+04
  0.22835198E+04  0.22634447E+04  0.22437681E+04  0.22244796E+04  0.22055676E+04
  0.21870195E+04  0.21688211E+04  0.21509575E+04  0.21334139E+04  0.21161775E+04
  0.20992387E+04  0.20825914E+04  0.20662318E+04  0.20501592E+04  0.20343715E+04
  0.20188736E+04  0.20036857E+04  0.19888457E+04  0.19744129E+04  0.19604388E+04
  0.19469330E+04  0.19339011E+04  0.19213690E+04  0.19093655E+04  0.18979262E+04
  0.18870874E+04  0.18768844E+04  0.18673485E+04  0.18585023E+04  0.18503542E+04
  0.18428968E+04  0.18360986E+04  0.18299081E+04  0.18242651E+04  0.18190885E+04
  0.18143259E+04  0.18098146E+04  0.18056874E+04  0.18006819E+04  0.17975709E+04
  0.32154623E+04  0.32156035E+04  0.32161218E+04  0.32166829E+04  0.32169741E+04
  0.32171538E+04  0.32172726E+04  0.32173422E+04  0.32173683E+04  0.32173538E+04
  0.32172976E+04  0.32171953E+04  0.32170382E+04  0.32168127E+04  0.32164992E+04
  0.32160705E+04  0.32154891E+04  0.32147040E+04  0.32136445E+04  0.32122142E+04
  0.32102814E+04  0.32076681E+04  0.32041355E+04  0.31993615E+04  0.31929108E+04
  0.31843113E+04  0.31729764E+04  0.31582336E+04  0.31395096E+04  0.31164458E+04
  0.30892870E+04  0.30588469E+04  0.30264133E+04  0.29928456E+04  0.29583624E+04
  0.29235988E+04  0.28896441E+04  0.28576727E+04  0.28284864E+04  0.28020538E+04
  0.27776145E+04  0.27541833E+04  0.27308667E+04  0.27070972E+04  0.26826899E+04
  0.26577660E+04  0.26325468E+04  0.26071915E+04  0.25818289E+04  0.25565936E+04
  0.25315992E+04  0.25069259E+04  0.24826262E+04  0.24587309E+04  0.24352555E+04
  0.24122070E+04  0.23895872E+04  0.23673959E+04  0.23456314E+04  0.23242910E+04
  0.23033705E+04  0.22828638E+04  0.22627625E+04  0.22430568E+04  0.22237350E+04
  0.22047847E+04  0.21861923E+04  0.21679434E+04  0.21500236E+04  0.21324213E+04
  0.21151283E+04  0.20981409E+04  0.20814582E+04  0.20650814E+04  0.20490139E+04
  0.20332650E+04  0.20178624E+04  0.20028487E+04  0.19882947E+04  0.19742569E+04
  0.19607283E+04  0.19477008E+04  0.19352089E+04  0.19232921E+04  0.19119783E+04
  0.19012950E+04  0.18912660E+04  0.18819057E+04  0.18732153E+04  0.18651769E+04
  0.18577535E+04  0.18508923E+04  0.18445267E+04  0.18385797E+04  0.18329788E+04
  0.18276350E+04  0.18224995E+04  0.18174257E+04  0.18126211E+04  0.18065945E+04
  0.18028123E+04  0.32154752E+04  0.32156329E+04  0.32162048E+04  0.32168158E+04
  0.32171219E+04  0.32173027E+04  0.32174181E+04  0.32174825E+04  0.32175027E+04
  0.32174820E+04  0.32174201E+04  0.32173121E+04  0.32171491E+04  0.32169175E+04
  0.32165973E+04  0.32161615E+04  0.32155727E+04  0.32147798E+04  0.32137123E+04
  0.32122735E+04  0.32103318E+04  0.32077088E+04  0.32041653E+04  0.31993793E+04
  0.31929151E+04  0.31842995E+04  0.31729464E+04  0.31581840E+04  0.31394388E+04
  0.31163524E+04  0.30891695E+04  0.30587027E+04  0.30262401E+04  0.29926490E+04
  0.29581617E+04  0.29234285E+04  0.28895454E+04  0.28576714E+04  0.28285670E+04
  0.28021621E+04  0.27776876E+04  0.27541702E+04  0.27307424E+04  0.27068633E+04
  0.26823650E+04  0.26573761E+04  0.26321172E+04  0.26067420E+04  0.25813727E+04
  0.25561367E+04  0.25311405E+04  0.25064602E+04  0.24821460E+04  0.24582286E+04
  0.24347251E+04  0.24116445E+04  0.23889912E+04  0.23667668E+04  0.23449708E+04
  0.23236006E+04  0.23026510E+04  0.22821145E+04  0.22619810E+04  0.22422390E+04
  0.22228759E+04  0.22038782E+04  0.21852317E+04  0.21669224E+04  0.21489392E+04
  0.21312759E+04  0.21139315E+04  0.20969087E+04  0.20802113E+04  0.20638473E+04
  0.20478352E+04  0.20322111E+04  0.20170147E+04  0.20023286E+04  0.19882255E+04
  0.19746805E+04  0.19616744E+04  0.19492442E+04  0.19374314E+04  0.19262632E+04
  0.19157604E+04  0.19059323E+04  0.18967744E+04  0.18882614E+04  0.18803494E+04
  0.18729769E+04  0.18660708E+04  0.18595527E+04  0.18533434E+04  0.18473658E+04
  0.18415536E+04  0.18358380E+04  0.18302057E+04  0.18245431E+04  0.18191226E+04
  0.18122790E+04  0.18079810E+04  0.32154911E+04  0.32156685E+04  0.32163055E+04
  0.32169774E+04  0.32173025E+04  0.32174857E+04  0.32175973E+04  0.32176554E+04
  0.32176684E+04  0.32176410E+04  0.32175728E+04  0.32174588E+04  0.32172894E+04
  0.32170505E+04  0.32167224E+04  0.32162780E+04  0.32156801E+04  0.32148778E+04
  0.32138005E+04  0.32123513E+04  0.32103985E+04  0.32077635E+04  0.32042068E+04
  0.31994059E+04  0.31929255E+04  0.31842904E+04  0.31729149E+04  0.31581289E+04
  0.31393582E+04  0.31162443E+04  0.30890323E+04  0.30585337E+04  0.30260370E+04
  0.29924191E+04  0.29579280E+04  0.29232324E+04  0.28894357E+04  0.28576780E+04
  0.28286699E+04  0.28022966E+04  0.27777801E+04  0.27541617E+04  0.27306047E+04
  0.27065991E+04  0.26819964E+04  0.26569338E+04  0.26316312E+04  0.26062354E+04
  0.25808605E+04  0.25556256E+04  0.25306291E+04  0.25059425E+04  0.24816143E+04
  0.24576750E+04  0.24341433E+04  0.24110308E+04  0.23883442E+04  0.23660868E+04
  0.23442589E+04  0.23228574E+04  0.23018760E+04  0.22813054E+04  0.22611339E+04
  0.22413489E+04  0.22219366E+04  0.22028829E+04  0.21841738E+04  0.21657984E+04
  0.21477523E+04  0.21300371E+04  0.21126599E+04  0.20956295E+04  0.20789580E+04
  0.20626710E+04  0.20468184E+04  0.20314358E+04  0.20166101E+04  0.20024404E+04
  0.19888848E+04  0.19759028E+04  0.19635423E+04  0.19518472E+04  0.19408370E+04
  0.19305197E+04  0.19208890E+04  0.19119187E+04  0.19035605E+04  0.18957458E+04
  0.18883950E+04  0.18814265E+04  0.18747561E+04  0.18683030E+04  0.18619977E+04
  0.18557824E+04  0.18496224E+04  0.18434831E+04  0.18373864E+04  0.18312355E+04
  0.18253430E+04  0.18179204E+04  0.18132647E+04  0.32155099E+04  0.32157100E+04
  0.32164227E+04  0.32171661E+04  0.32175138E+04  0.32177005E+04  0.32178083E+04
  0.32178589E+04  0.32178640E+04  0.32178303E+04  0.32177564E+04  0.32176363E+04
  0.32174596E+04  0.32172124E+04  0.32168752E+04  0.32164208E+04  0.32158124E+04
  0.32149990E+04  0.32139102E+04  0.32124487E+04  0.32104829E+04  0.32078337E+04
  0.32042611E+04  0.31994427E+04  0.31929435E+04  0.31842852E+04  0.31728830E+04
  0.31580694E+04  0.31392684E+04  0.31161221E+04  0.30888759E+04  0.30583403E+04
  0.30258047E+04  0.29921565E+04  0.29576625E+04  0.29230124E+04  0.28893176E+04
  0.28576951E+04  0.28287972E+04  0.28024592E+04  0.27778939E+04  0.27541605E+04
  0.27304576E+04  0.27063102E+04  0.26815916E+04  0.26564487E+04  0.26311004E+04
  0.26056856E+04  0.25803086E+04  0.25550786E+04  0.25300860E+04  0.25053973E+04
  0.24810588E+04  0.24571012E+04  0.24335451E+04  0.24104046E+04  0.23876883E+04
  0.23654012E+04  0.23435435E+04  0.23221112E+04  0.23010965E+04  0.22804884E+04
  0.22602739E+04  0.22404394E+04  0.22209707E+04  0.22018536E+04  0.21830772E+04
  0.21646381E+04  0.21465415E+04  0.21287980E+04  0.21114228E+04  0.20944358E+04
  0.20778688E+04  0.20617810E+04  0.20462161E+04  0.20312556E+04  0.20170182E+04
  0.20034563E+04  0.19904990E+04  0.19782068E+04  0.19666288E+04  0.19557736E+04
  0.19456325E+04  0.19361785E+04  0.19273621E+04  0.19191127E+04  0.19113458E+04
  0.19039736E+04  0.18969078E+04  0.18900649E+04  0.18833722E+04  0.18767694E+04
  0.18702176E+04  0.18636921E+04  0.18571875E+04  0.18506906E+04  0.18442438E+04
  0.18377523E+04  0.18315446E+04  0.18237416E+04  0.18188505E+04  0.32155317E+04
  0.32157570E+04  0.32165550E+04  0.32173791E+04  0.32177528E+04  0.32179441E+04
  0.32180478E+04  0.32180901E+04  0.32180881E+04  0.32180502E+04  0.32179715E+04
  0.32178448E+04  0.32176599E+04  0.32174033E+04  0.32170556E+04  0.32165901E+04
  0.32159698E+04  0.32151440E+04  0.32140421E+04  0.32125668E+04  0.32105859E+04
  0.32079204E+04  0.32043296E+04  0.31994908E+04  0.31929702E+04  0.31842849E+04
  0.31728516E+04  0.31580063E+04  0.31391704E+04  0.31159866E+04  0.30887009E+04
  0.30581231E+04  0.30255436E+04  0.29918621E+04  0.29573667E+04  0.29227711E+04
  0.28891947E+04  0.28577261E+04  0.28289521E+04  0.28026526E+04  0.27780321E+04
  0.27541711E+04  0.27303082E+04  0.27060066E+04  0.26811637E+04  0.26559378E+04
  0.26305459E+04  0.26051176E+04  0.25797455E+04  0.25545278E+04  0.25295469E+04
  0.25048637E+04  0.24805222E+04  0.24565536E+04  0.24329803E+04  0.24098185E+04
  0.23870788E+04  0.23647668E+04  0.23428822E+04  0.23214197E+04  0.23003697E+04
  0.22797199E+04  0.22594565E+04  0.22395656E+04  0.22200331E+04  0.22008478E+04
  0.21820068E+04  0.21635187E+04  0.21453996E+04  0.21276707E+04  0.21103599E+04
  0.20935063E+04  0.20771762E+04  0.20614328E+04  0.20463435E+04  0.20320356E+04
  0.20184677E+04  0.20055344E+04  0.19933046E+04  0.19818351E+04  0.19711194E+04
  0.19611297E+04  0.19518156E+04  0.19431071E+04  0.19349157E+04  0.19271453E+04
  0.19197032E+04  0.19125019E+04  0.19054639E+04  0.18985254E+04  0.18916442E+04
  0.18847961E+04  0.18779712E+04  0.18711666E+04  0.18643933E+04  0.18576450E+04
  0.18509676E+04  0.18442577E+04  0.18378459E+04  0.18297835E+04  0.18247281E+04
  0.32155559E+04  0.32158084E+04  0.32167001E+04  0.32176130E+04  0.32180155E+04
  0.32182127E+04  0.32183125E+04  0.32183492E+04  0.32183435E+04  0.32183022E+04
  0.32182180E+04  0.32180833E+04  0.32178890E+04  0.32176220E+04  0.32172630E+04
  0.32167854E+04  0.32161522E+04  0.32153128E+04  0.32141965E+04  0.32127058E+04
  0.32107083E+04  0.32080245E+04  0.32044132E+04  0.31995513E+04  0.31930065E+04
  0.31842906E+04  0.31728219E+04  0.31579405E+04  0.31390649E+04  0.31158382E+04
  0.30885078E+04  0.30578826E+04  0.30252546E+04  0.29915373E+04  0.29570429E+04
  0.29225120E+04  0.28890715E+04  0.28577763E+04  0.28291393E+04  0.28028815E+04
  0.27782006E+04  0.27542022E+04  0.27301687E+04  0.27057044E+04  0.26807342E+04
  0.26554281E+04  0.26299997E+04  0.26045674E+04  0.25792108E+04  0.25540163E+04
  0.25290566E+04  0.25043875E+04  0.24800509E+04  0.24560786E+04  0.24324948E+04
  0.24093175E+04  0.23865586E+04  0.23642236E+04  0.23423112E+04  0.23208146E+04
  0.22997227E+04  0.22790225E+04  0.22587001E+04  0.22387424E+04  0.22191380E+04
  0.21998844E+04  0.21809926E+04  0.21624863E+04  0.21443941E+04  0.21267511E+04
  0.21096035E+04  0.20930181E+04  0.20770899E+04  0.20618793E+04  0.20474799E+04
  0.20338759E+04  0.20209580E+04  0.20087827E+04  0.19974078E+04  0.19868080E+04
  0.19769338E+04  0.19677160E+04  0.19590635E+04  0.19508748E+04  0.19430501E+04
  0.19354926E+04  0.19281182E+04  0.19208595E+04  0.19136692E+04  0.19065208E+04
  0.18994035E+04  0.18923157E+04  0.18852630E+04  0.18782511E+04  0.18712927E+04
  0.18643771E+04  0.18575439E+04  0.18506797E+04  0.18441169E+04  0.18358526E+04
  0.18306673E+04  0.32155821E+04  0.32158629E+04  0.32168546E+04  0.32178628E+04
  0.32182969E+04  0.32185025E+04  0.32186032E+04  0.32186411E+04  0.32186344E+04
  0.32185871E+04  0.32184941E+04  0.32183496E+04  0.32181450E+04  0.32178668E+04
  0.32174960E+04  0.32170056E+04  0.32163588E+04  0.32155048E+04  0.32143731E+04
  0.32128659E+04  0.32108503E+04  0.32081465E+04  0.32045126E+04  0.31996252E+04
  0.31930532E+04  0.31843031E+04  0.31727948E+04  0.31578730E+04  0.31389528E+04
  0.31156780E+04  0.30882975E+04  0.30576201E+04  0.30249396E+04  0.29911847E+04
  0.29566951E+04  0.29222408E+04  0.28889551E+04  0.28578535E+04  0.28293669E+04
  0.28031547E+04  0.27784099E+04  0.27542671E+04  0.27300569E+04  0.27054277E+04
  0.26803324E+04  0.26549533E+04  0.26294974E+04  0.26040706E+04  0.25787391E+04
  0.25535746E+04  0.25286405E+04  0.25039879E+04  0.24796574E+04  0.24556812E+04
  0.24320854E+04  0.24088898E+04  0.23861069E+04  0.23637417E+04  0.23417915E+04
  0.23202481E+04  0.22990997E+04  0.22783334E+04  0.22579362E+04  0.22378976E+04
  0.22182148E+04  0.21989033E+04  0.21799934E+04  0.21615213E+04  0.21435295E+04
  0.21260709E+04  0.21092151E+04  0.20930798E+04  0.20777358E+04  0.20632275E+04
  0.20495553E+04  0.20366323E+04  0.20244922E+04  0.20131874E+04  0.20026695E+04
  0.19928684E+04  0.19836946E+04  0.19750425E+04  0.19668032E+04  0.19588699E+04
  0.19511495E+04  0.19435673E+04  0.19360683E+04  0.19286223E+04  0.19212162E+04
  0.19138483E+04  0.19065233E+04  0.18992485E+04  0.18920319E+04  0.18848761E+04
  0.18777871E+04  0.18707460E+04  0.18637883E+04  0.18567961E+04  0.18501066E+04
  0.18416727E+04  0.18363786E+04  0.32156102E+04  0.32159189E+04  0.32170130E+04
  0.32181216E+04  0.32185912E+04  0.32188110E+04  0.32189195E+04  0.32189635E+04
  0.32189557E+04  0.32188992E+04  0.32187955E+04  0.32186405E+04  0.32184250E+04
  0.32181355E+04  0.32177524E+04  0.32172489E+04  0.32165880E+04  0.32157190E+04
  0.32145711E+04  0.32130464E+04  0.32110117E+04  0.32082866E+04  0.32046284E+04
  0.31997132E+04  0.31931111E+04  0.31843235E+04  0.31727720E+04  0.31578053E+04
  0.31388355E+04  0.31155075E+04  0.30880719E+04  0.30573380E+04  0.30246019E+04
  0.29908092E+04  0.29563300E+04  0.29219663E+04  0.28888564E+04  0.28579697E+04
  0.28296475E+04  0.28034855E+04  0.27786756E+04  0.27543845E+04  0.27299946E+04
  0.27052017E+04  0.26799860E+04  0.26545380E+04  0.26290586E+04  0.26036399E+04
  0.25783314E+04  0.25531911E+04  0.25282737E+04  0.25036265E+04  0.24792891E+04
  0.24552952E+04  0.24316730E+04  0.24084438E+04  0.23856203E+04  0.23632063E+04
  0.23411980E+04  0.23195861E+04  0.22983590E+04  0.22775049E+04  0.22570140E+04
  0.22368834E+04  0.22171302E+04  0.21977934E+04  0.21789188E+04  0.21605540E+04
  0.21427585E+04  0.21256076E+04  0.21092332E+04  0.20937236E+04  0.20790761E+04
  0.20653012E+04  0.20523568E+04  0.20402400E+04  0.20289756E+04  0.20185001E+04
  0.20087245E+04  0.19995418E+04  0.19908355E+04  0.19824894E+04  0.19743987E+04
  0.19664764E+04  0.19586577E+04  0.19509064E+04  0.19432057E+04  0.19355526E+04
  0.19279509E+04  0.19204079E+04  0.19129310E+04  0.19055252E+04  0.18981923E+04
  0.18909276E+04  0.18837319E+04  0.18765836E+04  0.18695174E+04  0.18624126E+04
  0.18556124E+04  0.18470330E+04  0.18416462E+04  0.32156406E+04  0.32159778E+04
  0.32171747E+04  0.32183852E+04  0.32188942E+04  0.32191329E+04  0.32192527E+04
  0.32193021E+04  0.32192924E+04  0.32192288E+04  0.32191164E+04  0.32189517E+04
  0.32187257E+04  0.32184249E+04  0.32180297E+04  0.32175130E+04  0.32168379E+04
  0.32159535E+04  0.32147891E+04  0.32132464E+04  0.32111918E+04  0.32084444E+04
  0.32047607E+04  0.31998160E+04  0.31931812E+04  0.31843530E+04  0.31727547E+04
  0.31577390E+04  0.31387152E+04  0.31153290E+04  0.30878341E+04  0.30570403E+04
  0.30242470E+04  0.29904181E+04  0.29559574E+04  0.29217009E+04  0.28887902E+04
  0.28581404E+04  0.28299965E+04  0.28038901E+04  0.27790146E+04  0.27545731E+04
  0.27300014E+04  0.27050429E+04  0.26797043E+04  0.26541810E+04  0.26286679E+04
  0.26032423E+04  0.25779357E+04  0.25527950E+04  0.25278681E+04  0.25031993E+04
  0.24788287E+04  0.24547924E+04  0.24311208E+04  0.24078356E+04  0.23849486E+04
  0.23624621E+04  0.23403706E+04  0.23186648E+04  0.22973343E+04  0.22763705E+04
  0.22557712E+04  0.22355547E+04  0.22157653E+04  0.21964577E+04  0.21776893E+04
  0.21595282E+04  0.21420537E+04  0.21254006E+04  0.21096780E+04  0.20948633E+04
  0.20809587E+04  0.20679641E+04  0.20558488E+04  0.20445925E+04  0.20341191E+04
  0.20243230E+04  0.20150844E+04  0.20062766E+04  0.19977798E+04  0.19894932E+04
  0.19813403E+04  0.19732733E+04  0.19652688E+04  0.19573209E+04  0.19494330E+04
  0.19416123E+04  0.19338666E+04  0.19262016E+04  0.19186193E+04  0.19111173E+04
  0.19036914E+04  0.18963338E+04  0.18890442E+04  0.18818004E+04  0.18746375E+04
  0.18674333E+04  0.18605359E+04  0.18518313E+04  0.18463654E+04  0.32156696E+04
  0.32160390E+04  0.32173418E+04  0.32186542E+04  0.32192046E+04  0.32194630E+04
  0.32195915E+04  0.32196426E+04  0.32196327E+04  0.32195678E+04  0.32194506E+04
  0.32192783E+04  0.32190431E+04  0.32187316E+04  0.32183245E+04  0.32177949E+04
  0.32171056E+04  0.32162057E+04  0.32150246E+04  0.32134637E+04  0.32113890E+04
  0.32086188E+04  0.32049087E+04  0.31999334E+04  0.31932638E+04  0.31843924E+04
  0.31727443E+04  0.31576761E+04  0.31385943E+04  0.31151458E+04  0.30875879E+04
  0.30567324E+04  0.30238815E+04  0.29900200E+04  0.29555880E+04  0.29214581E+04
  0.28887713E+04  0.28583802E+04  0.28304273E+04  0.28043801E+04  0.27794362E+04
  0.27548384E+04  0.27300771E+04  0.27049411E+04  0.26794629E+04  0.26538406E+04
  0.26282618E+04  0.26027927E+04  0.25774503E+04  0.25522714E+04  0.25272989E+04
  0.25025756E+04  0.24781429E+04  0.24540390E+04  0.24302950E+04  0.24069319E+04
  0.23839590E+04  0.23613762E+04  0.23391775E+04  0.23173541E+04  0.22958992E+04
  0.22748111E+04  0.22541086E+04  0.22338400E+04  0.22140695E+04  0.21948649E+04
  0.21763042E+04  0.21584747E+04  0.21415008E+04  0.21255132E+04  0.21105028E+04
  0.20964552E+04  0.20833866E+04  0.20712411E+04  0.20599558E+04  0.20494427E+04
  0.20395831E+04  0.20302448E+04  0.20212960E+04  0.20126169E+04  0.20041122E+04
  0.19957172E+04  0.19873992E+04  0.19791470E+04  0.19709623E+04  0.19628521E+04
  0.19548250E+04  0.19468876E+04  0.19390431E+04  0.19312904E+04  0.19236251E+04
  0.19160409E+04  0.19085323E+04  0.19010909E+04  0.18937165E+04  0.18863867E+04
  0.18791374E+04  0.18718452E+04  0.18648627E+04  0.18560498E+04  0.18505158E+04
  0.32156966E+04  0.32161002E+04  0.32175140E+04  0.32189316E+04  0.32195215E+04
  0.32197955E+04  0.32199293E+04  0.32199823E+04  0.32199746E+04  0.32199108E+04
  0.32197918E+04  0.32196148E+04  0.32193722E+04  0.32190514E+04  0.32186332E+04
  0.32180912E+04  0.32173879E+04  0.32164728E+04  0.32152751E+04  0.32136960E+04
  0.32116009E+04  0.32088075E+04  0.32050707E+04  0.32000640E+04  0.31933580E+04
  0.31844413E+04  0.31727412E+04  0.31576177E+04  0.31384749E+04  0.31149606E+04
  0.30873370E+04  0.30564183E+04  0.30235104E+04  0.29896206E+04  0.29552290E+04
  0.29212463E+04  0.28888084E+04  0.28586956E+04  0.28309417E+04  0.28049515E+04
  0.27799286E+04  0.27551586E+04  0.27301877E+04  0.27048479E+04  0.26791958E+04
  0.26534328E+04  0.26277427E+04  0.26021850E+04  0.25767654E+04  0.25515122E+04
  0.25264630E+04  0.25016587E+04  0.24771414E+04  0.24529507E+04  0.24291166E+04
  0.24056570E+04  0.23825785E+04  0.23598790E+04  0.23375524E+04  0.23155930E+04
  0.22940005E+04  0.22727923E+04  0.22520200E+04  0.22317567E+04  0.22120832E+04
  0.21930889E+04  0.21748712E+04  0.21575396E+04  0.21412403E+04  0.21260086E+04
  0.21118092E+04  0.20986400E+04  0.20864268E+04  0.20750730E+04  0.20644792E+04
  0.20545166E+04  0.20450423E+04  0.20359202E+04  0.20270328E+04  0.20182935E+04
  0.20096520E+04  0.20010864E+04  0.19925939E+04  0.19841811E+04  0.19758575E+04
  0.19676313E+04  0.19595075E+04  0.19514866E+04  0.19435649E+04  0.19357364E+04
  0.19279950E+04  0.19203341E+04  0.19127480E+04  0.19052287E+04  0.18977764E+04
  0.18903685E+04  0.18830418E+04  0.18756716E+04  0.18686142E+04  0.18597074E+04
  0.18541145E+04  0.32157244E+04  0.32161607E+04  0.32176849E+04  0.32192095E+04
  0.32198389E+04  0.32201266E+04  0.32202667E+04  0.32203234E+04  0.32203172E+04
  0.32202541E+04  0.32201342E+04  0.32199544E+04  0.32197068E+04  0.32193787E+04
  0.32189513E+04  0.32183980E+04  0.32176816E+04  0.32167516E+04  0.32155375E+04
  0.32139401E+04  0.32118244E+04  0.32090075E+04  0.32052433E+04  0.32002045E+04
  0.31934609E+04  0.31844976E+04  0.31727443E+04  0.31575634E+04  0.31383569E+04
  0.31147740E+04  0.30870821E+04  0.30560980E+04  0.30231322E+04  0.29892171E+04
  0.29548764E+04  0.29210604E+04  0.28888944E+04  0.28590739E+04  0.28315185E+04
  0.28055730E+04  0.27804493E+04  0.27554783E+04  0.27302652E+04  0.27046846E+04
  0.26788162E+04  0.26528700E+04  0.26270289E+04  0.26013456E+04  0.25758162E+04
  0.25504603E+04  0.25253099E+04  0.25004052E+04  0.24757894E+04  0.24515004E+04
  0.24275643E+04  0.24039944E+04  0.23807947E+04  0.23579617E+04  0.23354912E+04
  0.23133843E+04  0.22916561E+04  0.22703589E+04  0.22495762E+04  0.22294012E+04
  0.22099372E+04  0.21912935E+04  0.21735750E+04  0.21569301E+04  0.21414490E+04
  0.21270841E+04  0.21137804E+04  0.21014536E+04  0.20899880E+04  0.20792731E+04
  0.20691702E+04  0.20595278E+04  0.20502058E+04  0.20410906E+04  0.20321049E+04
  0.20232107E+04  0.20143971E+04  0.20056678E+04  0.19970321E+04  0.19884996E+04
  0.19800773E+04  0.19717679E+04  0.19635693E+04  0.19554764E+04  0.19474828E+04
  0.19395822E+04  0.19317682E+04  0.19240346E+04  0.19163761E+04  0.19087850E+04
  0.19012617E+04  0.18937838E+04  0.18863885E+04  0.18789501E+04  0.18718276E+04
  0.18628402E+04  0.18571970E+04  0.32157532E+04  0.32162223E+04  0.32178539E+04
  0.32194834E+04  0.32201552E+04  0.32204596E+04  0.32206061E+04  0.32206648E+04
  0.32206584E+04  0.32205939E+04  0.32204721E+04  0.32202897E+04  0.32200387E+04
  0.32197060E+04  0.32192722E+04  0.32187102E+04  0.32179825E+04  0.32170387E+04
  0.32158087E+04  0.32141932E+04  0.32120565E+04  0.32092154E+04  0.32054228E+04
  0.32003508E+04  0.31935685E+04  0.31845573E+04  0.31727491E+04  0.31575088E+04
  0.31382361E+04  0.31145816E+04  0.30868172E+04  0.30557623E+04  0.30227337E+04
  0.29887913E+04  0.29545085E+04  0.29208760E+04  0.28889991E+04  0.28594770E+04
  0.28321098E+04  0.28061865E+04  0.27809312E+04  0.27557247E+04  0.27302330E+04
  0.27043768E+04  0.26782594E+04  0.26520989E+04  0.26260805E+04  0.26002483E+04
  0.25745883E+04  0.25491112E+04  0.25238452E+04  0.24988290E+04  0.24741045E+04
  0.24497060E+04  0.24256556E+04  0.24019632E+04  0.23786291E+04  0.23556486E+04
  0.23330231E+04  0.23107675E+04  0.22889300E+04  0.22676031E+04  0.22468956E+04
  0.22269228E+04  0.22078102E+04  0.21896722E+04  0.21726448E+04  0.21568697E+04
  0.21423052E+04  0.21288249E+04  0.21163350E+04  0.21047162E+04  0.20938437E+04
  0.20835680E+04  0.20737304E+04  0.20641867E+04  0.20548284E+04  0.20455888E+04
  0.20364399E+04  0.20273785E+04  0.20184135E+04  0.20095565E+04  0.20008166E+04
  0.19921990E+04  0.19837037E+04  0.19753266E+04  0.19670614E+04  0.19589016E+04
  0.19508409E+04  0.19428732E+04  0.19349926E+04  0.19271932E+04  0.19194701E+04
  0.19118157E+04  0.19042308E+04  0.18966927E+04  0.18892391E+04  0.18817430E+04
  0.18745661E+04  0.18655116E+04  0.18598268E+04  0.32157843E+04  0.32162878E+04
  0.32180276E+04  0.32197612E+04  0.32204757E+04  0.32207958E+04  0.32209459E+04
  0.32210038E+04  0.32209945E+04  0.32209262E+04  0.32208006E+04  0.32206148E+04
  0.32203608E+04  0.32200252E+04  0.32195879E+04  0.32190206E+04  0.32182849E+04
  0.32173297E+04  0.32160851E+04  0.32144520E+04  0.32122943E+04  0.32094283E+04
  0.32056061E+04  0.32004992E+04  0.31936764E+04  0.31846146E+04  0.31727481E+04
  0.31574453E+04  0.31381029E+04  0.31143716E+04  0.30865272E+04  0.30553908E+04
  0.30222880E+04  0.29883104E+04  0.29540879E+04  0.29206518E+04  0.28890756E+04
  0.28598506E+04  0.28326548E+04  0.28067267E+04  0.27813076E+04  0.27558350E+04
  0.27300397E+04  0.27038865E+04  0.26775007E+04  0.26511088E+04  0.26248972E+04
  0.25989014E+04  0.25730971E+04  0.25474868E+04  0.25220953E+04  0.24969594E+04
  0.24721169E+04  0.24475982E+04  0.24234210E+04  0.23995900E+04  0.23761027E+04
  0.23529596E+04  0.23301757E+04  0.23077927E+04  0.22859020E+04  0.22646315E+04
  0.22441121E+04  0.22244808E+04  0.22058794E+04  0.21884314E+04  0.21722940E+04
  0.21574609E+04  0.21437548E+04  0.21310542E+04  0.21192458E+04  0.21081873E+04
  0.20977145E+04  0.20876620E+04  0.20778829E+04  0.20682733E+04  0.20587771E+04
  0.20493754E+04  0.20400711E+04  0.20308759E+04  0.20218021E+04  0.20128579E+04
  0.20040466E+04  0.19953663E+04  0.19868115E+04  0.19783752E+04  0.19700509E+04
  0.19618322E+04  0.19537132E+04  0.19456877E+04  0.19377504E+04  0.19298957E+04
  0.19221189E+04  0.19144124E+04  0.19067771E+04  0.18991901E+04  0.18916894E+04
  0.18841469E+04  0.18769262E+04  0.18678180E+04  0.18620997E+04  0.32158159E+04
  0.32163551E+04  0.32182071E+04  0.32200468E+04  0.32208006E+04  0.32211317E+04
  0.32212815E+04  0.32213349E+04  0.32213198E+04  0.32212455E+04  0.32211146E+04
  0.32209248E+04  0.32206680E+04  0.32203304E+04  0.32198913E+04  0.32193216E+04
  0.32185815E+04  0.32176185E+04  0.32163619E+04  0.32147127E+04  0.32125346E+04
  0.32096433E+04  0.32057904E+04  0.32006463E+04  0.31937798E+04  0.31846630E+04
  0.31727330E+04  0.31573624E+04  0.31379436E+04  0.31141269E+04  0.30861903E+04
  0.30549560E+04  0.30217623E+04  0.29877377E+04  0.29535751E+04  0.29203458E+04
  0.28890793E+04  0.28601474E+04  0.28331054E+04  0.28071472E+04  0.27815401E+04
  0.27557829E+04  0.27296704E+04  0.27032097E+04  0.26765472E+04  0.26499160E+04
  0.26235004E+04  0.25973280E+04  0.25713648E+04  0.25456069E+04  0.25200767E+04
  0.24948092E+04  0.24698386E+04  0.24451892E+04  0.24208711E+04  0.23968835E+04
  0.23732262E+04  0.23499118E+04  0.23269781E+04  0.23045137E+04  0.22826542E+04
  0.22615535E+04  0.22413605E+04  0.22222348E+04  0.22043135E+04  0.21877482E+04
  0.21725721E+04  0.21585884E+04  0.21456360E+04  0.21336051E+04  0.21223350E+04
  0.21116467E+04  0.21013657E+04  0.20913441E+04  0.20814821E+04  0.20717322E+04
  0.20620832E+04  0.20525429E+04  0.20431250E+04  0.20338414E+04  0.20246990E+04
  0.20156987E+04  0.20068367E+04  0.19981069E+04  0.19895024E+04  0.19810164E+04
  0.19726428E+04  0.19643758E+04  0.19562090E+04  0.19481369E+04  0.19401545E+04
  0.19322560E+04  0.19244370E+04  0.19166899E+04  0.19090154E+04  0.19013903E+04
  0.18938529E+04  0.18862742E+04  0.18790193E+04  0.18698688E+04  0.18641242E+04
  0.32158484E+04  0.32164225E+04  0.32183885E+04  0.32203344E+04  0.32211222E+04
  0.32214597E+04  0.32216052E+04  0.32216507E+04  0.32216273E+04  0.32215457E+04
  0.32214092E+04  0.32212155E+04  0.32209564E+04  0.32206176E+04  0.32201777E+04
  0.32196072E+04  0.32188654E+04  0.32178983E+04  0.32166331E+04  0.32149704E+04
  0.32127734E+04  0.32098573E+04  0.32059727E+04  0.32007892E+04  0.31938752E+04
  0.31846976E+04  0.31726974E+04  0.31572508E+04  0.31377456E+04  0.31138307E+04
  0.30857856E+04  0.30544339E+04  0.30211310E+04  0.29870477E+04  0.29529455E+04
  0.29199346E+04  0.28889878E+04  0.28603449E+04  0.28334416E+04  0.28074325E+04
  0.27816202E+04  0.27555702E+04  0.27291343E+04  0.27023622E+04  0.26754189E+04
  0.26485398E+04  0.26219068E+04  0.25955408E+04  0.25694008E+04  0.25434790E+04
  0.25177961E+04  0.24923848E+04  0.24672737E+04  0.24424785E+04  0.24180020E+04
  0.23938421E+04  0.23700062E+04  0.23465254E+04  0.23234787E+04  0.23010094E+04
  0.22792917E+04  0.22585018E+04  0.22387955E+04  0.22203505E+04  0.22032963E+04
  0.21876841E+04  0.21733772E+04  0.21601509E+04  0.21478736E+04  0.21363717E+04
  0.21254517E+04  0.21149319E+04  0.21046639E+04  0.20945510E+04  0.20845523E+04
  0.20746624E+04  0.20648928E+04  0.20552584E+04  0.20457707E+04  0.20364346E+04
  0.20272489E+04  0.20182085E+04  0.20093069E+04  0.20005371E+04  0.19918920E+04
  0.19833656E+04  0.19749527E+04  0.19666466E+04  0.19584416E+04  0.19503329E+04
  0.19423152E+04  0.19343827E+04  0.19265309E+04  0.19187522E+04  0.19110471E+04
  0.19033924E+04  0.18958262E+04  0.18882191E+04  0.18809373E+04  0.18717538E+04
  0.18659890E+04  0.32158768E+04  0.32164827E+04  0.32185563E+04  0.32206061E+04
  0.32214278E+04  0.32217690E+04  0.32219073E+04  0.32219423E+04  0.32219096E+04
  0.32218209E+04  0.32216795E+04  0.32214830E+04  0.32212225E+04  0.32208833E+04
  0.32204438E+04  0.32198737E+04  0.32191317E+04  0.32181628E+04  0.32168926E+04
  0.32152195E+04  0.32130059E+04  0.32100662E+04  0.32061498E+04  0.32009251E+04
  0.31939602E+04  0.31847164E+04  0.31726380E+04  0.31571055E+04  0.31375014E+04
  0.31134729E+04  0.30853010E+04  0.30538124E+04  0.30203842E+04  0.29862341E+04
  0.29521964E+04  0.29194192E+04  0.28888045E+04  0.28604470E+04  0.28336676E+04
  0.28075916E+04  0.27815608E+04  0.27552093E+04  0.27284459E+04  0.27013589E+04
  0.26741272E+04  0.26469871E+04  0.26201194E+04  0.25935406E+04  0.25672055E+04
  0.25411044E+04  0.25152567E+04  0.24896908E+04  0.24644278E+04  0.24394733E+04
  0.24148235E+04  0.23904793E+04  0.23664637E+04  0.23428444E+04  0.23197569E+04
  0.22973936E+04  0.22759587E+04  0.22556401E+04  0.22366030E+04  0.22189933E+04
  0.22029064E+04  0.21882167E+04  0.21746859E+04  0.21621409E+04  0.21503912E+04
  0.21392294E+04  0.21284653E+04  0.21179483E+04  0.21075859E+04  0.20973416E+04
  0.20872146E+04  0.20772190E+04  0.20673708E+04  0.20576808E+04  0.20481521E+04
  0.20387816E+04  0.20295631E+04  0.20204901E+04  0.20115555E+04  0.20027521E+04
  0.19940730E+04  0.19855138E+04  0.19770685E+04  0.19687295E+04  0.19604931E+04
  0.19523544E+04  0.19443079E+04  0.19363476E+04  0.19284689E+04  0.19206639E+04
  0.19129334E+04  0.19052540E+04  0.18976642E+04  0.18900341E+04  0.18827305E+04
  0.18735212E+04  0.18677408E+04  0.32158941E+04  0.32165284E+04  0.32187012E+04
  0.32208512E+04  0.32217067E+04  0.32220480E+04  0.32221765E+04  0.32222012E+04
  0.32221602E+04  0.32220659E+04  0.32219214E+04  0.32217235E+04  0.32214630E+04
  0.32211248E+04  0.32206868E+04  0.32201183E+04  0.32193773E+04  0.32184078E+04
  0.32171349E+04  0.32154546E+04  0.32132270E+04  0.32102654E+04  0.32063175E+04
  0.32010507E+04  0.31940324E+04  0.31847175E+04  0.31725531E+04  0.31569247E+04
  0.31372086E+04  0.31130503E+04  0.30847337E+04  0.30530906E+04  0.30195228E+04
  0.29853011E+04  0.29513377E+04  0.29188132E+04  0.28885439E+04  0.28604670E+04
  0.28337944E+04  0.28076350E+04  0.27813724E+04  0.27547094E+04  0.27276112E+04
  0.27002019E+04  0.26726708E+04  0.26452550E+04  0.26181361E+04  0.25913281E+04
  0.25647839E+04  0.25384934E+04  0.25124735E+04  0.24867462E+04  0.24613216E+04
  0.24361953E+04  0.24113599E+04  0.23868271E+04  0.23626492E+04  0.23389507E+04
  0.23159297E+04  0.22938156E+04  0.22728278E+04  0.22531569E+04  0.22349617E+04
  0.22183268E+04  0.22032075E+04  0.21893592E+04  0.21765143E+04  0.21644855E+04
  0.21530616E+04  0.21420441E+04  0.21312763E+04  0.21206646E+04  0.21101759E+04
  0.20998126E+04  0.20895910E+04  0.20795280E+04  0.20696338E+04  0.20599097E+04
  0.20503514E+04  0.20409521E+04  0.20317051E+04  0.20226033E+04  0.20136387E+04
  0.20048051E+04  0.19960965E+04  0.19875077E+04  0.19790330E+04  0.19706662E+04
  0.19624025E+04  0.19542367E+04  0.19461636E+04  0.19381777E+04  0.19302742E+04
  0.19224453E+04  0.19146919E+04  0.19069905E+04  0.18993801E+04  0.18917304E+04
  0.18844092E+04  0.18751797E+04  0.18693869E+04  0.32159074E+04  0.32165662E+04
  0.32188280E+04  0.32210675E+04  0.32219488E+04  0.32222856E+04  0.32224036E+04
  0.32224202E+04  0.32223740E+04  0.32222767E+04  0.32221312E+04  0.32219339E+04
  0.32216751E+04  0.32213394E+04  0.32209043E+04  0.32203386E+04  0.32195998E+04
  0.32186310E+04  0.32173566E+04  0.32156710E+04  0.32134317E+04  0.32104497E+04
  0.32064713E+04  0.32011617E+04  0.31940881E+04  0.31846977E+04  0.31724405E+04
  0.31567070E+04  0.31368666E+04  0.31125632E+04  0.30840852E+04  0.30522708E+04
  0.30185498E+04  0.29842542E+04  0.29503786E+04  0.29181279E+04  0.28882159E+04
  0.28604125E+04  0.28338264E+04  0.28075621E+04  0.27810514E+04  0.27540654E+04
  0.27266249E+04  0.26988857E+04  0.26710460E+04  0.26433439E+04  0.26159627E+04
  0.25889161E+04  0.25621557E+04  0.25356714E+04  0.25094761E+04  0.24835821E+04
  0.24579867E+04  0.24326762E+04  0.24076464E+04  0.23829322E+04  0.23586374E+04
  0.23349540E+04  0.23121348E+04  0.22904384E+04  0.22700749E+04  0.22512227E+04
  0.22340209E+04  0.22184256E+04  0.22041879E+04  0.21910248E+04  0.21787005E+04
  0.21669962E+04  0.21557113E+04  0.21446855E+04  0.21338224E+04  0.21230889E+04
  0.21124891E+04  0.21020404E+04  0.20917603E+04  0.20816583E+04  0.20717347E+04
  0.20619837E+04  0.20523989E+04  0.20429727E+04  0.20336988E+04  0.20245691E+04
  0.20155753E+04  0.20067128E+04  0.19979766E+04  0.19893592E+04  0.19808557E+04
  0.19724620E+04  0.19641717E+04  0.19559790E+04  0.19478794E+04  0.19398678E+04
  0.19319397E+04  0.19240875E+04  0.19163122E+04  0.19085901E+04  0.19009609E+04
  0.18932938E+04  0.18859577E+04  0.18767124E+04  0.18709100E+04  0.32159224E+04
  0.32166021E+04  0.32189341E+04  0.32212400E+04  0.32221379E+04  0.32224704E+04
  0.32225820E+04  0.32225943E+04  0.32225464E+04  0.32224494E+04  0.32223057E+04
  0.32221113E+04  0.32218563E+04  0.32215250E+04  0.32210944E+04  0.32205329E+04
  0.32197975E+04  0.32188305E+04  0.32175554E+04  0.32158655E+04  0.32136158E+04
  0.32106148E+04  0.32066063E+04  0.32012537E+04  0.31941228E+04  0.31846523E+04
  0.31722961E+04  0.31564489E+04  0.31364729E+04  0.31120099E+04  0.30833535E+04
  0.30513508E+04  0.30174625E+04  0.29830911E+04  0.29493185E+04  0.29173639E+04
  0.28878190E+04  0.28602787E+04  0.28337550E+04  0.28073624E+04  0.27805875E+04
  0.27532685E+04  0.27254811E+04  0.26974089E+04  0.26692575E+04  0.26412655E+04
  0.26136183E+04  0.25863300E+04  0.25593517E+04  0.25326725E+04  0.25062993E+04
  0.24802316E+04  0.24544531E+04  0.24289453E+04  0.24037186E+04  0.23788506E+04
  0.23545166E+04  0.23309776E+04  0.23085224E+04  0.22874196E+04  0.22678590E+04
  0.22499713E+04  0.22338118E+04  0.22191520E+04  0.22056298E+04  0.21929914E+04
  0.21810100E+04  0.21694648E+04  0.21581842E+04  0.21470701E+04  0.21360911E+04
  0.21252537E+04  0.21145764E+04  0.21040765E+04  0.20937633E+04  0.20836356E+04
  0.20736872E+04  0.20639110E+04  0.20543004E+04  0.20448475E+04  0.20355449E+04
  0.20263860E+04  0.20173636E+04  0.20084722E+04  0.19997063E+04  0.19910594E+04
  0.19825259E+04  0.19741022E+04  0.19657827E+04  0.19575621E+04  0.19494355E+04
  0.19413976E+04  0.19334444E+04  0.19255684E+04  0.19177709E+04  0.19100285E+04
  0.19023815E+04  0.18946986E+04  0.18873494E+04  0.18780914E+04  0.18722818E+04
  0.32159380E+04  0.32166334E+04  0.32190097E+04  0.32213534E+04  0.32222617E+04
  0.32225952E+04  0.32227067E+04  0.32227199E+04  0.32226743E+04  0.32225808E+04
  0.32224418E+04  0.32222530E+04  0.32220044E+04  0.32216797E+04  0.32212557E+04
  0.32207001E+04  0.32199694E+04  0.32190050E+04  0.32177299E+04  0.32160361E+04
  0.32137767E+04  0.32107571E+04  0.32067184E+04  0.32013216E+04  0.31941309E+04
  0.31845758E+04  0.31721136E+04  0.31561441E+04  0.31360205E+04  0.31113827E+04
  0.30825300E+04  0.30503199E+04  0.30162476E+04  0.29817995E+04  0.29481491E+04
  0.29165138E+04  0.28873443E+04  0.28600533E+04  0.28335667E+04  0.28070232E+04
  0.27799713E+04  0.27523153E+04  0.27241827E+04  0.26957814E+04  0.26673218E+04
  0.26390426E+04  0.26111305E+04  0.25836004E+04  0.25564037E+04  0.25295278E+04
  0.25029706E+04  0.24767170E+04  0.24507386E+04  0.24250209E+04  0.23996059E+04
  0.23746403E+04  0.23503787E+04  0.23271386E+04  0.23052316E+04  0.22849050E+04
  0.22662946E+04  0.22494618E+04  0.22342782E+04  0.22203760E+04  0.22074102E+04
  0.21951295E+04  0.21833141E+04  0.21717814E+04  0.21604211E+04  0.21491980E+04
  0.21381205E+04  0.21272101E+04  0.21164849E+04  0.21059542E+04  0.20956168E+04
  0.20854647E+04  0.20754909E+04  0.20656882E+04  0.20560493E+04  0.20465674E+04
  0.20372337E+04  0.20280425E+04  0.20189890E+04  0.20100654E+04  0.20012660E+04
  0.19925860E+04  0.19840204E+04  0.19755645E+04  0.19672136E+04  0.19589630E+04
  0.19508076E+04  0.19427422E+04  0.19347629E+04  0.19268625E+04  0.19190427E+04
  0.19112805E+04  0.19036167E+04  0.18959199E+04  0.18885594E+04  0.18792917E+04
  0.18734772E+04  0.32159503E+04  0.32166529E+04  0.32190483E+04  0.32214084E+04
  0.32223240E+04  0.32226627E+04  0.32227786E+04  0.32227966E+04  0.32227564E+04
  0.32226692E+04  0.32225375E+04  0.32223571E+04  0.32221177E+04  0.32218023E+04
  0.32213870E+04  0.32208390E+04  0.32201142E+04  0.32191534E+04  0.32178787E+04
  0.32161813E+04  0.32139121E+04  0.32108739E+04  0.32068043E+04  0.32013610E+04
  0.31941076E+04  0.31844631E+04  0.31718873E+04  0.31557855E+04  0.31355014E+04
  0.31106721E+04  0.30816033E+04  0.30491656E+04  0.30148926E+04  0.29803697E+04
  0.29468652E+04  0.29155742E+04  0.28867872E+04  0.28597300E+04  0.28332559E+04
  0.28065423E+04  0.27792053E+04  0.27512142E+04  0.27227443E+04  0.26940231E+04
  0.26652630E+04  0.26367010E+04  0.26085251E+04  0.25807522E+04  0.25533339E+04
  0.25262547E+04  0.24995011E+04  0.24730421E+04  0.24468427E+04  0.24209075E+04
  0.23953364E+04  0.23703640E+04  0.23463179E+04  0.23235561E+04  0.23023815E+04
  0.22829918E+04  0.22654572E+04  0.22496739E+04  0.22353139E+04  0.22219906E+04
  0.22094074E+04  0.21973104E+04  0.21855104E+04  0.21738938E+04  0.21624213E+04
  0.21510995E+04  0.21399495E+04  0.21289911E+04  0.21182336E+04  0.21076773E+04
  0.20973139E+04  0.20871333E+04  0.20771306E+04  0.20672985E+04  0.20576277E+04
  0.20481120E+04  0.20387442E+04  0.20295173E+04  0.20204269E+04  0.20114667E+04
  0.20026314E+04  0.19939164E+04  0.19853168E+04  0.19768276E+04  0.19684440E+04
  0.19601616E+04  0.19519757E+04  0.19438818E+04  0.19358760E+04  0.19279517E+04
  0.19201107E+04  0.19123302E+04  0.19046515E+04  0.18969429E+04  0.18895736E+04
  0.18802997E+04  0.18744823E+04  0.32159570E+04  0.32166581E+04  0.32190541E+04
  0.32214176E+04  0.32223382E+04  0.32226833E+04  0.32228046E+04  0.32228280E+04
  0.32227943E+04  0.32227151E+04  0.32225930E+04  0.32224237E+04  0.32221958E+04
  0.32218919E+04  0.32214873E+04  0.32209486E+04  0.32202309E+04  0.32192744E+04
  0.32180006E+04  0.32163000E+04  0.32140209E+04  0.32109633E+04  0.32068614E+04
  0.32013695E+04  0.31940502E+04  0.31843104E+04  0.31716123E+04  0.31553676E+04
  0.31349089E+04  0.31098703E+04  0.30805649E+04  0.30478795E+04  0.30133913E+04
  0.29787994E+04  0.29454686E+04  0.29145493E+04  0.28861512E+04  0.28593099E+04
  0.28328254E+04  0.28059276E+04  0.27783015E+04  0.27499819E+04  0.27211865E+04
  0.26921566E+04  0.26631032E+04  0.26342602E+04  0.26058179E+04  0.25777964E+04
  0.25501481E+04  0.25228523E+04  0.24958818E+04  0.24691913E+04  0.24427500E+04
  0.24166032E+04  0.23909410E+04  0.23660875E+04  0.23424271E+04  0.23203386E+04
  0.23000734E+04  0.22817212E+04  0.22652770E+04  0.22504280E+04  0.22366982E+04
  0.22237738E+04  0.22113965E+04  0.21993420E+04  0.21874741E+04  0.21757484E+04
  0.21641756E+04  0.21527805E+04  0.21415822E+04  0.21305918E+04  0.21198076E+04
  0.21092228E+04  0.20988297E+04  0.20886194E+04  0.20785850E+04  0.20687189E+04
  0.20590127E+04  0.20494593E+04  0.20400533E+04  0.20307883E+04  0.20216590E+04
  0.20126608E+04  0.20037887E+04  0.19950377E+04  0.19864030E+04  0.19778796E+04
  0.19694628E+04  0.19611484E+04  0.19529323E+04  0.19448103E+04  0.19367792E+04
  0.19288323E+04  0.19209722E+04  0.19131758E+04  0.19054848E+04  0.18977670E+04
  0.18903917E+04  0.18811151E+04  0.18752971E+04  0.32159584E+04  0.32166541E+04
  0.32190408E+04  0.32213986E+04  0.32223200E+04  0.32226693E+04  0.32227938E+04
  0.32228209E+04  0.32227925E+04  0.32227220E+04  0.32226114E+04  0.32224547E+04
  0.32222401E+04  0.32219492E+04  0.32215565E+04  0.32210281E+04  0.32203185E+04
  0.32193670E+04  0.32180948E+04  0.32163911E+04  0.32141017E+04  0.32110237E+04
  0.32068878E+04  0.32013447E+04  0.31939556E+04  0.31841142E+04  0.31712850E+04
  0.31548859E+04  0.31342377E+04  0.31089711E+04  0.30794084E+04  0.30464558E+04
  0.30117412E+04  0.29770915E+04  0.29439671E+04  0.29134495E+04  0.28854451E+04
  0.28588010E+04  0.28322849E+04  0.28051910E+04  0.27772753E+04  0.27486367E+04
  0.27195280E+04  0.26901986E+04  0.26608548E+04  0.26317270E+04  0.26030092E+04
  0.25747276E+04  0.25468351E+04  0.25193031E+04  0.24920887E+04  0.24651376E+04
  0.24384409E+04  0.24121174E+04  0.23864644E+04  0.23618882E+04  0.23388094E+04
  0.23175843E+04  0.22983616E+04  0.22811083E+04  0.22656450E+04  0.22515188E+04
  0.22382519E+04  0.22255621E+04  0.22132359E+04  0.22011216E+04  0.21891543E+04
  0.21773341E+04  0.21656903E+04  0.21542476E+04  0.21430170E+04  0.21320000E+04
  0.21211897E+04  0.21105749E+04  0.21001498E+04  0.20899082E+04  0.20798393E+04
  0.20699357E+04  0.20601910E+04  0.20505987E+04  0.20411533E+04  0.20318495E+04
  0.20226821E+04  0.20136462E+04  0.20047371E+04  0.19959499E+04  0.19872798E+04
  0.19787223E+04  0.19702730E+04  0.19619278E+04  0.19536831E+04  0.19455352E+04
  0.19374809E+04  0.19295142E+04  0.19216375E+04  0.19138280E+04  0.19061274E+04
  0.18984032E+04  0.18910244E+04  0.18817487E+04  0.18759322E+04  0.32159538E+04
  0.32166422E+04  0.32190123E+04  0.32213588E+04  0.32222773E+04  0.32226259E+04
  0.32227523E+04  0.32227833E+04  0.32227607E+04  0.32226982E+04  0.32225982E+04
  0.32224542E+04  0.32222531E+04  0.32219756E+04  0.32215954E+04  0.32210779E+04
  0.32203769E+04  0.32194309E+04  0.32181605E+04  0.32164536E+04  0.32141533E+04
  0.32110536E+04  0.32068817E+04  0.32012844E+04  0.31938216E+04  0.31838720E+04
  0.31709023E+04  0.31543371E+04  0.31334842E+04  0.31079708E+04  0.30781303E+04
  0.30448922E+04  0.30099438E+04  0.29752526E+04  0.29423730E+04  0.29122896E+04
  0.28846814E+04  0.28582154E+04  0.28316471E+04  0.28043453E+04  0.27761404E+04
  0.27471916E+04  0.27177790E+04  0.26881544E+04  0.26585165E+04  0.26290930E+04
  0.26000855E+04  0.25715279E+04  0.25433729E+04  0.25155804E+04  0.24880913E+04
  0.24608530E+04  0.24339054E+04  0.24074771E+04  0.23819742E+04  0.23578626E+04
  0.23355723E+04  0.23153775E+04  0.22972761E+04  0.22810984E+04  0.22664512E+04
  0.22528217E+04  0.22398377E+04  0.22272349E+04  0.22148540E+04  0.22026331E+04
  0.21905676E+04  0.21786767E+04  0.21669878E+04  0.21555147E+04  0.21442592E+04
  0.21332149E+04  0.21223752E+04  0.21117305E+04  0.21012723E+04  0.20909948E+04
  0.20808891E+04  0.20709478E+04  0.20611647E+04  0.20515338E+04  0.20420500E+04
  0.20327082E+04  0.20235034E+04  0.20144308E+04  0.20054856E+04  0.19966630E+04
  0.19879586E+04  0.19793683E+04  0.19708880E+04  0.19625142E+04  0.19542437E+04
  0.19460726E+04  0.19379983E+04  0.19300147E+04  0.19221245E+04  0.19143046E+04
  0.19065971E+04  0.18988690E+04  0.18914893E+04  0.18822174E+04  0.18764045E+04
  0.32159406E+04  0.32166134E+04  0.32189512E+04  0.32212789E+04  0.32221931E+04
  0.32225418E+04  0.32226750E+04  0.32227168E+04  0.32227056E+04  0.32226525E+04
  0.32225610E+04  0.32224272E+04  0.32222382E+04  0.32219736E+04  0.32216056E+04
  0.32210990E+04  0.32204068E+04  0.32194664E+04  0.32181974E+04  0.32164865E+04
  0.32141744E+04  0.32110516E+04  0.32068416E+04  0.32011868E+04  0.31936457E+04
  0.31835812E+04  0.31704616E+04  0.31537187E+04  0.31326457E+04  0.31068668E+04
  0.30767288E+04  0.30431880E+04  0.30080009E+04  0.29732904E+04  0.29406995E+04
  0.29110845E+04  0.28838707E+04  0.28575606E+04  0.28309201E+04  0.28033977E+04
  0.27749025E+04  0.27456493E+04  0.27159376E+04  0.26860159E+04  0.26560741E+04
  0.26263394E+04  0.25970248E+04  0.25681739E+04  0.25397359E+04  0.25116555E+04
  0.24838600E+04  0.24563175E+04  0.24291563E+04  0.24027367E+04  0.23775606E+04
  0.23541235E+04  0.23328170E+04  0.23137443E+04  0.22967594E+04  0.22815166E+04
  0.22674678E+04  0.22541595E+04  0.22412980E+04  0.22286759E+04  0.22162023E+04
  0.22038794E+04  0.21917377E+04  0.21798012E+04  0.21680842E+04  0.21565886E+04
  0.21453099E+04  0.21342385E+04  0.21233677E+04  0.21126911E+04  0.21021994E+04
  0.20918857E+04  0.20817434E+04  0.20717652E+04  0.20619449E+04  0.20522769E+04
  0.20427563E+04  0.20333781E+04  0.20241376E+04  0.20150299E+04  0.20060501E+04
  0.19971939E+04  0.19884572E+04  0.19798362E+04  0.19713276E+04  0.19629282E+04
  0.19546348E+04  0.19464438E+04  0.19383527E+04  0.19303554E+04  0.19224545E+04
  0.19146269E+04  0.19069149E+04  0.18991855E+04  0.18918072E+04  0.18825423E+04
  0.18767349E+04  0.32159173E+04  0.32165675E+04  0.32188409E+04  0.32211205E+04
  0.32220319E+04  0.32223931E+04  0.32225463E+04  0.32226101E+04  0.32226198E+04
  0.32225834E+04  0.32225036E+04  0.32223784E+04  0.32221988E+04  0.32219452E+04
  0.32215890E+04  0.32210934E+04  0.32204099E+04  0.32194745E+04  0.32182058E+04
  0.32164898E+04  0.32141643E+04  0.32110165E+04  0.32067656E+04  0.32010493E+04
  0.31934252E+04  0.31832388E+04  0.31699599E+04  0.31530276E+04  0.31317195E+04
  0.31056567E+04  0.30752010E+04  0.30413395E+04  0.30059106E+04  0.29712093E+04
  0.29389566E+04  0.29098440E+04  0.28830165E+04  0.28568360E+04  0.28301027E+04
  0.28023454E+04  0.27735570E+04  0.27440021E+04  0.27139912E+04  0.26837655E+04
  0.26535060E+04  0.26234425E+04  0.25938034E+04  0.25646420E+04  0.25358996E+04
  0.25075027E+04  0.24793718E+04  0.24515283E+04  0.24242332E+04  0.23979807E+04
  0.23733409E+04  0.23507941E+04  0.23306210E+04  0.23127031E+04  0.22967310E+04
  0.22822131E+04  0.22685540E+04  0.22554075E+04  0.22425457E+04  0.22298452E+04
  0.22172839E+04  0.22048874E+04  0.21926958E+04  0.21807318E+04  0.21689943E+04
  0.21574775E+04  0.21461749E+04  0.21350773E+04  0.21241772E+04  0.21134686E+04
  0.21029440E+04  0.20925961E+04  0.20824183E+04  0.20724042E+04  0.20625483E+04
  0.20528452E+04  0.20432901E+04  0.20338778E+04  0.20246037E+04  0.20154628E+04
  0.20064506E+04  0.19975631E+04  0.19887967E+04  0.19801481E+04  0.19716144E+04
  0.19631926E+04  0.19548796E+04  0.19466719E+04  0.19385671E+04  0.19305592E+04
  0.19226507E+04  0.19148182E+04  0.19071046E+04  0.18993765E+04  0.18920022E+04
  0.18827473E+04  0.18769472E+04  0.32158813E+04  0.32164939E+04  0.32186534E+04
  0.32208452E+04  0.32217601E+04  0.32221556E+04  0.32223476E+04  0.32224479E+04
  0.32224897E+04  0.32224804E+04  0.32224208E+04  0.32223083E+04  0.32221367E+04
  0.32218923E+04  0.32215478E+04  0.32210630E+04  0.32203877E+04  0.32194565E+04
  0.32181868E+04  0.32164635E+04  0.32141226E+04  0.32109470E+04  0.32066517E+04
  0.32008694E+04  0.31931567E+04  0.31828408E+04  0.31693927E+04  0.31522590E+04
  0.31307006E+04  0.31043356E+04  0.30735385E+04  0.30393347E+04  0.30036651E+04
  0.29690091E+04  0.29371487E+04  0.29085697E+04  0.28821147E+04  0.28560323E+04
  0.28291832E+04  0.28011768E+04  0.27720913E+04  0.27422343E+04  0.27119204E+04
  0.26813805E+04  0.26507879E+04  0.26203787E+04  0.25904000E+04  0.25609126E+04
  0.25318442E+04  0.25031006E+04  0.24746154E+04  0.24465090E+04  0.24192065E+04
  0.23933190E+04  0.23694442E+04  0.23479799E+04  0.23290080E+04  0.23122130E+04
  0.22970829E+04  0.22830529E+04  0.22696120E+04  0.22564893E+04  0.22435530E+04
  0.22307607E+04  0.22181309E+04  0.22056923E+04  0.21934723E+04  0.21814871E+04
  0.21697307E+04  0.21581938E+04  0.21468679E+04  0.21357453E+04  0.21248184E+04
  0.21140802E+04  0.21035242E+04  0.20931435E+04  0.20829320E+04  0.20728842E+04
  0.20629950E+04  0.20532592E+04  0.20436719E+04  0.20342280E+04  0.20249224E+04
  0.20157507E+04  0.20067087E+04  0.19977928E+04  0.19889999E+04  0.19803270E+04
  0.19717716E+04  0.19633309E+04  0.19550020E+04  0.19467815E+04  0.19386669E+04
  0.19306519E+04  0.19227390E+04  0.19149048E+04  0.19071923E+04  0.18994683E+04
  0.18921003E+04  0.18828586E+04  0.18770677E+04  0.32158318E+04  0.32163860E+04
  0.32183769E+04  0.32204413E+04  0.32213628E+04  0.32218131E+04  0.32220643E+04
  0.32222176E+04  0.32223045E+04  0.32223324E+04  0.32223025E+04  0.32222114E+04
  0.32220525E+04  0.32218173E+04  0.32214834E+04  0.32210087E+04  0.32203407E+04
  0.32194131E+04  0.32181408E+04  0.32164081E+04  0.32140487E+04  0.32108419E+04
  0.32064978E+04  0.32006441E+04  0.31928365E+04  0.31823823E+04  0.31687542E+04
  0.31514063E+04  0.31295812E+04  0.31028946E+04  0.30717230E+04  0.30371527E+04
  0.30012541E+04  0.29666867E+04  0.29352750E+04  0.29072561E+04  0.28811532E+04
  0.28551348E+04  0.28281466E+04  0.27998770E+04  0.27704884E+04  0.27403258E+04
  0.27097023E+04  0.26788368E+04  0.26478968E+04  0.26171284E+04  0.25867988E+04
  0.25569718E+04  0.25275546E+04  0.24984356E+04  0.24695967E+04  0.24413130E+04
  0.24141790E+04  0.23888847E+04  0.23659951E+04  0.23457470E+04  0.23279661E+04
  0.23121478E+04  0.22976361E+04  0.22838836E+04  0.22705227E+04  0.22573514E+04
  0.22443240E+04  0.22314562E+04  0.22187790E+04  0.22063195E+04  0.21940874E+04
  0.21820864E+04  0.21703119E+04  0.21587551E+04  0.21474075E+04  0.21362616E+04
  0.21253097E+04  0.21145443E+04  0.21039590E+04  0.20935477E+04  0.20833051E+04
  0.20732262E+04  0.20633064E+04  0.20535405E+04  0.20439235E+04  0.20344501E+04
  0.20251156E+04  0.20159156E+04  0.20068467E+04  0.19979061E+04  0.19890911E+04
  0.19803988E+04  0.19718266E+04  0.19633717E+04  0.19550312E+04  0.19468018E+04
  0.19386806E+04  0.19306615E+04  0.19227469E+04  0.19149136E+04  0.19072048E+04
  0.18994873E+04  0.18921281E+04  0.18829020E+04  0.18771218E+04  0.32157600E+04
  0.32162644E+04  0.32180526E+04  0.32199358E+04  0.32208528E+04  0.32213645E+04
  0.32216893E+04  0.32219099E+04  0.32220539E+04  0.32221296E+04  0.32221386E+04
  0.32220786E+04  0.32219422E+04  0.32217200E+04  0.32213951E+04  0.32209297E+04
  0.32202687E+04  0.32193438E+04  0.32180678E+04  0.32163234E+04  0.32139426E+04
  0.32107006E+04  0.32063025E+04  0.32003710E+04  0.31924608E+04  0.31818583E+04
  0.31680375E+04  0.31504609E+04  0.31283507E+04  0.31013208E+04  0.30697347E+04
  0.30347741E+04  0.29986662E+04  0.29642353E+04  0.29333315E+04  0.29058926E+04
  0.28801143E+04  0.28541316E+04  0.28269820E+04  0.27984271E+04  0.27687266E+04
  0.27382539E+04  0.27073143E+04  0.26761132E+04  0.26448151E+04  0.26136792E+04
  0.25829912E+04  0.25528114E+04  0.25230207E+04  0.24935045E+04  0.24643463E+04
  0.24360225E+04  0.24092761E+04  0.23848253E+04  0.23631067E+04  0.23441240E+04
  0.23274339E+04  0.23123690E+04  0.22982601E+04  0.22846230E+04  0.22712349E+04
  0.22579902E+04  0.22448847E+04  0.22319645E+04  0.22192628E+04  0.22067953E+04
  0.21945595E+04  0.21825485E+04  0.21707577E+04  0.21591815E+04  0.21478134E+04
  0.21366457E+04  0.21256704E+04  0.21148800E+04  0.21042679E+04  0.20938290E+04
  0.20835584E+04  0.20734517E+04  0.20635044E+04  0.20537110E+04  0.20440665E+04
  0.20345662E+04  0.20252058E+04  0.20159818E+04  0.20068907E+04  0.19979302E+04
  0.19890977E+04  0.19803905E+04  0.19718058E+04  0.19633407E+04  0.19549920E+04
  0.19467564E+04  0.19386310E+04  0.19306098E+04  0.19226956E+04  0.19148649E+04
  0.19071616E+04  0.18994524E+04  0.18921037E+04  0.18828950E+04  0.18771266E+04
  0.32156761E+04  0.32161393E+04  0.32177046E+04  0.32193658E+04  0.32202597E+04
  0.32208249E+04  0.32212256E+04  0.32215210E+04  0.32217312E+04  0.32218632E+04
  0.32219199E+04  0.32218995E+04  0.32217950E+04  0.32215930E+04  0.32212796E+04
  0.32208237E+04  0.32201703E+04  0.32192483E+04  0.32179674E+04  0.32162094E+04
  0.32138038E+04  0.32105221E+04  0.32060644E+04  0.32000476E+04  0.31920261E+04
  0.31812634E+04  0.31672356E+04  0.31494136E+04  0.31269972E+04  0.30995990E+04
  0.30675594E+04  0.30321816E+04  0.29958826E+04  0.29616454E+04  0.29313137E+04
  0.29044643E+04  0.28789819E+04  0.28530170E+04  0.28256746E+04  0.27968021E+04
  0.27667821E+04  0.27359978E+04  0.27047385E+04  0.26731956E+04  0.26415334E+04
  0.26100261E+04  0.25789745E+04  0.25484271E+04  0.25182360E+04  0.24883163E+04
  0.24589226E+04  0.24307489E+04  0.24046398E+04  0.23812669E+04  0.23608374E+04
  0.23430699E+04  0.23272853E+04  0.23127375E+04  0.22988461E+04  0.22852200E+04
  0.22717506E+04  0.22584271E+04  0.22452698E+04  0.22323241E+04  0.22196158E+04
  0.22071468E+04  0.21949076E+04  0.21828889E+04  0.21710852E+04  0.21594926E+04
  0.21481057E+04  0.21369176E+04  0.21259205E+04  0.21151072E+04  0.21044714E+04
  0.20940084E+04  0.20837136E+04  0.20735826E+04  0.20636107E+04  0.20537928E+04
  0.20441243E+04  0.20346006E+04  0.20252183E+04  0.20159742E+04  0.20068652E+04
  0.19978887E+04  0.19890421E+04  0.19803227E+04  0.19717279E+04  0.19632544E+04
  0.19548994E+04  0.19466591E+04  0.19385309E+04  0.19305088E+04  0.19225957E+04
  0.19147685E+04  0.19070712E+04  0.18993708E+04  0.18920329E+04  0.18828424E+04
  0.18770864E+04  0.32155986E+04  0.32160066E+04  0.32173447E+04  0.32187841E+04
  0.32196301E+04  0.32202248E+04  0.32206885E+04  0.32210550E+04  0.32213336E+04
  0.32215275E+04  0.32216385E+04  0.32216651E+04  0.32215996E+04  0.32214273E+04
  0.32211304E+04  0.32206855E+04  0.32200425E+04  0.32191248E+04  0.32178386E+04
  0.32160646E+04  0.32136311E+04  0.32103051E+04  0.32057816E+04  0.31996715E+04
  0.31915286E+04  0.31805925E+04  0.31663414E+04  0.31482549E+04  0.31255083E+04
  0.30977127E+04  0.30651856E+04  0.30293619E+04  0.29928867E+04  0.29589097E+04
  0.29292155E+04  0.29029530E+04  0.28777508E+04  0.28517785E+04  0.28241883E+04
  0.27949780E+04  0.27646399E+04  0.27335470E+04  0.27019671E+04  0.26700788E+04
  0.26380495E+04  0.26061695E+04  0.25747491E+04  0.25438147E+04  0.25131961E+04
  0.24828967E+04  0.24534081E+04  0.24256224E+04  0.24004190E+04  0.23783042E+04
  0.23591924E+04  0.23424942E+04  0.23273772E+04  0.23131356E+04  0.22993110E+04
  0.22856436E+04  0.22720922E+04  0.22587032E+04  0.22455209E+04  0.22325725E+04
  0.22198654E+04  0.22073942E+04  0.21951502E+04  0.21831250E+04  0.21713123E+04
  0.21597071E+04  0.21483043E+04  0.21370977E+04  0.21260807E+04  0.21152467E+04
  0.21045903E+04  0.20941067E+04  0.20837914E+04  0.20736399E+04  0.20636468E+04
  0.20538074E+04  0.20441176E+04  0.20345735E+04  0.20251718E+04  0.20159097E+04
  0.20067847E+04  0.19977941E+04  0.19889352E+04  0.19802053E+04  0.19716014E+04
  0.19631203E+04  0.19547589E+04  0.19465137E+04  0.19383820E+04  0.19303582E+04
  0.19224454E+04  0.19146206E+04  0.19069283E+04  0.18992356E+04  0.18919077E+04
  0.18827349E+04  0.18769911E+04  0.32155217E+04  0.32158606E+04  0.32169911E+04
  0.32182375E+04  0.32190146E+04  0.32196055E+04  0.32201043E+04  0.32205253E+04
  0.32208657E+04  0.32211212E+04  0.32212897E+04  0.32213684E+04  0.32213482E+04
  0.32212133E+04  0.32209409E+04  0.32205113E+04  0.32198806E+04  0.32189682E+04
  0.32176768E+04  0.32158856E+04  0.32134215E+04  0.32100472E+04  0.32054516E+04
  0.31992397E+04  0.31909645E+04  0.31798404E+04  0.31653479E+04  0.31469754E+04
  0.31238714E+04  0.30956456E+04  0.30626045E+04  0.30263074E+04  0.29896651E+04
  0.29560241E+04  0.29270313E+04  0.29013508E+04  0.28763980E+04  0.28503766E+04
  0.28225010E+04  0.27929505E+04  0.27622995E+04  0.27309007E+04  0.26989987E+04
  0.26667621E+04  0.26343641E+04  0.26021108E+04  0.25703129E+04  0.25389668E+04
  0.25079021E+04  0.24772946E+04  0.24479107E+04  0.24207857E+04  0.23967405E+04
  0.23759888E+04  0.23581167E+04  0.23422865E+04  0.23276050E+04  0.23134910E+04
  0.22996312E+04  0.22858953E+04  0.22722845E+04  0.22588616E+04  0.22456733E+04
  0.22327302E+04  0.22200261E+04  0.22075531E+04  0.21953049E+04  0.21832750E+04
  0.21714564E+04  0.21598423E+04  0.21484267E+04  0.21372042E+04  0.21261693E+04
  0.21153173E+04  0.21046433E+04  0.20941423E+04  0.20838093E+04  0.20736389E+04
  0.20636262E+04  0.20537663E+04  0.20440558E+04  0.20344916E+04  0.20250711E+04
  0.20157919E+04  0.20066512E+04  0.19976463E+04  0.19887746E+04  0.19800330E+04
  0.19714185E+04  0.19629278E+04  0.19545578E+04  0.19463052E+04  0.19381676E+04
  0.19301395E+04  0.19222244E+04  0.19143994E+04  0.19067096E+04  0.18990221E+04
  0.18917021E+04  0.18825455E+04  0.18768134E+04  0.32154584E+04  0.32157291E+04
  0.32166695E+04  0.32177406E+04  0.32184431E+04  0.32190092E+04  0.32195125E+04
  0.32199599E+04  0.32203435E+04  0.32206512E+04  0.32208743E+04  0.32210061E+04
  0.32210344E+04  0.32209417E+04  0.32207039E+04  0.32202952E+04  0.32196754E+04
  0.32187690E+04  0.32174736E+04  0.32156658E+04  0.32131701E+04  0.32097441E+04
  0.32050706E+04  0.31987480E+04  0.31903292E+04  0.31790010E+04  0.31642474E+04
  0.31455654E+04  0.31220740E+04  0.30933813E+04  0.30598027E+04  0.30230035E+04
  0.29862057E+04  0.29529918E+04  0.29247609E+04  0.28996652E+04  0.28749047E+04
  0.28487683E+04  0.28206018E+04  0.27907208E+04  0.27597625E+04  0.27280588E+04
  0.26958321E+04  0.26632441E+04  0.26304767E+04  0.25978490E+04  0.25656605E+04
  0.25338725E+04  0.25023684E+04  0.24715853E+04  0.24425600E+04  0.24163885E+04
  0.23936923E+04  0.23743167E+04  0.23575090E+04  0.23422951E+04  0.23278561E+04
  0.23137483E+04  0.22998038E+04  0.22859965E+04  0.22723562E+04  0.22589311E+04
  0.22457495E+04  0.22328126E+04  0.22201112E+04  0.22076379E+04  0.21953879E+04
  0.21833554E+04  0.21715327E+04  0.21599120E+04  0.21484862E+04  0.21372502E+04
  0.21261998E+04  0.21153311E+04  0.21046401E+04  0.20941217E+04  0.20837701E+04
  0.20735795E+04  0.20635452E+04  0.20536633E+04  0.20439309E+04  0.20343456E+04
  0.20249048E+04  0.20156064E+04  0.20064476E+04  0.19974257E+04  0.19885378E+04
  0.19797809E+04  0.19711518E+04  0.19626475E+04  0.19542649E+04  0.19460009E+04
  0.19378535E+04  0.19298173E+04  0.19218961E+04  0.19140672E+04  0.19063763E+04
  0.18986910E+04  0.18913762E+04  0.18822341E+04  0.18765130E+04  0.32154215E+04
  0.32156369E+04  0.32164054E+04  0.32173094E+04  0.32179388E+04  0.32184703E+04
  0.32189560E+04  0.32194004E+04  0.32197980E+04  0.32201364E+04  0.32204018E+04
  0.32205803E+04  0.32206545E+04  0.32206050E+04  0.32204061E+04  0.32200224E+04
  0.32194148E+04  0.32185152E+04  0.32172177E+04  0.32153956E+04  0.32128687E+04
  0.32093890E+04  0.32046321E+04  0.31981903E+04  0.31896160E+04  0.31780671E+04
  0.31630313E+04  0.31440142E+04  0.31201027E+04  0.30909034E+04  0.30567543E+04
  0.30194270E+04  0.29825051E+04  0.29498220E+04  0.29224096E+04  0.28978977E+04
  0.28732729E+04  0.28469444E+04  0.28184747E+04  0.27882792E+04  0.27570234E+04
  0.27250170E+04  0.26924635E+04  0.26595220E+04  0.26263857E+04  0.25933814E+04
  0.25607831E+04  0.25285231E+04  0.24966293E+04  0.24658694E+04  0.24375010E+04
  0.24125641E+04  0.23913185E+04  0.23732195E+04  0.23572489E+04  0.23423978E+04
  0.23280367E+04  0.23138696E+04  0.22998387E+04  0.22859815E+04  0.22723384E+04
  0.22589303E+04  0.22457624E+04  0.22328320E+04  0.22201336E+04  0.22076619E+04
  0.21954118E+04  0.21833770E+04  0.21715495E+04  0.21599210E+04  0.21484843E+04
  0.21372344E+04  0.21261676E+04  0.21152808E+04  0.21045698E+04  0.20940298E+04
  0.20836550E+04  0.20734400E+04  0.20633804E+04  0.20534729E+04  0.20437150E+04
  0.20341047E+04  0.20246398E+04  0.20153179E+04  0.20061364E+04  0.19970925E+04
  0.19881835E+04  0.19794062E+04  0.19707576E+04  0.19622347E+04  0.19538349E+04
  0.19455552E+04  0.19373939E+04  0.19293457E+04  0.19214147E+04  0.19135784E+04
  0.19058832E+04  0.18981969E+04  0.18908849E+04  0.18817555E+04  0.18760448E+04
  0.32154020E+04  0.32155718E+04  0.32161973E+04  0.32169592E+04  0.32175205E+04
  0.32180102E+04  0.32184633E+04  0.32188826E+04  0.32192658E+04  0.32196071E+04
  0.32198916E+04  0.32200992E+04  0.32202085E+04  0.32201967E+04  0.32200340E+04
  0.32196786E+04  0.32190873E+04  0.32181951E+04  0.32168978E+04  0.32150643E+04
  0.32125071E+04  0.32089718E+04  0.32041266E+04  0.31975572E+04  0.31888154E+04
  0.31770284E+04  0.31616883E+04  0.31423086E+04  0.31179416E+04  0.30881935E+04
  0.30534297E+04  0.30155506E+04  0.29785596E+04  0.29465230E+04  0.29199864E+04
  0.28960219E+04  0.28714778E+04  0.28449164E+04  0.28161265E+04  0.27856255E+04
  0.27540792E+04  0.27217710E+04  0.26888888E+04  0.26555929E+04  0.26220898E+04
  0.25887040E+04  0.25556687E+04  0.25229200E+04  0.24907448E+04  0.24602739E+04
  0.24328880E+04  0.24093985E+04  0.23896090E+04  0.23725857E+04  0.23571819E+04
  0.23425026E+04  0.23281117E+04  0.23138616E+04  0.22997664E+04  0.22858860E+04
  0.22722534E+04  0.22588658E+04  0.22457126E+04  0.22327889E+04  0.22200929E+04
  0.22076215E+04  0.21953692E+04  0.21833286E+04  0.21714916E+04  0.21598502E+04
  0.21483977E+04  0.21371293E+04  0.21260416E+04  0.21151316E+04  0.21043952E+04
  0.20938275E+04  0.20834230E+04  0.20731772E+04  0.20630863E+04  0.20531477E+04
  0.20433593E+04  0.20337191E+04  0.20242250E+04  0.20148747E+04  0.20056656E+04
  0.19965950E+04  0.19876602E+04  0.19788580E+04  0.19701856E+04  0.19616402E+04
  0.19532194E+04  0.19449204E+04  0.19367416E+04  0.19286780E+04  0.19207338E+04
  0.19128867E+04  0.19051837E+04  0.18974931E+04  0.18901809E+04  0.18810623E+04
  0.18753610E+04  0.32153897E+04  0.32155254E+04  0.32160437E+04  0.32166968E+04
  0.32171968E+04  0.32176363E+04  0.32180440E+04  0.32184235E+04  0.32187725E+04
  0.32190899E+04  0.32193641E+04  0.32195755E+04  0.32197017E+04  0.32197148E+04
  0.32195807E+04  0.32192541E+04  0.32186831E+04  0.32178011E+04  0.32165062E+04
  0.32146616E+04  0.32120733E+04  0.32084800E+04  0.32035412E+04  0.31968357E+04
  0.31879145E+04  0.31758715E+04  0.31602037E+04  0.31404320E+04  0.31155715E+04
  0.30852294E+04  0.30498007E+04  0.30113471E+04  0.29743624E+04  0.29431018E+04
  0.29174985E+04  0.28940231E+04  0.28694926E+04  0.28426735E+04  0.28135563E+04
  0.27827621E+04  0.27509298E+04  0.27183189E+04  0.26851064E+04  0.26514562E+04
  0.26175882E+04  0.25838101E+04  0.25503010E+04  0.25170798E+04  0.24848043E+04
  0.24549467E+04  0.24288658E+04  0.24069319E+04  0.23884758E+04  0.23722790E+04
  0.23571857E+04  0.23425350E+04  0.23280643E+04  0.23137379E+04  0.22996061E+04
  0.22857216E+04  0.22720992E+04  0.22587239E+04  0.22455791E+04  0.22326581E+04
  0.22199603E+04  0.22074835E+04  0.21952219E+04  0.21831675E+04  0.21713124E+04
  0.21596498E+04  0.21481739E+04  0.21368802E+04  0.21257655E+04  0.21148260E+04
  0.21040571E+04  0.20934542E+04  0.20830129E+04  0.20727298E+04  0.20626022E+04
  0.20526278E+04  0.20428046E+04  0.20331304E+04  0.20236030E+04  0.20142199E+04
  0.20049790E+04  0.19958774E+04  0.19869124E+04  0.19780809E+04  0.19693804E+04
  0.19608083E+04  0.19523623E+04  0.19440398E+04  0.19358391E+04  0.19277555E+04
  0.19197933E+04  0.19119303E+04  0.19042145E+04  0.18965148E+04  0.18891980E+04
  0.18800869E+04  0.18743939E+04  0.32153757E+04  0.32154907E+04  0.32159431E+04
  0.32165214E+04  0.32169632E+04  0.32173446E+04  0.32176953E+04  0.32180254E+04
  0.32183298E+04  0.32186035E+04  0.32188423E+04  0.32190326E+04  0.32191513E+04
  0.32191692E+04  0.32190501E+04  0.32187465E+04  0.32182001E+04  0.32173341E+04
  0.32160403E+04  0.32141797E+04  0.32115554E+04  0.32078994E+04  0.32028608E+04
  0.31960106E+04  0.31868972E+04  0.31745801E+04  0.31585599E+04  0.31383643E+04
  0.31129692E+04  0.30819844E+04  0.30458368E+04  0.30067898E+04  0.29699078E+04
  0.29395651E+04  0.29149508E+04  0.28919073E+04  0.28673048E+04  0.28401914E+04
  0.28107522E+04  0.27796857E+04  0.27475746E+04  0.27146611E+04  0.26811162E+04
  0.26471110E+04  0.26128764E+04  0.25786824E+04  0.25446574E+04  0.25110323E+04
  0.24789164E+04  0.24500390E+04  0.24255142E+04  0.24051390E+04  0.23877890E+04
  0.23721276E+04  0.23571574E+04  0.23424432E+04  0.23278767E+04  0.23134898E+04
  0.22993392E+04  0.22854536E+04  0.22718309E+04  0.22584540E+04  0.22453067E+04
  0.22323811E+04  0.22196745E+04  0.22071839E+04  0.21949030E+04  0.21828245E+04
  0.21709415E+04  0.21592487E+04  0.21477413E+04  0.21364154E+04  0.21252672E+04
  0.21142919E+04  0.21034840E+04  0.20928392E+04  0.20823547E+04  0.20720286E+04
  0.20618588E+04  0.20518431E+04  0.20419796E+04  0.20322660E+04  0.20226999E+04
  0.20132789E+04  0.20040006E+04  0.19948621E+04  0.19858606E+04  0.19769937E+04
  0.19682588E+04  0.19596538E+04  0.19511764E+04  0.19428240E+04  0.19345950E+04
  0.19264846E+04  0.19184976E+04  0.19106119E+04  0.19028768E+04  0.18951614E+04
  0.18878342E+04  0.18787261E+04  0.18730398E+04  0.32153528E+04  0.32154594E+04
  0.32158883E+04  0.32164231E+04  0.32168053E+04  0.32171250E+04  0.32174141E+04
  0.32176859E+04  0.32179380E+04  0.32181614E+04  0.32183520E+04  0.32185023E+04
  0.32185923E+04  0.32185941E+04  0.32184737E+04  0.32181836E+04  0.32176586E+04
  0.32168042E+04  0.32155020E+04  0.32136150E+04  0.32109460E+04  0.32072201E+04
  0.32020738E+04  0.31950684E+04  0.31857486E+04  0.31731370E+04  0.31567372E+04
  0.31360827E+04  0.31101081E+04  0.30784272E+04  0.30415020E+04  0.30018497E+04
  0.29651916E+04  0.29359238E+04  0.29123287E+04  0.28896555E+04  0.28649183E+04
  0.28374793E+04  0.28077245E+04  0.27764032E+04  0.27440170E+04  0.27107966E+04
  0.26769123E+04  0.26425452E+04  0.26079307E+04  0.25732763E+04  0.25387053E+04
  0.25048118E+04  0.24731928E+04  0.24456743E+04  0.24228335E+04  0.24038753E+04
  0.23873683E+04  0.23719720E+04  0.23569772E+04  0.23421501E+04  0.23274912E+04
  0.23130602E+04  0.22988962E+04  0.22850013E+04  0.22713638E+04  0.22579700E+04
  0.22448078E+04  0.22318678E+04  0.22191436E+04  0.22066294E+04  0.21943190E+04
  0.21822065E+04  0.21702869E+04  0.21585560E+04  0.21470101E+04  0.21356453E+04
  0.21244567E+04  0.21134380E+04  0.21025836E+04  0.20918902E+04  0.20813561E+04
  0.20709799E+04  0.20607600E+04  0.20506947E+04  0.20407825E+04  0.20310212E+04
  0.20214084E+04  0.20119413E+04  0.20026174E+04  0.19934338E+04  0.19843880E+04
  0.19754778E+04  0.19667012E+04  0.19580558E+04  0.19495397E+04  0.19411500E+04
  0.19328852E+04  0.19247407E+04  0.19167215E+04  0.19088061E+04  0.19010447E+04
  0.18933070E+04  0.18859630E+04  0.18768537E+04  0.18711725E+04  0.32153298E+04
  0.32154371E+04  0.32158661E+04  0.32163748E+04  0.32167015E+04  0.32169624E+04
  0.32171935E+04  0.32174044E+04  0.32175998E+04  0.32177723E+04  0.32179110E+04
  0.32180148E+04  0.32180678E+04  0.32180431E+04  0.32179102E+04  0.32176237E+04
  0.32170990E+04  0.32162292E+04  0.32149006E+04  0.32129745E+04  0.32102509E+04
  0.32064459E+04  0.32011804E+04  0.31940050E+04  0.31844594E+04  0.31715280E+04
  0.31547166E+04  0.31335629E+04  0.31069585E+04  0.30745227E+04  0.30367544E+04
  0.29964949E+04  0.29602153E+04  0.29322022E+04  0.29096257E+04  0.28872481E+04
  0.28623432E+04  0.28345620E+04  0.28044976E+04  0.27729232E+04  0.27402500E+04
  0.27067053E+04  0.26724616E+04  0.26377130E+04  0.26026852E+04  0.25675043E+04
  0.25323895E+04  0.24984441E+04  0.24677397E+04  0.24418900E+04  0.24207531E+04
  0.24029601E+04  0.23869569E+04  0.23716169E+04  0.23564994E+04  0.23415404E+04
  0.23268014E+04  0.23123360E+04  0.22981519E+04  0.22842331E+04  0.22705660E+04
  0.22571415E+04  0.22439511E+04  0.22309843E+04  0.22182309E+04  0.22056819E+04
  0.21933312E+04  0.21811745E+04  0.21692083E+04  0.21574292E+04  0.21458340E+04
  0.21344184E+04  0.21231760E+04  0.21121001E+04  0.21011867E+04  0.20904343E+04
  0.20798418E+04  0.20694081E+04  0.20591323E+04  0.20490131E+04  0.20390484E+04
  0.20292356E+04  0.20195721E+04  0.20100550E+04  0.20006813E+04  0.19914483E+04
  0.19823538E+04  0.19733962E+04  0.19645734E+04  0.19558833E+04  0.19473235E+04
  0.19388915E+04  0.19305860E+04  0.19224024E+04  0.19143465E+04  0.19063967E+04
  0.18986044E+04  0.18908395E+04  0.18834738E+04  0.18743583E+04  0.18686796E+04
  0.32153199E+04  0.32154286E+04  0.32158569E+04  0.32163444E+04  0.32166279E+04
  0.32168398E+04  0.32170207E+04  0.32171783E+04  0.32173196E+04  0.32174418E+04
  0.32175347E+04  0.32175966E+04  0.32176150E+04  0.32175636E+04  0.32174118E+04
  0.32171061E+04  0.32165467E+04  0.32156342E+04  0.32142633E+04  0.32122885E+04
  0.32095014E+04  0.32056038E+04  0.32001996E+04  0.31928293E+04  0.31830278E+04
  0.31697431E+04  0.31524809E+04  0.31307803E+04  0.31034891E+04  0.30702326E+04
  0.30315518E+04  0.29907009E+04  0.29550014E+04  0.29284436E+04  0.29068724E+04
  0.28846931E+04  0.28595706E+04  0.28314409E+04  0.28010629E+04  0.27692068E+04
  0.27362147E+04  0.27023111E+04  0.26676721E+04  0.26325073E+04  0.25970109E+04
  0.25612292E+04  0.25256291E+04  0.24919535E+04  0.24626236E+04  0.24385616E+04
  0.24189180E+04  0.24020230E+04  0.23862480E+04  0.23708243E+04  0.23555536E+04
  0.23404792E+04  0.23256762E+04  0.23111719E+04  0.22969512E+04  0.22829926E+04
  0.22692830E+04  0.22558161E+04  0.22425854E+04  0.22295799E+04  0.22167857E+04
  0.22041913E+04  0.21917898E+04  0.21795780E+04  0.21675532E+04  0.21557129E+04
  0.21440544E+04  0.21325727E+04  0.21212612E+04  0.21101152E+04  0.20991331E+04
  0.20883148E+04  0.20776602E+04  0.20671682E+04  0.20568373E+04  0.20466651E+04
  0.20366489E+04  0.20267854E+04  0.20170715E+04  0.20075041E+04  0.19980803E+04
  0.19887976E+04  0.19796546E+04  0.19706498E+04  0.19617809E+04  0.19530458E+04
  0.19444423E+04  0.19359689E+04  0.19276248E+04  0.19194052E+04  0.19113155E+04
  0.19033344E+04  0.18955132E+04  0.18877219E+04  0.18803337E+04  0.18712067E+04
  0.18655265E+04  0.32153195E+04  0.32154265E+04  0.32158491E+04  0.32163179E+04
  0.32165698E+04  0.32167453E+04  0.32168868E+04  0.32170038E+04  0.32170986E+04
  0.32171750E+04  0.32172331E+04  0.32172651E+04  0.32172565E+04  0.32171803E+04
  0.32169936E+04  0.32166312E+04  0.32160147E+04  0.32150592E+04  0.32136461E+04
  0.32116211E+04  0.32087582E+04  0.32047411E+04  0.31991620E+04  0.31915535E+04
  0.31814507E+04  0.31677700E+04  0.31500099E+04  0.31277068E+04  0.30996631E+04
  0.30655112E+04  0.30258265E+04  0.29844211E+04  0.29495748E+04  0.29246799E+04
  0.29040666E+04  0.28819542E+04  0.28565308E+04  0.28280313E+04  0.27973150E+04
  0.27651247E+04  0.27317632E+04  0.26974512E+04  0.26623684E+04  0.26267397E+04
  0.25907035E+04  0.25542623E+04  0.25183190E+04  0.24853490E+04  0.24577530E+04
  0.24355338E+04  0.24171064E+04  0.24007095E+04  0.23849485E+04  0.23693639E+04
  0.23539499E+04  0.23387911E+04  0.23239343E+04  0.23093800E+04  0.22951076E+04
  0.22810975E+04  0.22673376E+04  0.22538218E+04  0.22405434E+04  0.22274904E+04
  0.22146465E+04  0.22019984E+04  0.21895386E+04  0.21772640E+04  0.21651733E+04
  0.21532662E+04  0.21415411E+04  0.21299941E+04  0.21186201E+04  0.21074163E+04
  0.20963810E+04  0.20855122E+04  0.20748073E+04  0.20642639E+04  0.20538794E+04
  0.20436519E+04  0.20335795E+04  0.20236595E+04  0.20138887E+04  0.20042654E+04
  0.19947883E+04  0.19854559E+04  0.19762669E+04  0.19672193E+04  0.19583099E+04
  0.19495379E+04  0.19409029E+04  0.19324045E+04  0.19240412E+04  0.19158061E+04
  0.19077038E+04  0.18997116E+04  0.18918802E+04  0.18840793E+04  0.18766823E+04
  0.18675526E+04  0.18618739E+04  0.32153229E+04  0.32154269E+04  0.32158405E+04
  0.32162929E+04  0.32165230E+04  0.32166732E+04  0.32167852E+04  0.32168728E+04
  0.32169363E+04  0.32169793E+04  0.32170137E+04  0.32170308E+04  0.32169965E+04
  0.32168799E+04  0.32166342E+04  0.32162039E+04  0.32155424E+04  0.32145634E+04
  0.32131289E+04  0.32110547E+04  0.32080778E+04  0.32038789E+04  0.31980610E+04
  0.31901551E+04  0.31796988E+04  0.31655750E+04  0.31472640E+04  0.31242941E+04
  0.30954223E+04  0.30602863E+04  0.30194841E+04  0.29775923E+04  0.29439200E+04
  0.29208421E+04  0.29010517E+04  0.28788289E+04  0.28530072E+04  0.28241031E+04
  0.27930095E+04  0.27604270E+04  0.27266358E+04  0.26918573E+04  0.26562759E+04
  0.26201267E+04  0.25834728E+04  0.25463293E+04  0.25102839E+04  0.24785338E+04
  0.24528249E+04  0.24323558E+04  0.24149698E+04  0.23987057E+04  0.23827496E+04
  0.23669593E+04  0.23514202E+04  0.23361935E+04  0.23212839E+04  0.23066744E+04
  0.22923465E+04  0.22782844E+04  0.22644762E+04  0.22509129E+04  0.22375847E+04
  0.22244774E+04  0.22115765E+04  0.21988704E+04  0.21863523E+04  0.21740204E+04
  0.21618756E+04  0.21499201E+04  0.21381543E+04  0.21265763E+04  0.21151786E+04
  0.21039529E+04  0.20928926E+04  0.20819906E+04  0.20712428E+04  0.20606480E+04
  0.20502077E+04  0.20399240E+04  0.20297975E+04  0.20198274E+04  0.20100146E+04
  0.20003588E+04  0.19908564E+04  0.19815034E+04  0.19722984E+04  0.19632417E+04
  0.19543335E+04  0.19455734E+04  0.19369583E+04  0.19284856E+04  0.19201516E+04
  0.19119472E+04  0.19038758E+04  0.18959141E+04  0.18881116E+04  0.18803396E+04
  0.18729702E+04  0.18638710E+04  0.18582097E+04  0.32153282E+04  0.32154282E+04
  0.32158327E+04  0.32162726E+04  0.32164880E+04  0.32166210E+04  0.32167114E+04
  0.32167760E+04  0.32168225E+04  0.32168518E+04  0.32168727E+04  0.32168790E+04
  0.32168077E+04  0.32166234E+04  0.32163126E+04  0.32158415E+04  0.32151642E+04
  0.32141872E+04  0.32127574E+04  0.32105937E+04  0.32073926E+04  0.32029044E+04
  0.31967764E+04  0.31885337E+04  0.31776843E+04  0.31630706E+04  0.31441483E+04
  0.31204329E+04  0.30906368E+04  0.30543963E+04  0.30123397E+04  0.29700315E+04
  0.29378151E+04  0.29165723E+04  0.28973780E+04  0.28748837E+04  0.28485934E+04
  0.28192564E+04  0.27877438E+04  0.27547148E+04  0.27204375E+04  0.26851375E+04
  0.26490059E+04  0.26122806E+04  0.25749368E+04  0.25371026E+04  0.25013521E+04
  0.24712873E+04  0.24475967E+04  0.24285616E+04  0.24117589E+04  0.23954624E+04
  0.23793084E+04  0.23633771E+04  0.23477633E+04  0.23324874E+04  0.23175324E+04
  0.23028791E+04  0.22885120E+04  0.22744145E+04  0.22605696E+04  0.22469633E+04
  0.22335846E+04  0.22204244E+04  0.22074760E+04  0.21947346E+04  0.21821968E+04
  0.21698591E+04  0.21577191E+04  0.21457788E+04  0.21340368E+04  0.21224821E+04
  0.21110957E+04  0.20998599E+04  0.20887690E+04  0.20778267E+04  0.20670385E+04
  0.20564105E+04  0.20459492E+04  0.20356575E+04  0.20255348E+04  0.20155812E+04
  0.20058014E+04  0.19961881E+04  0.19867283E+04  0.19774180E+04  0.19682596E+04
  0.19592617E+04  0.19504258E+04  0.19417457E+04  0.19332150E+04  0.19248280E+04
  0.19165807E+04  0.19084657E+04  0.19004855E+04  0.18926172E+04  0.18849105E+04
  0.18772369E+04  0.18699624E+04  0.18609569E+04  0.18553447E+04  0.32153331E+04
  0.32154299E+04  0.32158288E+04  0.32162605E+04  0.32164656E+04  0.32165871E+04
  0.32166605E+04  0.32167049E+04  0.32167373E+04  0.32167674E+04  0.32167826E+04
  0.32167667E+04  0.32166424E+04  0.32163821E+04  0.32160183E+04  0.32155189E+04
  0.32148191E+04  0.32138228E+04  0.32123710E+04  0.32100028E+04  0.32064225E+04
  0.32015785E+04  0.31951209E+04  0.31865254E+04  0.31752457E+04  0.31600804E+04
  0.31404578E+04  0.31158746E+04  0.30850041E+04  0.30474674E+04  0.30039558E+04
  0.29612811E+04  0.29307360E+04  0.29112230E+04  0.28923751E+04  0.28695131E+04
  0.28427277E+04  0.28129421E+04  0.27809774E+04  0.27474631E+04  0.27126626E+04
  0.26768073E+04  0.26400974E+04  0.26027705E+04  0.25646965E+04  0.25263876E+04
  0.24915651E+04  0.24636306E+04  0.24420392E+04  0.24240956E+04  0.24073487E+04
  0.23908895E+04  0.23746335E+04  0.23586748E+04  0.23430532E+04  0.23277621E+04
  0.23127890E+04  0.22981257E+04  0.22837567E+04  0.22696562E+04  0.22557995E+04
  0.22421782E+04  0.22287935E+04  0.22156450E+04  0.22027284E+04  0.21900397E+04
  0.21775748E+04  0.21653202E+04  0.21532605E+04  0.21413900E+04  0.21297005E+04
  0.21181669E+04  0.21067760E+04  0.20955196E+04  0.20844120E+04  0.20734884E+04
  0.20627585E+04  0.20522221E+04  0.20418768E+04  0.20317173E+04  0.20217381E+04
  0.20119363E+04  0.20023098E+04  0.19928495E+04  0.19835455E+04  0.19743978E+04
  0.19654036E+04  0.19565551E+04  0.19478438E+04  0.19392688E+04  0.19308366E+04
  0.19225461E+04  0.19143976E+04  0.19063890E+04  0.18985240E+04  0.18907802E+04
  0.18832058E+04  0.18756691E+04  0.18685245E+04  0.18596468E+04  0.18541020E+04
  0.32153365E+04  0.32154339E+04  0.32158380E+04  0.32162719E+04  0.32164726E+04
  0.32165881E+04  0.32166520E+04  0.32166822E+04  0.32166958E+04  0.32167172E+04
  0.32167089E+04  0.32166422E+04  0.32164475E+04  0.32161097E+04  0.32156777E+04
  0.32150938E+04  0.32142663E+04  0.32130906E+04  0.32114241E+04  0.32087341E+04
  0.32048048E+04  0.31996878E+04  0.31929248E+04  0.31839294E+04  0.31721250E+04
  0.31562781E+04  0.31357667E+04  0.31100714E+04  0.30778475E+04  0.30386935E+04
  0.29934353E+04  0.29504621E+04  0.29219022E+04  0.29041249E+04  0.28854372E+04
  0.28621391E+04  0.28348559E+04  0.28046063E+04  0.27721559E+04  0.27381262E+04
  0.27027910E+04  0.26663900E+04  0.26291352E+04  0.25912644E+04  0.25525468E+04
  0.25142513E+04  0.24811233E+04  0.24558688E+04  0.24362568E+04  0.24189600E+04
  0.24021743E+04  0.23856160E+04  0.23693482E+04  0.23534215E+04  0.23378327E+04
  0.23225634E+04  0.23076091E+04  0.22929692E+04  0.22786314E+04  0.22645828E+04
  0.22508060E+04  0.22372947E+04  0.22240548E+04  0.22110755E+04  0.21983329E+04
  0.21858107E+04  0.21734998E+04  0.21613841E+04  0.21494467E+04  0.21376747E+04
  0.21260584E+04  0.21145856E+04  0.21032670E+04  0.20921027E+04  0.20811157E+04
  0.20703517E+04  0.20598095E+04  0.20494760E+04  0.20393375E+04  0.20293835E+04
  0.20196085E+04  0.20100079E+04  0.20005719E+04  0.19913001E+04  0.19821971E+04
  0.19732616E+04  0.19644810E+04  0.19558304E+04  0.19472967E+04  0.19388846E+04
  0.19306038E+04  0.19224568E+04  0.19144463E+04  0.19065733E+04  0.18988439E+04
  0.18912366E+04  0.18837982E+04  0.18763967E+04  0.18693782E+04  0.18606287E+04
  0.18551538E+04  0.32153399E+04  0.32154474E+04  0.32158832E+04  0.32163500E+04
  0.32165679E+04  0.32166950E+04  0.32167694E+04  0.32168038E+04  0.32167982E+04
  0.32167528E+04  0.32166279E+04  0.32164218E+04  0.32161336E+04  0.32157193E+04
  0.32151442E+04  0.32143339E+04  0.32131884E+04  0.32115894E+04  0.32094014E+04
  0.32064258E+04  0.32024908E+04  0.31972745E+04  0.31903016E+04  0.31809394E+04
  0.31684867E+04  0.31517745E+04  0.31301193E+04  0.31029722E+04  0.30690086E+04
  0.30277876E+04  0.29805417E+04  0.29376218E+04  0.29115768E+04  0.28956473E+04
  0.28769828E+04  0.28531906E+04  0.28254197E+04  0.27946775E+04  0.27617015E+04
  0.27271429E+04  0.26913019E+04  0.26544362E+04  0.26167747E+04  0.25785571E+04
  0.25395347E+04  0.25019859E+04  0.24713272E+04  0.24488968E+04  0.24307926E+04
  0.24137780E+04  0.23970315E+04  0.23805377E+04  0.23643689E+04  0.23485532E+04
  0.23330853E+04  0.23179493E+04  0.23031346E+04  0.22886306E+04  0.22744283E+04
  0.22605320E+04  0.22469387E+04  0.22336309E+04  0.22205922E+04  0.22078015E+04
  0.21952336E+04  0.21828687E+04  0.21706946E+04  0.21587063E+04  0.21468998E+04
  0.21352651E+04  0.21237991E+04  0.21125169E+04  0.21014337E+04  0.20905470E+04
  0.20798499E+04  0.20693408E+04  0.20590181E+04  0.20488772E+04  0.20389114E+04
  0.20291155E+04  0.20194871E+04  0.20100235E+04  0.20007175E+04  0.19915709E+04
  0.19825901E+04  0.19737718E+04  0.19651116E+04  0.19566055E+04  0.19482502E+04
  0.19400365E+04  0.19319539E+04  0.19239992E+04  0.19161723E+04  0.19084710E+04
  0.19009017E+04  0.18934441E+04  0.18861445E+04  0.18788751E+04  0.18719803E+04
  0.18633716E+04  0.18579794E+04  0.32153392E+04  0.32154584E+04  0.32159349E+04
  0.32164479E+04  0.32166926E+04  0.32168380E+04  0.32169286E+04  0.32169727E+04
  0.32169485E+04  0.32168037E+04  0.32165074E+04  0.32161109E+04  0.32157129E+04
  0.32152195E+04  0.32144638E+04  0.32133714E+04  0.32118608E+04  0.32098053E+04
  0.32070575E+04  0.32039001E+04  0.32001206E+04  0.31948421E+04  0.31875117E+04
  0.31775143E+04  0.31642411E+04  0.31465115E+04  0.31234137E+04  0.30945607E+04
  0.30587942E+04  0.30155603E+04  0.29665893E+04  0.29243552E+04  0.29015851E+04
  0.28877166E+04  0.28687586E+04  0.28442186E+04  0.28158723E+04  0.27845718E+04
  0.27510462E+04  0.27159964E+04  0.26797414E+04  0.26425544E+04  0.26046803E+04
  0.25663567E+04  0.25274301E+04  0.24914241E+04  0.24642133E+04  0.24445525E+04
  0.24272977E+04  0.24104154E+04  0.23937299E+04  0.23773419E+04  0.23613213E+04
  0.23456757E+04  0.23303995E+04  0.23154842E+04  0.23009081E+04  0.22866456E+04
  0.22726828E+04  0.22590094E+04  0.22456180E+04  0.22324851E+04  0.22195762E+04
  0.22068776E+04  0.21943924E+04  0.21821174E+04  0.21700427E+04  0.21581670E+04
  0.21464911E+04  0.21350091E+04  0.21237204E+04  0.21126407E+04  0.21017760E+04
  0.20911406E+04  0.20807137E+04  0.20704448E+04  0.20603266E+04  0.20503617E+04
  0.20405509E+04  0.20308950E+04  0.20213940E+04  0.20120463E+04  0.20028501E+04
  0.19938061E+04  0.19849162E+04  0.19761778E+04  0.19675922E+04  0.19591667E+04
  0.19509048E+04  0.19427984E+04  0.19348341E+04  0.19270041E+04  0.19193030E+04
  0.19117251E+04  0.19042751E+04  0.18969321E+04  0.18897395E+04  0.18825733E+04
  0.18757788E+04  0.18673020E+04  0.18619941E+04  0.32153367E+04  0.32154591E+04
  0.32159510E+04  0.32164828E+04  0.32167369E+04  0.32168878E+04  0.32169823E+04
  0.32170277E+04  0.32169934E+04  0.32168046E+04  0.32164310E+04  0.32159478E+04
  0.32154939E+04  0.32149570E+04  0.32141188E+04  0.32129031E+04  0.32112390E+04
  0.32089979E+04  0.32060269E+04  0.32027915E+04  0.31990511E+04  0.31937159E+04
  0.31860917E+04  0.31756067E+04  0.31618633E+04  0.31435950E+04  0.31196874E+04
  0.30899414E+04  0.30533430E+04  0.30092538E+04  0.29595865E+04  0.29178573E+04
  0.28969490E+04  0.28842008E+04  0.28649736E+04  0.28399452E+04  0.28112624E+04
  0.27796589E+04  0.27458561E+04  0.27105786E+04  0.26741476E+04  0.26368406E+04
  0.25989072E+04  0.25605813E+04  0.25217802E+04  0.24867293E+04  0.24615363E+04
  0.24433118E+04  0.24263414E+04  0.24094995E+04  0.23928515E+04  0.23765183E+04
  0.23605718E+04  0.23450116E+04  0.23298302E+04  0.23150228E+04  0.23005646E+04
  0.22864246E+04  0.22725864E+04  0.22590273E+04  0.22457312E+04  0.22326741E+04
  0.22198193E+04  0.22071575E+04  0.21947049E+04  0.21824704E+04  0.21704470E+04
  0.21586316E+04  0.21470228E+04  0.21356156E+04  0.21244075E+04  0.21134049E+04
  0.21026100E+04  0.20920520E+04  0.20817196E+04  0.20715519E+04  0.20615308E+04
  0.20516551E+04  0.20419253E+04  0.20323435E+04  0.20229112E+04  0.20136273E+04
  0.20044914E+04  0.19955051E+04  0.19866693E+04  0.19779815E+04  0.19694405E+04
  0.19610480E+04  0.19528078E+04  0.19447216E+04  0.19367847E+04  0.19289884E+04
  0.19213248E+04  0.19137870E+04  0.19063786E+04  0.18990785E+04  0.18919271E+04
  0.18848019E+04  0.18780495E+04  0.18696317E+04  0.18643624E+04
