  0.15000000E-01
  0.45000000E-01
  0.75000000E-01
  0.10500000E+00
  0.13500000E+00
  0.16500000E+00
  0.19500000E+00
  0.22500000E+00
  0.25500000E+00
  0.28500000E+00
  0.31500000E+00
  0.34500000E+00
  0.37500000E+00
  0.40500000E+00
  0.43500000E+00
  0.46500000E+00
  0.49500000E+00
  0.52500000E+00
  0.55500000E+00
  0.58500000E+00
  0.61500000E+00
  0.64500000E+00
  0.67500000E+00
  0.70500000E+00
  0.73500000E+00
  0.76500000E+00
  0.79500000E+00
  0.82500000E+00
  0.85500000E+00
  0.88500000E+00
  0.91500000E+00
  0.94500000E+00
  0.97500000E+00
  0.10050000E+01
  0.10350000E+01
  0.10650000E+01
  0.10950000E+01
  0.11250000E+01
  0.11550000E+01
  0.11850000E+01
  0.12150000E+01
  0.12450000E+01
  0.12750000E+01
  0.13050000E+01
  0.13350000E+01
  0.13650000E+01
  0.13950000E+01
  0.14250000E+01
  0.14550000E+01
  0.14850000E+01
  0.15150000E+01
  0.15450000E+01
  0.15750000E+01
  0.16050000E+01
  0.16350000E+01
  0.16650000E+01
  0.16950000E+01
  0.17250000E+01
  0.17550000E+01
  0.17850000E+01
  0.18150000E+01
  0.18450000E+01
  0.18750000E+01
  0.19050000E+01
  0.19350000E+01
  0.19650000E+01
  0.19950000E+01
  0.20250000E+01
  0.20550000E+01
  0.20850000E+01
  0.21150000E+01
  0.21450000E+01
  0.21750000E+01
  0.22050000E+01
  0.22350000E+01
  0.22650000E+01
  0.22950000E+01
  0.23250000E+01
  0.23550000E+01
  0.23850000E+01
  0.24150000E+01
  0.24450000E+01
  0.24750000E+01
  0.25050000E+01
  0.25350000E+01
  0.25650000E+01
  0.25950000E+01
  0.26250000E+01
  0.26550000E+01
  0.26850000E+01
  0.27150000E+01
  0.27450000E+01
  0.27750000E+01
  0.28050000E+01
  0.28350000E+01
  0.28650000E+01
  0.28950000E+01
  0.29250000E+01
  0.29550000E+01
  0.29850000E+01
