     1,  0.54033747E+01
     2,  0.53092612E+01
     3,  0.50681094E+01
     4,  0.49017992E+01
     5,  0.49549526E+01
     6,  0.46738912E+01
     7,  0.45839376E+01
     8,  0.44510869E+01
     9,  0.43821496E+01
    10,  0.44165676E+01
    11,  0.44423701E+01
    12,  0.43465505E+01
    13,  0.42317856E+01
    14,  0.41749005E+01
    15,  0.42114248E+01
    16,  0.42566675E+01
    17,  0.42540137E+01
    18,  0.42062893E+01
    19,  0.41634632E+01
    20,  0.41585120E+01
    21,  0.41762047E+01
    22,  0.41904969E+01
    23,  0.41874734E+01
    24,  0.41723855E+01
    25,  0.41585059E+01
    26,  0.41550676E+01
    27,  0.41584801E+01
    28,  0.41603343E+01
    29,  0.41576325E+01
    30,  0.41530810E+01
    31,  0.41490406E+01
    32,  0.41460830E+01
    33,  0.41441665E+01
    34,  0.41427075E+01
    35,  0.41397102E+01
    36,  0.41358921E+01
    37,  0.41333533E+01
    38,  0.41305950E+01
    39,  0.41275636E+01
    40,  0.41234547E+01
    41,  0.41183059E+01
    42,  0.41131989E+01
    43,  0.41096900E+01
    44,  0.41061744E+01
    45,  0.41030746E+01
    46,  0.40980560E+01
    47,  0.40914137E+01
    48,  0.40826412E+01
    49,  0.40754402E+01
    50,  0.40728626E+01
    51,  0.40692589E+01
    52,  0.40685670E+01
    53,  0.40598679E+01
    54,  0.40497429E+01
    55,  0.40519717E+01
    56,  0.40426740E+01
    57,  0.40356954E+01
    58,  0.40681093E+01
    59,  0.40528440E+01
    60,  0.40222036E+01
    61,  0.40665521E+01
    62,  0.40623438E+01
    63,  0.39892879E+01
    64,  0.40510974E+01
    65,  0.40848111E+01
    66,  0.40519682E+01
    67,  0.39780250E+01
    68,  0.40462332E+01
    69,  0.40370568E+01
    70,  0.40345086E+01
    71,  0.40713787E+01
    72,  0.39435404E+01
    73,  0.38715765E+01
    74,  0.39681626E+01
    75,  0.40670780E+01
    76,  0.39789222E+01
    77,  0.39196639E+01
    78,  0.39406511E+01
    79,  0.40459328E+01
    80,  0.39168062E+01
    81,  0.35382667E+01
    82,  0.40444924E+01
    83,  0.38453639E+01
    84,  0.37301278E+01
    85,  0.36880143E+01
    86,  0.35652190E+01
    87,  0.36443166E+01
    88,  0.36089489E+01
    89,  0.35697621E+01
    90,  0.35754689E+01
    91,  0.35345079E+01
    92,  0.35196470E+01
    93,  0.35538426E+01
    94,  0.34791475E+01
    95,  0.34515815E+01
    96,  0.32672349E+01
    97,  0.32333964E+01
    98,  0.31996109E+01
    99,  0.31447808E+01
   100,  0.30922340E+01
   101,  0.30435824E+01
   102,  0.29966834E+01
   103,  0.29567711E+01
   104,  0.29114356E+01
   105,  0.28670840E+01
   106,  0.28271245E+01
   107,  0.27909792E+01
   108,  0.27428759E+01
   109,  0.26938790E+01
   110,  0.27546495E+01
   111,  0.28407001E+01
   112,  0.28029790E+01
   113,  0.27892540E+01
   114,  0.27780140E+01
   115,  0.27529761E+01
   116,  0.27231928E+01
   117,  0.26822356E+01
   118,  0.26286510E+01
   119,  0.25642010E+01
   120,  0.24906575E+01
   121,  0.24116541E+01
   122,  0.23324931E+01
   123,  0.22707336E+01
   124,  0.21633848E+01
   125,  0.20817841E+01
   126,  0.20145642E+01
   127,  0.19402440E+01
   128,  0.18751016E+01
   129,  0.18249257E+01
   130,  0.17886305E+01
   131,  0.17627616E+01
   132,  0.17479634E+01
   133,  0.17390552E+01
   134,  0.17377320E+01
   135,  0.17408316E+01
   136,  0.17446219E+01
   137,  0.17500523E+01
   138,  0.17539302E+01
   139,  0.17588128E+01
   140,  0.17602837E+01
   141,  0.17597368E+01
   142,  0.17577437E+01
   143,  0.17561730E+01
   144,  0.17547767E+01
   145,  0.17512638E+01
   146,  0.17473638E+01
   147,  0.17423531E+01
   148,  0.17374490E+01
   149,  0.17302691E+01
   150,  0.17199724E+01
   151,  0.17068162E+01
   152,  0.16906916E+01
   153,  0.16721081E+01
   154,  0.16488033E+01
   155,  0.16224359E+01
   156,  0.15921112E+01
   157,  0.15596477E+01
   158,  0.15238876E+01
   159,  0.14844452E+01
   160,  0.14429430E+01
   161,  0.13980488E+01
   162,  0.13532476E+01
   163,  0.13039642E+01
   164,  0.12543672E+01
   165,  0.12015407E+01
   166,  0.11478836E+01
   167,  0.10941996E+01
   168,  0.10350785E+01
   169,  0.98090367E+00
   170,  0.91679708E+00
   171,  0.86109714E+00
   172,  0.79438289E+00
   173,  0.73518163E+00
   174,  0.67668227E+00
   175,  0.60478927E+00
   176,  0.55349897E+00
   177,  0.46173924E+00
   178,  0.43293037E+00
   179,  0.33900894E+00
   180,  0.29462800E+00
   181,  0.20622349E+00
   182,  0.11025442E+00
   183,  0.12513673E+00
   184, -0.49734424E-01
   185,  0.75610414E-01
   186, -0.11438090E+00
   187,  0.21960026E-01
   188, -0.40332782E-01
   189,  0.42655392E-02
   190,  0.59890459E-01
   191, -0.15529593E-01
   192,  0.68975797E-01
   193, -0.27270625E-01
   194,  0.75712124E-01
   195,  0.14849896E-01
   196,  0.29076013E-01
   197,  0.11667873E-01
   198, -0.26186299E-01
   199,  0.29298490E-01
   200, -0.64333893E-01
   201, -0.49893659E-03
   202, -0.91935026E-01
   203, -0.42510950E-01
   204, -0.81796402E-01
   205, -0.10222016E+00
   206, -0.71934792E-01
   207, -0.15438675E+00
   208, -0.89461577E-01
   209, -0.19268879E+00
   210, -0.11238559E+00
   211, -0.16461121E+00
   212, -0.16715696E+00
   213, -0.17788508E+00
   214, -0.23095850E+00
   215, -0.15461954E+00
   216, -0.24957140E+00
   217, -0.19819491E+00
   218, -0.29472453E+00
   219, -0.24004843E+00
   220, -0.25558080E+00
   221, -0.30843552E+00
   222, -0.28820257E+00
   223, -0.40054748E+00
   224, -0.29857492E+00
   225, -0.42051001E+00
   226, -0.37071802E+00
   227, -0.46174473E+00
   228, -0.47217146E+00
   229, -0.44845960E+00
   230, -0.59903573E+00
   231, -0.47609711E+00
   232, -0.71699395E+00
   233, -0.53952602E+00
   234, -0.73879953E+00
   235, -0.64452875E+00
   236, -0.64833060E+00
   237, -0.80685891E+00
   238, -0.64837665E+00
   239, -0.10621204E+01
   240, -0.63521584E+00
   241, -0.87219533E+00
   242, -0.71705448E+00
   243, -0.83040074E+00
   244, -0.83860410E+00
   245, -0.70194374E+00
   246, -0.93565385E+00
   247, -0.71662208E+00
   248, -0.10391137E+01
   249, -0.74744378E+00
   250, -0.88039281E+00
   251, -0.84759396E+00
   252, -0.82939302E+00
   253, -0.10108094E+01
   254, -0.79864229E+00
   255, -0.11242778E+01
   256, -0.82595261E+00
   257, -0.10583544E+01
   258, -0.92044437E+00
   259, -0.98197285E+00
   260, -0.10777818E+01
   261, -0.90194418E+00
   262, -0.12321267E+01
   263, -0.92769245E+00
   264, -0.13360273E+01
   265, -0.97709821E+00
   266, -0.10905787E+01
   267, -0.11088660E+01
   268, -0.10455530E+01
   269, -0.13498224E+01
   270, -0.99782160E+00
   271, -0.13742889E+01
   272, -0.10478292E+01
   273, -0.13017242E+01
   274, -0.11505833E+01
   275, -0.11468977E+01
   276, -0.13249329E+01
   277, -0.11015972E+01
   278, -0.15376444E+01
   279, -0.11185346E+01
   280, -0.14639726E+01
   281, -0.11886607E+01
   282, -0.12709510E+01
   283, -0.13374593E+01
   284, -0.12141410E+01
   285, -0.15816883E+01
   286, -0.11826588E+01
   287, -0.15356248E+01
   288, -0.12443674E+01
   289, -0.14483519E+01
   290, -0.13549218E+01
   291, -0.12976190E+01
   292, -0.15242197E+01
   293, -0.12822421E+01
   294, -0.17348847E+01
   295, -0.12982779E+01
   296, -0.15520291E+01
   297, -0.13907629E+01
   298, -0.14421994E+01
   299, -0.15582009E+01
   300, -0.13747684E+01
   301, -0.17674589E+01
   302, -0.13762269E+01
   303, -0.17332233E+01
   304, -0.14449846E+01
   305, -0.15922544E+01
   306, -0.15787960E+01
   307, -0.14774555E+01
   308, -0.17741925E+01
   309, -0.14684548E+01
   310, -0.19543120E+01
   311, -0.14973053E+01
   312, -0.17087802E+01
   313, -0.16058793E+01
   314, -0.16164821E+01
   315, -0.18002126E+01
   316, -0.15482481E+01
   317, -0.19567363E+01
   318, -0.15714474E+01
   319, -0.19170980E+01
   320, -0.16471408E+01
   321, -0.17320844E+01
   322, -0.17970691E+01
   323, -0.16581570E+01
   324, -0.20291077E+01
   325, -0.16489525E+01
   326, -0.20739744E+01
   327, -0.16978687E+01
   328, -0.18745042E+01
   329, -0.18212395E+01
   330, -0.17777544E+01
   331, -0.20301736E+01
   332, -0.17285562E+01
   333, -0.21491971E+01
   334, -0.17637942E+01
   335, -0.20579854E+01
   336, -0.18499309E+01
   337, -0.18824104E+01
   338, -0.20121602E+01
   339, -0.18335997E+01
   340, -0.22503648E+01
   341, -0.18285719E+01
   342, -0.21765229E+01
   343, -0.18969122E+01
   344, -0.20333855E+01
   345, -0.20327132E+01
   346, -0.19349882E+01
   347, -0.22425758E+01
   348, -0.19136236E+01
   349, -0.23423313E+01
   350, -0.19559314E+01
   351, -0.21895548E+01
   352, -0.20616960E+01
   353, -0.20515680E+01
   354, -0.22447950E+01
   355, -0.20110013E+01
   356, -0.24788562E+01
   357, -0.20209505E+01
   358, -0.23319788E+01
   359, -0.21035461E+01
   360, -0.21968570E+01
   361, -0.22605349E+01
   362, -0.21062064E+01
   363, -0.24707860E+01
   364, -0.21023807E+01
   365, -0.25325305E+01
   366, -0.21541399E+01
   367, -0.23304370E+01
   368, -0.22761541E+01
   369, -0.22234916E+01
   370, -0.24856524E+01
   371, -0.21883318E+01
   372, -0.26510297E+01
   373, -0.22146071E+01
   374, -0.24861277E+01
   375, -0.23104417E+01
   376, -0.23515296E+01
   377, -0.24821774E+01
   378, -0.22797681E+01
   379, -0.26867420E+01
   380, -0.22891055E+01
   381, -0.26705506E+01
   382, -0.23515389E+01
   383, -0.24744477E+01
   384, -0.24896404E+01
   385, -0.23925388E+01
   386, -0.27124265E+01
   387, -0.23652262E+01
   388, -0.27868448E+01
   389, -0.24095862E+01
   390, -0.26359987E+01
   391, -0.25164366E+01
   392, -0.25051280E+01
   393, -0.27032312E+01
   394, -0.24589365E+01
   395, -0.29003556E+01
   396, -0.24761716E+01
   397, -0.27989438E+01
   398, -0.25563398E+01
   399, -0.26351326E+01
   400, -0.27110072E+01
   401, -0.25629061E+01
   402, -0.29467941E+01
   403, -0.25517726E+01
   404, -0.29503236E+01
   405, -0.26084393E+01
   406, -0.27883348E+01
   407, -0.27329912E+01
   408, -0.26713657E+01
   409, -0.29344114E+01
   410, -0.26406192E+01
   411, -0.31083267E+01
   412, -0.26692386E+01
   413, -0.29382104E+01
   414, -0.27638820E+01
   415, -0.27981182E+01
   416, -0.29395570E+01
   417, -0.27361716E+01
   418, -0.31611473E+01
   419, -0.27395999E+01
   420, -0.31027305E+01
   421, -0.28093549E+01
   422, -0.29370515E+01
   423, -0.29481581E+01
   424, -0.28390812E+01
   425, -0.31629403E+01
   426, -0.28226322E+01
   427, -0.32683197E+01
   428, -0.28621487E+01
   429, -0.30767521E+01
   430, -0.29729902E+01
   431, -0.29608304E+01
   432, -0.31635912E+01
   433, -0.29095222E+01
   434, -0.33477738E+01
   435, -0.29299870E+01
   436, -0.32475566E+01
   437, -0.30102578E+01
   438, -0.30857983E+01
   439, -0.31670960E+01
   440, -0.30124236E+01
   441, -0.33905072E+01
   442, -0.30051488E+01
   443, -0.34090535E+01
   444, -0.30611991E+01
   445, -0.32294478E+01
   446, -0.31858815E+01
   447, -0.31248319E+01
   448, -0.33958923E+01
   449, -0.30907576E+01
   450, -0.35373465E+01
   451, -0.31225612E+01
   452, -0.33919528E+01
   453, -0.32189585E+01
   454, -0.32461774E+01
   455, -0.33918043E+01
   456, -0.31876271E+01
   457, -0.36188307E+01
   458, -0.31933553E+01
   459, -0.35523405E+01
   460, -0.32622306E+01
   461, -0.33837936E+01
   462, -0.34051826E+01
   463, -0.32934007E+01
   464, -0.36238991E+01
   465, -0.32730811E+01
   466, -0.37066837E+01
   467, -0.33183117E+01
   468, -0.35351026E+01
   469, -0.34277725E+01
   470, -0.34076345E+01
   471, -0.36192274E+01
   472, -0.33649733E+01
   473, -0.38169039E+01
   474, -0.33816860E+01
   475, -0.36882265E+01
   476, -0.34661890E+01
   477, -0.35399640E+01
   478, -0.36233271E+01
   479, -0.34622263E+01
   480, -0.38430695E+01
   481, -0.34587751E+01
   482, -0.38588541E+01
   483, -0.35142351E+01
   484, -0.36777960E+01
   485, -0.36413600E+01
   486, -0.35750604E+01
   487, -0.38473572E+01
   488, -0.35427721E+01
   489, -0.39915118E+01
   490, -0.35755189E+01
   491, -0.38347783E+01
   492, -0.36721197E+01
   493, -0.36972517E+01
   494, -0.38491368E+01
   495, -0.36382740E+01
   496, -0.40608438E+01
   497, -0.36457686E+01
   498, -0.40027295E+01
   499, -0.37166379E+01
   500, -0.38318789E+01
   501, -0.38582903E+01
   502, -0.37438712E+01
   503, -0.40811976E+01
   504, -0.37262615E+01
   505, -0.41553085E+01
   506, -0.37706578E+01
   507, -0.39810924E+01
   508, -0.38839672E+01
   509, -0.38605549E+01
   510, -0.40753327E+01
   511, -0.38151266E+01
   512, -0.42631170E+01
   513, -0.38367204E+01
   514, -0.41436201E+01
   515, -0.39194699E+01
   516, -0.39864694E+01
   517, -0.40798784E+01
   518, -0.39163605E+01
   519, -0.43034803E+01
   520, -0.39098917E+01
   521, -0.43000217E+01
   522, -0.39695346E+01
   523, -0.41307209E+01
   524, -0.40957148E+01
   525, -0.40240598E+01
   526, -0.43028099E+01
   527, -0.39961073E+01
   528, -0.44428524E+01
   529, -0.40278032E+01
   530, -0.42810408E+01
   531, -0.41273170E+01
   532, -0.41477251E+01
   533, -0.43024928E+01
   534, -0.40891757E+01
   535, -0.45147493E+01
   536, -0.40988315E+01
   537, -0.44468484E+01
   538, -0.41694405E+01
   539, -0.42809074E+01
   540, -0.43144026E+01
   541, -0.41947758E+01
   542, -0.45309586E+01
   543, -0.41778314E+01
   544, -0.46039362E+01
   545, -0.42247391E+01
   546, -0.44290500E+01
   547, -0.43370128E+01
   548, -0.43099387E+01
   549, -0.45322286E+01
   550, -0.42678948E+01
   551, -0.47128740E+01
   552, -0.42885162E+01
   553, -0.45884215E+01
   554, -0.43749648E+01
   555, -0.44383572E+01
   556, -0.45341372E+01
   557, -0.43659917E+01
   558, -0.47561327E+01
   559, -0.43641188E+01
   560, -0.47532463E+01
   561, -0.44219583E+01
   562, -0.45764016E+01
   563, -0.45519838E+01
   564, -0.44771918E+01
   565, -0.47588901E+01
   566, -0.44466261E+01
   567, -0.48868250E+01
   568, -0.44825021E+01
   569, -0.47327685E+01
   570, -0.45805435E+01
   571, -0.45957358E+01
   572, -0.47586872E+01
   573, -0.45421202E+01
   574, -0.49672896E+01
   575, -0.45503719E+01
   576, -0.48911892E+01
   577, -0.46242915E+01
   578, -0.47311926E+01
   579, -0.47676821E+01
   580, -0.46445749E+01
   581, -0.49860653E+01
   582, -0.46308054E+01
   583, -0.50493988E+01
   584, -0.46769248E+01
   585, -0.48759578E+01
   586, -0.47925299E+01
   587, -0.47607970E+01
   588, -0.49844874E+01
   589, -0.47185794E+01
   590, -0.51624576E+01
   591, -0.47423129E+01
   592, -0.50359386E+01
   593, -0.48275525E+01
   594, -0.48863979E+01
   595, -0.49905215E+01
   596, -0.48183701E+01
   597, -0.52075087E+01
   598, -0.48152651E+01
   599, -0.51969097E+01
   600, -0.48768668E+01
   601, -0.50273024E+01
   602, -0.50052294E+01
   603, -0.49260227E+01
   604, -0.52142646E+01
   605, -0.49002359E+01
   606, -0.53385076E+01
   607, -0.49342370E+01
   608, -0.51770549E+01
   609, -0.50362744E+01
   610, -0.50480124E+01
   611, -0.52127638E+01
   612, -0.49919461E+01
   613, -0.54163153E+01
   614, -0.50045594E+01
   615, -0.53417010E+01
   616, -0.50766716E+01
   617, -0.51779033E+01
   618, -0.52237306E+01
   619, -0.50970578E+01
   620, -0.54389120E+01
   621, -0.50815893E+01
   622, -0.54929122E+01
   623, -0.51314269E+01
   624, -0.53257914E+01
   625, -0.52452611E+01
   626, -0.52094131E+01
   627, -0.54402216E+01
   628, -0.51713620E+01
   629, -0.56099870E+01
   630, -0.51937976E+01
   631, -0.54805945E+01
   632, -0.52826029E+01
   633, -0.53369993E+01
   634, -0.54430714E+01
   635, -0.52680730E+01
   636, -0.56598514E+01
   637, -0.52687745E+01
   638, -0.56438728E+01
   639, -0.53288274E+01
   640, -0.54736526E+01
   641, -0.54610621E+01
   642, -0.53779616E+01
   643, -0.56662636E+01
   644, -0.53506006E+01
   645, -0.57827753E+01
   646, -0.53885982E+01
   647, -0.56268612E+01
   648, -0.54886200E+01
   649, -0.54956302E+01
   650, -0.56686600E+01
   651, -0.54449104E+01
   652, -0.58673101E+01
   653, -0.54555423E+01
   654, -0.57841673E+01
   655, -0.55318064E+01
   656, -0.56292794E+01
   657, -0.56765889E+01
   658, -0.55459413E+01
   659, -0.58918211E+01
   660, -0.55352521E+01
   661, -0.59421309E+01
   662, -0.55829611E+01
   663, -0.57706633E+01
   664, -0.57008477E+01
   665, -0.56613368E+01
   666, -0.58926957E+01
   667, -0.56212793E+01
   668, -0.60553866E+01
   669, -0.56479316E+01
   670, -0.59294132E+01
   671, -0.57346206E+01
   672, -0.57841598E+01
   673, -0.58986921E+01
   674, -0.57205134E+01
   675, -0.61091781E+01
   676, -0.57193708E+01
   677, -0.60863257E+01
   678, -0.57833242E+01
   679, -0.59236933E+01
   680, -0.59130206E+01
   681, -0.58264841E+01
   682, -0.61202637E+01
   683, -0.58036263E+01
   684, -0.62292978E+01
   685, -0.58396626E+01
   686, -0.60709995E+01
   687, -0.59437003E+01
   688, -0.59469406E+01
   689, -0.61202016E+01
   690, -0.58942044E+01
   691, -0.63145519E+01
   692, -0.59093184E+01
   693, -0.62325932E+01
   694, -0.59831651E+01
   695, -0.60754494E+01
   696, -0.61317827E+01
   697, -0.59981641E+01
   698, -0.63422570E+01
   699, -0.59850626E+01
   700, -0.63829519E+01
   701, -0.60373726E+01
   702, -0.62208296E+01
   703, -0.61524648E+01
   704, -0.61089360E+01
   705, -0.63467331E+01
   706, -0.60742468E+01
   707, -0.65033663E+01
   708, -0.60983939E+01
   709, -0.63722191E+01
   710, -0.61892938E+01
   711, -0.62354331E+01
   712, -0.63501546E+01
   713, -0.61692238E+01
   714, -0.65581946E+01
   715, -0.61729470E+01
   716, -0.65342369E+01
   717, -0.62342855E+01
   718, -0.63689074E+01
   719, -0.63680198E+01
   720, -0.62780145E+01
   721, -0.65703415E+01
   722, -0.62535115E+01
   723, -0.66709970E+01
   724, -0.62939446E+01
   725, -0.65207586E+01
   726, -0.63948927E+01
   727, -0.63942414E+01
   728, -0.65747241E+01
   729, -0.63468244E+01
   730, -0.67613510E+01
   731, -0.63597638E+01
   732, -0.66742413E+01
   733, -0.64382390E+01
   734, -0.65267215E+01
   735, -0.65837325E+01
   736, -0.64470495E+01
   737, -0.67942282E+01
   738, -0.64394914E+01
   739, -0.68301804E+01
   740, -0.64890495E+01
   741, -0.66657461E+01
   742, -0.66086158E+01
   743, -0.65614151E+01
   744, -0.67982976E+01
   745, -0.65244256E+01
   746, -0.69465202E+01
   747, -0.65532648E+01
   748, -0.68223388E+01
   749, -0.66407997E+01
   750, -0.66822106E+01
   751, -0.68055995E+01
   752, -0.66222515E+01
   753, -0.70067475E+01
   754, -0.66235122E+01
   755, -0.69737390E+01
   756, -0.66900872E+01
   757, -0.68198012E+01
   758, -0.68206160E+01
   759, -0.67260224E+01
   760, -0.70241533E+01
   761, -0.67073048E+01
   762, -0.71165776E+01
   763, -0.67448677E+01
   764, -0.69619571E+01
   765, -0.68512425E+01
   766, -0.68452083E+01
   767, -0.70266544E+01
   768, -0.67963364E+01
   769, -0.72066017E+01
   770, -0.68135280E+01
   771, -0.71204759E+01
   772, -0.68894137E+01
   773, -0.69709991E+01
   774, -0.70395314E+01
   775, -0.68998920E+01
   776, -0.72423310E+01
   777, -0.68905121E+01
   778, -0.72696924E+01
   779, -0.69446257E+01
   780, -0.71156514E+01
   781, -0.70608386E+01
   782, -0.70098142E+01
   783, -0.72538878E+01
   784, -0.69798806E+01
   785, -0.73914737E+01
   786, -0.70052131E+01
   787, -0.72656133E+01
   788, -0.70990404E+01
   789, -0.71340698E+01
   790, -0.72585862E+01
   791, -0.70706094E+01
   792, -0.74544611E+01
   793, -0.70778082E+01
   794, -0.74183074E+01
   795, -0.71419760E+01
   796, -0.72628522E+01
   797, -0.72789459E+01
   798, -0.71807362E+01
   799, -0.74751223E+01
   800, -0.71567554E+01
   801, -0.75552198E+01
   802, -0.71986087E+01
   803, -0.74077087E+01
   804, -0.73030153E+01
   805, -0.72893518E+01
   806, -0.74802273E+01
   807, -0.72483474E+01
   808, -0.76526814E+01
   809, -0.72630704E+01
   810, -0.75543631E+01
   811, -0.73437747E+01
   812, -0.74160399E+01
   813, -0.74888369E+01
   814, -0.73420797E+01
   815, -0.76894527E+01
   816, -0.73359423E+01
   817, -0.77059538E+01
   818, -0.73913376E+01
   819, -0.75444975E+01
   820, -0.75174405E+01
   821, -0.74549513E+01
   822, -0.77002285E+01
   823, -0.74210139E+01
   824, -0.78274882E+01
   825, -0.74509739E+01
   826, -0.76950316E+01
   827, -0.75464575E+01
   828, -0.75686863E+01
   829, -0.77123999E+01
   830, -0.75232352E+01
   831, -0.78933576E+01
   832, -0.75265885E+01
   833, -0.78597042E+01
   834, -0.75913211E+01
   835, -0.77149993E+01
   836, -0.77121499E+01
   837, -0.76222109E+01
   838, -0.79111545E+01
   839, -0.76036194E+01
   840, -0.79924818E+01
   841, -0.76505238E+01
   842, -0.78595360E+01
   843, -0.77631802E+01
   844, -0.77623113E+01
   845, -0.79210877E+01
   846, -0.77056650E+01
   847, -0.80894854E+01
   848, -0.77193358E+01
   849, -0.80254904E+01
   850, -0.77826345E+01
   851, -0.78755781E+01
   852, -0.79279758E+01
   853, -0.78022985E+01
   854, -0.81170608E+01
   855, -0.77949807E+01
   856, -0.81725223E+01
   857, -0.78391848E+01
   858, -0.80184095E+01
   859, -0.79534822E+01
   860, -0.79191325E+01
   861, -0.81335868E+01
   862, -0.78921551E+01
   863, -0.82849404E+01
   864, -0.79068995E+01
   865, -0.81801947E+01
   866, -0.79917037E+01
   867, -0.80398316E+01
   868, -0.81421514E+01
   869, -0.79807600E+01
   870, -0.83302652E+01
   871, -0.79869136E+01
   872, -0.83198559E+01
   873, -0.80475587E+01
   874, -0.81579430E+01
   875, -0.81848906E+01
   876, -0.80982516E+01
   877, -0.83611999E+01
   878, -0.80843916E+01
   879, -0.84349488E+01
   880, -0.81255397E+01
   881, -0.83512379E+01
   882, -0.82124342E+01
   883, -0.82270677E+01
   884, -0.83920595E+01
   885, -0.81781202E+01
   886, -0.85403427E+01
   887, -0.82061464E+01
   888, -0.85085376E+01
   889, -0.82805864E+01
   890, -0.83682858E+01
   891, -0.84176364E+01
   892, -0.82936900E+01
   893, -0.85814926E+01
   894, -0.82833138E+01
   895, -0.86019849E+01
   896, -0.83436783E+01
   897, -0.84681378E+01
   898, -0.84846358E+01
   899, -0.84606448E+01
   900, -0.86089880E+01
   901, -0.84111573E+01
   902, -0.87537464E+01
   903, -0.83997607E+01
   904, -0.86304635E+01
   905, -0.84646440E+01
   906, -0.85460595E+01
   907, -0.85698764E+01
   908, -0.84342886E+01
   909, -0.87444646E+01
   910, -0.83855783E+01
   911, -0.87450324E+01
   912, -0.84658155E+01
   913, -0.85934329E+01
   914, -0.85894187E+01
   915, -0.85128413E+01
   916, -0.87343694E+01
   917, -0.84790782E+01
   918, -0.88276880E+01
   919, -0.84387788E+01
   920, -0.86497148E+01
   921, -0.85435388E+01
   922, -0.85275071E+01
   923, -0.87297904E+01
   924, -0.85021612E+01
   925, -0.88386271E+01
   926, -0.84826528E+01
   927, -0.87838824E+01
   928, -0.85202951E+01
   929, -0.86178245E+01
   930, -0.86834174E+01
   931, -0.85457755E+01
   932, -0.88593322E+01
   933, -0.85268661E+01
   934, -0.88913111E+01
   935, -0.85733487E+01
   936, -0.87477064E+01
   937, -0.87186853E+01
   938, -0.87003014E+01
   939, -0.89107484E+01
   940, -0.86761150E+01
   941, -0.89646987E+01
   942, -0.87374492E+01
   943, -0.88799612E+01
   944, -0.88925972E+01
   945, -0.88530954E+01
   946, -0.89560408E+01
   947, -0.87970012E+01
   948, -0.90080741E+01
   949, -0.88473057E+01
   950, -0.90099434E+01
   951, -0.87862922E+01
   952, -0.90116833E+01
   953, -0.87968568E+01
   954, -0.88172538E+01
   955, -0.89209532E+01
   956, -0.87603706E+01
   957, -0.90498906E+01
   958, -0.87450466E+01
   959, -0.89304896E+01
   960, -0.88686220E+01
   961, -0.88408473E+01
   962, -0.90436175E+01
   963, -0.88653573E+01
   964, -0.91204350E+01
   965, -0.89322327E+01
   966, -0.91169402E+01
   967, -0.89208893E+01
   968, -0.89865550E+01
   969, -0.90525100E+01
   970, -0.90606849E+01
   971, -0.91332145E+01
   972, -0.91106502E+01
   973, -0.91503480E+01
   974, -0.91142777E+01
   975, -0.90754017E+01
   976, -0.91500725E+01
   977, -0.90724288E+01
   978, -0.91663626E+01
   979, -0.91879809E+01
   980, -0.91887472E+01
   981, -0.91666596E+01
   982, -0.92138306E+01
   983, -0.91094290E+01
   984, -0.91829044E+01
   985, -0.91055815E+01
   986, -0.91108799E+01
   987, -0.91358632E+01
   988, -0.91351765E+01
   989, -0.91711638E+01
   990, -0.91280121E+01
   991, -0.91810970E+01
   992, -0.90703209E+01
   993, -0.91174135E+01
   994, -0.90618434E+01
   995, -0.91141221E+01
   996, -0.91115706E+01
   997, -0.91272672E+01
   998, -0.91199551E+01
   999, -0.91322823E+01
  1000, -0.91070822E+01
  1001, -0.90849124E+01
  1002, -0.90924523E+01
  1003, -0.90696862E+01
  1004, -0.90339967E+01
  1005, -0.91032018E+01
  1006, -0.91040912E+01
  1007, -0.91285933E+01
  1008, -0.90721081E+01
  1009, -0.91319444E+01
  1010, -0.90872363E+01
  1011, -0.90119747E+01
  1012, -0.91185218E+01
  1013, -0.90386714E+01
  1014, -0.90492550E+01
  1015, -0.91362073E+01
  1016, -0.90791429E+01
  1017, -0.91168615E+01
  1018, -0.91500725E+01
  1019, -0.91152919E+01
  1020, -0.90551614E+01
  1021, -0.90352371E+01
  1022, -0.91518233E+01
  1023, -0.92301882E+01
  1024, -0.91531225E+01
  1025, -0.90957145E+01
  1026, -0.91561215E+01
  1027, -0.91937394E+01
  1028, -0.92199478E+01
  1029, -0.91154484E+01
  1030, -0.92219832E+01
  1031, -0.92263727E+01
  1032, -0.92100476E+01
  1033, -0.91634148E+01
  1034, -0.92789421E+01
  1035, -0.91015074E+01
  1036, -0.91226886E+01
  1037, -0.91178878E+01
  1038, -0.90902811E+01
  1039, -0.91655726E+01
  1040, -0.91026109E+01
  1041, -0.91895163E+01
  1042, -0.91995394E+01
  1043, -0.91818394E+01
  1044, -0.92059730E+01
  1045, -0.91952032E+01
  1046, -0.91536817E+01
  1047, -0.92791083E+01
  1048, -0.92199478E+01
  1049, -0.92589567E+01
  1050, -0.92437429E+01
  1051, -0.92450182E+01
  1052, -0.92387155E+01
  1053, -0.91546168E+01
  1054, -0.91525647E+01
  1055, -0.92325906E+01
  1056, -0.91871084E+01
  1057, -0.91858062E+01
  1058, -0.92933666E+01
  1059, -0.92249428E+01
  1060, -0.92547547E+01
  1061, -0.91244758E+01
  1062, -0.91832249E+01
  1063, -0.92113824E+01
  1064, -0.91667587E+01
  1065, -0.92295256E+01
  1066, -0.93115036E+01
  1067, -0.91155266E+01
  1068, -0.91910626E+01
  1069, -0.92600201E+01
  1070, -0.91586846E+01
  1071, -0.91149013E+01
  1072, -0.90966454E+01
  1073, -0.90126560E+01
  1074, -0.91064056E+01
  1075, -0.90786800E+01
  1076, -0.91946390E+01
  1077, -0.91192373E+01
  1078, -0.91073836E+01
  1079, -0.90857980E+01
  1080, -0.90878556E+01
  1081, -0.91519158E+01
  1082, -0.91502561E+01
  1083, -0.90896548E+01
  1084, -0.92189372E+01
  1085, -0.92164312E+01
  1086, -0.91925084E+01
  1087, -0.90897243E+01
  1088, -0.91652771E+01
  1089, -0.92362448E+01
  1090, -0.91484267E+01
  1091, -0.91636101E+01
  1092, -0.92176806E+01
  1093, -0.91969045E+01
  1094, -0.91859144E+01
  1095, -0.91280121E+01
  1096, -0.92108961E+01
  1097, -0.91558386E+01
  1098, -0.91787802E+01
  1099, -0.91621498E+01
  1100, -0.91685500E+01
  1101, -0.92080007E+01
  1102, -0.91764878E+01
  1103, -0.91956555E+01
  1104, -0.91814149E+01
  1105, -0.91170190E+01
  1106, -0.91410833E+01
  1107, -0.90826804E+01
  1108, -0.90770347E+01
  1109, -0.91514535E+01
  1110, -0.90885459E+01
  1111, -0.91438304E+01
  1112, -0.90755970E+01
  1113, -0.91721776E+01
  1114, -0.90942191E+01
  1115, -0.91000446E+01
  1116, -0.91214784E+01
  1117, -0.91153701E+01
  1118, -0.91084418E+01
  1119, -0.91713662E+01
  1120, -0.91578269E+01
  1121, -0.91083660E+01
  1122, -0.91920625E+01
  1123, -0.91268544E+01
  1124, -0.90509345E+01
  1125, -0.91687499E+01
  1126, -0.91271846E+01
  1127, -0.91484267E+01
  1128, -0.91971324E+01
  1129, -0.91389802E+01
  1130, -0.90832868E+01
  1131, -0.91889667E+01
  1132, -0.91997700E+01
  1133, -0.92051435E+01
  1134, -0.91061806E+01
  1135, -0.91707596E+01
  1136, -0.91400292E+01
  1137, -0.91323669E+01
  1138, -0.91412595E+01
  1139, -0.90736519E+01
  1140, -0.92346131E+01
  1141, -0.91827976E+01
  1142, -0.91447240E+01
  1143, -0.90904205E+01
  1144, -0.91239869E+01
  1145, -0.90968608E+01
  1146, -0.91518233E+01
  1147, -0.91640012E+01
  1148, -0.90547468E+01
  1149, -0.91129586E+01
  1150, -0.91291760E+01
  1151, -0.90418819E+01
  1152, -0.91034238E+01
  1153, -0.90617822E+01
  1154, -0.89860370E+01
  1155, -0.90422167E+01
  1156, -0.90282128E+01
  1157, -0.90847085E+01
  1158, -0.90671656E+01
  1159, -0.91477901E+01
  1160, -0.91193169E+01
  1161, -0.91276807E+01
  1162, -0.91328751E+01
  1163, -0.91348340E+01
  1164, -0.91142777E+01
  1165, -0.89886833E+01
  1166, -0.91696520E+01
  1167, -0.91074590E+01
  1168, -0.90265437E+01
  1169, -0.91316069E+01
  1170, -0.91209159E+01
  1171, -0.91316912E+01
  1172, -0.91374161E+01
  1173, -0.91956555E+01
  1174, -0.90726857E+01
  1175, -0.91277635E+01
  1176, -0.91447240E+01
  1177, -0.90713404E+01
  1178, -0.92010430E+01
  1179, -0.92274186E+01
  1180, -0.92347486E+01
  1181, -0.92525367E+01
  1182, -0.92029079E+01
  1183, -0.92083606E+01
  1184, -0.92276808E+01
  1185, -0.92292611E+01
  1186, -0.92155608E+01
  1187, -0.91891864E+01
  1188, -0.92544577E+01
  1189, -0.92286012E+01
  1190, -0.91252931E+01
  1191, -0.92317868E+01
  1192, -0.91005554E+01
  1193, -0.91943012E+01
  1194, -0.91891864E+01
  1195, -0.91728900E+01
  1196, -0.92081206E+01
  1197, -0.91624411E+01
  1198, -0.90886150E+01
  1199, -0.91505319E+01
  1200, -0.91537750E+01
  1201, -0.90906298E+01
  1202, -0.91725844E+01
  1203, -0.92045529E+01
  1204, -0.92585026E+01
  1205, -0.93035444E+01
  1206, -0.92057357E+01
  1207, -0.92020900E+01
  1208, -0.91737072E+01
  1209, -0.92209631E+01
  1210, -0.90636852E+01
  1211, -0.91372430E+01
  1212, -0.90890996E+01
  1213, -0.91197954E+01
  1214, -0.91692506E+01
  1215, -0.91848346E+01
  1216, -0.91488826E+01
  1217, -0.91193169E+01
  1218, -0.91579220E+01
  1219, -0.90956431E+01
  1220, -0.91185218E+01
  1221, -0.92216001E+01
  1222, -0.91727881E+01
  1223, -0.91751445E+01
  1224, -0.92112607E+01
  1225, -0.91672548E+01
  1226, -0.91711638E+01
  1227, -0.91980462E+01
  1228, -0.92195683E+01
  1229, -0.92245545E+01
  1230, -0.92263727E+01
  1231, -0.91434739E+01
  1232, -0.92149413E+01
  1233, -0.92549034E+01
  1234, -0.92063295E+01
  1235, -0.90824114E+01
  1236, -0.91327055E+01
  1237, -0.91061806E+01
  1238, -0.91442767E+01
  1239, -0.91837601E+01
  1240, -0.92361083E+01
  1241, -0.91433849E+01
  1242, -0.92190633E+01
  1243, -0.91560272E+01
  1244, -0.91409073E+01
  1245, -0.91659672E+01
  1246, -0.90982299E+01
  1247, -0.91514535E+01
  1248, -0.91816270E+01
  1249, -0.91524719E+01
  1250, -0.91900673E+01
  1251, -0.91399416E+01
  1252, -0.91927317E+01
  1253, -0.91615684E+01
  1254, -0.90532726E+01
  1255, -0.91561215E+01
  1256, -0.90617211E+01
  1257, -0.91108033E+01
  1258, -0.90556362E+01
  1259, -0.90281081E+01
  1260, -0.91548043E+01
  1261, -0.90656671E+01
  1262, -0.91912844E+01
  1263, -0.91770067E+01
  1264, -0.92250724E+01
  1265, -0.92176806E+01
  1266, -0.92331281E+01
  1267, -0.91534951E+01
  1268, -0.90465604E+01
  1269, -0.91620528E+01
  1270, -0.90586875E+01
  1271, -0.91577318E+01
  1272, -0.91690502E+01
  1273, -0.92188112E+01
  1274, -0.91898467E+01
  1275, -0.91922854E+01
  1276, -0.92387155E+01
  1277, -0.91300949E+01
  1278, -0.91054320E+01
  1279, -0.91906197E+01
  1280, -0.92377513E+01
  1281, -0.91154484E+01
  1282, -0.91979317E+01
  1283, -0.91637078E+01
  1284, -0.92030250E+01
  1285, -0.91082146E+01
  1286, -0.92447341E+01
  1287, -0.90834218E+01
  1288, -0.91173345E+01
  1289, -0.91421426E+01
  1290, -0.91824778E+01
  1291, -0.91591626E+01
  1292, -0.91583983E+01
  1293, -0.92687196E+01
  1294, -0.91695516E+01
  1295, -0.90735873E+01
  1296, -0.92657287E+01
  1297, -0.90944321E+01
  1298, -0.91705578E+01
  1299, -0.91275979E+01
  1300, -0.90619657E+01
  1301, -0.92271567E+01
  1302, -0.91641970E+01
  1303, -0.91075344E+01
  1304, -0.93262785E+01
  1305, -0.92071635E+01
  1306, -0.91923969E+01
  1307, -0.92062106E+01
  1308, -0.91699535E+01
  1309, -0.92538648E+01
  1310, -0.92233936E+01
  1311, -0.91885280E+01
  1312, -0.92437429E+01
  1313, -0.92166805E+01
  1314, -0.92483116E+01
  1315, -0.91289261E+01
  1316, -0.92715915E+01
  1317, -0.90203456E+01
  1318, -0.91167827E+01
  1319, -0.91458912E+01
  1320, -0.90209525E+01
  1321, -0.92175553E+01
  1322, -0.91895163E+01
  1323, -0.91774227E+01
  1324, -0.92148176E+01
  1325, -0.92003477E+01
  1326, -0.92361083E+01
  1327, -0.90769036E+01
  1328, -0.91092768E+01
  1329, -0.91683502E+01
  1330, -0.91509922E+01
  1331, -0.92323223E+01
  1332, -0.91922854E+01
  1333, -0.92242960E+01
  1334, -0.91080632E+01
  1335, -0.91895163E+01
  1336, -0.92039640E+01
  1337, -0.92312526E+01
  1338, -0.90972202E+01
  1339, -0.91270194E+01
  1340, -0.90954289E+01
  1341, -0.92126030E+01
  1342, -0.91201150E+01
  1343, -0.92040817E+01
  1344, -0.91203549E+01
  1345, -0.90399941E+01
  1346, -0.91325362E+01
  1347, -0.90888226E+01
  1348, -0.92025570E+01
  1349, -0.91328751E+01
  1350, -0.91323669E+01
  1351, -0.91632197E+01
  1352, -0.91459812E+01
  1353, -0.91446344E+01
  1354, -0.91211568E+01
  1355, -0.92154368E+01
  1356, -0.92488895E+01
  1357, -0.92017404E+01
  1358, -0.91798302E+01
  1359, -0.91947517E+01
  1360, -0.92537168E+01
  1361, -0.92967666E+01
  1362, -0.92550522E+01
  1363, -0.92764641E+01
  1364, -0.92407961E+01
  1365, -0.92723960E+01
  1366, -0.91876533E+01
  1367, -0.90960005E+01
  1368, -0.92457299E+01
  1369, -0.90388913E+01
  1370, -0.91397665E+01
  1371, -0.92340719E+01
  1372, -0.91826910E+01
  1373, -0.92024401E+01
  1374, -0.91566885E+01
  1375, -0.92603248E+01
  1376, -0.91173345E+01
  1377, -0.91318600E+01
  1378, -0.92196947E+01
  1379, -0.92594118E+01
  1380, -0.92761359E+01
  1381, -0.93026160E+01
  1382, -0.92817850E+01
  1383, -0.92005792E+01
  1384, -0.92343423E+01
  1385, -0.92877580E+01
  1386, -0.91941887E+01
  1387, -0.91532156E+01
  1388, -0.92640158E+01
  1389, -0.91021688E+01
  1390, -0.92665118E+01
  1391, -0.91708606E+01
  1392, -0.92203280E+01
  1393, -0.92907195E+01
  1394, -0.91824778E+01
  1395, -0.92504867E+01
  1396, -0.92588053E+01
  1397, -0.92544577E+01
  1398, -0.92361083E+01
  1399, -0.91457112E+01
  1400, -0.92649485E+01
  1401, -0.92437429E+01
  1402, -0.91797250E+01
  1403, -0.91290926E+01
  1404, -0.91941887E+01
  1405, -0.92383017E+01
  1406, -0.91900673E+01
  1407, -0.91390674E+01
  1408, -0.91580172E+01
  1409, -0.92020900E+01
  1410, -0.91876533E+01
  1411, -0.92244252E+01
  1412, -0.92019734E+01
  1413, -0.91452619E+01
  1414, -0.92213450E+01
  1415, -0.90940773E+01
  1416, -0.90689901E+01
  1417, -0.91557444E+01
  1418, -0.90457074E+01
  1419, -0.91808854E+01
  1420, -0.91017276E+01
  1421, -0.90416589E+01
  1422, -0.92010430E+01
  1423, -0.92937220E+01
  1424, -0.92491790E+01
  1425, -0.92373394E+01
  1426, -0.91569725E+01
  1427, -0.91371565E+01
  1428, -0.91660660E+01
  1429, -0.91751445E+01
  1430, -0.91744247E+01
  1431, -0.91141999E+01
  1432, -0.92218554E+01
  1433, -0.92216001E+01
  1434, -0.91938516E+01
  1435, -0.92194419E+01
  1436, -0.91962224E+01
  1437, -0.92327248E+01
  1438, -0.91459812E+01
  1439, -0.92350199E+01
  1440, -0.90840981E+01
  1441, -0.92108961E+01
  1442, -0.90789444E+01
  1443, -0.90771003E+01
  1444, -0.92336669E+01
  1445, -0.91499807E+01
  1446, -0.91299275E+01
  1447, -0.91636101E+01
  1448, -0.91358632E+01
  1449, -0.91627327E+01
  1450, -0.90559334E+01
  1451, -0.91806739E+01
  1452, -0.91420541E+01
  1453, -0.91492480E+01
  1454, -0.91918399E+01
  1455, -0.90928750E+01
  1456, -0.92168052E+01
  1457, -0.91536817E+01
  1458, -0.91376760E+01
  1459, -0.92537168E+01
  1460, -0.92005792E+01
  1461, -0.91085175E+01
  1462, -0.92438842E+01
  1463, -0.91494310E+01
  1464, -0.92045529E+01
  1465, -0.91507159E+01
  1466, -0.91813089E+01
  1467, -0.90990990E+01
  1468, -0.90998989E+01
  1469, -0.91846193E+01
  1470, -0.90875802E+01
  1471, -0.92010430E+01
  1472, -0.91288428E+01
  1473, -0.91995394E+01
  1474, -0.92012752E+01
  1475, -0.91155266E+01
  1476, -0.91970184E+01
  1477, -0.91303461E+01
  1478, -0.91343213E+01
  1479, -0.92119919E+01
  1480, -0.91599296E+01
  1481, -0.90580257E+01
  1482, -0.91438304E+01
  1483, -0.91839746E+01
  1484, -0.92200744E+01
  1485, -0.92458725E+01
  1486, -0.92464440E+01
  1487, -0.92405175E+01
  1488, -0.91269369E+01
  1489, -0.91493395E+01
  1490, -0.91095051E+01
  1491, -0.90779545E+01
  1492, -0.91503480E+01
  1493, -0.90694961E+01
  1494, -0.92059730E+01
  1495, -0.91135008E+01
  1496, -0.90930161E+01
  1497, -0.91628301E+01
  1498, -0.91208357E+01
  1499, -0.91033498E+01
  1500, -0.90675418E+01
  1501, -0.91668578E+01
  1502, -0.90322826E+01
  1503, -0.91419657E+01
  1504, -0.91313542E+01
  1505, -0.91264424E+01
  1506, -0.91449928E+01
  1507, -0.90798060E+01
  1508, -0.91772146E+01
  1509, -0.91221230E+01
  1510, -0.90270118E+01
  1511, -0.91736048E+01
  1512, -0.90715960E+01
  1513, -0.90908393E+01
  1514, -0.91763842E+01
  1515, -0.91174135E+01
  1516, -0.90535667E+01
  1517, -0.92594118E+01
  1518, -0.91528434E+01
  1519, -0.92283379E+01
  1520, -0.92199478E+01
  1521, -0.92050253E+01
  1522, -0.91874352E+01
  1523, -0.92183080E+01
  1524, -0.92416340E+01
  1525, -0.91650803E+01
  1526, -0.91696520E+01
  1527, -0.92478792E+01
  1528, -0.91536817E+01
  1529, -0.92105321E+01
  1530, -0.92252021E+01
  1531, -0.91280950E+01
  1532, -0.92170550E+01
  1533, -0.92200744E+01
  1534, -0.91280121E+01
  1535, -0.92319206E+01
  1536, -0.90741042E+01
  1537, -0.91528434E+01
  1538, -0.92441672E+01
  1539, -0.91700541E+01
  1540, -0.91534951E+01
  1541, -0.92328592E+01
  1542, -0.91987341E+01
  1543, -0.91041654E+01
  1544, -0.91006285E+01
  1545, -0.91375027E+01
  1546, -0.91391547E+01
  1547, -0.91651787E+01
  1548, -0.91310176E+01
  1549, -0.91000446E+01
  1550, -0.91427629E+01
  1551, -0.91624411E+01
  1552, -0.92839844E+01
  1553, -0.92385775E+01
  1554, -0.91590669E+01
  1555, -0.91114169E+01
  1556, -0.92621625E+01
  1557, -0.90142705E+01
  1558, -0.90236019E+01
  1559, -0.91362073E+01
  1560, -0.90324962E+01
  1561, -0.91468838E+01
  1562, -0.91192373E+01
  1563, -0.92233936E+01
  1564, -0.91156832E+01
  1565, -0.91173345E+01
  1566, -0.90551614E+01
  1567, -0.90713404E+01
  1568, -0.91246390E+01
  1569, -0.90498327E+01
  1570, -0.92159334E+01
  1571, -0.91054320E+01
  1572, -0.92194419E+01
  1573, -0.90319095E+01
  1574, -0.91552739E+01
  1575, -0.92038464E+01
  1576, -0.90988089E+01
  1577, -0.91934030E+01
  1578, -0.91764878E+01
  1579, -0.91678516E+01
  1580, -0.91411714E+01
  1581, -0.91686499E+01
  1582, -0.90563503E+01
  1583, -0.89926031E+01
  1584, -0.90868244E+01
  1585, -0.90270118E+01
  1586, -0.90652320E+01
  1587, -0.91425855E+01
  1588, -0.91471553E+01
  1589, -0.90983745E+01
  1590, -0.91406435E+01
  1591, -0.91109566E+01
  1592, -0.91095051E+01
  1593, -0.91056563E+01
  1594, -0.90815394E+01
  1595, -0.90311120E+01
  1596, -0.91683502E+01
  1597, -0.90406031E+01
  1598, -0.91251294E+01
  1599, -0.91863478E+01
  1600, -0.90884768E+01
  1601, -0.91063306E+01
  1602, -0.91905091E+01
  1603, -0.91988489E+01
  1604, -0.92604774E+01
  1605, -0.92254617E+01
  1606, -0.91788850E+01
  1607, -0.92347486E+01
  1608, -0.90952862E+01
  1609, -0.91441874E+01
  1610, -0.92041994E+01
  1611, -0.92164312E+01
  1612, -0.92448761E+01
  1613, -0.92809450E+01
  1614, -0.92501954E+01
  1615, -0.91337246E+01
  1616, -0.91378494E+01
  1617, -0.91786755E+01
  1618, -0.91098099E+01
  1619, -0.91703562E+01
  1620, -0.91727881E+01
  1621, -0.92297904E+01
  1622, -0.91438304E+01
  1623, -0.90748169E+01
  1624, -0.92208359E+01
  1625, -0.90983745E+01
  1626, -0.91255389E+01
  1627, -0.91639034E+01
  1628, -0.91476085E+01
  1629, -0.91606992E+01
  1630, -0.90564695E+01
  1631, -0.91575417E+01
  1632, -0.89696000E+01
  1633, -0.90845049E+01
  1634, -0.91654740E+01
  1635, -0.91166253E+01
  1636, -0.91583030E+01
  1637, -0.93211737E+01
  1638, -0.92797744E+01
  1639, -0.93260720E+01
  1640, -0.91760736E+01
  1641, -0.91702555E+01
  1642, -0.92038464E+01
  1643, -0.92292611E+01
  1644, -0.92518023E+01
  1645, -0.92140769E+01
  1646, -0.93088180E+01
  1647, -0.92436017E+01
  1648, -0.91797250E+01
  1649, -0.91159968E+01
  1650, -0.91775268E+01
  1651, -0.90161941E+01
  1652, -0.92329936E+01
  1653, -0.89741648E+01
  1654, -0.91943012E+01
  1655, -0.90542149E+01
  1656, -0.91639034E+01
  1657, -0.91259491E+01
  1658, -0.91399416E+01
  1659, -0.91521937E+01
  1660, -0.92481674E+01
  1661, -0.91709616E+01
  1662, -0.91880902E+01
  1663, -0.92175553E+01
  1664, -0.91619558E+01
  1665, -0.91441874E+01
  1666, -0.91902881E+01
  1667, -0.91012873E+01
  1668, -0.90522174E+01
  1669, -0.91630248E+01
  1670, -0.91564993E+01
  1671, -0.91963359E+01
  1672, -0.92671403E+01
  1673, -0.92448761E+01
  1674, -0.92071635E+01
  1675, -0.91688500E+01
  1676, -0.91590669E+01
  1677, -0.91706587E+01
  1678, -0.91668578E+01
  1679, -0.90591700E+01
  1680, -0.91889667E+01
  1681, -0.91217199E+01
  1682, -0.91175715E+01
  1683, -0.91867821E+01
  1684, -0.91243943E+01
  1685, -0.91807796E+01
  1686, -0.91381967E+01
  1687, -0.91687499E+01
  1688, -0.91127267E+01
  1689, -0.90706390E+01
  1690, -0.91878717E+01
  1691, -0.91565939E+01
  1692, -0.91880902E+01
  1693, -0.92562461E+01
  1694, -0.91629274E+01
  1695, -0.92111391E+01
  1696, -0.91589713E+01
  1697, -0.91088968E+01
  1698, -0.92230080E+01
  1699, -0.90875113E+01
  1700, -0.91025372E+01
  1701, -0.92038464E+01
  1702, -0.91271020E+01
  1703, -0.90983745E+01
  1704, -0.92280748E+01
  1705, -0.91975888E+01
  1706, -0.92049071E+01
  1707, -0.92242960E+01
  1708, -0.92282063E+01
  1709, -0.92219832E+01
  1710, -0.92496140E+01
  1711, -0.92020900E+01
  1712, -0.91486090E+01
  1713, -0.91582077E+01
  1714, -0.91819457E+01
  1715, -0.91059557E+01
  1716, -0.92338018E+01
  1717, -0.92609357E+01
  1718, -0.91891864E+01
  1719, -0.93013229E+01
  1720, -0.92565457E+01
  1721, -0.93153987E+01
  1722, -0.92148176E+01
  1723, -0.92150650E+01
  1724, -0.91594499E+01
  1725, -0.91561215E+01
  1726, -0.91918399E+01
  1727, -0.91740144E+01
  1728, -0.91388930E+01
  1729, -0.91879809E+01
  1730, -0.91970184E+01
  1731, -0.91806739E+01
  1732, -0.91737072E+01
  1733, -0.91655726E+01
  1734, -0.90829497E+01
  1735, -0.91406435E+01
  1736, -0.91403800E+01
  1737, -0.90834894E+01
  1738, -0.91510844E+01
  1739, -0.91810970E+01
  1740, -0.91073836E+01
  1741, -0.91018011E+01
  1742, -0.91519158E+01
  1743, -0.90792091E+01
  1744, -0.90467884E+01
  1745, -0.91468838E+01
  1746, -0.91269369E+01
  1747, -0.91410833E+01
  1748, -0.91305977E+01
  1749, -0.91442767E+01
  1750, -0.90436737E+01
  1751, -0.89998789E+01
  1752, -0.91251294E+01
  1753, -0.90274288E+01
  1754, -0.90723005E+01
  1755, -0.90937230E+01
  1756, -0.91708606E+01
  1757, -0.91205952E+01
  1758, -0.92044350E+01
  1759, -0.91332994E+01
  1760, -0.90153535E+01
  1761, -0.91352622E+01
  1762, -0.89757629E+01
  1763, -0.90945032E+01
  1764, -0.91431181E+01
  1765, -0.90935107E+01
  1766, -0.91728900E+01
  1767, -0.91818394E+01
  1768, -0.91596416E+01
  1769, -0.91717715E+01
  1770, -0.92580494E+01
  1771, -0.91458012E+01
  1772, -0.92908950E+01
  1773, -0.90851164E+01
  1774, -0.89844474E+01
  1775, -0.92119919E+01
  1776, -0.90930867E+01
  1777, -0.91571621E+01
  1778, -0.91759702E+01
  1779, -0.91562159E+01
  1780, -0.92490342E+01
  1781, -0.90846406E+01
  1782, -0.92170550E+01
  1783, -0.91261134E+01
  1784, -0.91079876E+01
  1785, -0.91764878E+01
  1786, -0.90273245E+01
  1787, -0.91495225E+01
  1788, -0.91197954E+01
  1789, -0.90565888E+01
  1790, -0.92224950E+01
  1791, -0.91932909E+01
  1792, -0.92685611E+01
  1793, -0.91640012E+01
  1794, -0.92377513E+01
  1795, -0.91248841E+01
  1796, -0.91178878E+01
  1797, -0.92156849E+01
  1798, -0.92154368E+01
  1799, -0.91856980E+01
  1800, -0.92253319E+01
  1801, -0.92068057E+01
  1802, -0.91198752E+01
  1803, -0.92367914E+01
  1804, -0.92807773E+01
  1805, -0.92754808E+01
  1806, -0.93452667E+01
  1807, -0.92377513E+01
  1808, -0.93134424E+01
  1809, -0.90661655E+01
  1810, -0.91424082E+01
  1811, -0.91829044E+01
  1812, -0.90902811E+01
  1813, -0.91599296E+01
  1814, -0.90481043E+01
  1815, -0.92101686E+01
  1816, -0.91000446E+01
  1817, -0.90769036E+01
  1818, -0.91774227E+01
  1819, -0.90519836E+01
  1820, -0.91540552E+01
  1821, -0.90895159E+01
  1822, -0.91450824E+01
  1823, -0.91288428E+01
  1824, -0.90978688E+01
  1825, -0.91743220E+01
  1826, -0.91124950E+01
  1827, -0.91316912E+01
  1828, -0.91102678E+01
  1829, -0.91777352E+01
  1830, -0.91715688E+01
  1831, -0.91687499E+01
  1832, -0.92098058E+01
  1833, -0.90961436E+01
  1834, -0.90950011E+01
  1835, -0.91274325E+01
  1836, -0.91186012E+01
  1837, -0.90690533E+01
  1838, -0.91987341E+01
  1839, -0.91243943E+01
  1840, -0.91705578E+01
  1841, -0.91607957E+01
  1842, -0.92431785E+01
  1843, -0.92470169E+01
  1844, -0.92483116E+01
  1845, -0.91215589E+01
  1846, -0.91191577E+01
  1847, -0.91575417E+01
  1848, -0.91325362E+01
  1849, -0.91118013E+01
  1850, -0.92366546E+01
  1851, -0.91806739E+01
  1852, -0.91901777E+01
  1853, -0.91253750E+01
  1854, -0.91427629E+01
  1855, -0.91937394E+01
  1856, -0.92677706E+01
  1857, -0.92346131E+01
  1858, -0.91619558E+01
  1859, -0.91601217E+01
  1860, -0.91612783E+01
  1861, -0.90659162E+01
  1862, -0.92270258E+01
  1863, -0.90731361E+01
  1864, -0.91359492E+01
  1865, -0.91276807E+01
  1866, -0.90814725E+01
  1867, -0.92299229E+01
  1868, -0.90358328E+01
  1869, -0.91222037E+01
  1870, -0.90326564E+01
  1871, -0.90937230E+01
  1872, -0.90966454E+01
  1873, -0.90332451E+01
  1874, -0.91879809E+01
  1875, -0.89963688E+01
  1876, -0.91034238E+01
  1877, -0.90050410E+01
  1878, -0.91257849E+01
  1879, -0.91138889E+01
  1880, -0.90946453E+01
  1881, -0.91544295E+01
  1882, -0.90654806E+01
  1883, -0.91582077E+01
  1884, -0.90834218E+01
  1885, -0.91205151E+01
  1886, -0.91544295E+01
  1887, -0.90802713E+01
  1888, -0.91780482E+01
  1889, -0.90960005E+01
  1890, -0.90461050E+01
  1891, -0.91223652E+01
  1892, -0.91120323E+01
  1893, -0.90977245E+01
  1894, -0.90834894E+01
  1895, -0.91333844E+01
  1896, -0.91604103E+01
  1897, -0.91020952E+01
  1898, -0.91649820E+01
  1899, -0.91971324E+01
  1900, -0.91433849E+01
  1901, -0.91239056E+01
  1902, -0.91540552E+01
  1903, -0.90438987E+01
  1904, -0.91542423E+01
  1905, -0.91512689E+01
  1906, -0.91628301E+01
  1907, -0.92020900E+01
  1908, -0.92144469E+01
  1909, -0.92440257E+01
  1910, -0.91167040E+01
  1911, -0.92253319E+01
  1912, -0.91756602E+01
  1913, -0.92233936E+01
  1914, -0.92325906E+01
  1915, -0.91417006E+01
  1916, -0.92500499E+01
  1917, -0.92283379E+01
  1918, -0.90960721E+01
  1919, -0.91883090E+01
  1920, -0.91744247E+01
  1921, -0.91163108E+01
  1922, -0.91315226E+01
  1923, -0.92309860E+01
  1924, -0.91220423E+01
  1925, -0.90918197E+01
  1926, -0.91967907E+01
  1927, -0.92641710E+01
  1928, -0.92690368E+01
  1929, -0.92268950E+01
  1930, -0.91316069E+01
  1931, -0.91829044E+01
  1932, -0.91257849E+01
  1933, -0.91715688E+01
  1934, -0.91842967E+01
  1935, -0.91404678E+01
  1936, -0.92110176E+01
  1937, -0.92189372E+01
  1938, -0.91654740E+01
  1939, -0.91495225E+01
  1940, -0.91254569E+01
  1941, -0.91385446E+01
  1942, -0.91351765E+01
  1943, -0.92071635E+01
  1944, -0.91880902E+01
  1945, -0.90598958E+01
  1946, -0.91537750E+01
  1947, -0.90575457E+01
  1948, -0.90532139E+01
  1949, -0.91310176E+01
  1950, -0.91124950E+01
  1951, -0.90643026E+01
  1952, -0.90994622E+01
  1953, -0.90576056E+01
  1954, -0.90730717E+01
  1955, -0.90932986E+01
  1956, -0.90183350E+01
  1957, -0.90154029E+01
  1958, -0.91795147E+01
  1959, -0.90771003E+01
  1960, -0.90562311E+01
  1961, -0.90189362E+01
  1962, -0.90796732E+01
  1963, -0.90769691E+01
  1964, -0.90808043E+01
  1965, -0.90422167E+01
  1966, -0.90559334E+01
  1967, -0.90691797E+01
  1968, -0.90189362E+01
  1969, -0.91140444E+01
  1970, -0.90662278E+01
  1971, -0.90534490E+01
  1972, -0.90774284E+01
  1973, -0.90222731E+01
  1974, -0.90034935E+01
  1975, -0.91425855E+01
  1976, -0.91110332E+01
  1977, -0.91135008E+01
  1978, -0.91732982E+01
  1979, -0.92569957E+01
  1980, -0.91623439E+01
  1981, -0.92477352E+01
  1982, -0.91073082E+01
  1983, -0.92748277E+01
  1984, -0.91856980E+01
  1985, -0.91596416E+01
  1986, -0.93004040E+01
  1987, -0.90553986E+01
  1988, -0.91521937E+01
  1989, -0.92000009E+01
  1990, -0.91787802E+01
  1991, -0.91651787E+01
  1992, -0.92214725E+01
  1993, -0.90888226E+01
  1994, -0.91983899E+01
  1995, -0.90974362E+01
  1996, -0.91466126E+01
  1997, -0.90875113E+01
  1998, -0.90726215E+01
  1999, -0.91711638E+01
  2000, -0.91357772E+01
  2001, -0.91710627E+01
