  0.99906949E+00  0.10856165E+00  0.99980370E+00  0.10222510E+01  0.10539798E+00  0.10000000E+01
  0.99879179E+00  0.11091988E+00  0.99974526E+00  0.10553560E+01  0.10423188E+00  0.10000001E+01
  0.99846383E+00  0.11349165E+00  0.99967605E+00  0.10927785E+01  0.10295533E+00  0.10000001E+01
  0.99815959E+00  0.11613552E+00  0.99961181E+00  0.11389474E+01  0.10152125E+00  0.10000001E+01
  0.99783647E+00  0.11887826E+00  0.99954355E+00  0.11713090E+01  0.10015565E+00  0.10000001E+01
  0.99750130E+00  0.12171064E+00  0.99947271E+00  0.12589375E+01  0.99057071E-01  0.10000002E+01
  0.99714912E+00  0.12464023E+00  0.99939829E+00  0.85466675E+01  0.72497915E-01  0.10000904E+01
  0.99677845E+00  0.12766872E+00  0.99932041E+00  0.16286688E+02  0.35989199E-01  0.10001363E+01
  0.99638881E+00  0.13080311E+00  0.99923837E+00  0.44247175E+01  0.11698927E-01  0.10000988E+01
  0.99598193E+00  0.13404467E+00  0.99915243E+00  0.11807898E+01  0.24439636E-03  0.99999728E+00
  0.99555464E+00  0.13739955E+00  0.99906208E+00  0.11818900E+01  0.21859353E-03  0.99999549E+00
  0.99510554E+00  0.14087240E+00  0.99896707E+00  0.12002239E+01  0.23075436E-03  0.99999463E+00
  0.99463311E+00  0.14446835E+00  0.99886709E+00  0.12184666E+01  0.24381728E-03  0.99999370E+00
  0.99413582E+00  0.14819268E+00  0.99876183E+00  0.12366700E+01  0.25786000E-03  0.99999272E+00
  0.99361203E+00  0.15205099E+00  0.99865089E+00  0.12548634E+01  0.27296898E-03  0.99999169E+00
  0.99306008E+00  0.15604911E+00  0.99853381E+00  0.12730458E+01  0.28923221E-03  0.99999060E+00
  0.99247819E+00  0.16019319E+00  0.99841002E+00  0.12912162E+01  0.30674459E-03  0.99998945E+00
  0.99186427E+00  0.16448963E+00  0.99827912E+00  0.13093736E+01  0.32560859E-03  0.99998825E+00
  0.99121538E+00  0.16894515E+00  0.99814136E+00  0.13275169E+01  0.34593513E-03  0.99998701E+00
  0.99052699E+00  0.17356680E+00  0.99799840E+00  0.13456447E+01  0.36784446E-03  0.99998571E+00
  0.98979249E+00  0.17836193E+00  0.99785377E+00  0.13637558E+01  0.39146703E-03  0.99998435E+00
  0.98900380E+00  0.18333823E+00  0.99771224E+00  0.13818483E+01  0.41694456E-03  0.99998295E+00
  0.98815397E+00  0.18850378E+00  0.99757723E+00  0.13999206E+01  0.44443108E-03  0.99998150E+00
  0.98724220E+00  0.19386697E+00  0.99744567E+00  0.14179707E+01  0.47409387E-03  0.99998000E+00
  0.98628142E+00  0.19943660E+00  0.99730029E+00  0.14359967E+01  0.50611443E-03  0.99997845E+00
  0.98531155E+00  0.20522184E+00  0.99709609E+00  0.14539960E+01  0.54068940E-03  0.99997685E+00
  0.98439484E+00  0.21123226E+00  0.99676488E+00  0.14719662E+01  0.57803134E-03  0.99997520E+00
  0.98356978E+00  0.21747784E+00  0.99626196E+00  0.14899044E+01  0.61836991E-03  0.99997350E+00
  0.98286161E+00  0.22396897E+00  0.99555555E+00  0.15078074E+01  0.66195346E-03  0.99997176E+00
  0.98229767E+00  0.23071648E+00  0.99461131E+00  0.15256720E+01  0.70905052E-03  0.99996996E+00
  0.98191913E+00  0.23773163E+00  0.99338056E+00  0.15434943E+01  0.75995105E-03  0.99996812E+00
  0.98178640E+00  0.24502609E+00  0.99179496E+00  0.15612704E+01  0.81496747E-03  0.99996624E+00
  0.98185850E+00  0.25261204E+00  0.98988851E+00  0.15789956E+01  0.87443645E-03  0.99996431E+00
  0.98236293E+00  0.26050201E+00  0.98742449E+00  0.15966652E+01  0.93871974E-03  0.99996233E+00
  0.98349359E+00  0.26870896E+00  0.98420242E+00  0.16142740E+01  0.10082015E-02  0.99996031E+00
  0.98525083E+00  0.27724639E+00  0.98021904E+00  0.16318160E+01  0.10832926E-02  0.99995825E+00
  0.98760784E+00  0.28612817E+00  0.97549981E+00  0.16492852E+01  0.11644332E-02  0.99995615E+00
  0.99052101E+00  0.29536866E+00  0.97008754E+00  0.16666747E+01  0.12520947E-02  0.99995401E+00
  0.99392487E+00  0.30498262E+00  0.96404613E+00  0.16839774E+01  0.13467812E-02  0.99995183E+00
  0.99772861E+00  0.31498521E+00  0.95746226E+00  0.17011857E+01  0.14490315E-02  0.99994962E+00
  0.10018215E+01  0.32539202E+00  0.95043824E+00  0.17182918E+01  0.15594195E-02  0.99994737E+00
  0.10060918E+01  0.33621894E+00  0.94307231E+00  0.17352862E+01  0.16785574E-02  0.99994509E+00
  0.10104400E+01  0.34748218E+00  0.93544607E+00  0.17521588E+01  0.18070954E-02  0.99994277E+00
  0.10146725E+01  0.35919823E+00  0.92772220E+00  0.17689007E+01  0.19457215E-02  0.99994042E+00
  0.10185773E+01  0.37138374E+00  0.92007039E+00  0.17855042E+01  0.20951601E-02  0.99993804E+00
  0.10219462E+01  0.38405540E+00  0.91264813E+00  0.18019567E+01  0.22561752E-02  0.99993562E+00
  0.10247436E+01  0.39722982E+00  0.90545202E+00  0.18182488E+01  0.24295724E-02  0.99993318E+00
  0.10266530E+01  0.41092348E+00  0.89872398E+00  0.18343691E+01  0.26161583E-02  0.99993070E+00
  0.10282239E+01  0.42515224E+00  0.89194512E+00  0.18503090E+01  0.28168711E-02  0.99992819E+00
  0.10286135E+01  0.43993239E+00  0.88581139E+00  0.18660502E+01  0.30324487E-02  0.99992566E+00
  0.10282539E+01  0.45527873E+00  0.87990897E+00  0.18816055E+01  0.32637677E-02  0.99992309E+00
  0.10272539E+01  0.47120507E+00  0.87410941E+00  0.18969521E+01  0.35117234E-02  0.99992051E+00
  0.10255550E+01  0.48772466E+00  0.86842782E+00  0.19120672E+01  0.37772111E-02  0.99991789E+00
  0.10231185E+01  0.50484938E+00  0.86286215E+00  0.19269527E+01  0.40610603E-02  0.99991526E+00
  0.10199218E+01  0.52258958E+00  0.85739714E+00  0.19416083E+01  0.43640328E-02  0.99991260E+00
  0.10159519E+01  0.54095388E+00  0.85200979E+00  0.19560303E+01  0.46868227E-02  0.99990992E+00
  0.10111999E+01  0.55994887E+00  0.84667478E+00  0.19702173E+01  0.50300385E-02  0.99990724E+00
  0.10056567E+01  0.57957887E+00  0.84136797E+00  0.19841699E+01  0.53941801E-02  0.99990454E+00
  0.99931037E+00  0.59984568E+00  0.83606926E+00  0.19978936E+01  0.57796118E-02  0.99990183E+00
  0.99214386E+00  0.62074827E+00  0.83076468E+00  0.20113951E+01  0.61865396E-02  0.99989912E+00
  0.98413603E+00  0.64228256E+00  0.82544629E+00  0.20246879E+01  0.66149822E-02  0.99989642E+00
  0.97526537E+00  0.66444118E+00  0.82010967E+00  0.20377877E+01  0.70647470E-02  0.99989372E+00
  0.96551496E+00  0.68721323E+00  0.81475049E+00  0.20507158E+01  0.75354059E-02  0.99989103E+00
  0.95487582E+00  0.71058408E+00  0.80936230E+00  0.20634977E+01  0.80262718E-02  0.99988837E+00
  0.94334774E+00  0.73453524E+00  0.80393638E+00  0.20761642E+01  0.85363781E-02  0.99988572E+00
  0.93093828E+00  0.75904427E+00  0.79846310E+00  0.20887515E+01  0.90644617E-02  0.99988311E+00
  0.91766138E+00  0.78408467E+00  0.79293351E+00  0.21013011E+01  0.96089515E-02  0.99988053E+00
  0.90353670E+00  0.80962597E+00  0.78734041E+00  0.21138569E+01  0.10167962E-01  0.99987800E+00
  0.88859000E+00  0.83563353E+00  0.78167853E+00  0.21264683E+01  0.10739293E-01  0.99987551E+00
  0.87285380E+00  0.86206878E+00  0.77594425E+00  0.21391927E+01  0.11320430E-01  0.99987308E+00
  0.85636737E+00  0.88889010E+00  0.77013503E+00  0.21520906E+01  0.11908575E-01  0.99987071E+00
  0.83917742E+00  0.91605255E+00  0.76424928E+00  0.21652356E+01  0.12500728E-01  0.99986841E+00
  0.82133761E+00  0.94350843E+00  0.75828628E+00  0.21787287E+01  0.13093719E-01  0.99986618E+00
  0.80290800E+00  0.97120773E+00  0.75224626E+00  0.21925710E+01  0.13683593E-01  0.99986403E+00
  0.78395403E+00  0.99909874E+00  0.74613050E+00  0.22068085E+01  0.14266721E-01  0.99986197E+00
  0.76454537E+00  0.10271290E+01  0.73994112E+00  0.22215271E+01  0.14839365E-01  0.99985999E+00
  0.74475340E+00  0.10552476E+01  0.73368237E+00  0.22367992E+01  0.15397676E-01  0.99985811E+00
  0.72465916E+00  0.10833970E+01  0.72735056E+00  0.22526873E+01  0.15937778E-01  0.99985633E+00
  0.70434300E+00  0.11115218E+01  0.72095241E+00  0.22692474E+01  0.16455809E-01  0.99985465E+00
  0.68388106E+00  0.11395667E+01  0.71449980E+00  0.22865229E+01  0.16948010E-01  0.99985307E+00
  0.66335042E+00  0.11674820E+01  0.70799891E+00  0.23045499E+01  0.17410879E-01  0.99985161E+00
  0.64281423E+00  0.11952193E+01  0.70146957E+00  0.23233641E+01  0.17841020E-01  0.99985025E+00
  0.62235173E+00  0.12227322E+01  0.69491257E+00  0.23429759E+01  0.18235427E-01  0.99984901E+00
  0.60203368E+00  0.12499768E+01  0.68833385E+00  0.23633751E+01  0.18591421E-01  0.99984787E+00
  0.58192498E+00  0.12769113E+01  0.68174170E+00  0.23845662E+01  0.18906922E-01  0.99984686E+00
  0.56208476E+00  0.13034976E+01  0.67514484E+00  0.24065345E+01  0.19179954E-01  0.99984595E+00
  0.54256641E+00  0.13297013E+01  0.66855199E+00  0.24292544E+01  0.19408781E-01  0.99984515E+00
  0.52341745E+00  0.13554917E+01  0.66197178E+00  0.24527263E+01  0.19592335E-01  0.99984446E+00
  0.50467940E+00  0.13808414E+01  0.65541258E+00  0.24769069E+01  0.19730204E-01  0.99984387E+00
  0.48638782E+00  0.14057268E+01  0.64888248E+00  0.25017236E+01  0.19822368E-01  0.99984338E+00
  0.46857236E+00  0.14301278E+01  0.64238918E+00  0.25265793E+01  0.19866177E-01  0.99984299E+00
  0.45125696E+00  0.14540278E+01  0.63593991E+00  0.25515758E+01  0.19866112E-01  0.99984269E+00
  0.43446035E+00  0.14774129E+01  0.62954152E+00  0.25785900E+01  0.19830776E-01  0.99984247E+00
  0.41819607E+00  0.15002727E+01  0.62320025E+00  0.26053036E+01  0.19747358E-01  0.99984233E+00
  0.40247307E+00  0.15225996E+01  0.61692184E+00  0.26317104E+01  0.19622898E-01  0.99984227E+00
  0.38729607E+00  0.15443887E+01  0.61071148E+00  0.26580871E+01  0.19460774E-01  0.99984228E+00
  0.37266603E+00  0.15656375E+01  0.60457381E+00  0.26845742E+01  0.19263035E-01  0.99984233E+00
  0.35858057E+00  0.15863453E+01  0.59851297E+00  0.27111659E+01  0.19031688E-01  0.99984245E+00
  0.34503442E+00  0.16065140E+01  0.59253255E+00  0.27376015E+01  0.18769121E-01  0.99984262E+00
  0.33201977E+00  0.16261467E+01  0.58663565E+00  0.27637320E+01  0.18478065E-01  0.99984282E+00
  0.31952673E+00  0.16452483E+01  0.58082489E+00  0.27895495E+01  0.18161297E-01  0.99984306E+00
  0.30754363E+00  0.16638251E+01  0.57510242E+00  0.28150483E+01  0.17821484E-01  0.99984333E+00
  0.29605742E+00  0.16818843E+01  0.56946998E+00  0.28401906E+01  0.17461211E-01  0.99984362E+00
  0.28505391E+00  0.16994344E+01  0.56392889E+00  0.28649134E+01  0.17083041E-01  0.99984393E+00
  0.27451806E+00  0.17164844E+01  0.55848011E+00  0.28891729E+01  0.16689507E-01  0.99984425E+00
  0.26443423E+00  0.17330443E+01  0.55312425E+00  0.29129627E+01  0.16283035E-01  0.99984458E+00
  0.25478638E+00  0.17491243E+01  0.54786158E+00  0.29362553E+01  0.15865960E-01  0.99984491E+00
  0.24555823E+00  0.17647353E+01  0.54269212E+00  0.29590935E+01  0.15440389E-01  0.99984524E+00
  0.23673347E+00  0.17798883E+01  0.53761559E+00  0.29815008E+01  0.15008160E-01  0.99984556E+00
  0.22829582E+00  0.17945947E+01  0.53263149E+00  0.30034952E+01  0.14570924E-01  0.99984587E+00
  0.22022918E+00  0.18088659E+01  0.52773913E+00  0.30251543E+01  0.14130077E-01  0.99984616E+00
  0.21251771E+00  0.18227135E+01  0.52293763E+00  0.30464499E+01  0.13686817E-01  0.99984644E+00
  0.20514591E+00  0.18361488E+01  0.51822595E+00  0.30670997E+01  0.13242621E-01  0.99984671E+00
  0.19809864E+00  0.18491836E+01  0.51360292E+00  0.30868133E+01  0.12800304E-01  0.99984695E+00
  0.19136119E+00  0.18618292E+01  0.50906723E+00  0.31056542E+01  0.12363620E-01  0.99984717E+00
  0.18491935E+00  0.18740968E+01  0.50461757E+00  0.31243496E+01  0.11933580E-01  0.99984737E+00
  0.17875937E+00  0.18859976E+01  0.50025254E+00  0.31431422E+01  0.11509918E-01  0.99984754E+00
  0.17286802E+00  0.18975421E+01  0.49597075E+00  0.31621986E+01  0.11091402E-01  0.99984768E+00
  0.16723258E+00  0.19087411E+01  0.49177077E+00  0.31815512E+01  0.10675984E-01  0.99984779E+00
  0.16184084E+00  0.19196047E+01  0.48765117E+00  0.32009214E+01  0.10262233E-01  0.99984788E+00
  0.15668112E+00  0.19301430E+01  0.48361050E+00  0.32199994E+01  0.98499641E-02  0.99984794E+00
  0.15174218E+00  0.19403663E+01  0.47964731E+00  0.32387309E+01  0.94395389E-02  0.99984798E+00
  0.14701341E+00  0.19502833E+01  0.47576017E+00  0.32571716E+01  0.90310765E-02  0.99984801E+00
  0.14248451E+00  0.19599050E+01  0.47194760E+00  0.32753488E+01  0.86244255E-02  0.99984800E+00
  0.13814588E+00  0.19692374E+01  0.46820822E+00  0.32932779E+01  0.82190923E-02  0.99984798E+00
  0.13398857E+00  0.19782940E+01  0.46454089E+00  0.33109606E+01  0.78142214E-02  0.99984793E+00
  0.13000161E+00  0.19870794E+01  0.46094223E+00  0.33283195E+01  0.74089676E-02  0.99984786E+00
  0.12618542E+00  0.19955937E+01  0.45741900E+00  0.33453923E+01  0.70017913E-02  0.99984777E+00
  0.12250478E+00  0.20038941E+01  0.45394283E+00  0.33620718E+01  0.65907646E-02  0.99984767E+00
  0.11902746E+00  0.20118400E+01  0.45058825E+00  0.33782836E+01  0.61730891E-02  0.99984757E+00
  0.11554510E+00  0.20198433E+01  0.44715938E+00  0.33938449E+01  0.57446763E-02  0.99984747E+00
  0.11259232E+00  0.20267731E+01  0.44417581E+00  0.34083792E+01  0.53004575E-02  0.99984741E+00
  0.10775682E+00  0.20380478E+01  0.43920876E+00  0.34213520E+01  0.48317698E-02  0.99984737E+00
  0.12540524E+00  0.19022469E+01  0.46761496E+00  0.34324212E+01  0.43247347E-02  0.99984741E+00
  0.43216275E+00  0.63966975E+00  0.67474194E+00  0.34447356E+01  0.40384870E-02  0.99984710E+00
  0.44140716E+00  0.59624689E+00  0.68345676E+00  0.34624696E+01  0.39269890E-02  0.99984641E+00
  0.44805906E+00  0.57210338E+00  0.68192194E+00  0.34805221E+01  0.38241764E-02  0.99984570E+00
  0.45398775E+00  0.54152516E+00  0.67386650E+00  0.34983958E+01  0.37289072E-02  0.99984496E+00
  0.45620118E+00  0.50691766E+00  0.66616089E+00  0.35163382E+01  0.36406198E-02  0.99984419E+00
  0.45831905E+00  0.47598540E+00  0.65935383E+00  0.35343441E+01  0.35587449E-02  0.99984339E+00
  0.46594870E+00  0.45558883E+00  0.65276057E+00  0.35524150E+01  0.34824033E-02  0.99984257E+00
  0.48238623E+00  0.45195031E+00  0.64796098E+00  0.35705497E+01  0.34106301E-02  0.99984171E+00
  0.50258198E+00  0.45496091E+00  0.64291140E+00  0.35887427E+01  0.33425966E-02  0.99984084E+00
  0.52146274E+00  0.45453193E+00  0.63710299E+00  0.36069886E+01  0.32779401E-02  0.99983995E+00
  0.53446651E+00  0.44162819E+00  0.62980723E+00  0.36252801E+01  0.32166697E-02  0.99983904E+00
  0.54010585E+00  0.41820842E+00  0.62147282E+00  0.36436090E+01  0.31590467E-02  0.99983811E+00
  0.54480743E+00  0.39317610E+00  0.61203028E+00  0.36619689E+01  0.31049998E-02  0.99983716E+00
  0.55327159E+00  0.37440057E+00  0.60221416E+00  0.36803550E+01  0.30541478E-02  0.99983618E+00
  0.56788303E+00  0.36300078E+00  0.59174170E+00  0.36987657E+01  0.30059936E-02  0.99983519E+00
  0.58864857E+00  0.35953782E+00  0.58122098E+00  0.37172007E+01  0.29600323E-02  0.99983420E+00
  0.61189283E+00  0.35739536E+00  0.56979345E+00  0.37356608E+01  0.29159054E-02  0.99983319E+00
  0.63293647E+00  0.35015356E+00  0.55733575E+00  0.37541467E+01  0.28735217E-02  0.99983218E+00
  0.65006267E+00  0.33601881E+00  0.54394145E+00  0.37726589E+01  0.28329628E-02  0.99983117E+00
  0.66601317E+00  0.32122598E+00  0.53071845E+00  0.37911984E+01  0.27942238E-02  0.99983015E+00
  0.68462911E+00  0.30997353E+00  0.51834070E+00  0.38097657E+01  0.27570999E-02  0.99982912E+00
  0.70643563E+00  0.30383787E+00  0.50747070E+00  0.38283587E+01  0.27213132E-02  0.99982809E+00
  0.72842839E+00  0.29938330E+00  0.49779413E+00  0.38469817E+01  0.26866515E-02  0.99982706E+00
  0.74795012E+00  0.29303919E+00  0.48874510E+00  0.38656342E+01  0.26530523E-02  0.99982602E+00
  0.76500760E+00  0.28462053E+00  0.47981171E+00  0.38843157E+01  0.26205069E-02  0.99982498E+00
  0.78210818E+00  0.27650463E+00  0.47080923E+00  0.39030267E+01  0.25889356E-02  0.99982392E+00
  0.80156811E+00  0.27047545E+00  0.46157692E+00  0.39217666E+01  0.25581703E-02  0.99982286E+00
  0.82354315E+00  0.26650767E+00  0.45187163E+00  0.39405346E+01  0.25280191E-02  0.99982179E+00
  0.84666192E+00  0.26310282E+00  0.44145841E+00  0.39593266E+01  0.24983552E-02  0.99982072E+00
  0.87008845E+00  0.25967878E+00  0.43036979E+00  0.39781464E+01  0.24691012E-02  0.99981965E+00
  0.89458053E+00  0.25670273E+00  0.41868056E+00  0.39969854E+01  0.24402029E-02  0.99981858E+00
  0.92133262E+00  0.25468917E+00  0.40643026E+00  0.40158446E+01  0.24115835E-02  0.99981750E+00
  0.95078165E+00  0.25363424E+00  0.39349471E+00  0.40347127E+01  0.23831651E-02  0.99981644E+00
  0.98285001E+00  0.25336165E+00  0.37986269E+00  0.40535872E+01  0.23549401E-02  0.99981539E+00
  0.10180660E+01  0.25393953E+00  0.36548619E+00  0.40724608E+01  0.23269324E-02  0.99981434E+00
  0.10560337E+01  0.25586848E+00  0.35034072E+00  0.40913249E+01  0.22992274E-02  0.99981332E+00
  0.10972232E+01  0.25887699E+00  0.33456556E+00  0.41101700E+01  0.22720063E-02  0.99981233E+00
  0.11420696E+01  0.26272966E+00  0.31840469E+00  0.41289846E+01  0.22454971E-02  0.99981136E+00
  0.11904867E+01  0.26722620E+00  0.30218166E+00  0.41477590E+01  0.22199711E-02  0.99981043E+00
  0.12421368E+01  0.27204408E+00  0.28624205E+00  0.41664796E+01  0.21957433E-02  0.99980955E+00
  0.12968784E+01  0.27670944E+00  0.27091907E+00  0.41851362E+01  0.21731032E-02  0.99980871E+00
  0.13538452E+01  0.28088245E+00  0.25659425E+00  0.42037241E+01  0.21522668E-02  0.99980791E+00
  0.14113869E+01  0.28424873E+00  0.24366910E+00  0.42222372E+01  0.21333885E-02  0.99980717E+00
  0.14681736E+01  0.28644829E+00  0.23238534E+00  0.42406712E+01  0.21165322E-02  0.99980647E+00
  0.15244602E+01  0.28742634E+00  0.22271101E+00  0.42590287E+01  0.21016198E-02  0.99980582E+00
  0.15795872E+01  0.28675342E+00  0.21432684E+00  0.42773196E+01  0.20884235E-02  0.99980520E+00
  0.16357545E+01  0.28518986E+00  0.20728441E+00  0.42955590E+01  0.20766437E-02  0.99980462E+00
  0.17029763E+01  0.27960526E+00  0.20106146E+00  0.43137677E+01  0.20653563E-02  0.99980408E+00
  0.17823050E+01  0.27013796E+00  0.19580481E+00  0.43319889E+01  0.20530201E-02  0.99980358E+00
  0.18687667E+01  0.25919585E+00  0.19107491E+00  0.43502770E+01  0.20382988E-02  0.99980313E+00
  0.19535984E+01  0.24975825E+00  0.18661261E+00  0.43686338E+01  0.20206602E-02  0.99980273E+00
  0.20331308E+01  0.24230877E+00  0.18233383E+00  0.43870609E+01  0.20002550E-02  0.99980237E+00
  0.21076864E+01  0.23642301E+00  0.17824084E+00  0.44055285E+01  0.19775564E-02  0.99980205E+00
  0.21787749E+01  0.23168754E+00  0.17434019E+00  0.44240392E+01  0.19528899E-02  0.99980176E+00
  0.22474725E+01  0.22779148E+00  0.17060789E+00  0.44425469E+01  0.19267377E-02  0.99980151E+00
  0.23137300E+01  0.22453626E+00  0.16702842E+00  0.44610177E+01  0.18996404E-02  0.99980128E+00
  0.23768472E+01  0.22188858E+00  0.16360517E+00  0.44794064E+01  0.18722246E-02  0.99980108E+00
  0.24362282E+01  0.21989120E+00  0.16032958E+00  0.44977048E+01  0.18450964E-02  0.99980091E+00
  0.24917868E+01  0.21851858E+00  0.15718184E+00  0.45159082E+01  0.18188413E-02  0.99980076E+00
  0.25445414E+01  0.21757846E+00  0.15412668E+00  0.45340421E+01  0.17938039E-02  0.99980064E+00
  0.25955597E+01  0.21682119E+00  0.15121102E+00  0.45521121E+01  0.17702813E-02  0.99980054E+00
  0.26474554E+01  0.21596010E+00  0.14840313E+00  0.45701182E+01  0.17482360E-02  0.99980047E+00
  0.27020704E+01  0.21464425E+00  0.14572155E+00  0.45883146E+01  0.17273811E-02  0.99980042E+00
  0.27598497E+01  0.21268471E+00  0.14318251E+00  0.46066870E+01  0.17067439E-02  0.99980040E+00
  0.28199774E+01  0.21014730E+00  0.14075663E+00  0.46250424E+01  0.16867587E-02  0.99980038E+00
  0.28805397E+01  0.20732732E+00  0.13848305E+00  0.46416735E+01  0.16646628E-02  0.99980044E+00
