  0.10000000E+01  0.00000000E+00  0.10000000E+01  0.10000000E+01  0.00000000E+00  0.10000000E+01
  0.10183333E+01  0.00000000E+00  0.97905074E+00  0.10183333E+01  0.00000000E+00  0.10000000E+01
  0.10366667E+01  0.00000000E+00  0.95884244E+00  0.10366667E+01  0.00000000E+00  0.10000000E+01
  0.10550000E+01  0.00000000E+00  0.93933649E+00  0.10550000E+01  0.00000000E+00  0.10000000E+01
  0.10733333E+01  0.00000000E+00  0.92049689E+00  0.10733333E+01  0.00000000E+00  0.10000000E+01
  0.10916667E+01  0.00000000E+00  0.90229008E+00  0.10916667E+01  0.00000000E+00  0.10000000E+01
  0.11100000E+01  0.00000000E+00  0.88468468E+00  0.11100000E+01  0.00000000E+00  0.10000000E+01
  0.11283333E+01  0.00000000E+00  0.86765140E+00  0.11283333E+01  0.00000000E+00  0.10000000E+01
  0.11466667E+01  0.00000000E+00  0.85116279E+00  0.11466667E+01  0.00000000E+00  0.10000000E+01
  0.11650000E+01  0.00000000E+00  0.83519313E+00  0.11650000E+01  0.00000000E+00  0.10000000E+01
  0.11833333E+01  0.00000000E+00  0.81971831E+00  0.11833333E+01  0.00000000E+00  0.10000000E+01
  0.12016667E+01  0.00000000E+00  0.80471567E+00  0.12016667E+01  0.00000000E+00  0.10000000E+01
  0.12200000E+01  0.00000000E+00  0.79016393E+00  0.12200000E+01  0.00000000E+00  0.10000000E+01
  0.12383333E+01  0.00000000E+00  0.77604307E+00  0.12383333E+01  0.00000000E+00  0.10000000E+01
  0.12566667E+01  0.00000000E+00  0.76233422E+00  0.12566667E+01  0.00000000E+00  0.10000000E+01
  0.12750000E+01  0.00000000E+00  0.74901961E+00  0.12750000E+01  0.00000000E+00  0.10000000E+01
  0.12933333E+01  0.00000000E+00  0.73608247E+00  0.12933333E+01  0.00000000E+00  0.10000000E+01
  0.13116667E+01  0.00000000E+00  0.72350699E+00  0.13116667E+01  0.00000000E+00  0.10000000E+01
  0.13300000E+01  0.00000000E+00  0.71127820E+00  0.13300000E+01  0.00000000E+00  0.10000000E+01
  0.13483333E+01  0.00000000E+00  0.69938195E+00  0.13483333E+01  0.00000000E+00  0.10000000E+01
  0.13666667E+01  0.00000000E+00  0.68780488E+00  0.13666667E+01  0.00000000E+00  0.10000000E+01
  0.13850000E+01  0.00000000E+00  0.67653430E+00  0.13850000E+01  0.00000000E+00  0.10000000E+01
  0.14033333E+01  0.00000000E+00  0.66555819E+00  0.14033333E+01  0.00000000E+00  0.10000000E+01
  0.14216667E+01  0.00000000E+00  0.65486518E+00  0.14216667E+01  0.00000000E+00  0.10000000E+01
  0.14400000E+01  0.00000000E+00  0.64444444E+00  0.14400000E+01  0.00000000E+00  0.10000000E+01
  0.14583333E+01  0.00000000E+00  0.63428571E+00  0.14583333E+01  0.00000000E+00  0.10000000E+01
  0.14766667E+01  0.00000000E+00  0.62437923E+00  0.14766667E+01  0.00000000E+00  0.10000000E+01
  0.14950000E+01  0.00000000E+00  0.61471572E+00  0.14950000E+01  0.00000000E+00  0.10000000E+01
  0.15133333E+01  0.00000000E+00  0.60528634E+00  0.15133333E+01  0.00000000E+00  0.10000000E+01
  0.15316667E+01  0.00000000E+00  0.59608270E+00  0.15316667E+01  0.00000000E+00  0.10000000E+01
  0.15500000E+01  0.00000000E+00  0.58709677E+00  0.15500000E+01  0.00000000E+00  0.10000000E+01
  0.15683333E+01  0.00000000E+00  0.57832094E+00  0.15683333E+01  0.00000000E+00  0.10000000E+01
  0.15866667E+01  0.00000000E+00  0.56974790E+00  0.15866667E+01  0.00000000E+00  0.10000000E+01
  0.16050000E+01  0.00000000E+00  0.56137072E+00  0.16050000E+01  0.00000000E+00  0.10000000E+01
  0.16233333E+01  0.00000000E+00  0.55318275E+00  0.16233333E+01  0.00000000E+00  0.10000000E+01
  0.16416667E+01  0.00000000E+00  0.54517766E+00  0.16416667E+01  0.00000000E+00  0.10000000E+01
  0.16600000E+01  0.00000000E+00  0.53734940E+00  0.16600000E+01  0.00000000E+00  0.10000000E+01
  0.16783333E+01  0.00000000E+00  0.52969215E+00  0.16783333E+01  0.00000000E+00  0.10000000E+01
  0.16966667E+01  0.00000000E+00  0.52220039E+00  0.16966667E+01  0.00000000E+00  0.10000000E+01
  0.17150000E+01  0.00000000E+00  0.51486880E+00  0.17150000E+01  0.00000000E+00  0.10000000E+01
  0.17333333E+01  0.00000000E+00  0.50769231E+00  0.17333333E+01  0.00000000E+00  0.10000000E+01
  0.17516667E+01  0.00000000E+00  0.50066603E+00  0.17516667E+01  0.00000000E+00  0.10000000E+01
  0.17700000E+01  0.00000000E+00  0.49378531E+00  0.17700000E+01  0.00000000E+00  0.10000000E+01
  0.17883333E+01  0.00000000E+00  0.48704567E+00  0.17883333E+01  0.00000000E+00  0.10000000E+01
  0.18066667E+01  0.00000000E+00  0.48044280E+00  0.18066667E+01  0.00000000E+00  0.10000000E+01
  0.18250000E+01  0.00000000E+00  0.47397260E+00  0.18250000E+01  0.00000000E+00  0.10000000E+01
  0.18433333E+01  0.00000000E+00  0.46763110E+00  0.18433333E+01  0.00000000E+00  0.10000000E+01
  0.18616667E+01  0.00000000E+00  0.46141450E+00  0.18616667E+01  0.00000000E+00  0.10000000E+01
  0.18800000E+01  0.00000000E+00  0.45531915E+00  0.18800000E+01  0.00000000E+00  0.10000000E+01
  0.18983333E+01  0.00000000E+00  0.44934153E+00  0.18983333E+01  0.00000000E+00  0.10000000E+01
  0.19166667E+01  0.00000000E+00  0.44347826E+00  0.19166667E+01  0.00000000E+00  0.10000000E+01
  0.19350000E+01  0.00000000E+00  0.43772610E+00  0.19350000E+01  0.00000000E+00  0.10000000E+01
  0.19533333E+01  0.00000000E+00  0.43208191E+00  0.19533333E+01  0.00000000E+00  0.10000000E+01
  0.19716667E+01  0.00000000E+00  0.42654269E+00  0.19716667E+01  0.00000000E+00  0.10000000E+01
  0.19900000E+01  0.00000000E+00  0.42110553E+00  0.19900000E+01  0.00000000E+00  0.10000000E+01
  0.20083333E+01  0.00000000E+00  0.41576763E+00  0.20083333E+01  0.00000000E+00  0.10000000E+01
  0.20266667E+01  0.00000000E+00  0.41052632E+00  0.20266667E+01  0.00000000E+00  0.10000000E+01
  0.20450000E+01  0.00000000E+00  0.40537897E+00  0.20450000E+01  0.00000000E+00  0.10000000E+01
  0.20633333E+01  0.00000000E+00  0.40032310E+00  0.20633333E+01  0.00000000E+00  0.10000000E+01
  0.20816667E+01  0.00000000E+00  0.39535629E+00  0.20816667E+01  0.00000000E+00  0.10000000E+01
  0.21000000E+01  0.00000000E+00  0.39047619E+00  0.21000000E+01  0.00000000E+00  0.10000000E+01
  0.21183333E+01  0.00000000E+00  0.38568057E+00  0.21183333E+01  0.00000000E+00  0.10000000E+01
  0.21366667E+01  0.00000000E+00  0.38096724E+00  0.21366667E+01  0.00000000E+00  0.10000000E+01
  0.21550000E+01  0.00000000E+00  0.37633411E+00  0.21550000E+01  0.00000000E+00  0.10000000E+01
  0.21733333E+01  0.00000000E+00  0.37177914E+00  0.21733333E+01  0.00000000E+00  0.10000000E+01
  0.21916667E+01  0.00000000E+00  0.36730038E+00  0.21916667E+01  0.00000000E+00  0.10000000E+01
  0.22100000E+01  0.00000000E+00  0.36289593E+00  0.22100000E+01  0.00000000E+00  0.10000000E+01
  0.22283333E+01  0.00000000E+00  0.35856395E+00  0.22283333E+01  0.00000000E+00  0.10000000E+01
  0.22466667E+01  0.00000000E+00  0.35430267E+00  0.22466667E+01  0.00000000E+00  0.10000000E+01
  0.22650000E+01  0.00000000E+00  0.35011038E+00  0.22650000E+01  0.00000000E+00  0.10000000E+01
  0.22833333E+01  0.00000000E+00  0.34598540E+00  0.22833333E+01  0.00000000E+00  0.10000000E+01
  0.23016667E+01  0.00000000E+00  0.34192614E+00  0.23016667E+01  0.00000000E+00  0.10000000E+01
  0.23200000E+01  0.00000000E+00  0.33793103E+00  0.23200000E+01  0.00000000E+00  0.10000000E+01
  0.23383333E+01  0.00000000E+00  0.33399857E+00  0.23383333E+01  0.00000000E+00  0.10000000E+01
  0.23566667E+01  0.00000000E+00  0.33012730E+00  0.23566667E+01  0.00000000E+00  0.10000000E+01
  0.23750000E+01  0.00000000E+00  0.32631579E+00  0.23750000E+01  0.00000000E+00  0.10000000E+01
  0.23933333E+01  0.00000000E+00  0.32256267E+00  0.23933333E+01  0.00000000E+00  0.10000000E+01
  0.24116667E+01  0.00000000E+00  0.31886662E+00  0.24116667E+01  0.00000000E+00  0.10000000E+01
  0.24300000E+01  0.00000000E+00  0.31522634E+00  0.24300000E+01  0.00000000E+00  0.10000000E+01
  0.24483333E+01  0.00000000E+00  0.31164057E+00  0.24483333E+01  0.00000000E+00  0.10000000E+01
  0.24666667E+01  0.00000000E+00  0.30810811E+00  0.24666667E+01  0.00000000E+00  0.10000000E+01
  0.24850000E+01  0.00000000E+00  0.30462777E+00  0.24850000E+01  0.00000000E+00  0.10000000E+01
  0.25033333E+01  0.00000000E+00  0.30119840E+00  0.25033333E+01  0.00000000E+00  0.10000000E+01
  0.25216667E+01  0.00000000E+00  0.29781890E+00  0.25216667E+01  0.00000000E+00  0.10000000E+01
  0.25400000E+01  0.00000000E+00  0.29448819E+00  0.25400000E+01  0.00000000E+00  0.10000000E+01
  0.25583333E+01  0.00000000E+00  0.29120521E+00  0.25583333E+01  0.00000000E+00  0.10000000E+01
  0.25766667E+01  0.00000000E+00  0.28796895E+00  0.25766667E+01  0.00000000E+00  0.10000000E+01
  0.25950000E+01  0.00000000E+00  0.28477842E+00  0.25950000E+01  0.00000000E+00  0.10000000E+01
  0.26133333E+01  0.00000000E+00  0.28163265E+00  0.26133333E+01  0.00000000E+00  0.10000000E+01
  0.26316667E+01  0.00000000E+00  0.27853072E+00  0.26316667E+01  0.00000000E+00  0.10000000E+01
  0.26500000E+01  0.00000000E+00  0.27547170E+00  0.26500000E+01  0.00000000E+00  0.10000000E+01
  0.26683333E+01  0.00000000E+00  0.27245472E+00  0.26683333E+01  0.00000000E+00  0.10000000E+01
  0.26866667E+01  0.00000000E+00  0.26947891E+00  0.26866667E+01  0.00000000E+00  0.10000000E+01
  0.27050000E+01  0.00000000E+00  0.26654344E+00  0.27050000E+01  0.00000000E+00  0.10000000E+01
  0.27233333E+01  0.00000000E+00  0.26364749E+00  0.27233333E+01  0.00000000E+00  0.10000000E+01
  0.27416667E+01  0.00000000E+00  0.26079027E+00  0.27416667E+01  0.00000000E+00  0.10000000E+01
  0.27600000E+01  0.00000000E+00  0.25797101E+00  0.27600000E+01  0.00000000E+00  0.10000000E+01
  0.27783333E+01  0.00000000E+00  0.25518896E+00  0.27783333E+01  0.00000000E+00  0.10000000E+01
  0.27966667E+01  0.00000000E+00  0.25244338E+00  0.27966667E+01  0.00000000E+00  0.10000000E+01
  0.28150000E+01  0.00000000E+00  0.24973357E+00  0.28150000E+01  0.00000000E+00  0.10000000E+01
  0.28333333E+01  0.00000000E+00  0.24705882E+00  0.28333333E+01  0.00000000E+00  0.10000000E+01
  0.28516667E+01  0.00000000E+00  0.24441847E+00  0.28516667E+01  0.00000000E+00  0.10000000E+01
  0.28700000E+01  0.00000000E+00  0.24181185E+00  0.28700000E+01  0.00000000E+00  0.10000000E+01
  0.28883333E+01  0.00000000E+00  0.23923832E+00  0.28883333E+01  0.00000000E+00  0.10000000E+01
  0.29066667E+01  0.00000000E+00  0.23669725E+00  0.29066667E+01  0.00000000E+00  0.10000000E+01
  0.29250000E+01  0.00000000E+00  0.23418803E+00  0.29250000E+01  0.00000000E+00  0.10000000E+01
  0.29433333E+01  0.00000000E+00  0.23171008E+00  0.29433333E+01  0.00000000E+00  0.10000000E+01
  0.29616667E+01  0.00000000E+00  0.22926280E+00  0.29616667E+01  0.00000000E+00  0.10000000E+01
  0.29800000E+01  0.00000000E+00  0.22684564E+00  0.29800000E+01  0.00000000E+00  0.10000000E+01
  0.29983333E+01  0.00000000E+00  0.22445803E+00  0.29983333E+01  0.00000000E+00  0.10000000E+01
  0.30166667E+01  0.00000000E+00  0.22209945E+00  0.30166667E+01  0.00000000E+00  0.10000000E+01
  0.30350000E+01  0.00000000E+00  0.21976936E+00  0.30350000E+01  0.00000000E+00  0.10000000E+01
  0.30533333E+01  0.00000000E+00  0.21746725E+00  0.30533333E+01  0.00000000E+00  0.10000000E+01
  0.30716667E+01  0.00000000E+00  0.21519262E+00  0.30716667E+01  0.00000000E+00  0.10000000E+01
  0.30900000E+01  0.00000000E+00  0.21294498E+00  0.30900000E+01  0.00000000E+00  0.10000000E+01
  0.31083333E+01  0.00000000E+00  0.21072386E+00  0.31083333E+01  0.00000000E+00  0.10000000E+01
  0.31266667E+01  0.00000000E+00  0.20852878E+00  0.31266667E+01  0.00000000E+00  0.10000000E+01
  0.31450000E+01  0.00000000E+00  0.20635930E+00  0.31450000E+01  0.00000000E+00  0.10000000E+01
  0.31633333E+01  0.00000000E+00  0.20421496E+00  0.31633333E+01  0.00000000E+00  0.10000000E+01
  0.31816667E+01  0.00000000E+00  0.20209534E+00  0.31816667E+01  0.00000000E+00  0.10000000E+01
  0.32000000E+01  0.00000000E+00  0.20000000E+00  0.32000000E+01  0.00000000E+00  0.10000000E+01
  0.32183333E+01  0.00000000E+00  0.19792853E+00  0.32183333E+01  0.00000000E+00  0.10000000E+01
  0.32366667E+01  0.00000000E+00  0.19588054E+00  0.32366667E+01  0.00000000E+00  0.10000000E+01
  0.32550000E+01  0.00000000E+00  0.19385561E+00  0.32550000E+01  0.00000000E+00  0.10000000E+01
  0.32733333E+01  0.00000000E+00  0.19185336E+00  0.32733333E+01  0.00000000E+00  0.10000000E+01
  0.32916667E+01  0.00000000E+00  0.18987342E+00  0.32916667E+01  0.00000000E+00  0.10000000E+01
  0.33100000E+01  0.00000000E+00  0.18791541E+00  0.33100000E+01  0.00000000E+00  0.10000000E+01
  0.33283333E+01  0.00000000E+00  0.18597897E+00  0.33283333E+01  0.00000000E+00  0.10000000E+01
  0.33466667E+01  0.00000000E+00  0.18406375E+00  0.33466667E+01  0.00000000E+00  0.10000000E+01
  0.33650000E+01  0.00000000E+00  0.18216939E+00  0.33650000E+01  0.00000000E+00  0.10000000E+01
  0.33833333E+01  0.00000000E+00  0.18029557E+00  0.33833333E+01  0.00000000E+00  0.10000000E+01
  0.34016667E+01  0.00000000E+00  0.17844194E+00  0.34016667E+01  0.00000000E+00  0.10000000E+01
  0.34200000E+01  0.00000000E+00  0.17660819E+00  0.34200000E+01  0.00000000E+00  0.10000000E+01
  0.34383333E+01  0.00000000E+00  0.17479399E+00  0.34383333E+01  0.00000000E+00  0.10000000E+01
  0.34566667E+01  0.00000000E+00  0.17299904E+00  0.34566667E+01  0.00000000E+00  0.10000000E+01
  0.34750000E+01  0.00000000E+00  0.17122302E+00  0.34750000E+01  0.00000000E+00  0.10000000E+01
  0.34933333E+01  0.00000000E+00  0.16946565E+00  0.34933333E+01  0.00000000E+00  0.10000000E+01
  0.35116667E+01  0.00000000E+00  0.16772663E+00  0.35116667E+01  0.00000000E+00  0.10000000E+01
  0.35300000E+01  0.00000000E+00  0.16600567E+00  0.35300000E+01  0.00000000E+00  0.10000000E+01
  0.35483333E+01  0.00000000E+00  0.16430249E+00  0.35483333E+01  0.00000000E+00  0.10000000E+01
  0.35666667E+01  0.00000000E+00  0.16261682E+00  0.35666667E+01  0.00000000E+00  0.10000000E+01
  0.35850000E+01  0.00000000E+00  0.16094840E+00  0.35850000E+01  0.00000000E+00  0.10000000E+01
  0.36033333E+01  0.00000000E+00  0.15929695E+00  0.36033333E+01  0.00000000E+00  0.10000000E+01
  0.36216667E+01  0.00000000E+00  0.15766222E+00  0.36216667E+01  0.00000000E+00  0.10000000E+01
  0.36400000E+01  0.00000000E+00  0.15604396E+00  0.36400000E+01  0.00000000E+00  0.10000000E+01
  0.36583333E+01  0.00000000E+00  0.15444191E+00  0.36583333E+01  0.00000000E+00  0.10000000E+01
  0.36766667E+01  0.00000000E+00  0.15285585E+00  0.36766667E+01  0.00000000E+00  0.10000000E+01
  0.36950000E+01  0.00000000E+00  0.15128552E+00  0.36950000E+01  0.00000000E+00  0.10000000E+01
  0.37133333E+01  0.00000000E+00  0.14973070E+00  0.37133333E+01  0.00000000E+00  0.10000000E+01
  0.37316667E+01  0.00000000E+00  0.14819116E+00  0.37316667E+01  0.00000000E+00  0.10000000E+01
  0.37500000E+01  0.00000000E+00  0.14666667E+00  0.37500000E+01  0.00000000E+00  0.10000000E+01
  0.37683333E+01  0.00000000E+00  0.14515701E+00  0.37683333E+01  0.00000000E+00  0.10000000E+01
  0.37866667E+01  0.00000000E+00  0.14366197E+00  0.37866667E+01  0.00000000E+00  0.10000000E+01
  0.38050000E+01  0.00000000E+00  0.14218134E+00  0.38050000E+01  0.00000000E+00  0.10000000E+01
  0.38233333E+01  0.00000000E+00  0.14071491E+00  0.38233333E+01  0.00000000E+00  0.10000000E+01
  0.38416667E+01  0.00000000E+00  0.13926247E+00  0.38416667E+01  0.00000000E+00  0.10000000E+01
  0.38600000E+01  0.00000000E+00  0.13782383E+00  0.38600000E+01  0.00000000E+00  0.10000000E+01
  0.38783333E+01  0.00000000E+00  0.13639880E+00  0.38783333E+01  0.00000000E+00  0.10000000E+01
  0.38966667E+01  0.00000000E+00  0.13498717E+00  0.38966667E+01  0.00000000E+00  0.10000000E+01
  0.39150000E+01  0.00000000E+00  0.13358876E+00  0.39150000E+01  0.00000000E+00  0.10000000E+01
  0.39333333E+01  0.00000000E+00  0.13220339E+00  0.39333333E+01  0.00000000E+00  0.10000000E+01
  0.39516667E+01  0.00000000E+00  0.13083087E+00  0.39516667E+01  0.00000000E+00  0.10000000E+01
  0.39700000E+01  0.00000000E+00  0.12947103E+00  0.39700000E+01  0.00000000E+00  0.10000000E+01
  0.39883333E+01  0.00000000E+00  0.12812369E+00  0.39883333E+01  0.00000000E+00  0.10000000E+01
  0.40066667E+01  0.00000000E+00  0.12678869E+00  0.40066667E+01  0.00000000E+00  0.10000000E+01
  0.40250000E+01  0.00000000E+00  0.12546584E+00  0.40250000E+01  0.00000000E+00  0.10000000E+01
  0.40433333E+01  0.00000000E+00  0.12415499E+00  0.40433333E+01  0.00000000E+00  0.10000000E+01
  0.40616667E+01  0.00000000E+00  0.12285597E+00  0.40616667E+01  0.00000000E+00  0.10000000E+01
  0.40800000E+01  0.00000000E+00  0.12156863E+00  0.40800000E+01  0.00000000E+00  0.10000000E+01
  0.40983333E+01  0.00000000E+00  0.12029280E+00  0.40983333E+01  0.00000000E+00  0.10000000E+01
  0.41166667E+01  0.00000000E+00  0.11902834E+00  0.41166667E+01  0.00000000E+00  0.10000000E+01
  0.41350000E+01  0.00000000E+00  0.11777509E+00  0.41350000E+01  0.00000000E+00  0.10000000E+01
  0.41533333E+01  0.00000000E+00  0.11653291E+00  0.41533333E+01  0.00000000E+00  0.10000000E+01
  0.41716667E+01  0.00000000E+00  0.11530164E+00  0.41716667E+01  0.00000000E+00  0.10000000E+01
  0.41900000E+01  0.00000000E+00  0.11408115E+00  0.41900000E+01  0.00000000E+00  0.10000000E+01
  0.42083333E+01  0.00000000E+00  0.11287129E+00  0.42083333E+01  0.00000000E+00  0.10000000E+01
  0.42266667E+01  0.00000000E+00  0.11167192E+00  0.42266667E+01  0.00000000E+00  0.10000000E+01
  0.42450000E+01  0.00000000E+00  0.11048292E+00  0.42450000E+01  0.00000000E+00  0.10000000E+01
  0.42633333E+01  0.00000000E+00  0.10930414E+00  0.42633333E+01  0.00000000E+00  0.10000000E+01
  0.42816667E+01  0.00000000E+00  0.10813546E+00  0.42816667E+01  0.00000000E+00  0.10000000E+01
  0.43000000E+01  0.00000000E+00  0.10697674E+00  0.43000000E+01  0.00000000E+00  0.10000000E+01
  0.43183333E+01  0.00000000E+00  0.10582787E+00  0.43183333E+01  0.00000000E+00  0.10000000E+01
  0.43366667E+01  0.00000000E+00  0.10468870E+00  0.43366667E+01  0.00000000E+00  0.10000000E+01
  0.43550000E+01  0.00000000E+00  0.10355913E+00  0.43550000E+01  0.00000000E+00  0.10000000E+01
  0.43733333E+01  0.00000000E+00  0.10243902E+00  0.43733333E+01  0.00000000E+00  0.10000000E+01
  0.43916667E+01  0.00000000E+00  0.10132827E+00  0.43916667E+01  0.00000000E+00  0.10000000E+01
  0.44100000E+01  0.00000000E+00  0.10022676E+00  0.44100000E+01  0.00000000E+00  0.10000000E+01
  0.44283333E+01  0.00000000E+00  0.99134362E-01  0.44283333E+01  0.00000000E+00  0.10000000E+01
  0.44466667E+01  0.00000000E+00  0.98050975E-01  0.44466667E+01  0.00000000E+00  0.10000000E+01
  0.44650000E+01  0.00000000E+00  0.96976484E-01  0.44650000E+01  0.00000000E+00  0.10000000E+01
  0.44833333E+01  0.00000000E+00  0.95910781E-01  0.44833333E+01  0.00000000E+00  0.10000000E+01
  0.45016667E+01  0.00000000E+00  0.94853758E-01  0.45016667E+01  0.00000000E+00  0.10000000E+01
  0.45200000E+01  0.00000000E+00  0.93805310E-01  0.45200000E+01  0.00000000E+00  0.10000000E+01
  0.45383333E+01  0.00000000E+00  0.92765332E-01  0.45383333E+01  0.00000000E+00  0.10000000E+01
  0.45566667E+01  0.00000000E+00  0.91733723E-01  0.45566667E+01  0.00000000E+00  0.10000000E+01
  0.45750000E+01  0.00000000E+00  0.90710383E-01  0.45750000E+01  0.00000000E+00  0.10000000E+01
  0.45933333E+01  0.00000000E+00  0.89695210E-01  0.45933333E+01  0.00000000E+00  0.10000000E+01
  0.46116667E+01  0.00000000E+00  0.88688110E-01  0.46116667E+01  0.00000000E+00  0.10000000E+01
  0.46300000E+01  0.00000000E+00  0.87688985E-01  0.46300000E+01  0.00000000E+00  0.10000000E+01
  0.46483333E+01  0.00000000E+00  0.86697741E-01  0.46483333E+01  0.00000000E+00  0.10000000E+01
