  0.99903134E+00  0.11305126E+00  0.99979565E+00  0.10212360E+01  0.10986130E+00  0.10000000E+01
  0.99874287E+00  0.11550790E+00  0.99973494E+00  0.10528687E+01  0.10879862E+00  0.10000001E+01
  0.99840178E+00  0.11818718E+00  0.99966296E+00  0.10891364E+01  0.10761131E+00  0.10000001E+01
  0.99808519E+00  0.12094150E+00  0.99959611E+00  0.11281208E+01  0.10637195E+00  0.10000001E+01
  0.99774863E+00  0.12379892E+00  0.99952501E+00  0.11757020E+01  0.10501097E+00  0.10000001E+01
  0.99739921E+00  0.12674972E+00  0.99945116E+00  0.12101693E+01  0.10363603E+00  0.10000001E+01
  0.99703188E+00  0.12980183E+00  0.99937350E+00  0.12736380E+01  0.10266755E+00  0.10000002E+01
  0.99664679E+00  0.13295779E+00  0.99929205E+00  0.59842623E+01  0.85280753E-01  0.10000620E+01
  0.99624025E+00  0.13622165E+00  0.99920659E+00  0.19851205E+02  0.47258272E-01  0.10001575E+01
  0.99581148E+00  0.13960033E+00  0.99911648E+00  0.85297650E+01  0.19899811E-01  0.10001407E+01
  0.99536305E+00  0.14309636E+00  0.99902180E+00  0.13481513E+01  0.11033835E-02  0.10000097E+01
  0.99489236E+00  0.14671481E+00  0.99892225E+00  0.11997945E+01  0.28465700E-03  0.99999462E+00
  0.99439668E+00  0.15046198E+00  0.99881734E+00  0.12178213E+01  0.30051597E-03  0.99999370E+00
  0.99387458E+00  0.15434305E+00  0.99870678E+00  0.12361135E+01  0.31759598E-03  0.99999272E+00
  0.99332418E+00  0.15836396E+00  0.99859018E+00  0.12542602E+01  0.33591160E-03  0.99999168E+00
  0.99274357E+00  0.16253080E+00  0.99846714E+00  0.12723913E+01  0.35558737E-03  0.99999059E+00
  0.99213070E+00  0.16685002E+00  0.99833720E+00  0.12905061E+01  0.37673322E-03  0.99998944E+00
  0.99148333E+00  0.17132835E+00  0.99819990E+00  0.13086028E+01  0.39946776E-03  0.99998825E+00
  0.99079908E+00  0.17597286E+00  0.99805470E+00  0.13266800E+01  0.42391933E-03  0.99998700E+00
  0.99007539E+00  0.18079096E+00  0.99790103E+00  0.13447358E+01  0.45022693E-03  0.99998569E+00
  0.98930951E+00  0.18579040E+00  0.99773826E+00  0.13627683E+01  0.47854115E-03  0.99998434E+00
  0.98849852E+00  0.19097927E+00  0.99756567E+00  0.13807753E+01  0.50902539E-03  0.99998294E+00
  0.98763923E+00  0.19636607E+00  0.99738256E+00  0.13987544E+01  0.54185691E-03  0.99998149E+00
  0.98672803E+00  0.20195965E+00  0.99718831E+00  0.14167029E+01  0.57722800E-03  0.99997999E+00
  0.98576071E+00  0.20776929E+00  0.99698258E+00  0.14346180E+01  0.61534722E-03  0.99997843E+00
  0.98473227E+00  0.21380470E+00  0.99676550E+00  0.14524964E+01  0.65644083E-03  0.99997683E+00
  0.98363671E+00  0.22007602E+00  0.99653778E+00  0.14703348E+01  0.70075431E-03  0.99997518E+00
  0.98246726E+00  0.22659383E+00  0.99630053E+00  0.14881292E+01  0.74855387E-03  0.99997349E+00
  0.98121681E+00  0.23336918E+00  0.99605475E+00  0.15058755E+01  0.80012802E-03  0.99997174E+00
  0.97987900E+00  0.24041358E+00  0.99580022E+00  0.15235691E+01  0.85578938E-03  0.99996994E+00
  0.97844969E+00  0.24773900E+00  0.99553395E+00  0.15412050E+01  0.91587637E-03  0.99996810E+00
  0.97692875E+00  0.25535789E+00  0.99524830E+00  0.15587779E+01  0.98075497E-03  0.99996620E+00
  0.97532160E+00  0.26328319E+00  0.99492933E+00  0.15762817E+01  0.10508205E-02  0.99996426E+00
  0.97363967E+00  0.27152829E+00  0.99455623E+00  0.15937101E+01  0.11264996E-02  0.99996227E+00
  0.97189875E+00  0.28010710E+00  0.99410283E+00  0.16110561E+01  0.12082514E-02  0.99996023E+00
  0.97011479E+00  0.28903395E+00  0.99354192E+00  0.16283123E+01  0.12965699E-02  0.99995815E+00
  0.96829869E+00  0.29832367E+00  0.99285040E+00  0.16454704E+01  0.13919854E-02  0.99995602E+00
  0.96645429E+00  0.30799148E+00  0.99201142E+00  0.16625219E+01  0.14950663E-02  0.99995383E+00
  0.96458124E+00  0.31805307E+00  0.99101141E+00  0.16794573E+01  0.16064207E-02  0.99995161E+00
  0.96267992E+00  0.32852448E+00  0.98983492E+00  0.16962667E+01  0.17266976E-02  0.99994933E+00
  0.96075465E+00  0.33942211E+00  0.98846134E+00  0.17129402E+01  0.18565866E-02  0.99994701E+00
  0.95881382E+00  0.35076265E+00  0.98686458E+00  0.17294655E+01  0.19968205E-02  0.99994465E+00
  0.95686804E+00  0.36256298E+00  0.98501503E+00  0.17458300E+01  0.21481749E-02  0.99994224E+00
  0.95492788E+00  0.37484015E+00  0.98288173E+00  0.17620219E+01  0.23114660E-02  0.99993978E+00
  0.95300009E+00  0.38761125E+00  0.98043626E+00  0.17780308E+01  0.24875463E-02  0.99993729E+00
  0.95108598E+00  0.40089341E+00  0.97765444E+00  0.17938415E+01  0.26773023E-02  0.99993475E+00
  0.94918320E+00  0.41470363E+00  0.97451434E+00  0.18094407E+01  0.28816629E-02  0.99993217E+00
  0.94727038E+00  0.42905873E+00  0.97101219E+00  0.18248160E+01  0.31015577E-02  0.99992956E+00
  0.94531844E+00  0.44397513E+00  0.96715059E+00  0.18399494E+01  0.33379987E-02  0.99992690E+00
  0.94328684E+00  0.45946875E+00  0.96294234E+00  0.18548303E+01  0.35919963E-02  0.99992422E+00
  0.94112529E+00  0.47555483E+00  0.95840861E+00  0.18694731E+01  0.38642515E-02  0.99992150E+00
  0.93877434E+00  0.49224776E+00  0.95357827E+00  0.18838275E+01  0.41559662E-02  0.99991876E+00
  0.93616817E+00  0.50956086E+00  0.94848512E+00  0.18978861E+01  0.44681121E-02  0.99991599E+00
  0.93324052E+00  0.52750617E+00  0.94316200E+00  0.19116447E+01  0.48016030E-02  0.99991319E+00
  0.92992872E+00  0.54609421E+00  0.93763695E+00  0.19251026E+01  0.51572873E-02  0.99991037E+00
  0.92617184E+00  0.56533375E+00  0.93193552E+00  0.19382550E+01  0.55359342E-02  0.99990753E+00
  0.92190588E+00  0.58523151E+00  0.92608600E+00  0.19510992E+01  0.59382149E-02  0.99990467E+00
  0.91706277E+00  0.60579194E+00  0.92012114E+00  0.19636351E+01  0.63646798E-02  0.99990181E+00
  0.91157529E+00  0.62701690E+00  0.91407389E+00  0.19758679E+01  0.68157294E-02  0.99989893E+00
  0.90538403E+00  0.64890542E+00  0.90797124E+00  0.19878050E+01  0.72915894E-02  0.99989606E+00
  0.89844126E+00  0.67145336E+00  0.90183130E+00  0.19994607E+01  0.77922816E-02  0.99989318E+00
  0.89071026E+00  0.69465323E+00  0.89566469E+00  0.20108525E+01  0.83175968E-02  0.99989031E+00
  0.88216288E+00  0.71849389E+00  0.88947788E+00  0.20220039E+01  0.88670695E-02  0.99988745E+00
  0.87277821E+00  0.74296038E+00  0.88327530E+00  0.20329434E+01  0.94399545E-02  0.99988461E+00
  0.86254317E+00  0.76803374E+00  0.87705951E+00  0.20437052E+01  0.10035205E-01  0.99988179E+00
  0.85145411E+00  0.79369089E+00  0.87083037E+00  0.20543299E+01  0.10651458E-01  0.99987900E+00
  0.83951772E+00  0.81990459E+00  0.86458458E+00  0.20648641E+01  0.11287019E-01  0.99987624E+00
  0.82675084E+00  0.84664337E+00  0.85831625E+00  0.20753605E+01  0.11939857E-01  0.99987352E+00
  0.81317975E+00  0.87387142E+00  0.85201820E+00  0.20858735E+01  0.12607603E-01  0.99987084E+00
  0.79883896E+00  0.90154883E+00  0.84568310E+00  0.20964662E+01  0.13287554E-01  0.99986822E+00
  0.78376994E+00  0.92963246E+00  0.83930418E+00  0.21072085E+01  0.13976688E-01  0.99986565E+00
  0.76802116E+00  0.95807568E+00  0.83287561E+00  0.21181729E+01  0.14671722E-01  0.99986315E+00
  0.75164747E+00  0.98682894E+00  0.82639250E+00  0.21294775E+01  0.15369365E-01  0.99986071E+00
  0.73470964E+00  0.10158402E+01  0.81985086E+00  0.21412073E+01  0.16065521E-01  0.99985835E+00
  0.71727338E+00  0.10450557E+01  0.81324762E+00  0.21533657E+01  0.16755867E-01  0.99985608E+00
  0.69940819E+00  0.10744206E+01  0.80658055E+00  0.21660271E+01  0.17436396E-01  0.99985388E+00
  0.68118468E+00  0.11038819E+01  0.79984987E+00  0.21792963E+01  0.18102942E-01  0.99985178E+00
  0.66268121E+00  0.11333792E+01  0.79304712E+00  0.21932664E+01  0.18751237E-01  0.99984978E+00
  0.64397511E+00  0.11628557E+01  0.78617666E+00  0.22080189E+01  0.19377010E-01  0.99984787E+00
  0.62513885E+00  0.11922533E+01  0.77924875E+00  0.22236240E+01  0.19976005E-01  0.99984607E+00
  0.60624493E+00  0.12215196E+01  0.77226811E+00  0.22401388E+01  0.20544212E-01  0.99984438E+00
  0.58735102E+00  0.12506042E+01  0.76525685E+00  0.22576227E+01  0.21077695E-01  0.99984279E+00
  0.56853212E+00  0.12794582E+01  0.75821269E+00  0.22761155E+01  0.21572881E-01  0.99984133E+00
  0.54985252E+00  0.13080359E+01  0.75114269E+00  0.22956328E+01  0.22026506E-01  0.99983998E+00
  0.53137137E+00  0.13362933E+01  0.74405612E+00  0.23161770E+01  0.22435832E-01  0.99983874E+00
  0.51314261E+00  0.13641907E+01  0.73696254E+00  0.23377630E+01  0.22798480E-01  0.99983762E+00
  0.49521498E+00  0.13916919E+01  0.72987144E+00  0.23603967E+01  0.23112259E-01  0.99983662E+00
  0.47763193E+00  0.14187646E+01  0.72279198E+00  0.23840648E+01  0.23375416E-01  0.99983573E+00
  0.46043149E+00  0.14453803E+01  0.71573290E+00  0.24087275E+01  0.23586857E-01  0.99983495E+00
  0.44364619E+00  0.14715139E+01  0.70870252E+00  0.24343413E+01  0.23746283E-01  0.99983429E+00
  0.42730317E+00  0.14971444E+01  0.70170872E+00  0.24609744E+01  0.23853948E-01  0.99983373E+00
  0.41142425E+00  0.15222540E+01  0.69475894E+00  0.24876656E+01  0.23904022E-01  0.99983328E+00
  0.39602616E+00  0.15468288E+01  0.68786013E+00  0.25140683E+01  0.23903454E-01  0.99983292E+00
  0.38112107E+00  0.15708573E+01  0.68101900E+00  0.25433181E+01  0.23867402E-01  0.99983265E+00
  0.36671675E+00  0.15943312E+01  0.67424179E+00  0.25730315E+01  0.23775813E-01  0.99983247E+00
  0.35281697E+00  0.16172455E+01  0.66753426E+00  0.26020552E+01  0.23635658E-01  0.99983239E+00
  0.33942200E+00  0.16395973E+01  0.66090173E+00  0.26310221E+01  0.23452247E-01  0.99983237E+00
  0.32652910E+00  0.16613861E+01  0.65434908E+00  0.26602563E+01  0.23228269E-01  0.99983240E+00
  0.31413285E+00  0.16826136E+01  0.64788067E+00  0.26896651E+01  0.22965947E-01  0.99983250E+00
  0.30222562E+00  0.17032830E+01  0.64150034E+00  0.27189273E+01  0.22668001E-01  0.99983267E+00
  0.29079786E+00  0.17233995E+01  0.63521140E+00  0.27478809E+01  0.22337539E-01  0.99983287E+00
  0.27983850E+00  0.17429694E+01  0.62901660E+00  0.27765047E+01  0.21977729E-01  0.99983312E+00
  0.26933523E+00  0.17620004E+01  0.62291822E+00  0.28047755E+01  0.21591644E-01  0.99983340E+00
  0.25927480E+00  0.17805011E+01  0.61691801E+00  0.28326237E+01  0.21182290E-01  0.99983371E+00
  0.24964321E+00  0.17984812E+01  0.61101725E+00  0.28599657E+01  0.20752640E-01  0.99983404E+00
  0.24042596E+00  0.18159509E+01  0.60521680E+00  0.28867592E+01  0.20305609E-01  0.99983439E+00
  0.23160823E+00  0.18329209E+01  0.59951710E+00  0.29129604E+01  0.19844016E-01  0.99983475E+00
  0.22317502E+00  0.18494026E+01  0.59391821E+00  0.29385796E+01  0.19370508E-01  0.99983511E+00
  0.21511130E+00  0.18654076E+01  0.58841988E+00  0.29636557E+01  0.18887467E-01  0.99983547E+00
  0.20740211E+00  0.18809477E+01  0.58302159E+00  0.29882080E+01  0.18397010E-01  0.99983582E+00
  0.20003265E+00  0.18960348E+01  0.57772259E+00  0.30123075E+01  0.17900991E-01  0.99983617E+00
  0.19298838E+00  0.19106811E+01  0.57252192E+00  0.30360132E+01  0.17400991E-01  0.99983651E+00
  0.18625504E+00  0.19248985E+01  0.56741851E+00  0.30591133E+01  0.16898505E-01  0.99983683E+00
  0.17981872E+00  0.19386991E+01  0.56241112E+00  0.30810776E+01  0.16395756E-01  0.99983713E+00
  0.17366589E+00  0.19520949E+01  0.55749842E+00  0.31016748E+01  0.15897016E-01  0.99983742E+00
  0.16778347E+00  0.19650979E+01  0.55267901E+00  0.31216459E+01  0.15404729E-01  0.99983768E+00
  0.16215884E+00  0.19777195E+01  0.54795149E+00  0.31416266E+01  0.14919414E-01  0.99983792E+00
  0.15677984E+00  0.19899711E+01  0.54331443E+00  0.31619422E+01  0.14440322E-01  0.99983813E+00
  0.15163479E+00  0.20018637E+01  0.53876637E+00  0.31827823E+01  0.13965625E-01  0.99983831E+00
  0.14671251E+00  0.20134079E+01  0.53430583E+00  0.32039593E+01  0.13493528E-01  0.99983847E+00
  0.14200227E+00  0.20246143E+01  0.52993127E+00  0.32249871E+01  0.13023388E-01  0.99983860E+00
  0.13749384E+00  0.20354934E+01  0.52564108E+00  0.32456099E+01  0.12555489E-01  0.99983872E+00
  0.13317744E+00  0.20460552E+01  0.52143364E+00  0.32658814E+01  0.12090146E-01  0.99983881E+00
  0.12904377E+00  0.20563095E+01  0.51730732E+00  0.32858842E+01  0.11627379E-01  0.99983887E+00
  0.12508393E+00  0.20662659E+01  0.51326041E+00  0.33056842E+01  0.11166846E-01  0.99983892E+00
  0.12128964E+00  0.20759334E+01  0.50929135E+00  0.33253312E+01  0.10707779E-01  0.99983894E+00
  0.11765247E+00  0.20853216E+01  0.50539814E+00  0.33447568E+01  0.10249307E-01  0.99983894E+00
  0.11416596E+00  0.20944371E+01  0.50158006E+00  0.33640758E+01  0.97901242E-02  0.99983892E+00
  0.11081978E+00  0.21032941E+01  0.49783259E+00  0.33832861E+01  0.93283321E-02  0.99983888E+00
  0.10761544E+00  0.21118842E+01  0.49416257E+00  0.34024202E+01  0.88613195E-02  0.99983884E+00
  0.10452384E+00  0.21202612E+01  0.49054342E+00  0.34215133E+01  0.83850130E-02  0.99983880E+00
  0.10159971E+00  0.21283043E+01  0.48704661E+00  0.34403875E+01  0.78946815E-02  0.99983879E+00
  0.98670531E-01  0.21364094E+01  0.48346992E+00  0.34591552E+01  0.73811615E-02  0.99983881E+00
  0.96186781E-01  0.21434173E+01  0.48036151E+00  0.34782667E+01  0.68294762E-02  0.99983889E+00
  0.92114382E-01  0.21548566E+01  0.47518591E+00  0.34986736E+01  0.61885911E-02  0.99983917E+00
  0.14919552E+00  0.15501226E+01  0.62789851E+00  0.35154876E+01  0.51330318E-02  0.99984045E+00
  0.39384806E+00  0.46686977E+00  0.82088172E+00  0.34914928E+01  0.42002779E-02  0.99984163E+00
  0.40913274E+00  0.44536858E+00  0.79086214E+00  0.34936187E+01  0.40657870E-02  0.99984084E+00
  0.41848194E+00  0.42711922E+00  0.77926795E+00  0.35140667E+01  0.39573721E-02  0.99984000E+00
  0.42482088E+00  0.41418983E+00  0.77354165E+00  0.35319816E+01  0.38552431E-02  0.99983917E+00
  0.43003403E+00  0.40375797E+00  0.76955039E+00  0.35497049E+01  0.37602323E-02  0.99983831E+00
  0.43481118E+00  0.39499516E+00  0.76533900E+00  0.35675460E+01  0.36718228E-02  0.99983741E+00
  0.43946399E+00  0.38713487E+00  0.75976804E+00  0.35854824E+01  0.35893984E-02  0.99983647E+00
  0.44416159E+00  0.37811056E+00  0.75210226E+00  0.36035018E+01  0.35124421E-02  0.99983551E+00
  0.44866663E+00  0.36973443E+00  0.74329838E+00  0.36215942E+01  0.34405361E-02  0.99983452E+00
  0.45352034E+00  0.36245616E+00  0.73330934E+00  0.36397462E+01  0.33732090E-02  0.99983350E+00
  0.45887077E+00  0.35755955E+00  0.72305808E+00  0.36579458E+01  0.33101214E-02  0.99983245E+00
  0.46496502E+00  0.35582313E+00  0.71367156E+00  0.36761873E+01  0.32509020E-02  0.99983138E+00
  0.47092617E+00  0.35712038E+00  0.70518751E+00  0.36944679E+01  0.31952231E-02  0.99983028E+00
  0.47642397E+00  0.35898963E+00  0.69703307E+00  0.37127876E+01  0.31428382E-02  0.99982916E+00
  0.48143092E+00  0.36100925E+00  0.68855121E+00  0.37311478E+01  0.30935390E-02  0.99982801E+00
  0.48596076E+00  0.36178538E+00  0.67885737E+00  0.37495494E+01  0.30470794E-02  0.99982684E+00
  0.49007684E+00  0.36130241E+00  0.66811100E+00  0.37679871E+01  0.30033695E-02  0.99982565E+00
  0.49361117E+00  0.35943688E+00  0.65643567E+00  0.37864662E+01  0.29622127E-02  0.99982444E+00
  0.49680599E+00  0.35665678E+00  0.64412587E+00  0.38049841E+01  0.29234503E-02  0.99982320E+00
  0.50061286E+00  0.35502637E+00  0.63195317E+00  0.38235363E+01  0.28869418E-02  0.99982195E+00
  0.50541117E+00  0.35526347E+00  0.62010897E+00  0.38421272E+01  0.28525204E-02  0.99982067E+00
  0.51147735E+00  0.35723757E+00  0.60844181E+00  0.38607576E+01  0.28200024E-02  0.99981939E+00
  0.51936123E+00  0.36039383E+00  0.59637465E+00  0.38794256E+01  0.27891415E-02  0.99981808E+00
  0.52812744E+00  0.36251925E+00  0.58317464E+00  0.38981266E+01  0.27598284E-02  0.99981677E+00
  0.53721319E+00  0.36175289E+00  0.56873981E+00  0.39168665E+01  0.27319156E-02  0.99981544E+00
  0.54583529E+00  0.35758231E+00  0.55333085E+00  0.39356419E+01  0.27053381E-02  0.99981411E+00
  0.55376986E+00  0.35025833E+00  0.53740980E+00  0.39544514E+01  0.26799875E-02  0.99981276E+00
  0.56332594E+00  0.34423626E+00  0.52227591E+00  0.39732899E+01  0.26558069E-02  0.99981141E+00
  0.57685444E+00  0.34409762E+00  0.50874290E+00  0.39921576E+01  0.26324655E-02  0.99981006E+00
  0.59368945E+00  0.34555369E+00  0.49612809E+00  0.40110461E+01  0.26096598E-02  0.99980870E+00
  0.61362059E+00  0.34823253E+00  0.48557384E+00  0.40299432E+01  0.25871096E-02  0.99980733E+00
  0.63410539E+00  0.34790099E+00  0.47626018E+00  0.40488361E+01  0.25647139E-02  0.99980596E+00
  0.65741027E+00  0.34170895E+00  0.46775687E+00  0.40677157E+01  0.25424692E-02  0.99980459E+00
  0.68165183E+00  0.32773366E+00  0.46000886E+00  0.40865733E+01  0.25204607E-02  0.99980323E+00
  0.70667176E+00  0.30831718E+00  0.45171549E+00  0.41053888E+01  0.24985619E-02  0.99980186E+00
  0.72982271E+00  0.28734516E+00  0.44159198E+00  0.41241477E+01  0.24774458E-02  0.99980051E+00
  0.75149435E+00  0.26826686E+00  0.43069946E+00  0.41428424E+01  0.24572220E-02  0.99979917E+00
  0.77491693E+00  0.25422001E+00  0.41953579E+00  0.41614436E+01  0.24386208E-02  0.99979784E+00
  0.80392039E+00  0.24597906E+00  0.40779513E+00  0.41799741E+01  0.24214989E-02  0.99979653E+00
  0.83980873E+00  0.24276170E+00  0.39538552E+00  0.41984347E+01  0.24059047E-02  0.99979525E+00
  0.88062234E+00  0.24205431E+00  0.38222695E+00  0.42168415E+01  0.23916928E-02  0.99979400E+00
  0.92394101E+00  0.24079633E+00  0.36803045E+00  0.42352158E+01  0.23786637E-02  0.99979278E+00
  0.96899280E+00  0.23682929E+00  0.35248143E+00  0.42535812E+01  0.23664640E-02  0.99979160E+00
  0.10155859E+01  0.23113566E+00  0.33595025E+00  0.42719563E+01  0.23548356E-02  0.99979046E+00
  0.10681412E+01  0.22642184E+00  0.31892067E+00  0.42903699E+01  0.23433412E-02  0.99978935E+00
  0.11297537E+01  0.22396861E+00  0.30175439E+00  0.43088358E+01  0.23314918E-02  0.99978830E+00
  0.12010600E+01  0.22359933E+00  0.28491555E+00  0.43273770E+01  0.23187835E-02  0.99978730E+00
  0.12785924E+01  0.22346219E+00  0.26859586E+00  0.43460202E+01  0.23047632E-02  0.99978636E+00
  0.13587026E+01  0.22225562E+00  0.25319138E+00  0.43647509E+01  0.22891333E-02  0.99978550E+00
  0.14383869E+01  0.22026589E+00  0.23926331E+00  0.43835450E+01  0.22717693E-02  0.99978469E+00
  0.15160785E+01  0.21803969E+00  0.22724981E+00  0.44023409E+01  0.22527942E-02  0.99978395E+00
  0.15911817E+01  0.21572992E+00  0.21714259E+00  0.44211535E+01  0.22322853E-02  0.99978327E+00
  0.16643776E+01  0.21304945E+00  0.20860818E+00  0.44398995E+01  0.22105150E-02  0.99978263E+00
  0.17370504E+01  0.20965537E+00  0.20125965E+00  0.44585343E+01  0.21878190E-02  0.99978204E+00
  0.18108190E+01  0.20536815E+00  0.19482754E+00  0.44770034E+01  0.21645593E-02  0.99978150E+00
  0.18871821E+01  0.20021397E+00  0.18912354E+00  0.44953243E+01  0.21410112E-02  0.99978101E+00
  0.19666907E+01  0.19440424E+00  0.18399603E+00  0.45135092E+01  0.21173763E-02  0.99978056E+00
  0.20485404E+01  0.18828691E+00  0.17931834E+00  0.45316157E+01  0.20936714E-02  0.99978017E+00
  0.21312264E+01  0.18220949E+00  0.17498483E+00  0.45496621E+01  0.20699822E-02  0.99977983E+00
  0.22140964E+01  0.17638405E+00  0.17092946E+00  0.45676840E+01  0.20462449E-02  0.99977954E+00
  0.22967153E+01  0.17088252E+00  0.16709462E+00  0.45859557E+01  0.20222645E-02  0.99977931E+00
  0.23784689E+01  0.16596651E+00  0.16350564E+00  0.46045335E+01  0.19974427E-02  0.99977912E+00
  0.24598270E+01  0.16144811E+00  0.15995360E+00  0.46231044E+01  0.19721771E-02  0.99977896E+00
  0.25361709E+01  0.15819468E+00  0.15693044E+00  0.46388958E+01  0.19454377E-02  0.99977885E+00
