  0.99916064E+00  0.85963906E-01  0.99982285E+00  0.10711951E+01  0.80762314E-01  0.10000006E+01
  0.99878061E+00  0.87847399E-01  0.99974270E+00  0.14390628E+01  0.71715603E-01  0.10000055E+01
  0.99836095E+00  0.89885546E-01  0.99965476E+00  0.19719009E+01  0.56533018E-01  0.10000119E+01
  0.99795677E+00  0.91976022E-01  0.99956791E+00  0.36832345E+01  0.36223990E-01  0.10000334E+01
  0.99753846E+00  0.94139820E-01  0.99947397E+00  0.64313420E+01  0.17941819E-01  0.10000521E+01
  0.99710038E+00  0.96370002E-01  0.99938529E+00  0.28713719E+01  0.49485515E-02  0.10000325E+01
  0.99658015E+00  0.98671848E-01  0.99936062E+00  0.11219141E+01  0.63785454E-04  0.99999854E+00
  0.99596589E+00  0.10104722E+00  0.99941180E+00  0.11279902E+01  0.58324070E-04  0.99999773E+00
  0.99565307E+00  0.10349973E+00  0.99914030E+00  0.11463504E+01  0.61712423E-04  0.99999706E+00
  0.99569561E+00  0.10603248E+00  0.99849090E+00  0.11646726E+01  0.65400421E-04  0.99999632E+00
  0.99613450E+00  0.10864899E+00  0.99742187E+00  0.11829821E+01  0.69425399E-04  0.99999552E+00
  0.99791739E+00  0.11135272E+00  0.99498748E+00  0.12012909E+01  0.73820064E-04  0.99999467E+00
  0.10020219E+01  0.11414739E+00  0.99023517E+00  0.12195991E+01  0.78606242E-04  0.99999376E+00
  0.10091968E+01  0.11703685E+00  0.98249321E+00  0.12379065E+01  0.83796320E-04  0.99999282E+00
  0.10196679E+01  0.12002515E+00  0.97167527E+00  0.12562128E+01  0.89396031E-04  0.99999185E+00
  0.10330379E+01  0.12311656E+00  0.95834246E+00  0.12745174E+01  0.95409447E-04  0.99999086E+00
  0.10484293E+01  0.12631555E+00  0.94348625E+00  0.12928200E+01  0.10184466E-03  0.99998985E+00
  0.10647457E+01  0.12962678E+00  0.92820824E+00  0.13111201E+01  0.10871814E-03  0.99998883E+00
  0.10807459E+01  0.13305521E+00  0.91361151E+00  0.13294174E+01  0.11605839E-03  0.99998781E+00
  0.10958077E+01  0.13660596E+00  0.90016195E+00  0.13477118E+01  0.12390692E-03  0.99998677E+00
  0.11100743E+01  0.14028434E+00  0.88766160E+00  0.13660029E+01  0.13231160E-03  0.99998572E+00
  0.11238626E+01  0.14409602E+00  0.87579799E+00  0.13842905E+01  0.14132247E-03  0.99998465E+00
  0.11373979E+01  0.14804695E+00  0.86435846E+00  0.14025742E+01  0.15099132E-03  0.99998357E+00
  0.11507739E+01  0.15214339E+00  0.85324731E+00  0.14208535E+01  0.16137278E-03  0.99998247E+00
  0.11639992E+01  0.15639191E+00  0.84243872E+00  0.14391281E+01  0.17252558E-03  0.99998135E+00
  0.11770474E+01  0.16079941E+00  0.83193270E+00  0.14573975E+01  0.18451371E-03  0.99998022E+00
  0.11898877E+01  0.16537308E+00  0.82173160E+00  0.14756611E+01  0.19740708E-03  0.99997906E+00
  0.12024946E+01  0.17012045E+00  0.81183279E+00  0.14939182E+01  0.21128202E-03  0.99997789E+00
  0.12148492E+01  0.17504935E+00  0.80222877E+00  0.15121682E+01  0.22622172E-03  0.99997669E+00
  0.12269360E+01  0.18016796E+00  0.79290944E+00  0.15304104E+01  0.24231679E-03  0.99997548E+00
  0.12387408E+01  0.18548480E+00  0.78386392E+00  0.15486440E+01  0.25966578E-03  0.99997424E+00
  0.12502486E+01  0.19100872E+00  0.77508159E+00  0.15668680E+01  0.27837578E-03  0.99997299E+00
  0.12614436E+01  0.19674888E+00  0.76655246E+00  0.15850816E+01  0.29856310E-03  0.99997171E+00
  0.12723087E+01  0.20271484E+00  0.75826714E+00  0.16032836E+01  0.32035394E-03  0.99997041E+00
  0.12828255E+01  0.20891645E+00  0.75021669E+00  0.16214729E+01  0.34388506E-03  0.99996908E+00
  0.12929747E+01  0.21536392E+00  0.74239250E+00  0.16396483E+01  0.36930451E-03  0.99996774E+00
  0.13027362E+01  0.22206777E+00  0.73478618E+00  0.16578085E+01  0.39677227E-03  0.99996636E+00
  0.13120888E+01  0.22903886E+00  0.72738947E+00  0.16759519E+01  0.42646098E-03  0.99996497E+00
  0.13210104E+01  0.23628832E+00  0.72019428E+00  0.16940771E+01  0.45855649E-03  0.99996355E+00
  0.13294778E+01  0.24382754E+00  0.71319259E+00  0.17121824E+01  0.49325851E-03  0.99996211E+00
  0.13374668E+01  0.25166816E+00  0.70637655E+00  0.17302663E+01  0.53077998E-03  0.99996064E+00
  0.13449520E+01  0.25982200E+00  0.69973836E+00  0.17483264E+01  0.57135000E-03  0.99995914E+00
  0.13519070E+01  0.26830102E+00  0.69327030E+00  0.17663603E+01  0.61521432E-03  0.99995762E+00
  0.13583040E+01  0.27711727E+00  0.68696472E+00  0.17843663E+01  0.66263286E-03  0.99995608E+00
  0.13641142E+01  0.28628283E+00  0.68081399E+00  0.18023437E+01  0.71387596E-03  0.99995451E+00
  0.13693072E+01  0.29580972E+00  0.67481058E+00  0.18202885E+01  0.76923140E-03  0.99995292E+00
  0.13738523E+01  0.30570980E+00  0.66894677E+00  0.18381994E+01  0.82899888E-03  0.99995130E+00
  0.13777176E+01  0.31599468E+00  0.66321465E+00  0.18560739E+01  0.89348977E-03  0.99994966E+00
  0.13808617E+01  0.32667558E+00  0.65761062E+00  0.18739099E+01  0.96302492E-03  0.99994799E+00
  0.13832943E+01  0.33776323E+00  0.65210609E+00  0.18917053E+01  0.10379320E-02  0.99994631E+00
  0.13848183E+01  0.34926780E+00  0.64676980E+00  0.19094583E+01  0.11185370E-02  0.99994460E+00
  0.13858510E+01  0.36119829E+00  0.64138267E+00  0.19271671E+01  0.12051935E-02  0.99994287E+00
  0.13856002E+01  0.37356344E+00  0.63628799E+00  0.19448305E+01  0.12981687E-02  0.99994112E+00
  0.13845686E+01  0.38636968E+00  0.63122858E+00  0.19624484E+01  0.13977997E-02  0.99993936E+00
  0.13826293E+01  0.39962289E+00  0.62623917E+00  0.19800189E+01  0.15043889E-02  0.99993758E+00
  0.13797717E+01  0.41332676E+00  0.62130170E+00  0.19975426E+01  0.16181977E-02  0.99993580E+00
  0.13759776E+01  0.42748328E+00  0.61640191E+00  0.20150210E+01  0.17394442E-02  0.99993400E+00
  0.13711858E+01  0.44209223E+00  0.61154576E+00  0.20324558E+01  0.18682998E-02  0.99993219E+00
  0.13653241E+01  0.45715107E+00  0.60674509E+00  0.20498502E+01  0.20048740E-02  0.99993038E+00
  0.13583471E+01  0.47265454E+00  0.60200137E+00  0.20672078E+01  0.21492096E-02  0.99992858E+00
  0.13502401E+01  0.48859448E+00  0.59730441E+00  0.20845348E+01  0.23012583E-02  0.99992677E+00
  0.13410041E+01  0.50495949E+00  0.59263951E+00  0.21018373E+01  0.24608763E-02  0.99992497E+00
  0.13306441E+01  0.52173474E+00  0.58799298E+00  0.21191241E+01  0.26278055E-02  0.99992319E+00
  0.13191656E+01  0.53890176E+00  0.58335411E+00  0.21364047E+01  0.28016639E-02  0.99992142E+00
  0.13065735E+01  0.55643833E+00  0.57871591E+00  0.21536901E+01  0.29819343E-02  0.99991967E+00
  0.12928726E+01  0.57431831E+00  0.57407536E+00  0.21709932E+01  0.31679559E-02  0.99991795E+00
  0.12780710E+01  0.59251153E+00  0.56943259E+00  0.21883277E+01  0.33589203E-02  0.99991626E+00
  0.12621858E+01  0.61098357E+00  0.56478852E+00  0.22057090E+01  0.35538687E-02  0.99991461E+00
  0.12452493E+01  0.62969588E+00  0.56014259E+00  0.22231544E+01  0.37516913E-02  0.99991299E+00
  0.12273104E+01  0.64860603E+00  0.55549174E+00  0.22406869E+01  0.39511394E-02  0.99991143E+00
  0.12084334E+01  0.66766774E+00  0.55083135E+00  0.22583229E+01  0.41508242E-02  0.99990991E+00
  0.11886939E+01  0.68682995E+00  0.54615728E+00  0.22760584E+01  0.43491966E-02  0.99990845E+00
  0.11681769E+01  0.70603688E+00  0.54146789E+00  0.22939220E+01  0.45446454E-02  0.99990705E+00
  0.11469736E+01  0.72523347E+00  0.53676467E+00  0.23119305E+01  0.47354439E-02  0.99990571E+00
  0.11251711E+01  0.74435583E+00  0.53205100E+00  0.23300923E+01  0.49198418E-02  0.99990444E+00
  0.11028710E+01  0.76333692E+00  0.52733274E+00  0.23484184E+01  0.50960635E-02  0.99990324E+00
  0.10801897E+01  0.78209527E+00  0.52260726E+00  0.23669163E+01  0.52623564E-02  0.99990211E+00
  0.10572364E+01  0.80056480E+00  0.51788633E+00  0.23855901E+01  0.54170165E-02  0.99990106E+00
  0.10341353E+01  0.81866905E+00  0.51317632E+00  0.24044407E+01  0.55584108E-02  0.99990008E+00
  0.10109967E+01  0.83632848E+00  0.50849201E+00  0.24234654E+01  0.56850236E-02  0.99989918E+00
  0.98795150E+00  0.85346114E+00  0.50383915E+00  0.24426576E+01  0.57955045E-02  0.99989836E+00
  0.96513666E+00  0.86998120E+00  0.49922197E+00  0.24620045E+01  0.58886816E-02  0.99989761E+00
  0.94268743E+00  0.88579410E+00  0.49465008E+00  0.24814905E+01  0.59636228E-02  0.99989694E+00
  0.92074817E+00  0.90078857E+00  0.49013643E+00  0.25011029E+01  0.60195481E-02  0.99989634E+00
  0.89947720E+00  0.91483680E+00  0.48569768E+00  0.25208399E+01  0.60561123E-02  0.99989581E+00
  0.87903382E+00  0.92779112E+00  0.48134948E+00  0.25402555E+01  0.60720658E-02  0.99989535E+00
  0.85959463E+00  0.93951743E+00  0.47711375E+00  0.25604848E+01  0.60686432E-02  0.99989496E+00
  0.84129333E+00  0.94980130E+00  0.47300070E+00  0.25804595E+01  0.60451204E-02  0.99989463E+00
  0.82442737E+00  0.95854599E+00  0.46904914E+00  0.26002821E+01  0.60021486E-02  0.99989436E+00
  0.80903496E+00  0.96532800E+00  0.46527451E+00  0.26201419E+01  0.59404802E-02  0.99989414E+00
  0.79567748E+00  0.96998817E+00  0.46167060E+00  0.26399522E+01  0.58610752E-02  0.99989396E+00
  0.78460251E+00  0.97205689E+00  0.45853568E+00  0.26596835E+01  0.57646203E-02  0.99989384E+00
  0.77612539E+00  0.97117992E+00  0.45506190E+00  0.26793288E+01  0.56533506E-02  0.99989375E+00
  0.76815417E+00  0.96724427E+00  0.45366140E+00  0.26988714E+01  0.55283613E-02  0.99989370E+00
  0.76784113E+00  0.95911553E+00  0.44961899E+00  0.27182412E+01  0.53927459E-02  0.99989367E+00
  0.76905071E+00  0.94746740E+00  0.44820430E+00  0.27375059E+01  0.52470694E-02  0.99989368E+00
  0.77322974E+00  0.93251575E+00  0.44694131E+00  0.27566799E+01  0.50930382E-02  0.99989371E+00
  0.78152960E+00  0.91354362E+00  0.44584410E+00  0.27756680E+01  0.49334289E-02  0.99989376E+00
  0.79335140E+00  0.89129078E+00  0.44491400E+00  0.27945270E+01  0.47708689E-02  0.99989383E+00
  0.80761507E+00  0.86691352E+00  0.44411194E+00  0.28132548E+01  0.46075559E-02  0.99989390E+00
  0.82339691E+00  0.84141101E+00  0.44338593E+00  0.28318937E+01  0.44454901E-02  0.99989398E+00
  0.83996279E+00  0.81557268E+00  0.44263249E+00  0.28504526E+01  0.42861596E-02  0.99989406E+00
  0.85685369E+00  0.79003377E+00  0.44175772E+00  0.28689380E+01  0.41308303E-02  0.99989414E+00
  0.87389969E+00  0.76515087E+00  0.44066504E+00  0.28873633E+01  0.39803398E-02  0.99989421E+00
  0.89094111E+00  0.74112618E+00  0.43933052E+00  0.29057401E+01  0.38352506E-02  0.99989428E+00
  0.90772782E+00  0.71805668E+00  0.43780204E+00  0.29240792E+01  0.36959296E-02  0.99989434E+00
  0.92417543E+00  0.69597100E+00  0.43606723E+00  0.29423893E+01  0.35625908E-02  0.99989439E+00
  0.94031539E+00  0.67486818E+00  0.43408425E+00  0.29606773E+01  0.34353305E-02  0.99989442E+00
  0.95618280E+00  0.65473287E+00  0.43184087E+00  0.29789494E+01  0.33141502E-02  0.99989445E+00
  0.97180504E+00  0.63553386E+00  0.42935778E+00  0.29972106E+01  0.31989775E-02  0.99989445E+00
  0.98727447E+00  0.61721974E+00  0.42664647E+00  0.30154653E+01  0.30896803E-02  0.99989444E+00
  0.10027433E+01  0.59972355E+00  0.42369899E+00  0.30337171E+01  0.29860723E-02  0.99989442E+00
  0.10183161E+01  0.58297680E+00  0.42052009E+00  0.30519688E+01  0.28879309E-02  0.99989438E+00
  0.10340604E+01  0.56692496E+00  0.41711136E+00  0.30702230E+01  0.27950183E-02  0.99989432E+00
  0.10500009E+01  0.55153924E+00  0.41347316E+00  0.30884813E+01  0.27070961E-02  0.99989424E+00
  0.10661548E+01  0.53681971E+00  0.40959922E+00  0.31067449E+01  0.26239349E-02  0.99989415E+00
  0.10825594E+01  0.52278516E+00  0.40547593E+00  0.31250147E+01  0.25453152E-02  0.99989404E+00
  0.10992712E+01  0.50945208E+00  0.40108841E+00  0.31432911E+01  0.24710273E-02  0.99989392E+00
  0.11163592E+01  0.49681671E+00  0.39642677E+00  0.31615751E+01  0.24008627E-02  0.99989378E+00
  0.11339129E+01  0.48485111E+00  0.39148710E+00  0.31798659E+01  0.23346165E-02  0.99989362E+00
  0.11520542E+01  0.47350819E+00  0.38626900E+00  0.31981634E+01  0.22720835E-02  0.99989345E+00
  0.11709373E+01  0.46272531E+00  0.38077386E+00  0.32164677E+01  0.22130490E-02  0.99989327E+00
  0.11907409E+01  0.45242706E+00  0.37500433E+00  0.32347785E+01  0.21573070E-02  0.99989308E+00
  0.12116671E+01  0.44253474E+00  0.36896216E+00  0.32530953E+01  0.21046141E-02  0.99989287E+00
  0.12339480E+01  0.43298207E+00  0.36264474E+00  0.32714177E+01  0.20548140E-02  0.99989266E+00
  0.12578370E+01  0.42372584E+00  0.35604564E+00  0.32897495E+01  0.20075356E-02  0.99989243E+00
  0.12835774E+01  0.41474326E+00  0.34915780E+00  0.33080804E+01  0.19627246E-02  0.99989220E+00
  0.13113713E+01  0.40602263E+00  0.34197928E+00  0.33264196E+01  0.19200767E-02  0.99989197E+00
  0.13413647E+01  0.39756016E+00  0.33452266E+00  0.33447592E+01  0.18794255E-02  0.99989174E+00
  0.13736505E+01  0.38936012E+00  0.32681723E+00  0.33631046E+01  0.18405507E-02  0.99989150E+00
  0.14082708E+01  0.38142705E+00  0.31890303E+00  0.33814522E+01  0.18032674E-02  0.99989127E+00
  0.14452365E+01  0.37377229E+00  0.31083292E+00  0.33998018E+01  0.17674032E-02  0.99989105E+00
  0.14844728E+01  0.36637634E+00  0.30266065E+00  0.34181524E+01  0.17327952E-02  0.99989083E+00
  0.15257211E+01  0.35922676E+00  0.29447069E+00  0.34365035E+01  0.16993095E-02  0.99989062E+00
  0.15687413E+01  0.35234473E+00  0.28635454E+00  0.34548543E+01  0.16668225E-02  0.99989042E+00
  0.16132075E+01  0.34571533E+00  0.27838925E+00  0.34732037E+01  0.16352294E-02  0.99989023E+00
  0.16586943E+01  0.33933303E+00  0.27065834E+00  0.34915511E+01  0.16044460E-02  0.99989006E+00
  0.17048068E+01  0.33319912E+00  0.26322735E+00  0.35098962E+01  0.15744042E-02  0.99988989E+00
  0.17511695E+01  0.32731494E+00  0.25614446E+00  0.35282396E+01  0.15450488E-02  0.99988974E+00
  0.17972429E+01  0.32167153E+00  0.24946368E+00  0.35465828E+01  0.15163371E-02  0.99988960E+00
  0.18426401E+01  0.31624823E+00  0.24319946E+00  0.35649284E+01  0.14882338E-02  0.99988948E+00
  0.18872014E+01  0.31102174E+00  0.23732990E+00  0.35832777E+01  0.14607068E-02  0.99988936E+00
  0.19308895E+01  0.30597605E+00  0.23182258E+00  0.36016302E+01  0.14337326E-02  0.99988925E+00
  0.19737315E+01  0.30110546E+00  0.22664581E+00  0.36199853E+01  0.14072888E-02  0.99988916E+00
  0.20157758E+01  0.29640954E+00  0.22177180E+00  0.36383405E+01  0.13813610E-02  0.99988906E+00
  0.20570703E+01  0.29188703E+00  0.21717580E+00  0.36566934E+01  0.13559421E-02  0.99988898E+00
  0.20976720E+01  0.28753439E+00  0.21283386E+00  0.36750425E+01  0.13310310E-02  0.99988890E+00
  0.21376577E+01  0.28334630E+00  0.20872210E+00  0.36933872E+01  0.13066275E-02  0.99988883E+00
  0.21771208E+01  0.27931898E+00  0.20481840E+00  0.37117278E+01  0.12827282E-02  0.99988876E+00
  0.22161545E+01  0.27544900E+00  0.20110345E+00  0.37300651E+01  0.12593241E-02  0.99988869E+00
  0.22548357E+01  0.27173045E+00  0.19756061E+00  0.37483998E+01  0.12364009E-02  0.99988863E+00
  0.22932261E+01  0.26815540E+00  0.19417496E+00  0.37667324E+01  0.12139408E-02  0.99988857E+00
  0.23313831E+01  0.26471596E+00  0.19093234E+00  0.37850631E+01  0.11919240E-02  0.99988852E+00
  0.23693505E+01  0.26140582E+00  0.18782137E+00  0.38033921E+01  0.11703315E-02  0.99988847E+00
  0.24072172E+01  0.25821974E+00  0.18483064E+00  0.38217198E+01  0.11491382E-02  0.99988842E+00
  0.24450195E+01  0.25514189E+00  0.18195109E+00  0.38400462E+01  0.11283291E-02  0.99988837E+00
  0.24827917E+01  0.25219611E+00  0.17918058E+00  0.38583720E+01  0.11078730E-02  0.99988833E+00
  0.25206708E+01  0.24934151E+00  0.17649910E+00  0.38766969E+01  0.10877439E-02  0.99988829E+00
  0.25586614E+01  0.24658531E+00  0.17390480E+00  0.38950210E+01  0.10679192E-02  0.99988826E+00
  0.25968171E+01  0.24392028E+00  0.17139111E+00  0.39133445E+01  0.10483742E-02  0.99988823E+00
  0.26351752E+01  0.24133931E+00  0.16895252E+00  0.39316675E+01  0.10290844E-02  0.99988820E+00
  0.26737659E+01  0.23883581E+00  0.16658456E+00  0.39499901E+01  0.10100256E-02  0.99988818E+00
  0.27126176E+01  0.23640349E+00  0.16428327E+00  0.39683123E+01  0.99117432E-03  0.99988816E+00
  0.27517623E+01  0.23403597E+00  0.16204469E+00  0.39866343E+01  0.97250766E-03  0.99988814E+00
  0.27912350E+01  0.23172624E+00  0.15986468E+00  0.40049562E+01  0.95400349E-03  0.99988813E+00
  0.28310689E+01  0.22946617E+00  0.15773903E+00  0.40232779E+01  0.93564043E-03  0.99988813E+00
  0.28712886E+01  0.22724664E+00  0.15566384E+00  0.40415997E+01  0.91739829E-03  0.99988813E+00
  0.29119069E+01  0.22505791E+00  0.15363568E+00  0.40599214E+01  0.89925818E-03  0.99988813E+00
  0.29529249E+01  0.22288996E+00  0.15165156E+00  0.40782433E+01  0.88120297E-03  0.99988814E+00
  0.29943390E+01  0.22073295E+00  0.14970889E+00  0.40965653E+01  0.86321778E-03  0.99988816E+00
  0.30361475E+01  0.21857800E+00  0.14780535E+00  0.41148876E+01  0.84528950E-03  0.99988818E+00
  0.30783760E+01  0.21641836E+00  0.14593903E+00  0.41332102E+01  0.82740664E-03  0.99988822E+00
  0.31210662E+01  0.21424956E+00  0.14410818E+00  0.41515334E+01  0.80955836E-03  0.99988825E+00
  0.31642706E+01  0.21206810E+00  0.14231118E+00  0.41698572E+01  0.79173420E-03  0.99988830E+00
  0.32080373E+01  0.20987002E+00  0.14054645E+00  0.41881818E+01  0.77392394E-03  0.99988836E+00
  0.32523936E+01  0.20764867E+00  0.13881239E+00  0.42065073E+01  0.75611845E-03  0.99988842E+00
  0.32973286E+01  0.20539297E+00  0.13710717E+00  0.42248339E+01  0.73831058E-03  0.99988849E+00
  0.33427681E+01  0.20308574E+00  0.13542849E+00  0.42431618E+01  0.72049751E-03  0.99988858E+00
  0.33885570E+01  0.20070258E+00  0.13377337E+00  0.42614912E+01  0.70268319E-03  0.99988867E+00
  0.34344744E+01  0.19821862E+00  0.13213906E+00  0.42798224E+01  0.68488042E-03  0.99988878E+00
  0.34802377E+01  0.19560270E+00  0.13052315E+00  0.42981558E+01  0.66711217E-03  0.99988889E+00
  0.35255040E+01  0.19281271E+00  0.12892301E+00  0.43164917E+01  0.64941311E-03  0.99988902E+00
  0.35699657E+01  0.18978477E+00  0.12733753E+00  0.43348306E+01  0.63182772E-03  0.99988915E+00
  0.36130831E+01  0.18648776E+00  0.12576838E+00  0.43531735E+01  0.61440587E-03  0.99988930E+00
  0.36533633E+01  0.18271437E+00  0.12419549E+00  0.43715215E+01  0.59722477E-03  0.99988946E+00
  0.36881135E+01  0.17824456E+00  0.12260975E+00  0.43898759E+01  0.58042339E-03  0.99988962E+00
  0.37132049E+01  0.17271984E+00  0.12099131E+00  0.44082385E+01  0.56422793E-03  0.99988979E+00
  0.37232807E+01  0.16565639E+00  0.11931637E+00  0.44266122E+01  0.54896217E-03  0.99988995E+00
  0.37165362E+01  0.15668063E+00  0.11749497E+00  0.44450003E+01  0.53501278E-03  0.99989010E+00
  0.36915700E+01  0.14606954E+00  0.11566024E+00  0.44634060E+01  0.52269846E-03  0.99989022E+00
  0.36660650E+01  0.13565586E+00  0.11388513E+00  0.44818282E+01  0.51207016E-03  0.99989031E+00
  0.36598278E+01  0.12754778E+00  0.11227349E+00  0.45002690E+01  0.50268452E-03  0.99989036E+00
  0.36731595E+01  0.12188442E+00  0.11087219E+00  0.45187214E+01  0.49399702E-03  0.99989041E+00
  0.37017355E+01  0.11777511E+00  0.10952627E+00  0.45371813E+01  0.48563276E-03  0.99989045E+00
  0.37362211E+01  0.11437558E+00  0.10823910E+00  0.45556483E+01  0.47739702E-03  0.99989049E+00
  0.37727086E+01  0.11127411E+00  0.10698261E+00  0.45741213E+01  0.46921632E-03  0.99989054E+00
  0.38103895E+01  0.10839297E+00  0.10574445E+00  0.45925998E+01  0.46105970E-03  0.99989060E+00
  0.38497338E+01  0.10578796E+00  0.10452698E+00  0.46110881E+01  0.45292901E-03  0.99989068E+00
  0.38909543E+01  0.10344252E+00  0.10332051E+00  0.46296008E+01  0.44475709E-03  0.99989076E+00
  0.39330796E+01  0.10144309E+00  0.10215692E+00  0.46472451E+01  0.43672077E-03  0.99989092E+00
