  0.99915549E+00  0.97869997E-01  0.99982183E+00  0.10277061E+01  0.94605683E-01  0.10000001E+01
  0.99889497E+00  0.99994417E-01  0.99976700E+00  0.10766525E+01  0.92692762E-01  0.10000002E+01
  0.99859009E+00  0.10230890E+00  0.99970264E+00  0.11397129E+01  0.90199739E-01  0.10000002E+01
  0.99830669E+00  0.10468739E+00  0.99964275E+00  0.13533869E+01  0.87199363E-01  0.99999782E+00
  0.99800663E+00  0.10715342E+00  0.99957940E+00  0.73474816E+01  0.54469540E-01  0.10000590E+01
  0.99769491E+00  0.10969857E+00  0.99951396E+00  0.98651866E+01  0.19259691E-01  0.10000634E+01
  0.99736846E+00  0.11233068E+00  0.99944520E+00  0.19761292E+01  0.21754246E-02  0.10000210E+01
  0.99702951E+00  0.11504993E+00  0.99937264E+00  0.11280919E+01  0.10183293E-03  0.99999773E+00
  0.99667623E+00  0.11786175E+00  0.99929489E+00  0.11459808E+01  0.10737167E-03  0.99999705E+00
  0.99630371E+00  0.12076943E+00  0.99921616E+00  0.11644322E+01  0.11337571E-03  0.99999631E+00
  0.99589142E+00  0.12377724E+00  0.99915554E+00  0.11827193E+01  0.11985464E-03  0.99999551E+00
  0.99540658E+00  0.12688934E+00  0.99914466E+00  0.12010019E+01  0.12686775E-03  0.99999464E+00
  0.99486686E+00  0.13011022E+00  0.99916434E+00  0.12192815E+01  0.13446759E-03  0.99999372E+00
  0.99445971E+00  0.13344451E+00  0.99902470E+00  0.12375579E+01  0.14270767E-03  0.99999274E+00
  0.99435980E+00  0.13689709E+00  0.99854832E+00  0.12558309E+01  0.15164239E-03  0.99999170E+00
  0.99441646E+00  0.14047307E+00  0.99788474E+00  0.12741004E+01  0.16132961E-03  0.99999062E+00
  0.99484208E+00  0.14417779E+00  0.99681928E+00  0.12923659E+01  0.17183172E-03  0.99998948E+00
  0.99615800E+00  0.14801681E+00  0.99483015E+00  0.13106271E+01  0.18321090E-03  0.99998829E+00
  0.99882442E+00  0.15199597E+00  0.99146614E+00  0.13288834E+01  0.19552796E-03  0.99998706E+00
  0.10032675E+01  0.15612137E+00  0.98632895E+00  0.13471342E+01  0.20884233E-03  0.99998578E+00
  0.10097688E+01  0.16039942E+00  0.97919146E+00  0.13653789E+01  0.22321249E-03  0.99998447E+00
  0.10183759E+01  0.16483684E+00  0.97008503E+00  0.13836165E+01  0.23869803E-03  0.99998313E+00
  0.10288758E+01  0.16944070E+00  0.95930797E+00  0.14018460E+01  0.25536281E-03  0.99998177E+00
  0.10408423E+01  0.17421839E+00  0.94735180E+00  0.14200666E+01  0.27327850E-03  0.99998038E+00
  0.10537289E+01  0.17917765E+00  0.93478522E+00  0.14382770E+01  0.29252785E-03  0.99997897E+00
  0.10668821E+01  0.18432661E+00  0.92222183E+00  0.14564761E+01  0.31320773E-03  0.99997755E+00
  0.10795140E+01  0.18967376E+00  0.91032930E+00  0.14746628E+01  0.33543373E-03  0.99997611E+00
  0.10913165E+01  0.19522792E+00  0.89931587E+00  0.14928359E+01  0.35934047E-03  0.99997464E+00
  0.11023512E+01  0.20099826E+00  0.88907348E+00  0.15109940E+01  0.38507631E-03  0.99997316E+00
  0.11127969E+01  0.20699432E+00  0.87941070E+00  0.15291358E+01  0.41280078E-03  0.99997165E+00
  0.11228169E+01  0.21322608E+00  0.87016316E+00  0.15472596E+01  0.44268435E-03  0.99997012E+00
  0.11325122E+01  0.21970391E+00  0.86122549E+00  0.15653635E+01  0.47490964E-03  0.99996856E+00
  0.11419238E+01  0.22643859E+00  0.85254408E+00  0.15834458E+01  0.50967316E-03  0.99996697E+00
  0.11510517E+01  0.23344132E+00  0.84409789E+00  0.16015042E+01  0.54718708E-03  0.99996536E+00
  0.11598755E+01  0.24072368E+00  0.83588127E+00  0.16195363E+01  0.58768069E-03  0.99996372E+00
  0.11683675E+01  0.24829768E+00  0.82789293E+00  0.16375398E+01  0.63140182E-03  0.99996205E+00
  0.11764997E+01  0.25617570E+00  0.82013070E+00  0.16555119E+01  0.67861798E-03  0.99996036E+00
  0.11842466E+01  0.26437051E+00  0.81258995E+00  0.16734495E+01  0.72961738E-03  0.99995863E+00
  0.11915846E+01  0.27289525E+00  0.80526378E+00  0.16913497E+01  0.78470989E-03  0.99995688E+00
  0.11984914E+01  0.28176340E+00  0.79814380E+00  0.17092089E+01  0.84422791E-03  0.99995509E+00
  0.12049449E+01  0.29098873E+00  0.79122084E+00  0.17270240E+01  0.90852603E-03  0.99995328E+00
  0.12109224E+01  0.30058532E+00  0.78448553E+00  0.17447904E+01  0.97798392E-03  0.99995144E+00
  0.12164001E+01  0.31056745E+00  0.77792834E+00  0.17625034E+01  0.10530070E-02  0.99994957E+00
  0.12213525E+01  0.32094955E+00  0.77154025E+00  0.17801594E+01  0.11340242E-02  0.99994767E+00
  0.12257541E+01  0.33174619E+00  0.76531157E+00  0.17977555E+01  0.12214838E-02  0.99994573E+00
  0.12295751E+01  0.34297191E+00  0.75923438E+00  0.18152852E+01  0.13158592E-02  0.99994377E+00
  0.12327900E+01  0.35464121E+00  0.75329741E+00  0.18327448E+01  0.14176457E-02  0.99994178E+00
  0.12353611E+01  0.36676838E+00  0.74749626E+00  0.18501292E+01  0.15273509E-02  0.99993977E+00
  0.12372699E+01  0.37936743E+00  0.74181388E+00  0.18674337E+01  0.16455166E-02  0.99993772E+00
  0.12384653E+01  0.39245190E+00  0.73625246E+00  0.18846546E+01  0.17726393E-02  0.99993565E+00
  0.12389201E+01  0.40603473E+00  0.73079908E+00  0.19017834E+01  0.19093823E-02  0.99993355E+00
  0.12385377E+01  0.42012812E+00  0.72548111E+00  0.19188279E+01  0.20560674E-02  0.99993144E+00
  0.12374005E+01  0.43474329E+00  0.72022050E+00  0.19357733E+01  0.22133601E-02  0.99992930E+00
  0.12354359E+01  0.44989031E+00  0.71503059E+00  0.19526174E+01  0.23817875E-02  0.99992714E+00
  0.12325993E+01  0.46557788E+00  0.70990799E+00  0.19693611E+01  0.25618284E-02  0.99992496E+00
  0.12288539E+01  0.48181311E+00  0.70484506E+00  0.19860039E+01  0.27539178E-02  0.99992277E+00
  0.12241655E+01  0.49860128E+00  0.69983316E+00  0.20025467E+01  0.29584335E-02  0.99992057E+00
  0.12185023E+01  0.51594558E+00  0.69486337E+00  0.20189911E+01  0.31756834E-02  0.99991836E+00
  0.12118349E+01  0.53384690E+00  0.68992666E+00  0.20353417E+01  0.34058826E-02  0.99991615E+00
  0.12041369E+01  0.55230357E+00  0.68501399E+00  0.20516034E+01  0.36491414E-02  0.99991394E+00
  0.11953852E+01  0.57131111E+00  0.68011663E+00  0.20677860E+01  0.39054384E-02  0.99991173E+00
  0.11855607E+01  0.59086205E+00  0.67522641E+00  0.20838991E+01  0.41746070E-02  0.99990953E+00
  0.11746484E+01  0.61094570E+00  0.67033585E+00  0.20999570E+01  0.44563145E-02  0.99990734E+00
  0.11626388E+01  0.63154799E+00  0.66543803E+00  0.21159755E+01  0.47500450E-02  0.99990518E+00
  0.11495296E+01  0.65265135E+00  0.66052626E+00  0.21319738E+01  0.50550842E-02  0.99990304E+00
  0.11353268E+01  0.67423459E+00  0.65559375E+00  0.21479738E+01  0.53705056E-02  0.99990093E+00
  0.11200455E+01  0.69627290E+00  0.65063355E+00  0.21639992E+01  0.56951632E-02  0.99989885E+00
  0.11037103E+01  0.71873782E+00  0.64563877E+00  0.21800775E+01  0.60276866E-02  0.99989682E+00
  0.10863544E+01  0.74159729E+00  0.64060308E+00  0.21962386E+01  0.63664797E-02  0.99989484E+00
  0.10680199E+01  0.76481552E+00  0.63552146E+00  0.22125177E+01  0.67097313E-02  0.99989291E+00
  0.10487555E+01  0.78835376E+00  0.63039053E+00  0.22289576E+01  0.70554466E-02  0.99989104E+00
  0.10286169E+01  0.81217057E+00  0.62520882E+00  0.22455891E+01  0.74014219E-02  0.99988923E+00
  0.10076664E+01  0.83622193E+00  0.61997665E+00  0.22624113E+01  0.77451802E-02  0.99988750E+00
  0.98597348E+00  0.86046187E+00  0.61469572E+00  0.22794739E+01  0.80842414E-02  0.99988584E+00
  0.96361415E+00  0.88484299E+00  0.60936862E+00  0.22968095E+01  0.84160148E-02  0.99988426E+00
  0.94067091E+00  0.90931681E+00  0.60399815E+00  0.23144448E+01  0.87378528E-02  0.99988276E+00
  0.91723213E+00  0.93383529E+00  0.59858865E+00  0.23324047E+01  0.90471063E-02  0.99988135E+00
  0.89340213E+00  0.95834235E+00  0.59313642E+00  0.23507088E+01  0.93411239E-02  0.99988003E+00
  0.86927429E+00  0.98278502E+00  0.58764750E+00  0.23693700E+01  0.96173811E-02  0.99987880E+00
  0.84494097E+00  0.10071182E+01  0.58212898E+00  0.23883983E+01  0.98734979E-02  0.99987767E+00
  0.82049699E+00  0.10312961E+01  0.57658532E+00  0.24077963E+01  0.10107270E-01  0.99987663E+00
  0.79602560E+00  0.10552734E+01  0.57102867E+00  0.24275565E+01  0.10316680E-01  0.99987568E+00
  0.77161773E+00  0.10790064E+01  0.56546429E+00  0.24476624E+01  0.10500068E-01  0.99987483E+00
  0.74736327E+00  0.11024536E+01  0.55989522E+00  0.24680966E+01  0.10655992E-01  0.99987407E+00
  0.72334206E+00  0.11255758E+01  0.55432795E+00  0.24888822E+01  0.10783545E-01  0.99987340E+00
  0.69962752E+00  0.11483366E+01  0.54876972E+00  0.25097697E+01  0.10881291E-01  0.99987282E+00
  0.67628608E+00  0.11707026E+01  0.54322777E+00  0.25310597E+01  0.10948795E-01  0.99987233E+00
  0.65337728E+00  0.11926436E+01  0.53770902E+00  0.25526052E+01  0.10985943E-01  0.99987191E+00
  0.63095368E+00  0.12141327E+01  0.53222006E+00  0.25741060E+01  0.10992535E-01  0.99987157E+00
  0.60906088E+00  0.12351457E+01  0.52676711E+00  0.25963416E+01  0.10971979E-01  0.99987131E+00
  0.58773742E+00  0.12556614E+01  0.52135598E+00  0.26182037E+01  0.10920551E-01  0.99987111E+00
  0.56701506E+00  0.12756612E+01  0.51599214E+00  0.26400965E+01  0.10841188E-01  0.99987097E+00
  0.54691904E+00  0.12951290E+01  0.51068077E+00  0.26619917E+01  0.10735057E-01  0.99987088E+00
  0.52746849E+00  0.13140511E+01  0.50542675E+00  0.26838800E+01  0.10603164E-01  0.99987085E+00
  0.50867683E+00  0.13324155E+01  0.50023468E+00  0.27054920E+01  0.10447610E-01  0.99987086E+00
  0.49055239E+00  0.13502124E+01  0.49510896E+00  0.27270135E+01  0.10270077E-01  0.99987091E+00
  0.47309898E+00  0.13674327E+01  0.49005376E+00  0.27485406E+01  0.10071511E-01  0.99987100E+00
  0.45631648E+00  0.13840687E+01  0.48507308E+00  0.27697889E+01  0.98537160E-02  0.99987111E+00
  0.44020122E+00  0.14001135E+01  0.48017072E+00  0.27907660E+01  0.96187159E-02  0.99987125E+00
  0.42474658E+00  0.14155610E+01  0.47535020E+00  0.28114897E+01  0.93682843E-02  0.99987140E+00
  0.40994333E+00  0.14304055E+01  0.47061482E+00  0.28319455E+01  0.91041271E-02  0.99987157E+00
  0.39578094E+00  0.14446405E+01  0.46596782E+00  0.28521333E+01  0.88279223E-02  0.99987175E+00
  0.38224924E+00  0.14582553E+01  0.46141237E+00  0.28720322E+01  0.85413181E-02  0.99987193E+00
  0.36933784E+00  0.14712339E+01  0.45695225E+00  0.28916255E+01  0.82459737E-02  0.99987212E+00
  0.35703722E+00  0.14835649E+01  0.45259035E+00  0.29109220E+01  0.79434562E-02  0.99987230E+00
  0.34533055E+00  0.14952221E+01  0.44832836E+00  0.29299292E+01  0.76352193E-02  0.99987247E+00
  0.33420938E+00  0.15062281E+01  0.44417212E+00  0.29486431E+01  0.73227179E-02  0.99987264E+00
  0.32361519E+00  0.15165829E+01  0.44010056E+00  0.29670876E+01  0.70069541E-02  0.99987279E+00
  0.31358379E+00  0.15262993E+01  0.43615728E+00  0.29852636E+01  0.66889784E-02  0.99987293E+00
  0.30432750E+00  0.15346174E+01  0.43236629E+00  0.30032080E+01  0.63696196E-02  0.99987305E+00
  0.29558757E+00  0.15419207E+01  0.42868156E+00  0.30209385E+01  0.60496602E-02  0.99987315E+00
  0.28647599E+00  0.15555049E+01  0.42504754E+00  0.30384217E+01  0.57290757E-02  0.99987324E+00
  0.27651480E+00  0.15558737E+01  0.42019176E+00  0.30556337E+01  0.54115672E-02  0.99987329E+00
  0.28645637E+00  0.15219342E+01  0.42295076E+00  0.30726342E+01  0.50994531E-02  0.99987333E+00
  0.45124542E+00  0.11320920E+01  0.47653080E+00  0.30896761E+01  0.48174296E-02  0.99987337E+00
  0.57868524E+00  0.91376832E+00  0.50396216E+00  0.31071376E+01  0.46035995E-02  0.99987333E+00
  0.61092891E+00  0.85997122E+00  0.49192097E+00  0.31248880E+01  0.44203310E-02  0.99987325E+00
  0.63284319E+00  0.82099033E+00  0.48931519E+00  0.31427063E+01  0.42512595E-02  0.99987316E+00
  0.65128782E+00  0.78549465E+00  0.48882779E+00  0.31605762E+01  0.40944772E-02  0.99987304E+00
  0.66915608E+00  0.75534177E+00  0.48849446E+00  0.31784940E+01  0.39487000E-02  0.99987289E+00
  0.68710026E+00  0.72888989E+00  0.48737688E+00  0.31964520E+01  0.38127975E-02  0.99987271E+00
  0.70412931E+00  0.70432268E+00  0.48548776E+00  0.32144451E+01  0.36859524E-02  0.99987251E+00
  0.72019512E+00  0.68149192E+00  0.48319364E+00  0.32324702E+01  0.35675068E-02  0.99987227E+00
  0.73577281E+00  0.66059800E+00  0.48067957E+00  0.32505247E+01  0.34567961E-02  0.99987202E+00
  0.75100579E+00  0.64130304E+00  0.47791970E+00  0.32686044E+01  0.33532881E-02  0.99987173E+00
  0.76582225E+00  0.62312046E+00  0.47485648E+00  0.32867252E+01  0.32563245E-02  0.99987142E+00
  0.78026781E+00  0.60582504E+00  0.47148488E+00  0.33048477E+01  0.31655833E-02  0.99987109E+00
  0.79453513E+00  0.58938601E+00  0.46781343E+00  0.33230052E+01  0.30805731E-02  0.99987073E+00
  0.80879915E+00  0.57377894E+00  0.46384942E+00  0.33411788E+01  0.30009156E-02  0.99987035E+00
  0.82315521E+00  0.55894190E+00  0.45960775E+00  0.33593784E+01  0.29262164E-02  0.99986995E+00
  0.83770566E+00  0.54481951E+00  0.45509230E+00  0.33775990E+01  0.28561209E-02  0.99986953E+00
  0.85257583E+00  0.53137988E+00  0.45030296E+00  0.33958398E+01  0.27902989E-02  0.99986908E+00
  0.86788729E+00  0.51859029E+00  0.44523693E+00  0.34141002E+01  0.27284382E-02  0.99986862E+00
  0.88373369E+00  0.50639664E+00  0.43988838E+00  0.34323792E+01  0.26702480E-02  0.99986815E+00
  0.90019123E+00  0.49473037E+00  0.43424732E+00  0.34506760E+01  0.26154576E-02  0.99986766E+00
  0.91734603E+00  0.48352932E+00  0.42830069E+00  0.34689892E+01  0.25638154E-02  0.99986715E+00
  0.93531185E+00  0.47275041E+00  0.42203458E+00  0.34873180E+01  0.25150853E-02  0.99986663E+00
  0.95423049E+00  0.46236739E+00  0.41543548E+00  0.35056616E+01  0.24690431E-02  0.99986610E+00
  0.97426452E+00  0.45236150E+00  0.40849007E+00  0.35240204E+01  0.24254726E-02  0.99986556E+00
  0.99559479E+00  0.44271444E+00  0.40118372E+00  0.35423961E+01  0.23841632E-02  0.99986501E+00
  0.10184267E+01  0.43340650E+00  0.39349863E+00  0.35607920E+01  0.23449012E-02  0.99986446E+00
  0.10429978E+01  0.42441684E+00  0.38541339E+00  0.35792090E+01  0.23074710E-02  0.99986390E+00
  0.10695796E+01  0.41572382E+00  0.37690529E+00  0.35976447E+01  0.22716660E-02  0.99986334E+00
  0.10984764E+01  0.40730656E+00  0.36795446E+00  0.36160966E+01  0.22372836E-02  0.99986278E+00
  0.11300272E+01  0.39914812E+00  0.35854785E+00  0.36345591E+01  0.22041316E-02  0.99986222E+00
  0.11646027E+01  0.39123612E+00  0.34868289E+00  0.36530268E+01  0.21720267E-02  0.99986167E+00
  0.12025791E+01  0.38355815E+00  0.33837372E+00  0.36714950E+01  0.21407926E-02  0.99986113E+00
  0.12442836E+01  0.37609743E+00  0.32766199E+00  0.36899611E+01  0.21102573E-02  0.99986060E+00
  0.12899251E+01  0.36883595E+00  0.31662930E+00  0.37084240E+01  0.20802523E-02  0.99986009E+00
  0.13395244E+01  0.36176146E+00  0.30540415E+00  0.37268832E+01  0.20506157E-02  0.99985960E+00
  0.13928528E+01  0.35486755E+00  0.29415673E+00  0.37453384E+01  0.20211985E-02  0.99985913E+00
  0.14494020E+01  0.34814540E+00  0.28307944E+00  0.37637889E+01  0.19918742E-02  0.99985869E+00
  0.15084275E+01  0.34157944E+00  0.27235834E+00  0.37822336E+01  0.19625468E-02  0.99985828E+00
  0.15690449E+01  0.33515341E+00  0.26215030E+00  0.38006726E+01  0.19331553E-02  0.99985789E+00
  0.16301296E+01  0.32885740E+00  0.25260315E+00  0.38191055E+01  0.19036718E-02  0.99985754E+00
  0.16901649E+01  0.32268681E+00  0.24387529E+00  0.38375316E+01  0.18741231E-02  0.99985721E+00
  0.17484072E+01  0.31663651E+00  0.23597082E+00  0.38559542E+01  0.18445606E-02  0.99985691E+00
  0.18047469E+01  0.31069837E+00  0.22880340E+00  0.38743726E+01  0.18150470E-02  0.99985664E+00
  0.18593049E+01  0.30486159E+00  0.22227090E+00  0.38927878E+01  0.17856403E-02  0.99985638E+00
  0.19122352E+01  0.29911395E+00  0.21628288E+00  0.39112008E+01  0.17563880E-02  0.99985614E+00
  0.19636852E+01  0.29344349E+00  0.21076448E+00  0.39296124E+01  0.17273314E-02  0.99985592E+00
  0.20138170E+01  0.28784367E+00  0.20565510E+00  0.39480235E+01  0.16984990E-02  0.99985572E+00
  0.20628146E+01  0.28231290E+00  0.20090484E+00  0.39664344E+01  0.16699223E-02  0.99985553E+00
  0.21108827E+01  0.27685016E+00  0.19646784E+00  0.39848470E+01  0.16416030E-02  0.99985536E+00
  0.21582110E+01  0.27145742E+00  0.19230391E+00  0.40032607E+01  0.16135522E-02  0.99985519E+00
  0.22049039E+01  0.26613452E+00  0.18838406E+00  0.40216768E+01  0.15857600E-02  0.99985504E+00
  0.22510319E+01  0.26087889E+00  0.18468537E+00  0.40400949E+01  0.15582348E-02  0.99985490E+00
  0.22967459E+01  0.25568673E+00  0.18118252E+00  0.40585161E+01  0.15309702E-02  0.99985477E+00
  0.23422807E+01  0.25055175E+00  0.17784960E+00  0.40769406E+01  0.15039559E-02  0.99985465E+00
  0.23878404E+01  0.24546553E+00  0.17466857E+00  0.40953689E+01  0.14771747E-02  0.99985454E+00
  0.24335549E+01  0.24042198E+00  0.17162859E+00  0.41138012E+01  0.14506036E-02  0.99985444E+00
  0.24795188E+01  0.23542320E+00  0.16871893E+00  0.41322381E+01  0.14242173E-02  0.99985435E+00
  0.25257705E+01  0.23048325E+00  0.16592853E+00  0.41506796E+01  0.13979916E-02  0.99985427E+00
  0.25723099E+01  0.22562608E+00  0.16324630E+00  0.41691258E+01  0.13719078E-02  0.99985420E+00
  0.26191491E+01  0.22087833E+00  0.16066213E+00  0.41875769E+01  0.13459531E-02  0.99985414E+00
  0.26663610E+01  0.21626135E+00  0.15816768E+00  0.42060327E+01  0.13201188E-02  0.99985409E+00
  0.27140793E+01  0.21178711E+00  0.15575621E+00  0.42244930E+01  0.12943965E-02  0.99985405E+00
  0.27624449E+01  0.20745911E+00  0.15342177E+00  0.42429572E+01  0.12687758E-02  0.99985402E+00
  0.28115455E+01  0.20327554E+00  0.15115846E+00  0.42614248E+01  0.12432450E-02  0.99985401E+00
  0.28614095E+01  0.19923026E+00  0.14896049E+00  0.42798954E+01  0.12177955E-02  0.99985401E+00
  0.29120629E+01  0.19531164E+00  0.14682288E+00  0.42983682E+01  0.11924225E-02  0.99985402E+00
  0.29635623E+01  0.19150738E+00  0.14474159E+00  0.43168424E+01  0.11671256E-02  0.99985404E+00
  0.30158936E+01  0.18782524E+00  0.14271230E+00  0.43353172E+01  0.11419082E-02  0.99985408E+00
  0.30687744E+01  0.18432481E+00  0.14072933E+00  0.43537923E+01  0.11167839E-02  0.99985413E+00
  0.31217083E+01  0.18109448E+00  0.13878507E+00  0.43722674E+01  0.10917857E-02  0.99985420E+00
  0.31742111E+01  0.17820653E+00  0.13687137E+00  0.43907391E+01  0.10669770E-02  0.99985428E+00
  0.32258073E+01  0.17570834E+00  0.13498405E+00  0.44092053E+01  0.10424487E-02  0.99985438E+00
  0.32760260E+01  0.17363519E+00  0.13311853E+00  0.44276671E+01  0.10182999E-02  0.99985450E+00
  0.33244746E+01  0.17204732E+00  0.13127614E+00  0.44461242E+01  0.99464025E-03  0.99985462E+00
  0.33696816E+01  0.17090592E+00  0.12941735E+00  0.44645747E+01  0.97158126E-03  0.99985476E+00
  0.34105719E+01  0.17085039E+00  0.12758657E+00  0.44830098E+01  0.94934702E-03  0.99985491E+00
  0.34336978E+01  0.17309580E+00  0.12552034E+00  0.45014304E+01  0.92844921E-03  0.99985507E+00
  0.34161203E+01  0.17960714E+00  0.12353207E+00  0.45198100E+01  0.91010160E-03  0.99985520E+00
  0.33788435E+01  0.18897379E+00  0.12125375E+00  0.45381143E+01  0.89594678E-03  0.99985531E+00
  0.33430078E+01  0.19781435E+00  0.11912113E+00  0.45563210E+01  0.88681602E-03  0.99985538E+00
  0.33300499E+01  0.20338098E+00  0.11724163E+00  0.45744222E+01  0.88243283E-03  0.99985542E+00
  0.33541698E+01  0.20518250E+00  0.11558639E+00  0.45924972E+01  0.88123520E-03  0.99985545E+00
  0.33958883E+01  0.20421251E+00  0.11425580E+00  0.46105527E+01  0.88039380E-03  0.99985550E+00
  0.34686352E+01  0.19902446E+00  0.11302485E+00  0.46287004E+01  0.87994627E-03  0.99985555E+00
  0.35522660E+01  0.19378845E+00  0.11210033E+00  0.46459884E+01  0.87261902E-03  0.99985572E+00
