  0.99935188E+00  0.45830544E-01  0.99986022E+00  0.10745224E+01  0.35586155E-01  0.10000032E+01
  0.99884426E+00  0.46870302E-01  0.99975322E+00  0.10252555E+01  0.32568093E-01  0.10000062E+01
  0.99827472E+00  0.47984235E-01  0.99967568E+00  0.25057248E+01  0.30137436E-01  0.10000480E+01
  0.99763810E+00  0.49132130E-01  0.99966149E+00  0.48252944E+01  0.18268257E-01  0.10000595E+01
  0.99741281E+00  0.50327156E-01  0.99921574E+00  0.20311832E+01  0.39590232E-02  0.10000275E+01
  0.99783936E+00  0.51565773E-01  0.99810176E+00  0.10918344E+01  0.22943449E-04  0.99999885E+00
  0.10006393E+01  0.52851422E-01  0.99460510E+00  0.11098384E+01  0.24337092E-04  0.99999835E+00
  0.10078820E+01  0.54185323E-01  0.98673774E+00  0.11281995E+01  0.25887109E-04  0.99999779E+00
  0.10200679E+01  0.55569944E-01  0.97421326E+00  0.11465261E+01  0.27549998E-04  0.99999720E+00
  0.10363637E+01  0.57007583E-01  0.95814055E+00  0.11648525E+01  0.29322506E-04  0.99999658E+00
  0.10549794E+01  0.58500835E-01  0.94046080E+00  0.11831786E+01  0.31202424E-04  0.99999596E+00
  0.10739242E+01  0.60052351E-01  0.92307769E+00  0.12015043E+01  0.33191285E-04  0.99999534E+00
  0.10919149E+01  0.61664843E-01  0.90705515E+00  0.12198295E+01  0.35296469E-04  0.99999471E+00
  0.11091179E+01  0.63340957E-01  0.89215107E+00  0.12381543E+01  0.37528650E-04  0.99999408E+00
  0.11259869E+01  0.65083551E-01  0.87792799E+00  0.12564787E+01  0.39898683E-04  0.99999344E+00
  0.11427657E+01  0.66895668E-01  0.86415749E+00  0.12748027E+01  0.42417270E-04  0.99999279E+00
  0.11595169E+01  0.68780577E-01  0.85076946E+00  0.12931261E+01  0.45095585E-04  0.99999214E+00
  0.11762287E+01  0.70741796E-01  0.83775369E+00  0.13114490E+01  0.47945656E-04  0.99999147E+00
  0.11928713E+01  0.72783086E-01  0.82511227E+00  0.13297712E+01  0.50980680E-04  0.99999080E+00
  0.12094205E+01  0.74908375E-01  0.81284254E+00  0.13480928E+01  0.54215192E-04  0.99999011E+00
  0.12258620E+01  0.77121664E-01  0.80093429E+00  0.13664135E+01  0.57665112E-04  0.99998941E+00
  0.12421877E+01  0.79426953E-01  0.78937340E+00  0.13847334E+01  0.61347967E-04  0.99998871E+00
  0.12583903E+01  0.81828284E-01  0.77814548E+00  0.14030523E+01  0.65282961E-04  0.99998799E+00
  0.12744615E+01  0.84329898E-01  0.76723751E+00  0.14213701E+01  0.69491094E-04  0.99998726E+00
  0.12903914E+01  0.86936472E-01  0.75663782E+00  0.14396867E+01  0.73995281E-04  0.99998653E+00
  0.13061701E+01  0.89653306E-01  0.74633565E+00  0.14580019E+01  0.78820631E-04  0.99998577E+00
  0.13217875E+01  0.92486318E-01  0.73632079E+00  0.14763157E+01  0.83994644E-04  0.99998501E+00
  0.13372334E+01  0.95441811E-01  0.72658342E+00  0.14946278E+01  0.89547369E-04  0.99998423E+00
  0.13524972E+01  0.98526082E-01  0.71711408E+00  0.15129380E+01  0.95511639E-04  0.99998344E+00
  0.13675668E+01  0.10174506E+00  0.70790359E+00  0.15312462E+01  0.10192330E-03  0.99998264E+00
  0.13824289E+01  0.10510418E+00  0.69894308E+00  0.15495522E+01  0.10882149E-03  0.99998183E+00
  0.13970684E+01  0.10860862E+00  0.69022397E+00  0.15678556E+01  0.11624888E-03  0.99998100E+00
  0.14114699E+01  0.11226378E+00  0.68173803E+00  0.15861563E+01  0.12425199E-03  0.99998015E+00
  0.14256177E+01  0.11607583E+00  0.67347742E+00  0.16044539E+01  0.13288145E-03  0.99997929E+00
  0.14394971E+01  0.12005198E+00  0.66543468E+00  0.16227482E+01  0.14219228E-03  0.99997842E+00
  0.14530934E+01  0.12420041E+00  0.65760268E+00  0.16410389E+01  0.15224416E-03  0.99997753E+00
  0.14663924E+01  0.12852986E+00  0.64997455E+00  0.16593255E+01  0.16310166E-03  0.99997662E+00
  0.14793785E+01  0.13304905E+00  0.64254356E+00  0.16776078E+01  0.17483455E-03  0.99997570E+00
  0.14920351E+01  0.13776624E+00  0.63530310E+00  0.16958852E+01  0.18751793E-03  0.99997477E+00
  0.15043435E+01  0.14268911E+00  0.62824659E+00  0.17141576E+01  0.20123264E-03  0.99997381E+00
  0.15162837E+01  0.14782496E+00  0.62136754E+00  0.17324244E+01  0.21606420E-03  0.99997284E+00
  0.15278348E+01  0.15318107E+00  0.61465955E+00  0.17506850E+01  0.23210569E-03  0.99997186E+00
  0.15389753E+01  0.15876492E+00  0.60811639E+00  0.17689388E+01  0.24945796E-03  0.99997085E+00
  0.15496833E+01  0.16458426E+00  0.60173203E+00  0.17871853E+01  0.26822706E-03  0.99996983E+00
  0.15599366E+01  0.17064695E+00  0.59550052E+00  0.18054250E+01  0.28852051E-03  0.99996880E+00
  0.15697127E+01  0.17696055E+00  0.58941588E+00  0.18236563E+01  0.31045502E-03  0.99996775E+00
  0.15789880E+01  0.18353196E+00  0.58347209E+00  0.18418793E+01  0.33415089E-03  0.99996668E+00
  0.15877375E+01  0.19036695E+00  0.57766310E+00  0.18600934E+01  0.35973303E-03  0.99996560E+00
  0.15959340E+01  0.19746987E+00  0.57198287E+00  0.18782982E+01  0.38732934E-03  0.99996450E+00
  0.16035482E+01  0.20484374E+00  0.56642543E+00  0.18964933E+01  0.41706970E-03  0.99996339E+00
  0.16105499E+01  0.21249074E+00  0.56098493E+00  0.19146787E+01  0.44908408E-03  0.99996226E+00
  0.16169101E+01  0.22041326E+00  0.55565582E+00  0.19328539E+01  0.48350093E-03  0.99996112E+00
  0.16226043E+01  0.22861483E+00  0.55043289E+00  0.19510191E+01  0.52044428E-03  0.99995997E+00
  0.16276143E+01  0.23710041E+00  0.54531125E+00  0.19691743E+01  0.56003070E-03  0.99995881E+00
  0.16319276E+01  0.24587519E+00  0.54028617E+00  0.19873199E+01  0.60236568E-03  0.99995764E+00
  0.16355344E+01  0.25494220E+00  0.53535283E+00  0.20054563E+01  0.64753942E-03  0.99995646E+00
  0.16384220E+01  0.26429922E+00  0.53050602E+00  0.20235843E+01  0.69562242E-03  0.99995527E+00
  0.16405710E+01  0.27393671E+00  0.52573994E+00  0.20417050E+01  0.74666071E-03  0.99995408E+00
  0.16419487E+01  0.28383757E+00  0.52105012E+00  0.20598196E+01  0.80067108E-03  0.99995289E+00
  0.16425897E+01  0.29397890E+00  0.51640966E+00  0.20779300E+01  0.85763627E-03  0.99995170E+00
  0.16421968E+01  0.30433519E+00  0.51189721E+00  0.20960379E+01  0.91749678E-03  0.99995051E+00
  0.16411512E+01  0.31488004E+00  0.50738279E+00  0.21141460E+01  0.98015146E-03  0.99994933E+00
  0.16392503E+01  0.32558816E+00  0.50292469E+00  0.21322570E+01  0.10454459E-02  0.99994816E+00
  0.16364903E+01  0.33643316E+00  0.49852456E+00  0.21503738E+01  0.11131717E-02  0.99994699E+00
  0.16329414E+01  0.34738515E+00  0.49416576E+00  0.21684999E+01  0.11830587E-02  0.99994585E+00
  0.16286289E+01  0.35840763E+00  0.48984813E+00  0.21866390E+01  0.12547738E-02  0.99994472E+00
  0.16235876E+01  0.36945737E+00  0.48557240E+00  0.22047952E+01  0.13279218E-02  0.99994361E+00
  0.16178664E+01  0.38048709E+00  0.48133501E+00  0.22229728E+01  0.14020424E-02  0.99994252E+00
  0.16115103E+01  0.39144183E+00  0.47713284E+00  0.22411769E+01  0.14766090E-02  0.99994147E+00
  0.16045770E+01  0.40226259E+00  0.47296451E+00  0.22594083E+01  0.15510389E-02  0.99994044E+00
  0.15971378E+01  0.41288953E+00  0.46882881E+00  0.22776699E+01  0.16247018E-02  0.99993945E+00
  0.15892798E+01  0.42326168E+00  0.46472537E+00  0.22959661E+01  0.16969303E-02  0.99993850E+00
  0.15811069E+01  0.43331370E+00  0.46065273E+00  0.23142999E+01  0.17670229E-02  0.99993759E+00
  0.15727317E+01  0.44297831E+00  0.45660990E+00  0.23326729E+01  0.18342657E-02  0.99993672E+00
  0.15642688E+01  0.45219147E+00  0.45260113E+00  0.23510857E+01  0.18979587E-02  0.99993590E+00
  0.15558348E+01  0.46088310E+00  0.44863278E+00  0.23695379E+01  0.19574227E-02  0.99993512E+00
  0.15475793E+01  0.46898234E+00  0.44470291E+00  0.23880289E+01  0.20120168E-02  0.99993439E+00
  0.15396411E+01  0.47641997E+00  0.44081321E+00  0.24065566E+01  0.20611535E-02  0.99993371E+00
  0.15321606E+01  0.48313092E+00  0.43696449E+00  0.24251182E+01  0.21043188E-02  0.99993308E+00
  0.15252864E+01  0.48905562E+00  0.43315379E+00  0.24437099E+01  0.21410800E-02  0.99993249E+00
  0.15191159E+01  0.49414245E+00  0.42939158E+00  0.24623271E+01  0.21711134E-02  0.99993196E+00
  0.15137658E+01  0.49834663E+00  0.42567948E+00  0.24809637E+01  0.21941835E-02  0.99993148E+00
  0.15095846E+01  0.50163799E+00  0.42195394E+00  0.24996150E+01  0.22102407E-02  0.99993105E+00
  0.15062949E+01  0.50398637E+00  0.41831372E+00  0.25182772E+01  0.22191201E-02  0.99993066E+00
  0.15035601E+01  0.50541352E+00  0.41488789E+00  0.25368714E+01  0.22213808E-02  0.99993032E+00
  0.15033109E+01  0.50587498E+00  0.41110345E+00  0.25556692E+01  0.22165917E-02  0.99993002E+00
  0.15039810E+01  0.50538009E+00  0.40746486E+00  0.25742917E+01  0.22053365E-02  0.99992976E+00
  0.15060294E+01  0.50400005E+00  0.40387603E+00  0.25929335E+01  0.21882466E-02  0.99992954E+00
  0.15094192E+01  0.50176909E+00  0.40031418E+00  0.26115722E+01  0.21656416E-02  0.99992935E+00
  0.15141185E+01  0.49873122E+00  0.39678075E+00  0.26301907E+01  0.21380261E-02  0.99992920E+00
  0.15201487E+01  0.49494619E+00  0.39325789E+00  0.26487899E+01  0.21059493E-02  0.99992908E+00
  0.15275692E+01  0.49048098E+00  0.38971601E+00  0.26673680E+01  0.20699792E-02  0.99992898E+00
  0.15364395E+01  0.48540757E+00  0.38612426E+00  0.26859243E+01  0.20306829E-02  0.99992891E+00
  0.15467815E+01  0.47980056E+00  0.38246105E+00  0.27044586E+01  0.19886134E-02  0.99992886E+00
  0.15585681E+01  0.47373512E+00  0.37871722E+00  0.27229712E+01  0.19443012E-02  0.99992884E+00
  0.15717481E+01  0.46728531E+00  0.37488986E+00  0.27414630E+01  0.18982460E-02  0.99992882E+00
  0.15862821E+01  0.46052241E+00  0.37097412E+00  0.27599351E+01  0.18509111E-02  0.99992883E+00
  0.16021591E+01  0.45351364E+00  0.36696026E+00  0.27783888E+01  0.18027174E-02  0.99992885E+00
  0.16193904E+01  0.44632138E+00  0.36283592E+00  0.27968257E+01  0.17540399E-02  0.99992888E+00
  0.16379992E+01  0.43900216E+00  0.35858977E+00  0.28152466E+01  0.17052062E-02  0.99992892E+00
  0.16580245E+01  0.43159506E+00  0.35421100E+00  0.28336531E+01  0.16564969E-02  0.99992897E+00
  0.16794512E+01  0.42418352E+00  0.34970452E+00  0.28520494E+01  0.16081550E-02  0.99992902E+00
  0.17023417E+01  0.41676389E+00  0.34504804E+00  0.28704352E+01  0.15603719E-02  0.99992909E+00
  0.17267112E+01  0.40938367E+00  0.34025471E+00  0.28888115E+01  0.15133023E-02  0.99992916E+00
  0.17526011E+01  0.40207751E+00  0.33532591E+00  0.29071793E+01  0.14670715E-02  0.99992923E+00
  0.17800229E+01  0.39486646E+00  0.33026682E+00  0.29255399E+01  0.14217719E-02  0.99992931E+00
  0.18089920E+01  0.38777220E+00  0.32508613E+00  0.29438941E+01  0.13774691E-02  0.99992940E+00
  0.18395184E+01  0.38081334E+00  0.31979584E+00  0.29622425E+01  0.13342069E-02  0.99992949E+00
  0.18715866E+01  0.37400211E+00  0.31441217E+00  0.29805859E+01  0.12920078E-02  0.99992959E+00
  0.19051450E+01  0.36734921E+00  0.30895740E+00  0.29989247E+01  0.12508788E-02  0.99992969E+00
  0.19401060E+01  0.36086311E+00  0.30345840E+00  0.30172592E+01  0.12108151E-02  0.99992979E+00
  0.19763450E+01  0.35454675E+00  0.29794404E+00  0.30355899E+01  0.11718038E-02  0.99992991E+00
  0.20136902E+01  0.34839369E+00  0.29244299E+00  0.30539170E+01  0.11338274E-02  0.99993003E+00
  0.20519716E+01  0.34240874E+00  0.28698741E+00  0.30722406E+01  0.10968670E-02  0.99993015E+00
  0.20910444E+01  0.33660695E+00  0.28160556E+00  0.30905610E+01  0.10608991E-02  0.99993028E+00
  0.21306969E+01  0.33096826E+00  0.27631655E+00  0.31088782E+01  0.10259006E-02  0.99993042E+00
  0.21707277E+01  0.32549068E+00  0.27114312E+00  0.31271924E+01  0.99185017E-03  0.99993056E+00
  0.22109826E+01  0.32017521E+00  0.26610091E+00  0.31455038E+01  0.95872804E-03  0.99993071E+00
  0.22513248E+01  0.31502212E+00  0.26120123E+00  0.31638127E+01  0.92650990E-03  0.99993087E+00
  0.22915800E+01  0.31002931E+00  0.25645689E+00  0.31821190E+01  0.89517556E-03  0.99993102E+00
  0.23316287E+01  0.30519225E+00  0.25187187E+00  0.32004227E+01  0.86470598E-03  0.99993119E+00
  0.23714004E+01  0.30050449E+00  0.24744323E+00  0.32187242E+01  0.83508163E-03  0.99993135E+00
  0.24108341E+01  0.29595932E+00  0.24316692E+00  0.32370234E+01  0.80628255E-03  0.99993152E+00
  0.24498874E+01  0.29155247E+00  0.23903806E+00  0.32553206E+01  0.77828830E-03  0.99993170E+00
  0.24885462E+01  0.28728379E+00  0.23505086E+00  0.32736159E+01  0.75107740E-03  0.99993187E+00
  0.25268036E+01  0.28315571E+00  0.23120003E+00  0.32919093E+01  0.72462710E-03  0.99993205E+00
  0.25646312E+01  0.27916796E+00  0.22748100E+00  0.33102008E+01  0.69891437E-03  0.99993223E+00
  0.26019708E+01  0.27531139E+00  0.22388816E+00  0.33284906E+01  0.67391732E-03  0.99993241E+00
  0.26387438E+01  0.27156483E+00  0.22041330E+00  0.33467788E+01  0.64961661E-03  0.99993259E+00
  0.26748652E+01  0.26789812E+00  0.21704664E+00  0.33650653E+01  0.62599620E-03  0.99993277E+00
  0.27102636E+01  0.26428032E+00  0.21377927E+00  0.33833503E+01  0.60304268E-03  0.99993295E+00
  0.27449043E+01  0.26068894E+00  0.21060473E+00  0.34016338E+01  0.58074362E-03  0.99993313E+00
  0.27787958E+01  0.25711462E+00  0.20751879E+00  0.34199162E+01  0.55908537E-03  0.99993331E+00
  0.28119542E+01  0.25355731E+00  0.20451770E+00  0.34381975E+01  0.53805269E-03  0.99993349E+00
  0.28443373E+01  0.25001730E+00  0.20159650E+00  0.34564779E+01  0.51763187E-03  0.99993366E+00
  0.28758020E+01  0.24649201E+00  0.19874915E+00  0.34747575E+01  0.49781586E-03  0.99993383E+00
  0.29061101E+01  0.24297578E+00  0.19596861E+00  0.34930361E+01  0.47860916E-03  0.99993401E+00
  0.29349558E+01  0.23945681E+00  0.19324714E+00  0.35113138E+01  0.46003015E-03  0.99993417E+00
  0.29619848E+01  0.23591116E+00  0.19057764E+00  0.35295906E+01  0.44211008E-03  0.99993434E+00
  0.29867984E+01  0.23229539E+00  0.18795519E+00  0.35478665E+01  0.42488901E-03  0.99993450E+00
  0.30089502E+01  0.22853799E+00  0.18537629E+00  0.35661419E+01  0.40841241E-03  0.99993465E+00
  0.30279415E+01  0.22453130E+00  0.18283464E+00  0.35844173E+01  0.39273031E-03  0.99993479E+00
  0.30431710E+01  0.22012759E+00  0.18031838E+00  0.36026933E+01  0.37790134E-03  0.99993493E+00
  0.30537987E+01  0.21514367E+00  0.17781445E+00  0.36209708E+01  0.36400169E-03  0.99993505E+00
  0.30586173E+01  0.20938095E+00  0.17531886E+00  0.36392505E+01  0.35113564E-03  0.99993516E+00
  0.30572843E+01  0.20267124E+00  0.17278284E+00  0.36575336E+01  0.33943569E-03  0.99993525E+00
  0.30483340E+01  0.19497027E+00  0.17026508E+00  0.36758212E+01  0.32904395E-03  0.99993532E+00
  0.30333962E+01  0.18653822E+00  0.16777127E+00  0.36941144E+01  0.32007322E-03  0.99993536E+00
  0.30183743E+01  0.17832659E+00  0.16535608E+00  0.37124136E+01  0.31251155E-03  0.99993537E+00
  0.30091385E+01  0.17127513E+00  0.16307770E+00  0.37307181E+01  0.30616390E-03  0.99993535E+00
  0.30066311E+01  0.16550179E+00  0.16093333E+00  0.37490270E+01  0.30077469E-03  0.99993532E+00
  0.30086149E+01  0.16069193E+00  0.15891962E+00  0.37673393E+01  0.29613657E-03  0.99993526E+00
  0.30139516E+01  0.15650075E+00  0.15696308E+00  0.37856544E+01  0.29211179E-03  0.99993519E+00
  0.30210792E+01  0.15272426E+00  0.15506874E+00  0.38039719E+01  0.28861099E-03  0.99993511E+00
  0.30295829E+01  0.14928459E+00  0.15323097E+00  0.38222917E+01  0.28556941E-03  0.99993502E+00
  0.30394755E+01  0.14615902E+00  0.15144387E+00  0.38406136E+01  0.28293137E-03  0.99993491E+00
  0.30507647E+01  0.14333064E+00  0.14970393E+00  0.38589376E+01  0.28064504E-03  0.99993479E+00
  0.30633825E+01  0.14077403E+00  0.14800781E+00  0.38772633E+01  0.27866347E-03  0.99993467E+00
  0.30772196E+01  0.13845934E+00  0.14635200E+00  0.38955908E+01  0.27694507E-03  0.99993453E+00
  0.30921684E+01  0.13635829E+00  0.14473319E+00  0.39139200E+01  0.27545322E-03  0.99993439E+00
  0.31081411E+01  0.13444664E+00  0.14314845E+00  0.39322507E+01  0.27415557E-03  0.99993425E+00
  0.31250663E+01  0.13270363E+00  0.14159525E+00  0.39505829E+01  0.27302326E-03  0.99993410E+00
  0.31428835E+01  0.13111099E+00  0.14007135E+00  0.39689166E+01  0.27203038E-03  0.99993394E+00
  0.31615386E+01  0.12965217E+00  0.13857476E+00  0.39872517E+01  0.27115353E-03  0.99993379E+00
  0.31809822E+01  0.12831205E+00  0.13710368E+00  0.40055882E+01  0.27037154E-03  0.99993363E+00
  0.32011697E+01  0.12707684E+00  0.13565648E+00  0.40239261E+01  0.26966522E-03  0.99993347E+00
  0.32220607E+01  0.12593396E+00  0.13423167E+00  0.40422653E+01  0.26901695E-03  0.99993330E+00
  0.32436188E+01  0.12487191E+00  0.13282791E+00  0.40606057E+01  0.26841080E-03  0.99993314E+00
  0.32658116E+01  0.12388019E+00  0.13144399E+00  0.40789475E+01  0.26783223E-03  0.99993297E+00
  0.32886098E+01  0.12294920E+00  0.13007880E+00  0.40972904E+01  0.26726782E-03  0.99993281E+00
  0.33119872E+01  0.12207006E+00  0.12873133E+00  0.41156347E+01  0.26670525E-03  0.99993265E+00
  0.33359202E+01  0.12123465E+00  0.12740067E+00  0.41339801E+01  0.26613318E-03  0.99993249E+00
  0.33603883E+01  0.12043551E+00  0.12608601E+00  0.41523268E+01  0.26554112E-03  0.99993233E+00
  0.33853745E+01  0.11966582E+00  0.12478657E+00  0.41706747E+01  0.26491939E-03  0.99993217E+00
  0.34108643E+01  0.11891921E+00  0.12350168E+00  0.41890239E+01  0.26425898E-03  0.99993202E+00
  0.34368461E+01  0.11818983E+00  0.12223069E+00  0.42073742E+01  0.26355155E-03  0.99993187E+00
  0.34633123E+01  0.11747247E+00  0.12097305E+00  0.42257258E+01  0.26278927E-03  0.99993172E+00
  0.34902561E+01  0.11676201E+00  0.11972822E+00  0.42440786E+01  0.26196478E-03  0.99993158E+00
  0.35176668E+01  0.11605340E+00  0.11849568E+00  0.42624326E+01  0.26107132E-03  0.99993144E+00
  0.35455447E+01  0.11534260E+00  0.11727505E+00  0.42807879E+01  0.26010251E-03  0.99993130E+00
  0.35738934E+01  0.11462606E+00  0.11606592E+00  0.42991445E+01  0.25905217E-03  0.99993118E+00
  0.36027169E+01  0.11390034E+00  0.11486793E+00  0.43175023E+01  0.25791465E-03  0.99993105E+00
  0.36320217E+01  0.11316216E+00  0.11368076E+00  0.43358614E+01  0.25668457E-03  0.99993093E+00
  0.36618175E+01  0.11240845E+00  0.11250410E+00  0.43542218E+01  0.25535663E-03  0.99993082E+00
  0.36921169E+01  0.11163629E+00  0.11133770E+00  0.43725835E+01  0.25392582E-03  0.99993072E+00
  0.37229353E+01  0.11084293E+00  0.11018129E+00  0.43909466E+01  0.25238720E-03  0.99993062E+00
  0.37542898E+01  0.11002581E+00  0.10903465E+00  0.44093110E+01  0.25073602E-03  0.99993053E+00
  0.37861991E+01  0.10918265E+00  0.10789756E+00  0.44276768E+01  0.24896766E-03  0.99993045E+00
  0.38186829E+01  0.10831141E+00  0.10676978E+00  0.44460440E+01  0.24707769E-03  0.99993037E+00
  0.38517636E+01  0.10741014E+00  0.10565111E+00  0.44644127E+01  0.24506180E-03  0.99993031E+00
  0.38854690E+01  0.10647666E+00  0.10454136E+00  0.44827828E+01  0.24291584E-03  0.99993025E+00
  0.39198353E+01  0.10550834E+00  0.10344041E+00  0.45011543E+01  0.24063567E-03  0.99993020E+00
  0.39549053E+01  0.10450231E+00  0.10234815E+00  0.45195274E+01  0.23821709E-03  0.99993017E+00
  0.39907226E+01  0.10345609E+00  0.10126447E+00  0.45379019E+01  0.23565577E-03  0.99993014E+00
  0.40273229E+01  0.10236826E+00  0.10018920E+00  0.45562779E+01  0.23294756E-03  0.99993013E+00
  0.40647329E+01  0.10123856E+00  0.99122114E-01  0.45746559E+01  0.23008794E-03  0.99993013E+00
  0.41029729E+01  0.10006730E+00  0.98062923E-01  0.45930359E+01  0.22707445E-03  0.99993014E+00
  0.41420564E+01  0.98856775E-01  0.97011539E-01  0.46114240E+01  0.22389185E-03  0.99993016E+00
  0.41819507E+01  0.97607488E-01  0.95966772E-01  0.46298267E+01  0.22055558E-03  0.99993020E+00
  0.42223716E+01  0.96366235E-01  0.94934084E-01  0.46480381E+01  0.21679621E-03  0.99993034E+00
