  0.99898090E+00  0.12029393E+00  0.99978502E+00  0.10189828E+01  0.11717082E+00  0.10000000E+01
  0.99869083E+00  0.12290588E+00  0.99972398E+00  0.10474630E+01  0.11640020E+00  0.10000000E+01
  0.99834488E+00  0.12575498E+00  0.99965098E+00  0.10803117E+01  0.11550914E+00  0.10000000E+01
  0.99802532E+00  0.12868329E+00  0.99958351E+00  0.11162072E+01  0.11453897E+00  0.10000000E+01
  0.99768458E+00  0.13172059E+00  0.99951152E+00  0.11549273E+01  0.11350223E+00  0.10000001E+01
  0.99733025E+00  0.13485648E+00  0.99943663E+00  0.11957575E+01  0.11241260E+00  0.10000001E+01
  0.99695693E+00  0.13809933E+00  0.99935771E+00  0.12429739E+01  0.11126188E+00  0.10000001E+01
  0.99656480E+00  0.14145167E+00  0.99927478E+00  0.12900997E+01  0.10993556E+00  0.10000001E+01
  0.99615200E+00  0.14491877E+00  0.99918747E+00  0.13264648E+01  0.10905537E+00  0.10000001E+01
  0.99571753E+00  0.14850542E+00  0.99909547E+00  0.20256373E+01  0.10642231E+00  0.10000051E+01
  0.99525846E+00  0.15221623E+00  0.99899859E+00  0.18769325E+02  0.71114948E-01  0.10001546E+01
  0.99477039E+00  0.15605702E+00  0.99889647E+00  0.21381566E+02  0.37826324E-01  0.10001891E+01
  0.99425614E+00  0.16003591E+00  0.99878827E+00  0.48207120E+01  0.14360265E-01  0.10001427E+01
  0.99371799E+00  0.16415339E+00  0.99867449E+00  0.12591376E+01  0.51731648E-03  0.99999470E+00
  0.99314976E+00  0.16841910E+00  0.99855414E+00  0.12525440E+01  0.46649915E-03  0.99999166E+00
  0.99254956E+00  0.17283879E+00  0.99842693E+00  0.12707623E+01  0.49328770E-03  0.99999058E+00
  0.99191491E+00  0.17741945E+00  0.99829234E+00  0.12888177E+01  0.52197896E-03  0.99998943E+00
  0.99124348E+00  0.18216806E+00  0.99814989E+00  0.13067743E+01  0.55272862E-03  0.99998823E+00
  0.99053264E+00  0.18709213E+00  0.99799901E+00  0.13247001E+01  0.58572007E-03  0.99998698E+00
  0.98977965E+00  0.19219945E+00  0.99783910E+00  0.13425913E+01  0.62113054E-03  0.99998568E+00
  0.98898150E+00  0.19749821E+00  0.99766951E+00  0.13604448E+01  0.65915197E-03  0.99998433E+00
  0.98813497E+00  0.20299699E+00  0.99748953E+00  0.13782571E+01  0.69999229E-03  0.99998293E+00
  0.98723658E+00  0.20870479E+00  0.99729840E+00  0.13960244E+01  0.74387667E-03  0.99998147E+00
  0.98628258E+00  0.21463099E+00  0.99709530E+00  0.14137425E+01  0.79104893E-03  0.99997997E+00
  0.98526892E+00  0.22078546E+00  0.99687933E+00  0.14314068E+01  0.84177308E-03  0.99997842E+00
  0.98419124E+00  0.22717849E+00  0.99664954E+00  0.14490124E+01  0.89633492E-03  0.99997682E+00
  0.98304483E+00  0.23382085E+00  0.99640489E+00  0.14665538E+01  0.95504383E-03  0.99997516E+00
  0.98182461E+00  0.24072379E+00  0.99614424E+00  0.14840250E+01  0.10182345E-02  0.99997347E+00
  0.98052510E+00  0.24789906E+00  0.99586638E+00  0.15014195E+01  0.10862690E-02  0.99997172E+00
  0.97914042E+00  0.25535892E+00  0.99557000E+00  0.15187301E+01  0.11595382E-02  0.99996992E+00
  0.97766418E+00  0.26311617E+00  0.99525367E+00  0.15359493E+01  0.12384647E-02  0.99996807E+00
  0.97608956E+00  0.27118410E+00  0.99491584E+00  0.15530686E+01  0.13235040E-02  0.99996618E+00
  0.97440916E+00  0.27957657E+00  0.99455485E+00  0.15700790E+01  0.14151472E-02  0.99996424E+00
  0.97261507E+00  0.28830798E+00  0.99416888E+00  0.15869707E+01  0.15139230E-02  0.99996225E+00
  0.97069874E+00  0.29739327E+00  0.99375599E+00  0.16037330E+01  0.16203996E-02  0.99996021E+00
  0.96865103E+00  0.30684790E+00  0.99331406E+00  0.16203548E+01  0.17351871E-02  0.99995812E+00
  0.96646208E+00  0.31668789E+00  0.99284082E+00  0.16368237E+01  0.18589390E-02  0.99995599E+00
  0.96412136E+00  0.32692976E+00  0.99233383E+00  0.16531267E+01  0.19923542E-02  0.99995381E+00
  0.96161754E+00  0.33759055E+00  0.99179046E+00  0.16692500E+01  0.21361782E-02  0.99995158E+00
  0.95893852E+00  0.34868773E+00  0.99120792E+00  0.16851788E+01  0.22912044E-02  0.99994930E+00
  0.95607136E+00  0.36023925E+00  0.99058322E+00  0.17008983E+01  0.24582739E-02  0.99994698E+00
  0.95300224E+00  0.37226343E+00  0.98991317E+00  0.17163913E+01  0.26382770E-02  0.99994461E+00
  0.94971648E+00  0.38477892E+00  0.98919440E+00  0.17316394E+01  0.28321532E-02  0.99994219E+00
  0.94619846E+00  0.39780465E+00  0.98842331E+00  0.17466254E+01  0.30408886E-02  0.99993973E+00
  0.94243171E+00  0.41135974E+00  0.98759604E+00  0.17613336E+01  0.32655114E-02  0.99993722E+00
  0.93839887E+00  0.42546338E+00  0.98670851E+00  0.17757441E+01  0.35070873E-02  0.99993467E+00
  0.93408174E+00  0.44013474E+00  0.98575631E+00  0.17898368E+01  0.37667258E-02  0.99993207E+00
  0.92946137E+00  0.45539284E+00  0.98473472E+00  0.18035967E+01  0.40455447E-02  0.99992943E+00
  0.92451813E+00  0.47125641E+00  0.98363865E+00  0.18169942E+01  0.43447228E-02  0.99992675E+00
  0.91923180E+00  0.48774370E+00  0.98246266E+00  0.18300149E+01  0.46654635E-02  0.99992403E+00
  0.91358171E+00  0.50487230E+00  0.98120084E+00  0.18426996E+01  0.50087214E-02  0.99992128E+00
  0.90754690E+00  0.52265896E+00  0.97984691E+00  0.18549510E+01  0.53757202E-02  0.99991849E+00
  0.90110629E+00  0.54111930E+00  0.97839412E+00  0.18667656E+01  0.57676500E-02  0.99991567E+00
  0.89423888E+00  0.56026763E+00  0.97683535E+00  0.18781442E+01  0.61855796E-02  0.99991281E+00
  0.88692398E+00  0.58011665E+00  0.97516306E+00  0.18890827E+01  0.66304867E-02  0.99990992E+00
  0.87914145E+00  0.60067718E+00  0.97336940E+00  0.18995757E+01  0.71032533E-02  0.99990701E+00
  0.87087202E+00  0.62195783E+00  0.97144626E+00  0.19096185E+01  0.76046442E-02  0.99990407E+00
  0.86209759E+00  0.64396476E+00  0.96938533E+00  0.19192097E+01  0.81352818E-02  0.99990112E+00
  0.85280158E+00  0.66670129E+00  0.96717825E+00  0.19283538E+01  0.86956177E-02  0.99989814E+00
  0.84296931E+00  0.69016766E+00  0.96481666E+00  0.19370585E+01  0.92859046E-02  0.99989515E+00
  0.83258844E+00  0.71436070E+00  0.96229239E+00  0.19453381E+01  0.99061685E-02  0.99989216E+00
  0.82164939E+00  0.73927353E+00  0.95959752E+00  0.19532120E+01  0.10556182E-01  0.99988915E+00
  0.81014577E+00  0.76489533E+00  0.95672458E+00  0.19607050E+01  0.11235438E-01  0.99988615E+00
  0.79807486E+00  0.79121111E+00  0.95366661E+00  0.19678481E+01  0.11943128E-01  0.99988315E+00
  0.78543802E+00  0.81820151E+00  0.95041735E+00  0.19746783E+01  0.12678126E-01  0.99988016E+00
  0.77224115E+00  0.84584269E+00  0.94697134E+00  0.19812394E+01  0.13438964E-01  0.99987718E+00
  0.75849498E+00  0.87410625E+00  0.94332402E+00  0.19875820E+01  0.14223832E-01  0.99987422E+00
  0.74421547E+00  0.90295913E+00  0.93947191E+00  0.19937638E+01  0.15030561E-01  0.99987128E+00
  0.72942419E+00  0.93236331E+00  0.93541269E+00  0.19998513E+01  0.15856631E-01  0.99986837E+00
  0.71414786E+00  0.96227697E+00  0.93114520E+00  0.20059163E+01  0.16699171E-01  0.99986550E+00
  0.69841853E+00  0.99265420E+00  0.92666952E+00  0.20120296E+01  0.17554976E-01  0.99986267E+00
  0.68227348E+00  0.10234454E+01  0.92198707E+00  0.20182743E+01  0.18420510E-01  0.99985988E+00
  0.66575488E+00  0.10545976E+01  0.91710062E+00  0.20247308E+01  0.19292032E-01  0.99985714E+00
  0.64890928E+00  0.10860551E+01  0.91201426E+00  0.20315525E+01  0.20165999E-01  0.99985446E+00
  0.63178703E+00  0.11177602E+01  0.90673346E+00  0.20388865E+01  0.21037647E-01  0.99985184E+00
  0.61444132E+00  0.11496538E+01  0.90126451E+00  0.20467541E+01  0.21901985E-01  0.99984929E+00
  0.59692604E+00  0.11816796E+01  0.89561711E+00  0.20552103E+01  0.22754576E-01  0.99984681E+00
  0.57930251E+00  0.12137679E+01  0.88978379E+00  0.20643785E+01  0.23590849E-01  0.99984442E+00
  0.56163137E+00  0.12458637E+01  0.88378412E+00  0.20744006E+01  0.24406148E-01  0.99984210E+00
  0.54396020E+00  0.12779033E+01  0.87764791E+00  0.20854104E+01  0.25195663E-01  0.99983988E+00
  0.52635177E+00  0.13098284E+01  0.87137685E+00  0.20975197E+01  0.25954698E-01  0.99983774E+00
  0.50886175E+00  0.13415833E+01  0.86498144E+00  0.21108321E+01  0.26678672E-01  0.99983571E+00
  0.49154252E+00  0.13731148E+01  0.85847429E+00  0.21254450E+01  0.27363181E-01  0.99983379E+00
  0.47444322E+00  0.14043723E+01  0.85186869E+00  0.21414431E+01  0.28004056E-01  0.99983197E+00
  0.45760951E+00  0.14353076E+01  0.84517831E+00  0.21588881E+01  0.28597445E-01  0.99983026E+00
  0.44108261E+00  0.14658767E+01  0.83841673E+00  0.21778214E+01  0.29139929E-01  0.99982867E+00
  0.42489922E+00  0.14960393E+01  0.83159743E+00  0.21982881E+01  0.29628483E-01  0.99982719E+00
  0.40909139E+00  0.15257595E+01  0.82473364E+00  0.22203411E+01  0.30060369E-01  0.99982584E+00
  0.39368646E+00  0.15550049E+01  0.81783819E+00  0.22440158E+01  0.30433209E-01  0.99982460E+00
  0.37870711E+00  0.15837473E+01  0.81092347E+00  0.22692957E+01  0.30745033E-01  0.99982348E+00
  0.36417148E+00  0.16119623E+01  0.80400132E+00  0.22960711E+01  0.30994497E-01  0.99982249E+00
  0.35009338E+00  0.16396294E+01  0.79708292E+00  0.23244595E+01  0.31182938E-01  0.99982161E+00
  0.33648256E+00  0.16667316E+01  0.79017884E+00  0.23551561E+01  0.31310307E-01  0.99982085E+00
  0.32334498E+00  0.16932555E+01  0.78329887E+00  0.23854535E+01  0.31355018E-01  0.99982020E+00
  0.31068304E+00  0.17191914E+01  0.77645195E+00  0.24148934E+01  0.31347770E-01  0.99981966E+00
  0.29849624E+00  0.17445318E+01  0.76964646E+00  0.24479776E+01  0.31300261E-01  0.99981923E+00
  0.28678134E+00  0.17692718E+01  0.76289008E+00  0.24836934E+01  0.31188403E-01  0.99981890E+00
  0.27553263E+00  0.17934096E+01  0.75618962E+00  0.25192343E+01  0.31013855E-01  0.99981867E+00
  0.26474233E+00  0.18169457E+01  0.74955114E+00  0.25542224E+01  0.30783969E-01  0.99981853E+00
  0.25440096E+00  0.18398826E+01  0.74298001E+00  0.25894109E+01  0.30504191E-01  0.99981847E+00
  0.24449763E+00  0.18622246E+01  0.73648098E+00  0.26250074E+01  0.30177777E-01  0.99981847E+00
  0.23502029E+00  0.18839773E+01  0.73005815E+00  0.26607053E+01  0.29807720E-01  0.99981854E+00
  0.22595601E+00  0.19051480E+01  0.72371502E+00  0.26961391E+01  0.29397562E-01  0.99981868E+00
  0.21729117E+00  0.19257450E+01  0.71745453E+00  0.27312051E+01  0.28951178E-01  0.99981887E+00
  0.20901171E+00  0.19457778E+01  0.71127912E+00  0.27658292E+01  0.28472457E-01  0.99981911E+00
  0.20110326E+00  0.19652567E+01  0.70519072E+00  0.27998969E+01  0.27965217E-01  0.99981938E+00
  0.19355131E+00  0.19841924E+01  0.69919086E+00  0.28332836E+01  0.27433218E-01  0.99981969E+00
  0.18634137E+00  0.20025965E+01  0.69328064E+00  0.28658880E+01  0.26880152E-01  0.99982002E+00
  0.17945901E+00  0.20204808E+01  0.68746083E+00  0.28976754E+01  0.26309567E-01  0.99982037E+00
  0.17289002E+00  0.20378577E+01  0.68173184E+00  0.29286589E+01  0.25724763E-01  0.99982073E+00
  0.16662045E+00  0.20547395E+01  0.67609382E+00  0.29588729E+01  0.25128728E-01  0.99982109E+00
  0.16063670E+00  0.20711387E+01  0.67054666E+00  0.29884115E+01  0.24524096E-01  0.99982146E+00
  0.15492552E+00  0.20870680E+01  0.66509004E+00  0.30173905E+01  0.23913165E-01  0.99982182E+00
  0.14947408E+00  0.21025399E+01  0.65972341E+00  0.30456109E+01  0.23297912E-01  0.99982217E+00
  0.14427000E+00  0.21175671E+01  0.65444605E+00  0.30721050E+01  0.22680894E-01  0.99982251E+00
  0.13930132E+00  0.21321622E+01  0.64925699E+00  0.30965086E+01  0.22066863E-01  0.99982284E+00
  0.13455657E+00  0.21463377E+01  0.64415520E+00  0.31196544E+01  0.21459379E-01  0.99982316E+00
  0.13002477E+00  0.21601057E+01  0.63913956E+00  0.31426202E+01  0.20859749E-01  0.99982345E+00
  0.12569542E+00  0.21734780E+01  0.63420893E+00  0.31660921E+01  0.20267460E-01  0.99982371E+00
  0.12155848E+00  0.21864660E+01  0.62936211E+00  0.31904536E+01  0.19680735E-01  0.99982395E+00
  0.11760439E+00  0.21990808E+01  0.62459784E+00  0.32155150E+01  0.19097803E-01  0.99982416E+00
  0.11382404E+00  0.22113334E+01  0.61991480E+00  0.32406003E+01  0.18517990E-01  0.99982436E+00
  0.11020872E+00  0.22232346E+01  0.61531158E+00  0.32651837E+01  0.17941560E-01  0.99982453E+00
  0.10675018E+00  0.22347950E+01  0.61078673E+00  0.32892975E+01  0.17368954E-01  0.99982468E+00
  0.10344057E+00  0.22460250E+01  0.60633880E+00  0.33131292E+01  0.16800309E-01  0.99982481E+00
  0.10027243E+00  0.22569345E+01  0.60196633E+00  0.33368816E+01  0.16235236E-01  0.99982492E+00
  0.97238697E-01  0.22675332E+01  0.59766786E+00  0.33606108E+01  0.15673008E-01  0.99982501E+00
  0.94332672E-01  0.22778305E+01  0.59344196E+00  0.33844141E+01  0.15112505E-01  0.99982507E+00
  0.91548012E-01  0.22878354E+01  0.58928717E+00  0.34084495E+01  0.14552139E-01  0.99982512E+00
  0.88878676E-01  0.22975566E+01  0.58520205E+00  0.34329729E+01  0.13989911E-01  0.99982515E+00
  0.86319061E-01  0.23070027E+01  0.58118527E+00  0.34583923E+01  0.13422168E-01  0.99982518E+00
  0.83863518E-01  0.23161815E+01  0.57723528E+00  0.34848618E+01  0.12844853E-01  0.99982523E+00
  0.81507653E-01  0.23251012E+01  0.57335130E+00  0.35134502E+01  0.12249475E-01  0.99982530E+00
  0.79244792E-01  0.23337670E+01  0.56953064E+00  0.35439578E+01  0.11626896E-01  0.99982542E+00
  0.77075246E-01  0.23421928E+01  0.56577640E+00  0.36033604E+01  0.10987184E-01  0.99982564E+00
  0.74982156E-01  0.23503502E+01  0.56208048E+00  0.38945965E+01  0.93533799E-02  0.99982806E+00
  0.73000046E-01  0.23581859E+01  0.55851478E+00  0.38376152E+01  0.69278794E-02  0.99983275E+00
  0.71010995E-01  0.23660951E+01  0.55484223E+00  0.35383560E+01  0.59433242E-02  0.99983364E+00
  0.69314341E-01  0.23734318E+01  0.55148756E+00  0.35163383E+01  0.55357096E-02  0.99983339E+00
  0.66769906E-01  0.23786347E+01  0.54800996E+00  0.35364802E+01  0.51970855E-02  0.99983298E+00
  0.25476757E+00  0.60983259E+00  0.92305758E+00  0.35568640E+01  0.44791184E-02  0.99983374E+00
  0.31391193E+00  0.53698369E+00  0.93617668E+00  0.35620732E+01  0.42867357E-02  0.99983285E+00
  0.31635143E+00  0.52733272E+00  0.93071278E+00  0.35801356E+01  0.41762498E-02  0.99983179E+00
  0.31942857E+00  0.51370184E+00  0.92676084E+00  0.35978629E+01  0.40718576E-02  0.99983072E+00
  0.32657907E+00  0.50272354E+00  0.90904009E+00  0.36154032E+01  0.39746224E-02  0.99982962E+00
  0.33706425E+00  0.48904100E+00  0.88215279E+00  0.36330533E+01  0.38838822E-02  0.99982850E+00
  0.34305834E+00  0.47165893E+00  0.86305083E+00  0.36508099E+01  0.37987829E-02  0.99982736E+00
  0.34255538E+00  0.44279534E+00  0.85024114E+00  0.36686194E+01  0.37197180E-02  0.99982620E+00
  0.33629435E+00  0.40354263E+00  0.84213501E+00  0.36865428E+01  0.36460758E-02  0.99982500E+00
  0.33163251E+00  0.37284296E+00  0.83823266E+00  0.37045172E+01  0.35776465E-02  0.99982377E+00
  0.33268935E+00  0.35932025E+00  0.83663796E+00  0.37225750E+01  0.35135479E-02  0.99982251E+00
  0.33902055E+00  0.35720774E+00  0.83604315E+00  0.37407047E+01  0.34532023E-02  0.99982121E+00
  0.34933917E+00  0.36399966E+00  0.83656716E+00  0.37588978E+01  0.33960129E-02  0.99981988E+00
  0.36319194E+00  0.37525152E+00  0.83838819E+00  0.37771661E+01  0.33414539E-02  0.99981853E+00
  0.37578109E+00  0.37974022E+00  0.84004059E+00  0.37955050E+01  0.32892178E-02  0.99981714E+00
  0.38646462E+00  0.37414309E+00  0.84155596E+00  0.38138954E+01  0.32392490E-02  0.99981572E+00
  0.39298793E+00  0.35654319E+00  0.84146244E+00  0.38323296E+01  0.31916773E-02  0.99981428E+00
  0.39592117E+00  0.32757399E+00  0.83833894E+00  0.38508430E+01  0.31464913E-02  0.99981281E+00
  0.39720890E+00  0.29805163E+00  0.83434484E+00  0.38694144E+01  0.31036743E-02  0.99981131E+00
  0.40005642E+00  0.27502287E+00  0.83061796E+00  0.38880319E+01  0.30630714E-02  0.99980978E+00
  0.40610375E+00  0.26244883E+00  0.82741120E+00  0.39067244E+01  0.30243734E-02  0.99980823E+00
  0.41533192E+00  0.25715095E+00  0.82227317E+00  0.39255072E+01  0.29871518E-02  0.99980665E+00
  0.42640669E+00  0.25209644E+00  0.81249279E+00  0.39443366E+01  0.29512174E-02  0.99980505E+00
  0.43740705E+00  0.24265050E+00  0.79837684E+00  0.39632195E+01  0.29165354E-02  0.99980344E+00
  0.44676373E+00  0.22883807E+00  0.78301675E+00  0.39822011E+01  0.28827978E-02  0.99980181E+00
  0.45536314E+00  0.21594331E+00  0.76916061E+00  0.40011926E+01  0.28500695E-02  0.99980016E+00
  0.46530841E+00  0.20755006E+00  0.75702528E+00  0.40202290E+01  0.28181909E-02  0.99979850E+00
  0.47767121E+00  0.20379347E+00  0.74515345E+00  0.40392605E+01  0.27870055E-02  0.99979681E+00
  0.49142500E+00  0.20083408E+00  0.73202162E+00  0.40582187E+01  0.27566395E-02  0.99979512E+00
  0.50447117E+00  0.19418031E+00  0.71737750E+00  0.40771119E+01  0.27272963E-02  0.99979342E+00
  0.51575788E+00  0.18297535E+00  0.70186757E+00  0.40959240E+01  0.26990462E-02  0.99979171E+00
  0.52689556E+00  0.17215648E+00  0.68624381E+00  0.41145715E+01  0.26723346E-02  0.99978999E+00
  0.54026863E+00  0.16420023E+00  0.67045078E+00  0.41331188E+01  0.26470971E-02  0.99978828E+00
  0.55772421E+00  0.16119252E+00  0.65435986E+00  0.41514390E+01  0.26237840E-02  0.99978656E+00
  0.57854747E+00  0.16101910E+00  0.63719484E+00  0.41696750E+01  0.26023115E-02  0.99978486E+00
  0.60098823E+00  0.15893093E+00  0.61835049E+00  0.41877962E+01  0.25827929E-02  0.99978317E+00
  0.62333220E+00  0.15121537E+00  0.59748823E+00  0.42058717E+01  0.25652443E-02  0.99978150E+00
  0.64614001E+00  0.14053574E+00  0.57512167E+00  0.42239758E+01  0.25495123E-02  0.99977984E+00
  0.67123142E+00  0.12960669E+00  0.55200759E+00  0.42421694E+01  0.25352125E-02  0.99977821E+00
  0.69960392E+00  0.12164985E+00  0.52965765E+00  0.42604742E+01  0.25219411E-02  0.99977660E+00
  0.73037442E+00  0.11765976E+00  0.50964332E+00  0.42789305E+01  0.25092142E-02  0.99977502E+00
  0.76270669E+00  0.11810004E+00  0.49252348E+00  0.42975373E+01  0.24966335E-02  0.99977345E+00
  0.79474276E+00  0.11958040E+00  0.47718622E+00  0.43163488E+01  0.24837672E-02  0.99977189E+00
  0.82607728E+00  0.11952520E+00  0.46221804E+00  0.43353820E+01  0.24702535E-02  0.99977035E+00
  0.85772925E+00  0.11616086E+00  0.44671878E+00  0.43546355E+01  0.24557313E-02  0.99976882E+00
  0.89163656E+00  0.11004132E+00  0.43019486E+00  0.43740643E+01  0.24398706E-02  0.99976729E+00
  0.93200051E+00  0.10264188E+00  0.41233058E+00  0.43935681E+01  0.24223785E-02  0.99976578E+00
  0.98026746E+00  0.96030564E-01  0.39321126E+00  0.44131183E+01  0.24031145E-02  0.99976429E+00
  0.10375339E+01  0.91401392E-01  0.37283835E+00  0.44325992E+01  0.23820588E-02  0.99976284E+00
  0.11042604E+01  0.88658542E-01  0.35128243E+00  0.44518968E+01  0.23594004E-02  0.99976142E+00
  0.11810942E+01  0.86950398E-01  0.32883494E+00  0.44709214E+01  0.23354587E-02  0.99976007E+00
  0.12689544E+01  0.85583750E-01  0.30612495E+00  0.44896725E+01  0.23106326E-02  0.99975880E+00
  0.13676004E+01  0.84210457E-01  0.28400549E+00  0.45081772E+01  0.22852867E-02  0.99975762E+00
  0.14754809E+01  0.82409585E-01  0.26342459E+00  0.45265421E+01  0.22596301E-02  0.99975656E+00
  0.15913325E+01  0.79331914E-01  0.24502707E+00  0.45447843E+01  0.22337876E-02  0.99975562E+00
  0.17077078E+01  0.75493216E-01  0.22965135E+00  0.45630007E+01  0.22078648E-02  0.99975480E+00
  0.18181064E+01  0.71593762E-01  0.21720060E+00  0.45815020E+01  0.21816981E-02  0.99975410E+00
  0.19205243E+01  0.68058919E-01  0.20694785E+00  0.46004652E+01  0.21547603E-02  0.99975351E+00
  0.20130327E+01  0.64530323E-01  0.19832640E+00  0.46195718E+01  0.21274672E-02  0.99975297E+00
  0.20968526E+01  0.62521445E-01  0.19107946E+00  0.46332278E+01  0.20983259E-02  0.99975246E+00
