  0.99898332E+00  0.12238828E+00  0.99978554E+00  0.10170191E+01  0.11946052E+00  0.10000000E+01
  0.99871731E+00  0.12503993E+00  0.99972960E+00  0.10430541E+01  0.11899265E+00  0.10000000E+01
  0.99839514E+00  0.12793321E+00  0.99966163E+00  0.10736636E+01  0.11839266E+00  0.10000000E+01
  0.99810084E+00  0.13090641E+00  0.99959949E+00  0.11076061E+01  0.11768239E+00  0.10000000E+01
  0.99778579E+00  0.13398939E+00  0.99953294E+00  0.11445125E+01  0.11687527E+00  0.10000000E+01
  0.99745763E+00  0.13717163E+00  0.99946359E+00  0.11843733E+01  0.11598090E+00  0.10000000E+01
  0.99711091E+00  0.14046155E+00  0.99939030E+00  0.12265966E+01  0.11501127E+00  0.10000000E+01
  0.99674583E+00  0.14386166E+00  0.99931311E+00  0.12733296E+01  0.11398056E+00  0.10000000E+01
  0.99636054E+00  0.14737727E+00  0.99923162E+00  0.13259956E+01  0.11277031E+00  0.10000001E+01
  0.99595391E+00  0.15101303E+00  0.99914560E+00  0.13606312E+01  0.11179449E+00  0.10000001E+01
  0.99552445E+00  0.15477426E+00  0.99905468E+00  0.15939310E+01  0.11060443E+00  0.10000012E+01
  0.99507007E+00  0.15866626E+00  0.99895858E+00  0.12907766E+02  0.84641858E-01  0.10001159E+01
  0.99458491E+00  0.16269350E+00  0.99885717E+00  0.27733313E+02  0.49021252E-01  0.10002042E+01
  0.99406941E+00  0.16686686E+00  0.99874920E+00  0.10693562E+02  0.23442163E-01  0.10001873E+01
  0.99352955E+00  0.17118645E+00  0.99863523E+00  0.14705176E+01  0.18868827E-02  0.10000165E+01
  0.99295962E+00  0.17566028E+00  0.99851457E+00  0.12699972E+01  0.56334834E-03  0.99999057E+00
  0.99235556E+00  0.18029643E+00  0.99838655E+00  0.12875703E+01  0.59568349E-03  0.99998943E+00
  0.99171517E+00  0.18510153E+00  0.99825074E+00  0.13057220E+01  0.63056772E-03  0.99998823E+00
  0.99103572E+00  0.19008316E+00  0.99810658E+00  0.13235639E+01  0.66786721E-03  0.99998698E+00
  0.99031443E+00  0.19524914E+00  0.99795347E+00  0.13413627E+01  0.70786618E-03  0.99998568E+00
  0.98954827E+00  0.20060772E+00  0.99779074E+00  0.13591162E+01  0.75077723E-03  0.99998433E+00
  0.98873399E+00  0.20616750E+00  0.99761771E+00  0.13768200E+01  0.79682997E-03  0.99998292E+00
  0.98786808E+00  0.21193753E+00  0.99743359E+00  0.13944694E+01  0.84627296E-03  0.99998147E+00
  0.98694675E+00  0.21792726E+00  0.99723755E+00  0.14120595E+01  0.89937517E-03  0.99997997E+00
  0.98596592E+00  0.22414659E+00  0.99702871E+00  0.14295848E+01  0.95642750E-03  0.99997842E+00
  0.98492116E+00  0.23060587E+00  0.99680609E+00  0.14470394E+01  0.10177447E-02  0.99997682E+00
  0.98380772E+00  0.23731592E+00  0.99656864E+00  0.14644167E+01  0.10836669E-02  0.99997516E+00
  0.98262048E+00  0.24428805E+00  0.99631522E+00  0.14817097E+01  0.11545620E-02  0.99997347E+00
  0.98135389E+00  0.25153408E+00  0.99604461E+00  0.14989106E+01  0.12308273E-02  0.99997172E+00
  0.98000198E+00  0.25906633E+00  0.99575548E+00  0.15160111E+01  0.13128914E-02  0.99996992E+00
  0.97855832E+00  0.26689765E+00  0.99544638E+00  0.15330020E+01  0.14012170E-02  0.99996808E+00
  0.97701598E+00  0.27504142E+00  0.99511576E+00  0.15498735E+01  0.14963022E-02  0.99996618E+00
  0.97536750E+00  0.28351157E+00  0.99476195E+00  0.15666149E+01  0.15986833E-02  0.99996424E+00
  0.97360484E+00  0.29232257E+00  0.99438311E+00  0.15832148E+01  0.17089369E-02  0.99996225E+00
  0.97171937E+00  0.30148943E+00  0.99397728E+00  0.15996608E+01  0.18276819E-02  0.99996022E+00
  0.96970181E+00  0.31102772E+00  0.99354234E+00  0.16159395E+01  0.19555813E-02  0.99995813E+00
  0.96754219E+00  0.32095352E+00  0.99307599E+00  0.16320369E+01  0.20933445E-02  0.99995600E+00
  0.96522986E+00  0.33128345E+00  0.99257576E+00  0.16479378E+01  0.22417286E-02  0.99995382E+00
  0.96275337E+00  0.34203463E+00  0.99203898E+00  0.16636262E+01  0.24015397E-02  0.99995159E+00
  0.96010052E+00  0.35322466E+00  0.99146276E+00  0.16790851E+01  0.25736341E-02  0.99994931E+00
  0.95725829E+00  0.36487157E+00  0.99084402E+00  0.16942972E+01  0.27589176E-02  0.99994699E+00
  0.95421279E+00  0.37699379E+00  0.99017943E+00  0.17092432E+01  0.29583466E-02  0.99994462E+00
  0.95094929E+00  0.38961007E+00  0.98946541E+00  0.17239022E+01  0.31729278E-02  0.99994221E+00
  0.94745218E+00  0.40273947E+00  0.98869814E+00  0.17382544E+01  0.34037154E-02  0.99993975E+00
  0.94370495E+00  0.41640120E+00  0.98787351E+00  0.17522818E+01  0.36518059E-02  0.99993724E+00
  0.93969025E+00  0.43061459E+00  0.98698715E+00  0.17659626E+01  0.39183325E-02  0.99993469E+00
  0.93538983E+00  0.44539894E+00  0.98603439E+00  0.17792738E+01  0.42044701E-02  0.99993210E+00
  0.93078464E+00  0.46077340E+00  0.98501029E+00  0.17921993E+01  0.45114028E-02  0.99992947E+00
  0.92585489E+00  0.47675684E+00  0.98390959E+00  0.18047062E+01  0.48403634E-02  0.99992679E+00
  0.92058007E+00  0.49336766E+00  0.98272673E+00  0.18167747E+01  0.51926149E-02  0.99992407E+00
  0.91493913E+00  0.51062361E+00  0.98145588E+00  0.18284556E+01  0.55692031E-02  0.99992132E+00
  0.90891057E+00  0.52854159E+00  0.98009091E+00  0.18396474E+01  0.59713445E-02  0.99991853E+00
  0.90247262E+00  0.54713743E+00  0.97862542E+00  0.18503327E+01  0.64002742E-02  0.99991571E+00
  0.89560344E+00  0.56642562E+00  0.97705274E+00  0.18605168E+01  0.68571083E-02  0.99991286E+00
  0.88828138E+00  0.58641907E+00  0.97536601E+00  0.18701973E+01  0.73428518E-02  0.99990997E+00
  0.88048527E+00  0.60712880E+00  0.97355813E+00  0.18793679E+01  0.78584033E-02  0.99990706E+00
  0.87219470E+00  0.62856369E+00  0.97162189E+00  0.18880238E+01  0.84045364E-02  0.99990412E+00
  0.86339044E+00  0.65073013E+00  0.96954996E+00  0.18961629E+01  0.89818735E-02  0.99990116E+00
  0.85405480E+00  0.67363173E+00  0.96733496E+00  0.19037890E+01  0.95908589E-02  0.99989818E+00
  0.84417209E+00  0.69726901E+00  0.96496956E+00  0.19109098E+01  0.10231730E-01  0.99989519E+00
  0.83372907E+00  0.72163912E+00  0.96244653E+00  0.19175390E+01  0.10904492E-01  0.99989218E+00
  0.82271545E+00  0.74673551E+00  0.95975886E+00  0.19236957E+01  0.11608890E-01  0.99988916E+00
  0.81112434E+00  0.77254772E+00  0.95689982E+00  0.19294047E+01  0.12344386E-01  0.99988614E+00
  0.79895274E+00  0.79906111E+00  0.95386311E+00  0.19346964E+01  0.13110138E-01  0.99988312E+00
  0.78620203E+00  0.82625671E+00  0.95064294E+00  0.19396076E+01  0.13904980E-01  0.99988010E+00
  0.77287830E+00  0.85411108E+00  0.94723417E+00  0.19441816E+01  0.14727411E-01  0.99987709E+00
  0.75899281E+00  0.88259621E+00  0.94363242E+00  0.19484685E+01  0.15575582E-01  0.99987409E+00
  0.74456229E+00  0.91167935E+00  0.93983422E+00  0.19525257E+01  0.16447291E-01  0.99987111E+00
  0.72960925E+00  0.94132295E+00  0.93583715E+00  0.19564186E+01  0.17339985E-01  0.99986815E+00
  0.71416142E+00  0.97148568E+00  0.93163979E+00  0.19602224E+01  0.18250764E-01  0.99986522E+00
  0.69825214E+00  0.10021220E+01  0.92724191E+00  0.19640148E+01  0.19176399E-01  0.99986231E+00
  0.68192003E+00  0.10331828E+01  0.92264454E+00  0.19678730E+01  0.20113332E-01  0.99985945E+00
  0.66520867E+00  0.10646156E+01  0.91784998E+00  0.19718781E+01  0.21057720E-01  0.99985662E+00
  0.64816612E+00  0.10963649E+01  0.91286187E+00  0.19761363E+01  0.22005852E-01  0.99985385E+00
  0.63084420E+00  0.11283733E+01  0.90768521E+00  0.19808517E+01  0.22953702E-01  0.99985112E+00
  0.61329763E+00  0.11605821E+01  0.90232583E+00  0.19861204E+01  0.23895779E-01  0.99984846E+00
  0.59558164E+00  0.11929352E+01  0.89679308E+00  0.19919749E+01  0.24827379E-01  0.99984585E+00
  0.57775881E+00  0.12253638E+01  0.89107817E+00  0.19984968E+01  0.25743894E-01  0.99984332E+00
  0.55988990E+00  0.12578116E+01  0.88520176E+00  0.20058255E+01  0.26640674E-01  0.99984085E+00
  0.54202436E+00  0.12902191E+01  0.87919237E+00  0.20141234E+01  0.27512855E-01  0.99983847E+00
  0.52422607E+00  0.13225262E+01  0.87305155E+00  0.20235364E+01  0.28355597E-01  0.99983617E+00
  0.50655169E+00  0.13546771E+01  0.86678959E+00  0.20341927E+01  0.29164162E-01  0.99983396E+00
  0.48905429E+00  0.13866189E+01  0.86041886E+00  0.20462125E+01  0.29933945E-01  0.99983185E+00
  0.47178380E+00  0.14183005E+01  0.85395257E+00  0.20597097E+01  0.30660523E-01  0.99982983E+00
  0.45478626E+00  0.14496742E+01  0.84740420E+00  0.20747839E+01  0.31339702E-01  0.99982792E+00
  0.43810320E+00  0.14806962E+01  0.84078725E+00  0.20915116E+01  0.31967621E-01  0.99982612E+00
  0.42177157E+00  0.15113265E+01  0.83411514E+00  0.21099552E+01  0.32540827E-01  0.99982444E+00
  0.40582358E+00  0.15415289E+01  0.82740104E+00  0.21301821E+01  0.33056210E-01  0.99982286E+00
  0.39028664E+00  0.15712713E+01  0.82065782E+00  0.21522635E+01  0.33510968E-01  0.99982141E+00
  0.37518342E+00  0.16005254E+01  0.81389789E+00  0.21762562E+01  0.33902681E-01  0.99982007E+00
  0.36053197E+00  0.16292669E+01  0.80713311E+00  0.22021400E+01  0.34229039E-01  0.99981886E+00
  0.34634598E+00  0.16574751E+01  0.80037476E+00  0.22297453E+01  0.34488818E-01  0.99981776E+00
  0.33263498E+00  0.16851332E+01  0.79363342E+00  0.22593948E+01  0.34685218E-01  0.99981679E+00
  0.31940476E+00  0.17122271E+01  0.78691909E+00  0.22923559E+01  0.34817933E-01  0.99981594E+00
  0.30665755E+00  0.17387468E+01  0.78024088E+00  0.23242042E+01  0.34847258E-01  0.99981520E+00
  0.29439239E+00  0.17646855E+01  0.77360707E+00  0.23552765E+01  0.34834992E-01  0.99981458E+00
  0.28260572E+00  0.17900384E+01  0.76702540E+00  0.23900544E+01  0.34776315E-01  0.99981407E+00
  0.27129161E+00  0.18148028E+01  0.76050293E+00  0.24284063E+01  0.34650564E-01  0.99981367E+00
  0.26044202E+00  0.18389787E+01  0.75404593E+00  0.24675693E+01  0.34456606E-01  0.99981338E+00
  0.25004711E+00  0.18625686E+01  0.74765986E+00  0.25060954E+01  0.34201017E-01  0.99981317E+00
  0.24009566E+00  0.18855765E+01  0.74134955E+00  0.25445863E+01  0.33890482E-01  0.99981306E+00
  0.23057529E+00  0.19080081E+01  0.73511921E+00  0.25834952E+01  0.33529359E-01  0.99981303E+00
  0.22147279E+00  0.19298702E+01  0.72897246E+00  0.26227083E+01  0.33120940E-01  0.99981305E+00
  0.21277424E+00  0.19511709E+01  0.72291237E+00  0.26617921E+01  0.32668823E-01  0.99981315E+00
  0.20446528E+00  0.19719193E+01  0.71694147E+00  0.27004960E+01  0.32177107E-01  0.99981331E+00
  0.19653128E+00  0.19921254E+01  0.71106181E+00  0.27387125E+01  0.31650072E-01  0.99981353E+00
  0.18895748E+00  0.20117998E+01  0.70527498E+00  0.27763079E+01  0.31091959E-01  0.99981379E+00
  0.18172911E+00  0.20309537E+01  0.69958219E+00  0.28131241E+01  0.30506937E-01  0.99981408E+00
  0.17483154E+00  0.20495987E+01  0.69398427E+00  0.28490406E+01  0.29899094E-01  0.99981440E+00
  0.16825033E+00  0.20677467E+01  0.68848171E+00  0.28840101E+01  0.29272355E-01  0.99981475E+00
  0.16197133E+00  0.20854098E+01  0.68307472E+00  0.29180355E+01  0.28630382E-01  0.99981510E+00
  0.15598074E+00  0.21026003E+01  0.67776322E+00  0.29511702E+01  0.27976488E-01  0.99981547E+00
  0.15026513E+00  0.21193303E+01  0.67254693E+00  0.29835518E+01  0.27313596E-01  0.99981584E+00
  0.14481153E+00  0.21356122E+01  0.66742537E+00  0.30153030E+01  0.26644204E-01  0.99981621E+00
  0.13960738E+00  0.21514581E+01  0.66239783E+00  0.30458041E+01  0.25970622E-01  0.99981657E+00
  0.13464062E+00  0.21668803E+01  0.65746343E+00  0.30739586E+01  0.25296314E-01  0.99981692E+00
  0.12989962E+00  0.21818910E+01  0.65262106E+00  0.30998308E+01  0.24626581E-01  0.99981726E+00
  0.12537327E+00  0.21965022E+01  0.64786958E+00  0.31245956E+01  0.23964549E-01  0.99981758E+00
  0.12105096E+00  0.22107251E+01  0.64320779E+00  0.31494256E+01  0.23311055E-01  0.99981788E+00
  0.11692255E+00  0.22245710E+01  0.63863449E+00  0.31750553E+01  0.22665053E-01  0.99981815E+00
  0.11297840E+00  0.22380504E+01  0.63414843E+00  0.32017481E+01  0.22024598E-01  0.99981840E+00
  0.10920930E+00  0.22511737E+01  0.62974829E+00  0.32290751E+01  0.21388272E-01  0.99981863E+00
  0.10560648E+00  0.22639513E+01  0.62543266E+00  0.32561995E+01  0.20755823E-01  0.99981883E+00
  0.10216162E+00  0.22763934E+01  0.62120005E+00  0.32827230E+01  0.20127682E-01  0.99981902E+00
  0.98866799E-01  0.22885097E+01  0.61704895E+00  0.33087896E+01  0.19504266E-01  0.99981919E+00
  0.95714506E-01  0.23003099E+01  0.61297782E+00  0.33346924E+01  0.18885497E-01  0.99981933E+00
  0.92697614E-01  0.23118032E+01  0.60898514E+00  0.33606108E+01  0.18270835E-01  0.99981946E+00
  0.89809388E-01  0.23229983E+01  0.60506940E+00  0.33866680E+01  0.17659333E-01  0.99981956E+00
  0.87043390E-01  0.23339041E+01  0.60122906E+00  0.34130346E+01  0.17049478E-01  0.99981964E+00
  0.84393660E-01  0.23445281E+01  0.59746268E+00  0.34399824E+01  0.16439443E-01  0.99981970E+00
  0.81854250E-01  0.23548808E+01  0.59376878E+00  0.34680752E+01  0.15826251E-01  0.99981976E+00
  0.79420116E-01  0.23649601E+01  0.59014539E+00  0.34976904E+01  0.15205909E-01  0.99981982E+00
  0.77085784E-01  0.23748051E+01  0.58659488E+00  0.35301136E+01  0.14571343E-01  0.99981991E+00
  0.74844737E-01  0.23843327E+01  0.58310067E+00  0.35640418E+01  0.13910646E-01  0.99982004E+00
  0.72706553E-01  0.23937349E+01  0.57971033E+00  0.36200948E+01  0.13269962E-01  0.99982022E+00
  0.70596845E-01  0.24028310E+01  0.57628790E+00  0.39861398E+01  0.11921370E-01  0.99982180E+00
  0.68784315E-01  0.24109826E+01  0.57330164E+00  0.40995146E+01  0.94964298E-02  0.99982635E+00
  0.65857516E-01  0.24239167E+01  0.56835551E+00  0.36963085E+01  0.80198807E-02  0.99982837E+00
  0.12825835E+00  0.14479384E+01  0.84488110E+00  0.35345642E+01  0.74448601E-02  0.99982834E+00
  0.32033574E+00  0.30423218E+00  0.99926772E+00  0.35691970E+01  0.67889090E-02  0.99982899E+00
  0.31988379E+00  0.34466131E+00  0.10576848E+01  0.36855153E+01  0.49930600E-02  0.99983296E+00
  0.32635352E+00  0.35158699E+00  0.10646664E+01  0.35687439E+01  0.44665416E-02  0.99983267E+00
  0.33685334E+00  0.33297972E+00  0.10415205E+01  0.35743641E+01  0.43403366E-02  0.99983157E+00
  0.34420424E+00  0.30564828E+00  0.10141199E+01  0.35960951E+01  0.42277137E-02  0.99983045E+00
  0.34642928E+00  0.28024588E+00  0.10026038E+01  0.36138081E+01  0.41191620E-02  0.99982933E+00
  0.34684299E+00  0.25828212E+00  0.99837854E+00  0.36310607E+01  0.40181419E-02  0.99982817E+00
  0.34702663E+00  0.23642645E+00  0.99367857E+00  0.36485172E+01  0.39238862E-02  0.99982697E+00
  0.34676572E+00  0.21332877E+00  0.98823534E+00  0.36660447E+01  0.38361630E-02  0.99982573E+00
  0.34696981E+00  0.19522975E+00  0.98420059E+00  0.36837432E+01  0.37540120E-02  0.99982446E+00
  0.34977824E+00  0.18442894E+00  0.98207636E+00  0.37015126E+01  0.36769877E-02  0.99982316E+00
  0.35619649E+00  0.18669028E+00  0.98110960E+00  0.37193865E+01  0.36045039E-02  0.99982181E+00
  0.36643225E+00  0.19798884E+00  0.97786486E+00  0.37373444E+01  0.35361790E-02  0.99982042E+00
  0.37826054E+00  0.20826714E+00  0.96818702E+00  0.37553843E+01  0.34716397E-02  0.99981900E+00
  0.38936168E+00  0.20477699E+00  0.94975185E+00  0.37735177E+01  0.34105809E-02  0.99981757E+00
  0.39790785E+00  0.18921727E+00  0.92375340E+00  0.37917378E+01  0.33528262E-02  0.99981612E+00
  0.40227331E+00  0.16244756E+00  0.89777432E+00  0.38100179E+01  0.32982395E-02  0.99981468E+00
  0.40512598E+00  0.14482824E+00  0.88154218E+00  0.38283441E+01  0.32467388E-02  0.99981322E+00
  0.41094493E+00  0.13991615E+00  0.87504349E+00  0.38467627E+01  0.31979478E-02  0.99981175E+00
  0.41908662E+00  0.14661574E+00  0.87364194E+00  0.38652473E+01  0.31515899E-02  0.99981024E+00
  0.43058772E+00  0.16072474E+00  0.87376336E+00  0.38837807E+01  0.31074794E-02  0.99980871E+00
  0.43998161E+00  0.16961137E+00  0.87212184E+00  0.39024046E+01  0.30654238E-02  0.99980716E+00
  0.44525844E+00  0.16446282E+00  0.86868053E+00  0.39211464E+01  0.30252012E-02  0.99980557E+00
  0.44476862E+00  0.14900828E+00  0.86327205E+00  0.39399495E+01  0.29867439E-02  0.99980395E+00
  0.43907894E+00  0.12192492E+00  0.85547976E+00  0.39588204E+01  0.29500115E-02  0.99980230E+00
  0.43338906E+00  0.94737983E-01  0.84731398E+00  0.39778209E+01  0.29145987E-02  0.99980061E+00
  0.43430850E+00  0.85763540E-01  0.84022424E+00  0.39968369E+01  0.28803844E-02  0.99979889E+00
  0.44083088E+00  0.86585587E-01  0.83156332E+00  0.40159057E+01  0.28471649E-02  0.99979713E+00
  0.45192118E+00  0.93994702E-01  0.82006350E+00  0.40349773E+01  0.28147842E-02  0.99979535E+00
  0.46751305E+00  0.10587895E+00  0.80588411E+00  0.40539520E+01  0.27833116E-02  0.99979355E+00
  0.48457599E+00  0.11725692E+00  0.79050103E+00  0.40728400E+01  0.27528658E-02  0.99979174E+00
  0.49938372E+00  0.12210521E+00  0.77496639E+00  0.40916313E+01  0.27234539E-02  0.99978993E+00
  0.51217781E+00  0.12100288E+00  0.75929770E+00  0.41102142E+01  0.26955323E-02  0.99978811E+00
  0.52393298E+00  0.11439974E+00  0.74276509E+00  0.41286784E+01  0.26691376E-02  0.99978629E+00
  0.53422926E+00  0.10296325E+00  0.72488671E+00  0.41468645E+01  0.26447741E-02  0.99978447E+00
  0.54245806E+00  0.85684199E-01  0.70573052E+00  0.41649545E+01  0.26224625E-02  0.99978264E+00
  0.55121513E+00  0.68707683E-01  0.68647594E+00  0.41829136E+01  0.26022981E-02  0.99978082E+00
  0.56426946E+00  0.59871920E-01  0.66769766E+00  0.42008253E+01  0.25842087E-02  0.99977899E+00
  0.58326040E+00  0.56779637E-01  0.64880424E+00  0.42187877E+01  0.25679793E-02  0.99977716E+00
  0.60720592E+00  0.59854062E-01  0.62893460E+00  0.42368826E+01  0.25532105E-02  0.99977535E+00
  0.63732730E+00  0.67474151E-01  0.60781497E+00  0.42551362E+01  0.25394989E-02  0.99977354E+00
  0.67275943E+00  0.76330307E-01  0.58510194E+00  0.42735941E+01  0.25263345E-02  0.99977176E+00
  0.70766089E+00  0.80264199E-01  0.56044387E+00  0.42922456E+01  0.25133116E-02  0.99977001E+00
  0.74030271E+00  0.77844850E-01  0.53570207E+00  0.43111502E+01  0.25000641E-02  0.99976828E+00
  0.76712045E+00  0.70266457E-01  0.51249195E+00  0.43303309E+01  0.24862455E-02  0.99976659E+00
  0.78699186E+00  0.57523093E-01  0.49147529E+00  0.43497866E+01  0.24715349E-02  0.99976490E+00
  0.80945869E+00  0.50594607E-01  0.47339135E+00  0.43694695E+01  0.24556088E-02  0.99976320E+00
  0.83986941E+00  0.50409244E-01  0.45702050E+00  0.43892724E+01  0.24381376E-02  0.99976150E+00
  0.87755809E+00  0.54552535E-01  0.44075268E+00  0.44091389E+01  0.24189592E-02  0.99975980E+00
  0.92676000E+00  0.63178841E-01  0.42377633E+00  0.44289409E+01  0.23980479E-02  0.99975811E+00
  0.98460555E+00  0.71162337E-01  0.40499337E+00  0.44485402E+01  0.23755325E-02  0.99975644E+00
  0.10450394E+01  0.73801369E-01  0.38373720E+00  0.44678288E+01  0.23517088E-02  0.99975481E+00
  0.11114574E+01  0.72776485E-01  0.36075765E+00  0.44867854E+01  0.23270763E-02  0.99975321E+00
  0.11865411E+01  0.70699591E-01  0.33670629E+00  0.45054597E+01  0.23019493E-02  0.99975168E+00
  0.12730856E+01  0.68692879E-01  0.31245038E+00  0.45239624E+01  0.22766100E-02  0.99975023E+00
  0.13748029E+01  0.68039674E-01  0.28889143E+00  0.45423315E+01  0.22511159E-02  0.99974890E+00
  0.14892119E+01  0.67678266E-01  0.26691534E+00  0.45606503E+01  0.22256023E-02  0.99974769E+00
  0.16137406E+01  0.65950135E-01  0.24733271E+00  0.45792718E+01  0.21998340E-02  0.99974664E+00
  0.17367354E+01  0.63632360E-01  0.23088063E+00  0.45984174E+01  0.21732496E-02  0.99974574E+00
  0.18482349E+01  0.61832616E-01  0.21743554E+00  0.46178289E+01  0.21461906E-02  0.99974494E+00
  0.19429715E+01  0.60892878E-01  0.20681305E+00  0.46306082E+01  0.21164475E-02  0.99974420E+00
