  0.10000586E+01  0.36584157E-01  0.10000301E+01  0.12691319E+01  0.41309727E-01  0.10000154E+01
  0.10003296E+01  0.37285864E-01  0.10001841E+01  0.34033503E+01  0.26938834E-01  0.10000669E+01
  0.10009463E+01  0.38130988E-01  0.99997356E+00  0.18172625E+01  0.54157507E-02  0.10000333E+01
  0.10038617E+01  0.38995962E-01  0.99752022E+00  0.10550008E+01  0.13362147E-04  0.99999957E+00
  0.10122975E+01  0.39906943E-01  0.98965848E+00  0.10732912E+01  0.14184498E-04  0.99999929E+00
  0.10274702E+01  0.40849712E-01  0.97550504E+00  0.10916363E+01  0.15071883E-04  0.99999898E+00
  0.10475627E+01  0.41829720E-01  0.95726000E+00  0.11099688E+01  0.16006305E-04  0.99999865E+00
  0.10694151E+01  0.42846300E-01  0.93817104E+00  0.11283013E+01  0.16978350E-04  0.99999832E+00
  0.10906750E+01  0.43901596E-01  0.92036108E+00  0.11466337E+01  0.17988225E-04  0.99999800E+00
  0.11111853E+01  0.44997043E-01  0.90385573E+00  0.11649662E+01  0.19039637E-04  0.99999767E+00
  0.11315415E+01  0.46134443E-01  0.88808299E+00  0.11832987E+01  0.20135423E-04  0.99999734E+00
  0.11520057E+01  0.47315454E-01  0.87279880E+00  0.12016312E+01  0.21277298E-04  0.99999701E+00
  0.11726454E+01  0.48541834E-01  0.85793190E+00  0.12199638E+01  0.22466665E-04  0.99999668E+00
  0.11934489E+01  0.49815389E-01  0.84347523E+00  0.12382965E+01  0.23704940E-04  0.99999635E+00
  0.12143922E+01  0.51138015E-01  0.82942936E+00  0.12566293E+01  0.24993692E-04  0.99999602E+00
  0.12354661E+01  0.52511688E-01  0.81578367E+00  0.12749621E+01  0.26334629E-04  0.99999568E+00
  0.12566717E+01  0.53938463E-01  0.80252095E+00  0.12932950E+01  0.27729591E-04  0.99999534E+00
  0.12780116E+01  0.55420474E-01  0.78962386E+00  0.13116280E+01  0.29180521E-04  0.99999500E+00
  0.12994867E+01  0.56959930E-01  0.77707694E+00  0.13299610E+01  0.30689503E-04  0.99999466E+00
  0.13210968E+01  0.58559078E-01  0.76486616E+00  0.13482942E+01  0.32258764E-04  0.99999432E+00
  0.13428415E+01  0.60220180E-01  0.75297827E+00  0.13666274E+01  0.33890622E-04  0.99999398E+00
  0.13647200E+01  0.61945546E-01  0.74140065E+00  0.13849607E+01  0.35587617E-04  0.99999363E+00
  0.13867315E+01  0.63737560E-01  0.73012118E+00  0.14032941E+01  0.37352466E-04  0.99999329E+00
  0.14088744E+01  0.65598705E-01  0.71912835E+00  0.14216276E+01  0.39188034E-04  0.99999294E+00
  0.14311472E+01  0.67531364E-01  0.70841115E+00  0.14399612E+01  0.41097272E-04  0.99999259E+00
  0.14535468E+01  0.69536904E-01  0.69795906E+00  0.14582948E+01  0.43083394E-04  0.99999225E+00
  0.14760684E+01  0.71616079E-01  0.68776202E+00  0.14766286E+01  0.45149827E-04  0.99999190E+00
  0.14987056E+01  0.73769456E-01  0.67781031E+00  0.14949624E+01  0.47300221E-04  0.99999155E+00
  0.15214517E+01  0.75998341E-01  0.66809468E+00  0.15132962E+01  0.49538467E-04  0.99999119E+00
  0.15443017E+01  0.78305413E-01  0.65860646E+00  0.15316302E+01  0.51868690E-04  0.99999084E+00
  0.15672533E+01  0.80694782E-01  0.64933762E+00  0.15499642E+01  0.54295222E-04  0.99999049E+00
  0.15903054E+01  0.83171489E-01  0.64028059E+00  0.15682983E+01  0.56822538E-04  0.99999013E+00
  0.16134555E+01  0.85740430E-01  0.63142796E+00  0.15866325E+01  0.59455248E-04  0.99998978E+00
  0.16366981E+01  0.88405081E-01  0.62277242E+00  0.16049667E+01  0.62198095E-04  0.99998942E+00
  0.16600250E+01  0.91167268E-01  0.61430676E+00  0.16233010E+01  0.65055946E-04  0.99998907E+00
  0.16834254E+01  0.94028450E-01  0.60602393E+00  0.16416353E+01  0.68033777E-04  0.99998871E+00
  0.17068869E+01  0.96990562E-01  0.59791710E+00  0.16599696E+01  0.71136650E-04  0.99998835E+00
  0.17303991E+01  0.10005494E+00  0.58997986E+00  0.16783040E+01  0.74369661E-04  0.99998800E+00
  0.17539546E+01  0.10322209E+00  0.58220627E+00  0.16966385E+01  0.77737799E-04  0.99998764E+00
  0.17775433E+01  0.10649518E+00  0.57459048E+00  0.17149729E+01  0.81245763E-04  0.99998728E+00
  0.18011528E+01  0.10988099E+00  0.56712574E+00  0.17333074E+01  0.84898123E-04  0.99998692E+00
  0.18247804E+01  0.11338897E+00  0.55980871E+00  0.17516420E+01  0.88699349E-04  0.99998657E+00
  0.18484481E+01  0.11700374E+00  0.55262990E+00  0.17699765E+01  0.92650445E-04  0.99998621E+00
  0.18720849E+01  0.12077311E+00  0.54559868E+00  0.17883111E+01  0.96758811E-04  0.99998585E+00
  0.18957581E+01  0.12467435E+00  0.53869642E+00  0.18066457E+01  0.10102171E-03  0.99998550E+00
  0.19194039E+01  0.12870543E+00  0.53191923E+00  0.18249803E+01  0.10543993E-03  0.99998514E+00
  0.19429791E+01  0.13285013E+00  0.52526145E+00  0.18433150E+01  0.11001184E-03  0.99998479E+00
  0.19664297E+01  0.13709436E+00  0.51871655E+00  0.18616497E+01  0.11473508E-03  0.99998444E+00
  0.19897103E+01  0.14142474E+00  0.51227833E+00  0.18799845E+01  0.11960586E-03  0.99998408E+00
  0.20127874E+01  0.14583438E+00  0.50594187E+00  0.18983193E+01  0.12461865E-03  0.99998374E+00
  0.20356454E+01  0.15032322E+00  0.49970329E+00  0.19166542E+01  0.12976532E-03  0.99998339E+00
  0.20582800E+01  0.15489473E+00  0.49355935E+00  0.19349892E+01  0.13503484E-03  0.99998305E+00
  0.20806860E+01  0.15955041E+00  0.48750672E+00  0.19533244E+01  0.14041236E-03  0.99998271E+00
  0.21028476E+01  0.16428554E+00  0.48154140E+00  0.19716596E+01  0.14587905E-03  0.99998237E+00
  0.21247357E+01  0.16908838E+00  0.47565873E+00  0.19899951E+01  0.15141192E-03  0.99998204E+00
  0.21463130E+01  0.17394236E+00  0.46985377E+00  0.20083306E+01  0.15698380E-03  0.99998171E+00
  0.21675430E+01  0.17882877E+00  0.46412175E+00  0.20266664E+01  0.16256319E-03  0.99998138E+00
  0.21883975E+01  0.18372929E+00  0.45845821E+00  0.20450024E+01  0.16811404E-03  0.99998107E+00
  0.22088547E+01  0.18862657E+00  0.45285955E+00  0.20633387E+01  0.17359549E-03  0.99998076E+00
  0.22288887E+01  0.19350032E+00  0.44732174E+00  0.20816751E+01  0.17896167E-03  0.99998045E+00
  0.22484733E+01  0.19832582E+00  0.44184066E+00  0.21000118E+01  0.18416230E-03  0.99998016E+00
  0.22675775E+01  0.20307404E+00  0.43641216E+00  0.21183488E+01  0.18914312E-03  0.99997987E+00
  0.22861701E+01  0.20771301E+00  0.43103221E+00  0.21366860E+01  0.19384658E-03  0.99997959E+00
  0.23042251E+01  0.21220962E+00  0.42569707E+00  0.21550235E+01  0.19821288E-03  0.99997933E+00
  0.23217231E+01  0.21653029E+00  0.42040341E+00  0.21733611E+01  0.20218085E-03  0.99997907E+00
  0.23386495E+01  0.22064053E+00  0.41514827E+00  0.21916989E+01  0.20568914E-03  0.99997883E+00
  0.23549919E+01  0.22450431E+00  0.40992881E+00  0.22100368E+01  0.20867770E-03  0.99997860E+00
  0.23707385E+01  0.22808370E+00  0.40474235E+00  0.22283747E+01  0.21108952E-03  0.99997838E+00
  0.23858756E+01  0.23133975E+00  0.39958645E+00  0.22467126E+01  0.21287244E-03  0.99997818E+00
  0.24003908E+01  0.23423370E+00  0.39445909E+00  0.22650503E+01  0.21398132E-03  0.99997800E+00
  0.24142682E+01  0.23672189E+00  0.38935863E+00  0.22833876E+01  0.21437999E-03  0.99997783E+00
  0.24274360E+01  0.23875648E+00  0.38428072E+00  0.23017259E+01  0.21404428E-03  0.99997767E+00
  0.24398815E+01  0.24030554E+00  0.37922359E+00  0.23200626E+01  0.21296386E-03  0.99997753E+00
  0.24516710E+01  0.24129390E+00  0.37419970E+00  0.23383989E+01  0.21113872E-03  0.99997741E+00
  0.24615674E+01  0.24158117E+00  0.36915956E+00  0.23567346E+01  0.20859832E-03  0.99997731E+00
  0.24708758E+01  0.24117248E+00  0.36413356E+00  0.23750697E+01  0.20540852E-03  0.99997722E+00
  0.24790242E+01  0.24012934E+00  0.35913879E+00  0.23934042E+01  0.20161532E-03  0.99997715E+00
  0.24861968E+01  0.23843976E+00  0.35416422E+00  0.24117380E+01  0.19728398E-03  0.99997709E+00
  0.24926050E+01  0.23617318E+00  0.34922112E+00  0.24300712E+01  0.19248483E-03  0.99997705E+00
  0.24985118E+01  0.23341464E+00  0.34432134E+00  0.24484037E+01  0.18728756E-03  0.99997702E+00
  0.25041505E+01  0.23024460E+00  0.33947528E+00  0.24667356E+01  0.18175886E-03  0.99997700E+00
  0.25096292E+01  0.22671061E+00  0.33468814E+00  0.24850668E+01  0.17596314E-03  0.99997700E+00
  0.25148520E+01  0.22280104E+00  0.32995851E+00  0.25033974E+01  0.16996768E-03  0.99997701E+00
  0.25195935E+01  0.21848086E+00  0.32528315E+00  0.25217274E+01  0.16384655E-03  0.99997703E+00
  0.25236416E+01  0.21372168E+00  0.32065820E+00  0.25400568E+01  0.15767995E-03  0.99997706E+00
  0.25270223E+01  0.20855379E+00  0.31608698E+00  0.25583858E+01  0.15154826E-03  0.99997709E+00
  0.25301911E+01  0.20316139E+00  0.31158993E+00  0.25767148E+01  0.14551850E-03  0.99997714E+00
  0.25340838E+01  0.19782426E+00  0.30719367E+00  0.25950435E+01  0.13962715E-03  0.99997718E+00
  0.25392669E+01  0.19269015E+00  0.30290260E+00  0.26133720E+01  0.13388276E-03  0.99997724E+00
  0.25455424E+01  0.18772506E+00  0.29871076E+00  0.26317003E+01  0.12828847E-03  0.99997729E+00
  0.25524789E+01  0.18284129E+00  0.29460943E+00  0.26500283E+01  0.12285547E-03  0.99997736E+00
  0.25597486E+01  0.17797820E+00  0.29059146E+00  0.26683562E+01  0.11760202E-03  0.99997742E+00
  0.25672098E+01  0.17312389E+00  0.28665419E+00  0.26866839E+01  0.11254870E-03  0.99997748E+00
  0.25749078E+01  0.16831039E+00  0.28279836E+00  0.27050115E+01  0.10771267E-03  0.99997755E+00
  0.25829504E+01  0.16358154E+00  0.27902510E+00  0.27233392E+01  0.10310458E-03  0.99997762E+00
  0.25913901E+01  0.15896527E+00  0.27533442E+00  0.27416669E+01  0.98729516E-04  0.99997768E+00
  0.26002150E+01  0.15447209E+00  0.27172508E+00  0.27599947E+01  0.94589176E-04  0.99997775E+00
  0.26093955E+01  0.15010644E+00  0.26819527E+00  0.27783225E+01  0.90683165E-04  0.99997781E+00
  0.26189159E+01  0.14587411E+00  0.26474322E+00  0.27966506E+01  0.87009260E-04  0.99997787E+00
  0.26287761E+01  0.14178265E+00  0.26136722E+00  0.28149788E+01  0.83563395E-04  0.99997793E+00
  0.26389818E+01  0.13783918E+00  0.25806555E+00  0.28333071E+01  0.80339809E-04  0.99997798E+00
  0.26495374E+01  0.13404892E+00  0.25483635E+00  0.28516357E+01  0.77331347E-04  0.99997803E+00
  0.26604457E+01  0.13041520E+00  0.25167766E+00  0.28699646E+01  0.74529807E-04  0.99997807E+00
  0.26717086E+01  0.12693994E+00  0.24858743E+00  0.28882936E+01  0.71926226E-04  0.99997811E+00
  0.26833284E+01  0.12362392E+00  0.24556358E+00  0.29066229E+01  0.69511118E-04  0.99997815E+00
  0.26953071E+01  0.12046696E+00  0.24260399E+00  0.29249524E+01  0.67274662E-04  0.99997818E+00
  0.27076465E+01  0.11746789E+00  0.23970656E+00  0.29432822E+01  0.65206878E-04  0.99997820E+00
  0.27203474E+01  0.11462470E+00  0.23686916E+00  0.29616122E+01  0.63297765E-04  0.99997822E+00
  0.27334100E+01  0.11193462E+00  0.23408970E+00  0.29799425E+01  0.61537426E-04  0.99997824E+00
  0.27468330E+01  0.10939417E+00  0.23136610E+00  0.29982730E+01  0.59916159E-04  0.99997825E+00
  0.27606145E+01  0.10699930E+00  0.22869632E+00  0.30166037E+01  0.58424537E-04  0.99997825E+00
  0.27747511E+01  0.10474548E+00  0.22607836E+00  0.30349346E+01  0.57053463E-04  0.99997825E+00
  0.27892384E+01  0.10262776E+00  0.22351027E+00  0.30532657E+01  0.55794216E-04  0.99997825E+00
  0.28040711E+01  0.10064086E+00  0.22099014E+00  0.30715971E+01  0.54638472E-04  0.99997824E+00
  0.28192424E+01  0.98779257E-01  0.21851614E+00  0.30899286E+01  0.53578332E-04  0.99997823E+00
  0.28347448E+01  0.97037213E-01  0.21608648E+00  0.31082603E+01  0.52606322E-04  0.99997821E+00
  0.28505693E+01  0.95408867E-01  0.21369943E+00  0.31265922E+01  0.51715404E-04  0.99997819E+00
  0.28667066E+01  0.93888284E-01  0.21135335E+00  0.31449242E+01  0.50898966E-04  0.99997817E+00
  0.28831461E+01  0.92469513E-01  0.20904664E+00  0.31632564E+01  0.50150816E-04  0.99997814E+00
  0.28998768E+01  0.91146637E-01  0.20677778E+00  0.31815887E+01  0.49465173E-04  0.99997811E+00
  0.29168869E+01  0.89913803E-01  0.20454531E+00  0.31999212E+01  0.48836646E-04  0.99997807E+00
  0.29341642E+01  0.88765260E-01  0.20234784E+00  0.32182538E+01  0.48260225E-04  0.99997804E+00
  0.29516960E+01  0.87695380E-01  0.20018405E+00  0.32365865E+01  0.47731263E-04  0.99997800E+00
  0.29694692E+01  0.86698690E-01  0.19805268E+00  0.32549193E+01  0.47245455E-04  0.99997796E+00
  0.29874705E+01  0.85769898E-01  0.19595253E+00  0.32732522E+01  0.46798828E-04  0.99997791E+00
  0.30056865E+01  0.84903921E-01  0.19388246E+00  0.32915852E+01  0.46387715E-04  0.99997787E+00
  0.30241039E+01  0.84095903E-01  0.19184139E+00  0.33099183E+01  0.46008744E-04  0.99997782E+00
  0.30427095E+01  0.83341227E-01  0.18982832E+00  0.33282515E+01  0.45658816E-04  0.99997777E+00
  0.30614904E+01  0.82635518E-01  0.18784229E+00  0.33465848E+01  0.45335089E-04  0.99997772E+00
  0.30804337E+01  0.81974650E-01  0.18588238E+00  0.33649181E+01  0.45034960E-04  0.99997767E+00
  0.30995271E+01  0.81354746E-01  0.18394774E+00  0.33832515E+01  0.44756052E-04  0.99997761E+00
  0.31187587E+01  0.80772177E-01  0.18203758E+00  0.34015849E+01  0.44496195E-04  0.99997756E+00
  0.31381168E+01  0.80223560E-01  0.18015113E+00  0.34199184E+01  0.44253414E-04  0.99997751E+00
  0.31575904E+01  0.79705756E-01  0.17828769E+00  0.34382520E+01  0.44025911E-04  0.99997745E+00
  0.31771689E+01  0.79215856E-01  0.17644658E+00  0.34565855E+01  0.43812057E-04  0.99997740E+00
  0.31968424E+01  0.78751185E-01  0.17462718E+00  0.34749192E+01  0.43610374E-04  0.99997734E+00
  0.32166013E+01  0.78309282E-01  0.17282889E+00  0.34932528E+01  0.43419525E-04  0.99997729E+00
  0.32364369E+01  0.77887879E-01  0.17105115E+00  0.35115865E+01  0.43238303E-04  0.99997723E+00
  0.32563406E+01  0.77484926E-01  0.16929344E+00  0.35299202E+01  0.43065619E-04  0.99997717E+00
  0.32763052E+01  0.77098592E-01  0.16755527E+00  0.35482539E+01  0.42900492E-04  0.99997712E+00
  0.32963230E+01  0.76727095E-01  0.16583616E+00  0.35665877E+01  0.42742035E-04  0.99997706E+00
  0.33163863E+01  0.76368729E-01  0.16413567E+00  0.35849215E+01  0.42589473E-04  0.99997700E+00
  0.33364893E+01  0.76022258E-01  0.16245339E+00  0.36032553E+01  0.42442112E-04  0.99997695E+00
  0.33566271E+01  0.75686494E-01  0.16078892E+00  0.36215891E+01  0.42299318E-04  0.99997689E+00
  0.33767944E+01  0.75360320E-01  0.15914189E+00  0.36399229E+01  0.42160522E-04  0.99997684E+00
  0.33969865E+01  0.75042715E-01  0.15751194E+00  0.36582567E+01  0.42025214E-04  0.99997678E+00
  0.34171988E+01  0.74732759E-01  0.15589873E+00  0.36765906E+01  0.41892939E-04  0.99997673E+00
  0.34374273E+01  0.74429631E-01  0.15430194E+00  0.36949244E+01  0.41763294E-04  0.99997667E+00
  0.34576680E+01  0.74132603E-01  0.15272126E+00  0.37132583E+01  0.41635921E-04  0.99997662E+00
  0.34779175E+01  0.73841036E-01  0.15115639E+00  0.37315922E+01  0.41510505E-04  0.99997656E+00
  0.34981726E+01  0.73554357E-01  0.14960705E+00  0.37499260E+01  0.41386768E-04  0.99997651E+00
  0.35184307E+01  0.73272028E-01  0.14807297E+00  0.37682599E+01  0.41264468E-04  0.99997646E+00
  0.35386896E+01  0.72993522E-01  0.14655390E+00  0.37865938E+01  0.41143384E-04  0.99997640E+00
  0.35589479E+01  0.72718325E-01  0.14504958E+00  0.38049277E+01  0.41023319E-04  0.99997635E+00
  0.35792042E+01  0.72446016E-01  0.14355979E+00  0.38232615E+01  0.40904087E-04  0.99997630E+00
  0.35994557E+01  0.72176384E-01  0.14208428E+00  0.38415954E+01  0.40785528E-04  0.99997625E+00
  0.36196977E+01  0.71909539E-01  0.14062280E+00  0.38599293E+01  0.40667524E-04  0.99997620E+00
  0.36399238E+01  0.71645845E-01  0.13917509E+00  0.38782632E+01  0.40550020E-04  0.99997615E+00
  0.36601284E+01  0.71385585E-01  0.13774092E+00  0.38965970E+01  0.40433031E-04  0.99997610E+00
  0.36803117E+01  0.71128392E-01  0.13632012E+00  0.39149309E+01  0.40316603E-04  0.99997605E+00
  0.37004835E+01  0.70872774E-01  0.13491257E+00  0.39332648E+01  0.40200718E-04  0.99997600E+00
  0.37206661E+01  0.70615666E-01  0.13351823E+00  0.39515986E+01  0.40085164E-04  0.99997595E+00
  0.37409020E+01  0.70351932E-01  0.13213718E+00  0.39699325E+01  0.39969334E-04  0.99997590E+00
  0.37612180E+01  0.70079203E-01  0.13076945E+00  0.39882663E+01  0.39852227E-04  0.99997585E+00
  0.37815904E+01  0.69800205E-01  0.12941461E+00  0.40066002E+01  0.39732920E-04  0.99997581E+00
  0.38019117E+01  0.69526133E-01  0.12807155E+00  0.40249341E+01  0.39611220E-04  0.99997576E+00
  0.38220270E+01  0.69274941E-01  0.12673920E+00  0.40432680E+01  0.39488535E-04  0.99997572E+00
  0.38417709E+01  0.69064103E-01  0.12541648E+00  0.40616019E+01  0.39368149E-04  0.99997567E+00
  0.38610289E+01  0.68904764E-01  0.12410277E+00  0.40799357E+01  0.39254868E-04  0.99997562E+00
  0.38797972E+01  0.68795413E-01  0.12279824E+00  0.40982694E+01  0.39153973E-04  0.99997558E+00
  0.38982092E+01  0.68719594E-01  0.12150387E+00  0.41166029E+01  0.39069684E-04  0.99997553E+00
  0.39165017E+01  0.68648395E-01  0.12022100E+00  0.41349361E+01  0.39003652E-04  0.99997548E+00
  0.39349914E+01  0.68547611E-01  0.11895110E+00  0.41532692E+01  0.38953717E-04  0.99997544E+00
  0.39539205E+01  0.68395734E-01  0.11769585E+00  0.41716021E+01  0.38914636E-04  0.99997539E+00
  0.39733882E+01  0.68185589E-01  0.11645543E+00  0.41899350E+01  0.38879490E-04  0.99997534E+00
  0.39933402E+01  0.67924726E-01  0.11522899E+00  0.42082680E+01  0.38841519E-04  0.99997529E+00
  0.40136299E+01  0.67629731E-01  0.11401517E+00  0.42266010E+01  0.38795577E-04  0.99997524E+00
  0.40341020E+01  0.67317188E-01  0.11281265E+00  0.42449342E+01  0.38738676E-04  0.99997519E+00
  0.40546588E+01  0.66997258E-01  0.11162061E+00  0.42632676E+01  0.38669615E-04  0.99997514E+00
  0.40752751E+01  0.66672945E-01  0.11043874E+00  0.42816012E+01  0.38588002E-04  0.99997510E+00
  0.40959742E+01  0.66342276E-01  0.10926708E+00  0.42999349E+01  0.38493402E-04  0.99997505E+00
  0.41167916E+01  0.66002568E-01  0.10810565E+00  0.43182689E+01  0.38385366E-04  0.99997501E+00
  0.41377502E+01  0.65652278E-01  0.10695437E+00  0.43366030E+01  0.38263169E-04  0.99997496E+00
  0.41588571E+01  0.65291190E-01  0.10581313E+00  0.43549373E+01  0.38125902E-04  0.99997492E+00
  0.41801141E+01  0.64919605E-01  0.10468174E+00  0.43732718E+01  0.37972792E-04  0.99997488E+00
  0.42015261E+01  0.64537623E-01  0.10356007E+00  0.43916066E+01  0.37803094E-04  0.99997484E+00
  0.42231027E+01  0.64144975E-01  0.10244796E+00  0.44099416E+01  0.37616116E-04  0.99997481E+00
  0.42448551E+01  0.63741203E-01  0.10134530E+00  0.44282768E+01  0.37411185E-04  0.99997477E+00
  0.42667946E+01  0.63325854E-01  0.10025196E+00  0.44466122E+01  0.37187644E-04  0.99997474E+00
  0.42889324E+01  0.62898548E-01  0.99167823E-01  0.44649479E+01  0.36944851E-04  0.99997471E+00
  0.43112810E+01  0.62458957E-01  0.98092760E-01  0.44832839E+01  0.36682180E-04  0.99997469E+00
  0.43338544E+01  0.62006744E-01  0.97026657E-01  0.45016200E+01  0.36399007E-04  0.99997466E+00
  0.43566671E+01  0.61541495E-01  0.95969402E-01  0.45199565E+01  0.36094725E-04  0.99997464E+00
  0.43797344E+01  0.61062690E-01  0.94920876E-01  0.45382931E+01  0.35768708E-04  0.99997462E+00
  0.44030710E+01  0.60569733E-01  0.93880970E-01  0.45566300E+01  0.35420415E-04  0.99997461E+00
  0.44266950E+01  0.60061787E-01  0.92849527E-01  0.45749672E+01  0.35048778E-04  0.99997460E+00
  0.44506229E+01  0.59538327E-01  0.91826633E-01  0.45933048E+01  0.34653629E-04  0.99997459E+00
  0.44749256E+01  0.58994534E-01  0.90811126E-01  0.46116441E+01  0.34224750E-04  0.99997459E+00
  0.44995606E+01  0.58433526E-01  0.89808030E-01  0.46299865E+01  0.33769541E-04  0.99997459E+00
  0.45258042E+01  0.57766981E-01  0.88791466E-01  0.46483270E+01  0.33089502E-04  0.99997467E+00
