  0.10000000E-01
  0.30000000E-01
  0.50000000E-01
  0.70000000E-01
  0.90000000E-01
  0.11000000E+00
  0.13000000E+00
  0.15000000E+00
  0.17000000E+00
  0.19000000E+00
  0.21000000E+00
  0.23000000E+00
  0.25000000E+00
  0.27000000E+00
  0.29000000E+00
  0.31000000E+00
  0.33000000E+00
  0.35000000E+00
  0.37000000E+00
  0.39000000E+00
  0.41000000E+00
  0.43000000E+00
  0.45000000E+00
  0.47000000E+00
  0.49000000E+00
  0.51000000E+00
  0.53000000E+00
  0.55000000E+00
  0.57000000E+00
  0.59000000E+00
  0.61000000E+00
  0.63000000E+00
  0.65000000E+00
  0.67000000E+00
  0.69000000E+00
  0.71000000E+00
  0.73000000E+00
  0.75000000E+00
  0.77000000E+00
  0.79000000E+00
  0.81000000E+00
  0.83000000E+00
  0.85000000E+00
  0.87000000E+00
  0.89000000E+00
  0.91000000E+00
  0.93000000E+00
  0.95000000E+00
  0.97000000E+00
  0.99000000E+00
  0.10100000E+01
  0.10300000E+01
  0.10500000E+01
  0.10700000E+01
  0.10900000E+01
  0.11100000E+01
  0.11300000E+01
  0.11500000E+01
  0.11700000E+01
  0.11900000E+01
  0.12100000E+01
  0.12300000E+01
  0.12500000E+01
  0.12700000E+01
  0.12900000E+01
  0.13100000E+01
  0.13300000E+01
  0.13500000E+01
  0.13700000E+01
  0.13900000E+01
  0.14100000E+01
  0.14300000E+01
  0.14500000E+01
  0.14700000E+01
  0.14900000E+01
  0.15100000E+01
  0.15300000E+01
  0.15500000E+01
  0.15700000E+01
  0.15900000E+01
  0.16100000E+01
  0.16300000E+01
  0.16500000E+01
  0.16700000E+01
  0.16900000E+01
  0.17100000E+01
  0.17300000E+01
  0.17500000E+01
  0.17700000E+01
  0.17900000E+01
  0.18100000E+01
  0.18300000E+01
  0.18500000E+01
  0.18700000E+01
  0.18900000E+01
  0.19100000E+01
  0.19300000E+01
  0.19500000E+01
  0.19700000E+01
  0.19900000E+01
  0.20100000E+01
  0.20300000E+01
  0.20500000E+01
  0.20700000E+01
  0.20900000E+01
  0.21100000E+01
  0.21300000E+01
  0.21500000E+01
  0.21700000E+01
  0.21900000E+01
  0.22100000E+01
  0.22300000E+01
  0.22500000E+01
  0.22700000E+01
  0.22900000E+01
  0.23100000E+01
  0.23300000E+01
  0.23500000E+01
  0.23700000E+01
  0.23900000E+01
  0.24100000E+01
  0.24300000E+01
  0.24500000E+01
  0.24700000E+01
  0.24900000E+01
  0.25100000E+01
  0.25300000E+01
  0.25500000E+01
  0.25700000E+01
  0.25900000E+01
  0.26100000E+01
  0.26300000E+01
  0.26500000E+01
  0.26700000E+01
  0.26900000E+01
  0.27100000E+01
  0.27300000E+01
  0.27500000E+01
  0.27700000E+01
  0.27900000E+01
  0.28100000E+01
  0.28300000E+01
  0.28500000E+01
  0.28700000E+01
  0.28900000E+01
  0.29100000E+01
  0.29300000E+01
  0.29500000E+01
  0.29700000E+01
  0.29900000E+01
  0.30100000E+01
  0.30300000E+01
  0.30500000E+01
  0.30700000E+01
  0.30900000E+01
  0.31100000E+01
  0.31300000E+01
  0.31500000E+01
  0.31700000E+01
  0.31900000E+01
  0.32100000E+01
  0.32300000E+01
  0.32500000E+01
  0.32700000E+01
  0.32900000E+01
  0.33100000E+01
  0.33300000E+01
  0.33500000E+01
  0.33700000E+01
  0.33900000E+01
  0.34100000E+01
  0.34300000E+01
  0.34500000E+01
  0.34700000E+01
  0.34900000E+01
  0.35100000E+01
  0.35300000E+01
  0.35500000E+01
  0.35700000E+01
  0.35900000E+01
  0.36100000E+01
  0.36300000E+01
  0.36500000E+01
  0.36700000E+01
  0.36900000E+01
  0.37100000E+01
  0.37300000E+01
  0.37500000E+01
  0.37700000E+01
  0.37900000E+01
  0.38100000E+01
  0.38300000E+01
  0.38500000E+01
  0.38700000E+01
  0.38900000E+01
  0.39100000E+01
  0.39300000E+01
  0.39500000E+01
  0.39700000E+01
  0.39900000E+01
