  0.99899990E+00  0.11703415E+00  0.99978902E+00  0.10202466E+01  0.11384457E+00  0.10000000E+01
  0.99870529E+00  0.11957738E+00  0.99972702E+00  0.10503749E+01  0.11290003E+00  0.10000000E+01
  0.99835608E+00  0.12235127E+00  0.99965333E+00  0.10849566E+01  0.11183882E+00  0.10000001E+01
  0.99803218E+00  0.12520267E+00  0.99958493E+00  0.11226268E+01  0.11070816E+00  0.10000001E+01
  0.99768744E+00  0.12816073E+00  0.99951210E+00  0.11624850E+01  0.10953414E+00  0.10000001E+01
  0.99732926E+00  0.13121531E+00  0.99943639E+00  0.12103820E+01  0.10827700E+00  0.10000001E+01
  0.99695235E+00  0.13437464E+00  0.99935671E+00  0.12509548E+01  0.10689729E+00  0.10000001E+01
  0.99655686E+00  0.13764119E+00  0.99927308E+00  0.12947606E+01  0.10599668E+00  0.10000001E+01
  0.99614112E+00  0.14102036E+00  0.99918507E+00  0.33085741E+01  0.98765304E-01  0.10000207E+01
  0.99570209E+00  0.14451572E+00  0.99909263E+00  0.20988280E+02  0.59429417E-01  0.10001642E+01
  0.99523704E+00  0.14813427E+00  0.99899513E+00  0.14833764E+02  0.28688237E-01  0.10001683E+01
  0.99474932E+00  0.15188096E+00  0.99889226E+00  0.21227144E+01  0.55600076E-02  0.10000676E+01
  0.99423821E+00  0.15575846E+00  0.99878415E+00  0.12176251E+01  0.35904178E-03  0.99999372E+00
  0.99369898E+00  0.15977529E+00  0.99866997E+00  0.12352044E+01  0.37907441E-03  0.99999271E+00
  0.99313031E+00  0.16393656E+00  0.99854948E+00  0.12535734E+01  0.40074901E-03  0.99999167E+00
  0.99252990E+00  0.16824892E+00  0.99842222E+00  0.12716505E+01  0.42393812E-03  0.99999058E+00
  0.99189567E+00  0.17271890E+00  0.99828773E+00  0.12897033E+01  0.44882390E-03  0.99998944E+00
  0.99122526E+00  0.17735355E+00  0.99814550E+00  0.13077332E+01  0.47554199E-03  0.99998824E+00
  0.99051614E+00  0.18216016E+00  0.99799499E+00  0.13257376E+01  0.50423849E-03  0.99998699E+00
  0.98976562E+00  0.18714644E+00  0.99783560E+00  0.13437143E+01  0.53507159E-03  0.99998569E+00
  0.98897077E+00  0.19232041E+00  0.99766670E+00  0.13616607E+01  0.56821260E-03  0.99998433E+00
  0.98812843E+00  0.19769050E+00  0.99748761E+00  0.13795740E+01  0.60384721E-03  0.99998293E+00
  0.98723521E+00  0.20326554E+00  0.99729757E+00  0.13974510E+01  0.64217667E-03  0.99998148E+00
  0.98628745E+00  0.20905475E+00  0.99709578E+00  0.14152884E+01  0.68341912E-03  0.99997998E+00
  0.98528118E+00  0.21506780E+00  0.99688138E+00  0.14330826E+01  0.72781092E-03  0.99997842E+00
  0.98421216E+00  0.22131479E+00  0.99665341E+00  0.14508294E+01  0.77560822E-03  0.99997682E+00
  0.98307581E+00  0.22780629E+00  0.99641085E+00  0.14685243E+01  0.82708858E-03  0.99997517E+00
  0.98186719E+00  0.23455334E+00  0.99615257E+00  0.14861624E+01  0.88255259E-03  0.99997347E+00
  0.98058096E+00  0.24156746E+00  0.99587738E+00  0.15037386E+01  0.94232565E-03  0.99997172E+00
  0.97921136E+00  0.24886069E+00  0.99558403E+00  0.15212468E+01  0.10067598E-02  0.99996993E+00
  0.97775210E+00  0.25644555E+00  0.99527120E+00  0.15386808E+01  0.10762357E-02  0.99996808E+00
  0.97619630E+00  0.26433511E+00  0.99493762E+00  0.15560338E+01  0.11511644E-02  0.99996619E+00
  0.97453641E+00  0.27254294E+00  0.99458202E+00  0.15732981E+01  0.12319897E-02  0.99996425E+00
  0.97276418E+00  0.28108315E+00  0.99420320E+00  0.15904658E+01  0.13191900E-02  0.99996226E+00
  0.97087060E+00  0.28997037E+00  0.99380000E+00  0.16075281E+01  0.14132803E-02  0.99996022E+00
  0.96884597E+00  0.29921976E+00  0.99337118E+00  0.16244755E+01  0.15148144E-02  0.99995813E+00
  0.96668001E+00  0.30884697E+00  0.99291531E+00  0.16412979E+01  0.16243866E-02  0.99995600E+00
  0.96436200E+00  0.31886817E+00  0.99243050E+00  0.16579844E+01  0.17426335E-02  0.99995381E+00
  0.96188107E+00  0.32929998E+00  0.99191413E+00  0.16745234E+01  0.18702356E-02  0.99995158E+00
  0.95922644E+00  0.34015950E+00  0.99136249E+00  0.16909026E+01  0.20079186E-02  0.99994931E+00
  0.95638767E+00  0.35146419E+00  0.99077055E+00  0.17071094E+01  0.21564533E-02  0.99994698E+00
  0.95335479E+00  0.36323191E+00  0.99013164E+00  0.17231291E+01  0.23166574E-02  0.99994461E+00
  0.95011831E+00  0.37548080E+00  0.98943749E+00  0.17389461E+01  0.24893960E-02  0.99994219E+00
  0.94666901E+00  0.38822922E+00  0.98867834E+00  0.17545459E+01  0.26755793E-02  0.99993973E+00
  0.94299754E+00  0.40149570E+00  0.98784328E+00  0.17699154E+01  0.28761578E-02  0.99993722E+00
  0.93909386E+00  0.41529879E+00  0.98692086E+00  0.17850369E+01  0.30921194E-02  0.99993467E+00
  0.93494665E+00  0.42965699E+00  0.98589968E+00  0.17998935E+01  0.33244968E-02  0.99993207E+00
  0.93054276E+00  0.44458858E+00  0.98476891E+00  0.18144715E+01  0.35743288E-02  0.99992943E+00
  0.92586695E+00  0.46011151E+00  0.98351870E+00  0.18287464E+01  0.38427268E-02  0.99992675E+00
  0.92090186E+00  0.47624321E+00  0.98214028E+00  0.18427069E+01  0.41308173E-02  0.99992403E+00
  0.91562829E+00  0.49300038E+00  0.98062575E+00  0.18563816E+01  0.44394466E-02  0.99992128E+00
  0.91002563E+00  0.51039882E+00  0.97896778E+00  0.18696896E+01  0.47698422E-02  0.99991849E+00
  0.90407246E+00  0.52845319E+00  0.97715918E+00  0.18826326E+01  0.51231149E-02  0.99991567E+00
  0.89774706E+00  0.54717676E+00  0.97519254E+00  0.18952066E+01  0.55002728E-02  0.99991282E+00
  0.89102784E+00  0.56658112E+00  0.97305999E+00  0.19074087E+01  0.59022505E-02  0.99990994E+00
  0.88389372E+00  0.58667596E+00  0.97075317E+00  0.19192338E+01  0.63298946E-02  0.99990704E+00
  0.87632429E+00  0.60746870E+00  0.96826334E+00  0.19306782E+01  0.67839438E-02  0.99990411E+00
  0.86829998E+00  0.62896427E+00  0.96558157E+00  0.19417410E+01  0.72650033E-02  0.99990116E+00
  0.85980227E+00  0.65116476E+00  0.96269905E+00  0.19524272E+01  0.77735160E-02  0.99989821E+00
  0.85081383E+00  0.67406911E+00  0.95960742E+00  0.19627447E+01  0.83097353E-02  0.99989524E+00
  0.84131884E+00  0.69767287E+00  0.95629896E+00  0.19727076E+01  0.88736958E-02  0.99989226E+00
  0.83130334E+00  0.72196789E+00  0.95276689E+00  0.19823351E+01  0.94651863E-02  0.99988929E+00
  0.82075569E+00  0.74694211E+00  0.94900554E+00  0.19916515E+01  0.10083724E-01  0.99988632E+00
  0.80966699E+00  0.77257931E+00  0.94501045E+00  0.20006873E+01  0.10728530E-01  0.99988336E+00
  0.79803169E+00  0.79885901E+00  0.94077851E+00  0.20094787E+01  0.11398512E-01  0.99988041E+00
  0.78584805E+00  0.82575630E+00  0.93630800E+00  0.20180686E+01  0.12092242E-01  0.99987749E+00
  0.77311867E+00  0.85324184E+00  0.93159865E+00  0.20265065E+01  0.12807950E-01  0.99987459E+00
  0.75985101E+00  0.88128185E+00  0.92665162E+00  0.20348492E+01  0.13543514E-01  0.99987172E+00
  0.74605787E+00  0.90983792E+00  0.92146958E+00  0.20431600E+01  0.14296460E-01  0.99986889E+00
  0.73175761E+00  0.93886739E+00  0.91605659E+00  0.20515023E+01  0.15063966E-01  0.99986610E+00
  0.71697390E+00  0.96832420E+00  0.91041803E+00  0.20599509E+01  0.15842875E-01  0.99986336E+00
  0.70173612E+00  0.99815862E+00  0.90456057E+00  0.20685832E+01  0.16629722E-01  0.99986068E+00
  0.68607908E+00  0.10283179E+01  0.89849213E+00  0.20774945E+01  0.17420960E-01  0.99985806E+00
  0.67004274E+00  0.10587468E+01  0.89222176E+00  0.20868496E+01  0.18212868E-01  0.99985551E+00
  0.65367163E+00  0.10893881E+01  0.88575959E+00  0.20966841E+01  0.19000453E-01  0.99985303E+00
  0.63701408E+00  0.11201839E+01  0.87911642E+00  0.21070279E+01  0.19779376E-01  0.99985063E+00
  0.62012024E+00  0.11510779E+01  0.87230508E+00  0.21179817E+01  0.20545300E-01  0.99984831E+00
  0.60304838E+00  0.11820069E+01  0.86532852E+00  0.21296692E+01  0.21293721E-01  0.99984608E+00
  0.58585672E+00  0.12129107E+01  0.85820191E+00  0.21422033E+01  0.22020079E-01  0.99984395E+00
  0.56860186E+00  0.12437283E+01  0.85094420E+00  0.21556838E+01  0.22719769E-01  0.99984192E+00
  0.55133371E+00  0.12744045E+01  0.84357941E+00  0.21701933E+01  0.23388361E-01  0.99983998E+00
  0.53410938E+00  0.13048860E+01  0.83611980E+00  0.21858140E+01  0.24021511E-01  0.99983816E+00
  0.51698542E+00  0.13351217E+01  0.82857601E+00  0.22026157E+01  0.24615147E-01  0.99983645E+00
  0.50001360E+00  0.13650635E+01  0.82096198E+00  0.22206488E+01  0.25165494E-01  0.99983485E+00
  0.48324257E+00  0.13946656E+01  0.81329229E+00  0.22399378E+01  0.25669193E-01  0.99983338E+00
  0.46671690E+00  0.14238864E+01  0.80558140E+00  0.22605052E+01  0.26123347E-01  0.99983202E+00
  0.45047688E+00  0.14526882E+01  0.79784344E+00  0.22823848E+01  0.26525355E-01  0.99983077E+00
  0.43455840E+00  0.14810375E+01  0.79009216E+00  0.23055980E+01  0.26872905E-01  0.99982965E+00
  0.41899273E+00  0.15089045E+01  0.78234090E+00  0.23301291E+01  0.27164179E-01  0.99982865E+00
  0.40380656E+00  0.15362635E+01  0.77460248E+00  0.23559085E+01  0.27397973E-01  0.99982776E+00
  0.38902204E+00  0.15630927E+01  0.76688909E+00  0.23829367E+01  0.27574418E-01  0.99982700E+00
  0.37465701E+00  0.15893738E+01  0.75921222E+00  0.24115426E+01  0.27694107E-01  0.99982634E+00
  0.36072516E+00  0.16150923E+01  0.75158253E+00  0.24400604E+01  0.27744683E-01  0.99982579E+00
  0.34723623E+00  0.16402374E+01  0.74400974E+00  0.24679660E+01  0.27741784E-01  0.99982535E+00
  0.33419658E+00  0.16648005E+01  0.73650289E+00  0.24992318E+01  0.27701660E-01  0.99982500E+00
  0.32160927E+00  0.16887763E+01  0.72907019E+00  0.25320087E+01  0.27600690E-01  0.99982476E+00
  0.30947437E+00  0.17121622E+01  0.72171886E+00  0.25641158E+01  0.27443692E-01  0.99982461E+00
  0.29778939E+00  0.17349584E+01  0.71445529E+00  0.25959428E+01  0.27237461E-01  0.99982454E+00
  0.28654961E+00  0.17571667E+01  0.70728503E+00  0.26280743E+01  0.26985956E-01  0.99982453E+00
  0.27574838E+00  0.17787910E+01  0.70021285E+00  0.26605072E+01  0.26691752E-01  0.99982459E+00
  0.26537744E+00  0.17998369E+01  0.69324275E+00  0.26928755E+01  0.26357727E-01  0.99982471E+00
  0.25542712E+00  0.18203115E+01  0.68637804E+00  0.27249388E+01  0.25987278E-01  0.99982490E+00
  0.24588663E+00  0.18402230E+01  0.67962144E+00  0.27566546E+01  0.25583955E-01  0.99982513E+00
  0.23674430E+00  0.18595807E+01  0.67297509E+00  0.27879763E+01  0.25151247E-01  0.99982539E+00
  0.22798777E+00  0.18783950E+01  0.66644067E+00  0.28188039E+01  0.24692570E-01  0.99982570E+00
  0.21960418E+00  0.18966768E+01  0.66001943E+00  0.28490452E+01  0.24211296E-01  0.99982602E+00
  0.21158034E+00  0.19144375E+01  0.65371218E+00  0.28786220E+01  0.23710733E-01  0.99982637E+00
  0.20390288E+00  0.19316893E+01  0.64751943E+00  0.29074957E+01  0.23194072E-01  0.99982673E+00
  0.19655838E+00  0.19484444E+01  0.64144130E+00  0.29356881E+01  0.22664281E-01  0.99982710E+00
  0.18953346E+00  0.19647154E+01  0.63547765E+00  0.29632261E+01  0.22124043E-01  0.99982747E+00
  0.18281491E+00  0.19805149E+01  0.62962802E+00  0.29901620E+01  0.21575739E-01  0.99982784E+00
  0.17638974E+00  0.19958557E+01  0.62389171E+00  0.30166004E+01  0.21021434E-01  0.99982821E+00
  0.17024522E+00  0.20107503E+01  0.61826776E+00  0.30425153E+01  0.20462939E-01  0.99982856E+00
  0.16436898E+00  0.20252116E+01  0.61275497E+00  0.30673940E+01  0.19902031E-01  0.99982890E+00
  0.15874897E+00  0.20392520E+01  0.60735191E+00  0.30905156E+01  0.19342482E-01  0.99982923E+00
  0.15337354E+00  0.20528843E+01  0.60205695E+00  0.31122751E+01  0.18788325E-01  0.99982954E+00
  0.14823146E+00  0.20661206E+01  0.59686839E+00  0.31336213E+01  0.18241346E-01  0.99982982E+00
  0.14331192E+00  0.20789727E+01  0.59178444E+00  0.31551953E+01  0.17701602E-01  0.99983009E+00
  0.13860452E+00  0.20914521E+01  0.58680327E+00  0.31774038E+01  0.17167734E-01  0.99983032E+00
  0.13409930E+00  0.21035700E+01  0.58192300E+00  0.32002860E+01  0.16637775E-01  0.99983052E+00
  0.12978670E+00  0.21153374E+01  0.57714170E+00  0.32233967E+01  0.16110484E-01  0.99983071E+00
  0.12565757E+00  0.21267650E+01  0.57245737E+00  0.32461564E+01  0.15585807E-01  0.99983087E+00
  0.12170315E+00  0.21378634E+01  0.56786799E+00  0.32684618E+01  0.15064161E-01  0.99983101E+00
  0.11791511E+00  0.21486427E+01  0.56337154E+00  0.32904332E+01  0.14545790E-01  0.99983113E+00
  0.11428544E+00  0.21591131E+01  0.55896594E+00  0.33121995E+01  0.14030562E-01  0.99983123E+00
  0.11080671E+00  0.21692837E+01  0.55464926E+00  0.33338780E+01  0.13517863E-01  0.99983130E+00
  0.10747130E+00  0.21791648E+01  0.55041913E+00  0.33554433E+01  0.13006856E-01  0.99983135E+00
  0.10427344E+00  0.21887629E+01  0.54627453E+00  0.33769974E+01  0.12496321E-01  0.99983138E+00
  0.10120376E+00  0.21980932E+01  0.54221036E+00  0.33986736E+01  0.11984578E-01  0.99983139E+00
  0.98263601E-01  0.22071448E+01  0.53823329E+00  0.34206004E+01  0.11469277E-01  0.99983140E+00
  0.95427704E-01  0.22159859E+01  0.53431757E+00  0.34430150E+01  0.10946323E-01  0.99983140E+00
  0.92737679E-01  0.22244333E+01  0.53052126E+00  0.34658987E+01  0.10411832E-01  0.99983143E+00
  0.90087195E-01  0.22332013E+01  0.52670591E+00  0.34899495E+01  0.98554850E-02  0.99983148E+00
  0.87649305E-01  0.22400706E+01  0.52314142E+00  0.35160215E+01  0.92699127E-02  0.99983159E+00
  0.85175642E-01  0.22520726E+01  0.51944975E+00  0.35628848E+01  0.86114262E-02  0.99983186E+00
  0.81820223E-01  0.22597048E+01  0.51423604E+00  0.37011152E+01  0.67089977E-02  0.99983519E+00
  0.29562420E+00  0.80889700E+00  0.81351101E+00  0.35975897E+01  0.46433897E-02  0.99983897E+00
  0.33627866E+00  0.61085238E+00  0.81658464E+00  0.34925200E+01  0.43515219E-02  0.99983847E+00
  0.33577761E+00  0.61238935E+00  0.81642258E+00  0.35095069E+01  0.42385711E-02  0.99983756E+00
  0.33529704E+00  0.61319642E+00  0.81723544E+00  0.35301749E+01  0.41310332E-02  0.99983666E+00
  0.33479640E+00  0.61369889E+00  0.81806002E+00  0.35476509E+01  0.40293855E-02  0.99983574E+00
  0.33491615E+00  0.61327376E+00  0.81732046E+00  0.35650321E+01  0.39351360E-02  0.99983477E+00
  0.33528768E+00  0.61108661E+00  0.81497807E+00  0.35826007E+01  0.38475933E-02  0.99983376E+00
  0.33536433E+00  0.60552252E+00  0.81095239E+00  0.36002962E+01  0.37661432E-02  0.99983272E+00
  0.33473613E+00  0.59609914E+00  0.80594564E+00  0.36180958E+01  0.36903305E-02  0.99983164E+00
  0.33367683E+00  0.58479202E+00  0.80148519E+00  0.36359852E+01  0.36197439E-02  0.99983053E+00
  0.33306119E+00  0.57413782E+00  0.79864792E+00  0.36539494E+01  0.35539081E-02  0.99982938E+00
  0.33325390E+00  0.56620712E+00  0.79787794E+00  0.36719782E+01  0.34923771E-02  0.99982819E+00
  0.33540268E+00  0.55401426E+00  0.79675802E+00  0.36900661E+01  0.34346091E-02  0.99982698E+00
  0.34136852E+00  0.53219015E+00  0.79587306E+00  0.37082146E+01  0.33800062E-02  0.99982573E+00
  0.35276481E+00  0.49704501E+00  0.79434304E+00  0.37264260E+01  0.33277076E-02  0.99982446E+00
  0.36788677E+00  0.45635720E+00  0.78981542E+00  0.37447052E+01  0.32770482E-02  0.99982317E+00
  0.38303231E+00  0.42214021E+00  0.78098476E+00  0.37630344E+01  0.32280143E-02  0.99982186E+00
  0.39586783E+00  0.39687099E+00  0.77067414E+00  0.37814262E+01  0.31808285E-02  0.99982054E+00
  0.40551502E+00  0.37836115E+00  0.76211561E+00  0.37998734E+01  0.31356806E-02  0.99981920E+00
  0.41274671E+00  0.36411714E+00  0.75540123E+00  0.38183643E+01  0.30926218E-02  0.99981784E+00
  0.41916107E+00  0.35247161E+00  0.74851691E+00  0.38368975E+01  0.30517507E-02  0.99981645E+00
  0.42592207E+00  0.34250990E+00  0.73996136E+00  0.38554883E+01  0.30128431E-02  0.99981505E+00
  0.43343352E+00  0.33376297E+00  0.72949672E+00  0.38741261E+01  0.29757690E-02  0.99981363E+00
  0.44149642E+00  0.32595821E+00  0.71780686E+00  0.38928018E+01  0.29404365E-02  0.99981219E+00
  0.44943887E+00  0.31892423E+00  0.70617953E+00  0.39115343E+01  0.29067130E-02  0.99981073E+00
  0.45693669E+00  0.31253047E+00  0.69517218E+00  0.39303281E+01  0.28743037E-02  0.99980926E+00
  0.46437626E+00  0.30676428E+00  0.68433003E+00  0.39491624E+01  0.28431251E-02  0.99980778E+00
  0.47215473E+00  0.30117305E+00  0.67302835E+00  0.39680386E+01  0.28131457E-02  0.99980627E+00
  0.48054331E+00  0.29600910E+00  0.66105456E+00  0.39869815E+01  0.27839355E-02  0.99980475E+00
  0.48979633E+00  0.29098472E+00  0.64821002E+00  0.40059375E+01  0.27555911E-02  0.99980321E+00
  0.49990748E+00  0.28601894E+00  0.63467083E+00  0.40249250E+01  0.27279256E-02  0.99980166E+00
  0.51099243E+00  0.28137766E+00  0.62069199E+00  0.40439057E+01  0.27008729E-02  0.99980010E+00
  0.52338774E+00  0.27697893E+00  0.60616442E+00  0.40628407E+01  0.26745821E-02  0.99979853E+00
  0.53746365E+00  0.27276642E+00  0.59085966E+00  0.40817302E+01  0.26492200E-02  0.99979695E+00
  0.55360380E+00  0.26845264E+00  0.57452257E+00  0.41005536E+01  0.26247473E-02  0.99979538E+00
  0.57186875E+00  0.26357359E+00  0.55718945E+00  0.41192570E+01  0.26015853E-02  0.99979381E+00
  0.59179737E+00  0.25751377E+00  0.53925396E+00  0.41378747E+01  0.25796681E-02  0.99979226E+00
  0.61260436E+00  0.25015975E+00  0.52160286E+00  0.41563228E+01  0.25595545E-02  0.99979072E+00
  0.63409459E+00  0.24141797E+00  0.50502462E+00  0.41746935E+01  0.25412085E-02  0.99978920E+00
  0.65555894E+00  0.23226042E+00  0.49040364E+00  0.41929708E+01  0.25247857E-02  0.99978770E+00
  0.67776148E+00  0.22341895E+00  0.47769340E+00  0.42112024E+01  0.25102353E-02  0.99978622E+00
  0.70161493E+00  0.21527418E+00  0.46621675E+00  0.42294372E+01  0.24973088E-02  0.99978474E+00
  0.72765078E+00  0.20767907E+00  0.45514600E+00  0.42477194E+01  0.24855709E-02  0.99978328E+00
  0.75616376E+00  0.20037455E+00  0.44371789E+00  0.42660678E+01  0.24746210E-02  0.99978183E+00
  0.78744885E+00  0.19296039E+00  0.43135113E+00  0.42845149E+01  0.24639766E-02  0.99978039E+00
  0.82170800E+00  0.18524440E+00  0.41781359E+00  0.43030692E+01  0.24532693E-02  0.99977896E+00
  0.85941422E+00  0.17743262E+00  0.40312114E+00  0.43217705E+01  0.24420732E-02  0.99977756E+00
  0.90180931E+00  0.17007867E+00  0.38733584E+00  0.43406378E+01  0.24300190E-02  0.99977618E+00
  0.95070116E+00  0.16368090E+00  0.37045497E+00  0.43596618E+01  0.24166784E-02  0.99977483E+00
  0.10081656E+01  0.15855291E+00  0.35252337E+00  0.43788041E+01  0.24016647E-02  0.99977353E+00
  0.10759885E+01  0.15467694E+00  0.33370570E+00  0.43979780E+01  0.23846909E-02  0.99977228E+00
  0.11546714E+01  0.15139642E+00  0.31424865E+00  0.44171802E+01  0.23656135E-02  0.99977109E+00
  0.12435125E+01  0.14766568E+00  0.29455677E+00  0.44363049E+01  0.23444413E-02  0.99976997E+00
  0.13406417E+01  0.14289828E+00  0.27525416E+00  0.44552726E+01  0.23214313E-02  0.99976894E+00
  0.14430688E+01  0.13719376E+00  0.25712979E+00  0.44740125E+01  0.22970048E-02  0.99976801E+00
  0.15467075E+01  0.13104872E+00  0.24091892E+00  0.44925366E+01  0.22716498E-02  0.99976717E+00
  0.16467104E+01  0.12504228E+00  0.22714491E+00  0.45108665E+01  0.22458451E-02  0.99976642E+00
  0.17413788E+01  0.11980474E+00  0.21577541E+00  0.45290873E+01  0.22198863E-02  0.99976576E+00
  0.18333734E+01  0.11615007E+00  0.20642031E+00  0.45472225E+01  0.21940128E-02  0.99976517E+00
  0.19262610E+01  0.11462353E+00  0.19860714E+00  0.45653409E+01  0.21681897E-02  0.99976466E+00
  0.20208440E+01  0.11446863E+00  0.19186434E+00  0.45837278E+01  0.21421735E-02  0.99976422E+00
  0.21153864E+01  0.11332301E+00  0.18587408E+00  0.46025032E+01  0.21154314E-02  0.99976384E+00
  0.22069091E+01  0.10944741E+00  0.18032313E+00  0.46213331E+01  0.20881749E-02  0.99976351E+00
  0.22885455E+01  0.10545442E+00  0.17536127E+00  0.46360092E+01  0.20596128E-02  0.99976322E+00
