  0.99911319E+00  0.10359536E+00  0.99981292E+00  0.10232287E+01  0.10047874E+00  0.10000000E+01
  0.99884964E+00  0.10584441E+00  0.99975746E+00  0.10580017E+01  0.99232739E-01  0.10000001E+01
  0.99853846E+00  0.10829704E+00  0.99969179E+00  0.11045082E+01  0.97739757E-01  0.10000001E+01
  0.99825019E+00  0.11081851E+00  0.99963093E+00  0.11424700E+01  0.96153688E-01  0.10000001E+01
  0.99794433E+00  0.11343417E+00  0.99956630E+00  0.12340079E+01  0.94812250E-01  0.99999968E+00
  0.99762709E+00  0.11613521E+00  0.99949930E+00  0.92234919E+01  0.62605423E-01  0.10000892E+01
  0.99729271E+00  0.11892847E+00  0.99942902E+00  0.12618084E+02  0.26407061E-01  0.10001030E+01
  0.99694269E+00  0.12181778E+00  0.99935523E+00  0.24204879E+01  0.51234304E-02  0.10000499E+01
  0.99657725E+00  0.12480516E+00  0.99927807E+00  0.11459130E+01  0.15176061E-03  0.99999706E+00
  0.99619374E+00  0.12789619E+00  0.99919707E+00  0.11640117E+01  0.15999422E-03  0.99999631E+00
  0.99579136E+00  0.13109484E+00  0.99911196E+00  0.11824053E+01  0.16888489E-03  0.99999550E+00
  0.99536907E+00  0.13440584E+00  0.99902212E+00  0.12006600E+01  0.17844639E-03  0.99999464E+00
  0.99492590E+00  0.13783393E+00  0.99892698E+00  0.12189082E+01  0.18875271E-03  0.99999371E+00
  0.99445932E+00  0.14138419E+00  0.99882734E+00  0.12371502E+01  0.19986927E-03  0.99999273E+00
  0.99396282E+00  0.14506187E+00  0.99872788E+00  0.12553856E+01  0.21186558E-03  0.99999169E+00
  0.99342425E+00  0.14887249E+00  0.99863887E+00  0.12736139E+01  0.22481630E-03  0.99999060E+00
  0.99282932E+00  0.15282185E+00  0.99857256E+00  0.12918344E+01  0.23880205E-03  0.99998946E+00
  0.99217636E+00  0.15691598E+00  0.99852841E+00  0.13100465E+01  0.25391005E-03  0.99998827E+00
  0.99151661E+00  0.16116123E+00  0.99845241E+00  0.13282495E+01  0.27023448E-03  0.99998702E+00
  0.99096314E+00  0.16556420E+00  0.99822787E+00  0.13464425E+01  0.28787628E-03  0.99998572E+00
  0.99060024E+00  0.17013182E+00  0.99776670E+00  0.13646245E+01  0.30694354E-03  0.99998437E+00
  0.99048134E+00  0.17487132E+00  0.99701184E+00  0.13827946E+01  0.32755261E-03  0.99998297E+00
  0.99052231E+00  0.17979031E+00  0.99604477E+00  0.14009514E+01  0.34982961E-03  0.99998152E+00
  0.99089735E+00  0.18489665E+00  0.99468720E+00  0.14190937E+01  0.37391128E-03  0.99998003E+00
  0.99199270E+00  0.19019857E+00  0.99254982E+00  0.14372201E+01  0.39994085E-03  0.99997848E+00
  0.99403441E+00  0.19570469E+00  0.98940953E+00  0.14553288E+01  0.42806870E-03  0.99997690E+00
  0.99720173E+00  0.20142398E+00  0.98509833E+00  0.14734181E+01  0.45845372E-03  0.99997528E+00
  0.10016092E+01  0.20736584E+00  0.97952304E+00  0.14914857E+01  0.49126442E-03  0.99997361E+00
  0.10072819E+01  0.21354007E+00  0.97268924E+00  0.15095295E+01  0.52668058E-03  0.99997191E+00
  0.10141426E+01  0.21995691E+00  0.96470866E+00  0.15275468E+01  0.56489560E-03  0.99997018E+00
  0.10220195E+01  0.22662706E+00  0.95578422E+00  0.15455350E+01  0.60611919E-03  0.99996842E+00
  0.10306725E+01  0.23356168E+00  0.94617477E+00  0.15634910E+01  0.65058017E-03  0.99996663E+00
  0.10398330E+01  0.24077240E+00  0.93615090E+00  0.15814116E+01  0.69852905E-03  0.99996481E+00
  0.10491880E+01  0.24827129E+00  0.92600405E+00  0.15992933E+01  0.75024041E-03  0.99996297E+00
  0.10582500E+01  0.25607096E+00  0.91615471E+00  0.16171323E+01  0.80601782E-03  0.99996110E+00
  0.10666865E+01  0.26418441E+00  0.90685955E+00  0.16349247E+01  0.86619788E-03  0.99995920E+00
  0.10743912E+01  0.27262504E+00  0.89816764E+00  0.16526660E+01  0.93114805E-03  0.99995727E+00
  0.10813837E+01  0.28140664E+00  0.89002117E+00  0.16703516E+01  0.10012649E-02  0.99995531E+00
  0.10877363E+01  0.29054339E+00  0.88232331E+00  0.16879766E+01  0.10769732E-02  0.99995332E+00
  0.10935264E+01  0.30004986E+00  0.87497795E+00  0.17055356E+01  0.11587264E-02  0.99995130E+00
  0.10988137E+01  0.30994092E+00  0.86790761E+00  0.17230232E+01  0.12470060E-02  0.99994925E+00
  0.11036326E+01  0.32023175E+00  0.86105718E+00  0.17404327E+01  0.13423248E-02  0.99994716E+00
  0.11079937E+01  0.33093777E+00  0.85439155E+00  0.17577568E+01  0.14452280E-02  0.99994504E+00
  0.11118910E+01  0.34207458E+00  0.84788835E+00  0.17749893E+01  0.15562910E-02  0.99994289E+00
  0.11153030E+01  0.35365787E+00  0.84153683E+00  0.17921251E+01  0.16761153E-02  0.99994071E+00
  0.11182101E+01  0.36570338E+00  0.83532375E+00  0.18091549E+01  0.18053358E-02  0.99993849E+00
  0.11205670E+01  0.37822675E+00  0.82925426E+00  0.18260719E+01  0.19446075E-02  0.99993624E+00
  0.11223799E+01  0.39124345E+00  0.82329432E+00  0.18428684E+01  0.20946290E-02  0.99993397E+00
  0.11235293E+01  0.40476866E+00  0.81750124E+00  0.18595371E+01  0.22560569E-02  0.99993166E+00
  0.11241867E+01  0.41881701E+00  0.81171950E+00  0.18760687E+01  0.24297453E-02  0.99992932E+00
  0.11239568E+01  0.43340270E+00  0.80620334E+00  0.18924595E+01  0.26161878E-02  0.99992696E+00
  0.11231153E+01  0.44853890E+00  0.80072166E+00  0.19087136E+01  0.28161852E-02  0.99992457E+00
  0.11215678E+01  0.46423797E+00  0.79531045E+00  0.19248017E+01  0.30304971E-02  0.99992216E+00
  0.11192672E+01  0.48051099E+00  0.78997139E+00  0.19407279E+01  0.32598175E-02  0.99991973E+00
  0.11161784E+01  0.49736765E+00  0.78469708E+00  0.19564921E+01  0.35047805E-02  0.99991728E+00
  0.11122702E+01  0.51481596E+00  0.77947808E+00  0.19720921E+01  0.37659655E-02  0.99991481E+00
  0.11075125E+01  0.53286203E+00  0.77430452E+00  0.19875278E+01  0.40438798E-02  0.99991233E+00
  0.11018773E+01  0.55150980E+00  0.76916636E+00  0.20028004E+01  0.43389402E-02  0.99990984E+00
  0.10953383E+01  0.57076081E+00  0.76405363E+00  0.20179152E+01  0.46514472E-02  0.99990734E+00
  0.10878716E+01  0.59061388E+00  0.75895668E+00  0.20328780E+01  0.49815671E-02  0.99990485E+00
  0.10794559E+01  0.61106495E+00  0.75386643E+00  0.20477009E+01  0.53293031E-02  0.99990236E+00
  0.10700737E+01  0.63210679E+00  0.74877428E+00  0.20623970E+01  0.56944755E-02  0.99989988E+00
  0.10597120E+01  0.65372878E+00  0.74367185E+00  0.20769844E+01  0.60766980E-02  0.99989741E+00
  0.10483639E+01  0.67591677E+00  0.73855067E+00  0.20914845E+01  0.64753572E-02  0.99989496E+00
  0.10360297E+01  0.69865294E+00  0.73340198E+00  0.21059228E+01  0.68895932E-02  0.99989254E+00
  0.10227170E+01  0.72191565E+00  0.72821686E+00  0.21203296E+01  0.73182846E-02  0.99989014E+00
  0.10084410E+01  0.74567946E+00  0.72298678E+00  0.21347376E+01  0.77600377E-02  0.99988779E+00
  0.99322399E+00  0.76991511E+00  0.71770421E+00  0.21491830E+01  0.82131810E-02  0.99988548E+00
  0.97709485E+00  0.79458943E+00  0.71236328E+00  0.21637079E+01  0.86757638E-02  0.99988322E+00
  0.96008934E+00  0.81966541E+00  0.70696012E+00  0.21783584E+01  0.91455635E-02  0.99988102E+00
  0.94224938E+00  0.84510323E+00  0.70149279E+00  0.21931868E+01  0.96201155E-02  0.99987888E+00
  0.92362411E+00  0.87085989E+00  0.69596096E+00  0.22082633E+01  0.10096800E-01  0.99987680E+00
  0.90427008E+00  0.89688979E+00  0.69036540E+00  0.22236137E+01  0.10572567E-01  0.99987480E+00
  0.88425133E+00  0.92314516E+00  0.68470753E+00  0.22392556E+01  0.11044205E-01  0.99987288E+00
  0.86363884E+00  0.94957666E+00  0.67898914E+00  0.22552533E+01  0.11508550E-01  0.99987105E+00
  0.84250924E+00  0.97613437E+00  0.67321203E+00  0.22716608E+01  0.11962300E-01  0.99986930E+00
  0.82094178E+00  0.10027696E+01  0.66737932E+00  0.22885215E+01  0.12402118E-01  0.99986765E+00
  0.79902837E+00  0.10294273E+01  0.66148693E+00  0.23058760E+01  0.12824665E-01  0.99986610E+00
  0.77685837E+00  0.10560524E+01  0.65553994E+00  0.23237559E+01  0.13226649E-01  0.99986464E+00
  0.75451618E+00  0.10825936E+01  0.64954812E+00  0.23421840E+01  0.13604951E-01  0.99986329E+00
  0.73208669E+00  0.11090038E+01  0.64351677E+00  0.23611800E+01  0.13956675E-01  0.99986204E+00
  0.70964183E+00  0.11352370E+01  0.63746165E+00  0.23807545E+01  0.14279066E-01  0.99986090E+00
  0.68726556E+00  0.11612490E+01  0.63138637E+00  0.24008972E+01  0.14569765E-01  0.99985986E+00
  0.66503685E+00  0.11869979E+01  0.62529550E+00  0.24215891E+01  0.14826718E-01  0.99985893E+00
  0.64302735E+00  0.12124439E+01  0.61919657E+00  0.24428486E+01  0.15048467E-01  0.99985810E+00
  0.62130249E+00  0.12375506E+01  0.61309756E+00  0.24645724E+01  0.15233330E-01  0.99985737E+00
  0.59992148E+00  0.12622853E+01  0.60700639E+00  0.24867938E+01  0.15380169E-01  0.99985674E+00
  0.57893716E+00  0.12866186E+01  0.60093078E+00  0.25095473E+01  0.15488562E-01  0.99985621E+00
  0.55839588E+00  0.13105243E+01  0.59487819E+00  0.25326802E+01  0.15558391E-01  0.99985577E+00
  0.53833737E+00  0.13339801E+01  0.58885579E+00  0.25557346E+01  0.15588160E-01  0.99985541E+00
  0.51879496E+00  0.13569667E+01  0.58287037E+00  0.25794968E+01  0.15583470E-01  0.99985514E+00
  0.49979570E+00  0.13794679E+01  0.57692840E+00  0.26039600E+01  0.15542925E-01  0.99985494E+00
  0.48136065E+00  0.14014708E+01  0.57103588E+00  0.26279965E+01  0.15464587E-01  0.99985482E+00
  0.46350533E+00  0.14229655E+01  0.56519835E+00  0.26521292E+01  0.15352250E-01  0.99985476E+00
  0.44624015E+00  0.14439446E+01  0.55942090E+00  0.26761704E+01  0.15207820E-01  0.99985476E+00
  0.42957083E+00  0.14644033E+01  0.55370812E+00  0.27000742E+01  0.15033412E-01  0.99985481E+00
  0.41349895E+00  0.14843390E+01  0.54806411E+00  0.27240635E+01  0.14830723E-01  0.99985491E+00
  0.39802238E+00  0.15037511E+01  0.54249249E+00  0.27479413E+01  0.14601578E-01  0.99985505E+00
  0.38313575E+00  0.15226412E+01  0.53699640E+00  0.27715171E+01  0.14348298E-01  0.99985523E+00
  0.36883092E+00  0.15410121E+01  0.53157853E+00  0.27948007E+01  0.14073269E-01  0.99985544E+00
  0.35509740E+00  0.15588684E+01  0.52624116E+00  0.28177958E+01  0.13778729E-01  0.99985566E+00
  0.34192272E+00  0.15762158E+01  0.52098616E+00  0.28404861E+01  0.13466841E-01  0.99985591E+00
  0.32929284E+00  0.15930611E+01  0.51581502E+00  0.28628404E+01  0.13139729E-01  0.99985617E+00
  0.31719244E+00  0.16094120E+01  0.51072888E+00  0.28848179E+01  0.12799516E-01  0.99985644E+00
  0.30560527E+00  0.16252770E+01  0.50572858E+00  0.29064095E+01  0.12448263E-01  0.99985671E+00
  0.29451435E+00  0.16406652E+01  0.50081464E+00  0.29276216E+01  0.12087902E-01  0.99985698E+00
  0.28390224E+00  0.16555861E+01  0.49598734E+00  0.29484382E+01  0.11720315E-01  0.99985725E+00
  0.27375126E+00  0.16700498E+01  0.49124670E+00  0.29689101E+01  0.11347060E-01  0.99985751E+00
  0.26404360E+00  0.16840664E+01  0.48659252E+00  0.29890356E+01  0.10969523E-01  0.99985775E+00
  0.25476155E+00  0.16976464E+01  0.48202439E+00  0.30088472E+01  0.10588961E-01  0.99985799E+00
  0.24588754E+00  0.17108003E+01  0.47754173E+00  0.30283996E+01  0.10206342E-01  0.99985820E+00
  0.23740431E+00  0.17235386E+01  0.47314380E+00  0.30476086E+01  0.98226193E-02  0.99985840E+00
  0.22929493E+00  0.17358720E+01  0.46882969E+00  0.30663067E+01  0.94395094E-02  0.99985857E+00
  0.22154291E+00  0.17478109E+01  0.46459838E+00  0.30843898E+01  0.90598199E-02  0.99985873E+00
  0.21413232E+00  0.17593652E+01  0.46044872E+00  0.31020361E+01  0.86867410E-02  0.99985886E+00
  0.20704734E+00  0.17705467E+01  0.45637938E+00  0.31196989E+01  0.83199551E-02  0.99985897E+00
  0.20027373E+00  0.17813616E+01  0.45238933E+00  0.31373756E+01  0.79589239E-02  0.99985905E+00
  0.19379625E+00  0.17918243E+01  0.44847676E+00  0.31551519E+01  0.76020459E-02  0.99985909E+00
  0.18760049E+00  0.18019458E+01  0.44464034E+00  0.31729573E+01  0.72472269E-02  0.99985911E+00
  0.18167970E+00  0.18117045E+01  0.44088075E+00  0.31905887E+01  0.68934155E-02  0.99985911E+00
  0.17600026E+00  0.18212170E+01  0.43718854E+00  0.32079325E+01  0.65406656E-02  0.99985908E+00
  0.17059265E+00  0.18302347E+01  0.43357814E+00  0.32249837E+01  0.61892839E-02  0.99985903E+00
  0.16539679E+00  0.18392592E+01  0.43003875E+00  0.32417554E+01  0.58391552E-02  0.99985896E+00
  0.16033659E+00  0.18477001E+01  0.42648969E+00  0.32582336E+01  0.54901020E-02  0.99985887E+00
  0.15599956E+00  0.18552901E+01  0.42337770E+00  0.32743920E+01  0.51414089E-02  0.99985876E+00
  0.14879431E+00  0.18682478E+01  0.41814059E+00  0.32902081E+01  0.47925416E-02  0.99985862E+00
  0.15753224E+00  0.18179891E+01  0.42451849E+00  0.33057212E+01  0.44445084E-02  0.99985846E+00
  0.43744766E+00  0.86039138E+00  0.60008969E+00  0.33217682E+01  0.41835580E-02  0.99985820E+00
  0.49319075E+00  0.70858381E+00  0.59990279E+00  0.33393555E+01  0.40469782E-02  0.99985771E+00
  0.50559527E+00  0.67400216E+00  0.58857390E+00  0.33572723E+01  0.39255365E-02  0.99985722E+00
  0.52104989E+00  0.65001848E+00  0.58111725E+00  0.33751546E+01  0.38131766E-02  0.99985672E+00
  0.53663027E+00  0.63031925E+00  0.57480907E+00  0.33930901E+01  0.37086065E-02  0.99985620E+00
  0.55120825E+00  0.61098444E+00  0.56835924E+00  0.34110743E+01  0.36110460E-02  0.99985565E+00
  0.56506023E+00  0.59159753E+00  0.56133889E+00  0.34291028E+01  0.35199453E-02  0.99985508E+00
  0.57906761E+00  0.57355826E+00  0.55411034E+00  0.34471718E+01  0.34347731E-02  0.99985448E+00
  0.59372917E+00  0.55748964E+00  0.54688797E+00  0.34652780E+01  0.33549971E-02  0.99985387E+00
  0.60871573E+00  0.54272671E+00  0.53966610E+00  0.34834185E+01  0.32801488E-02  0.99985323E+00
  0.62368644E+00  0.52843410E+00  0.53226522E+00  0.35015915E+01  0.32098494E-02  0.99985258E+00
  0.63896133E+00  0.51463144E+00  0.52452361E+00  0.35197962E+01  0.31437549E-02  0.99985191E+00
  0.65505096E+00  0.50160936E+00  0.51635320E+00  0.35380339E+01  0.30815211E-02  0.99985122E+00
  0.67160146E+00  0.48935761E+00  0.50814933E+00  0.35563086E+01  0.30228185E-02  0.99985052E+00
  0.68728186E+00  0.47767947E+00  0.50082076E+00  0.35746221E+01  0.29673914E-02  0.99984981E+00
  0.70169286E+00  0.46646947E+00  0.49453181E+00  0.35929720E+01  0.29150508E-02  0.99984907E+00
  0.71548464E+00  0.45572665E+00  0.48877821E+00  0.36113558E+01  0.28656061E-02  0.99984833E+00
  0.72936308E+00  0.44544368E+00  0.48308071E+00  0.36297671E+01  0.28188506E-02  0.99984756E+00
  0.74379608E+00  0.43557819E+00  0.47714818E+00  0.36481995E+01  0.27745776E-02  0.99984679E+00
  0.75909101E+00  0.42608946E+00  0.47082653E+00  0.36666477E+01  0.27325886E-02  0.99984599E+00
  0.77535165E+00  0.41695395E+00  0.46411716E+00  0.36851090E+01  0.26926963E-02  0.99984519E+00
  0.79257904E+00  0.40815041E+00  0.45708504E+00  0.37035833E+01  0.26547250E-02  0.99984437E+00
  0.81080723E+00  0.39964842E+00  0.44976336E+00  0.37220715E+01  0.26185073E-02  0.99984355E+00
  0.83016701E+00  0.39141497E+00  0.44212774E+00  0.37405745E+01  0.25838799E-02  0.99984271E+00
  0.85086588E+00  0.38342548E+00  0.43412580E+00  0.37590928E+01  0.25506811E-02  0.99984187E+00
  0.87314691E+00  0.37566843E+00  0.42571099E+00  0.37776257E+01  0.25187497E-02  0.99984103E+00
  0.89728115E+00  0.36814206E+00  0.41684891E+00  0.37961733E+01  0.24879246E-02  0.99984018E+00
  0.92358448E+00  0.36083680E+00  0.40750547E+00  0.38147354E+01  0.24580389E-02  0.99983934E+00
  0.95243600E+00  0.35373742E+00  0.39764315E+00  0.38333097E+01  0.24289304E-02  0.99983850E+00
  0.98428175E+00  0.34681306E+00  0.38721759E+00  0.38518990E+01  0.24004213E-02  0.99983766E+00
  0.10196257E+01  0.34001254E+00  0.37618194E+00  0.38705006E+01  0.23723312E-02  0.99983684E+00
  0.10590529E+01  0.33328376E+00  0.36449322E+00  0.38891126E+01  0.23444746E-02  0.99983603E+00
  0.11032470E+01  0.32660726E+00  0.35212948E+00  0.39077344E+01  0.23166582E-02  0.99983524E+00
  0.11529628E+01  0.32001454E+00  0.33911529E+00  0.39263644E+01  0.22886827E-02  0.99983447E+00
  0.12089265E+01  0.31357202E+00  0.32554273E+00  0.39450005E+01  0.22603385E-02  0.99983373E+00
  0.12716332E+01  0.30733067E+00  0.31158377E+00  0.39636385E+01  0.22314276E-02  0.99983303E+00
  0.13410795E+01  0.30127682E+00  0.29748975E+00  0.39822803E+01  0.22017504E-02  0.99983236E+00
  0.14165590E+01  0.29531704E+00  0.28357129E+00  0.40009192E+01  0.21711635E-02  0.99983175E+00
  0.14967958E+01  0.28938315E+00  0.27016635E+00  0.40195563E+01  0.21395652E-02  0.99983118E+00
  0.15802652E+01  0.28352531E+00  0.25759567E+00  0.40381858E+01  0.21069283E-02  0.99983066E+00
  0.16651601E+01  0.27783817E+00  0.24613877E+00  0.40568093E+01  0.20732703E-02  0.99983020E+00
  0.17491235E+01  0.27239532E+00  0.23603233E+00  0.40754261E+01  0.20386622E-02  0.99982979E+00
  0.18308322E+01  0.26717032E+00  0.22722569E+00  0.40940370E+01  0.20032233E-02  0.99982942E+00
  0.19099986E+01  0.26206268E+00  0.21946978E+00  0.41126435E+01  0.19670890E-02  0.99982909E+00
  0.19863548E+01  0.25696339E+00  0.21252566E+00  0.41312465E+01  0.19304079E-02  0.99982881E+00
  0.20596531E+01  0.25188619E+00  0.20622848E+00  0.41498464E+01  0.18933487E-02  0.99982856E+00
  0.21300893E+01  0.24695452E+00  0.20046903E+00  0.41684428E+01  0.18560829E-02  0.99982834E+00
  0.21979950E+01  0.24228426E+00  0.19516895E+00  0.41870351E+01  0.18187679E-02  0.99982815E+00
  0.22634458E+01  0.23795092E+00  0.19026122E+00  0.42056233E+01  0.17815494E-02  0.99982799E+00
  0.23257686E+01  0.23399582E+00  0.18567442E+00  0.42242062E+01  0.17445786E-02  0.99982785E+00
  0.23843894E+01  0.23070828E+00  0.18137667E+00  0.42427819E+01  0.17080638E-02  0.99982773E+00
  0.24376450E+01  0.22807631E+00  0.17718366E+00  0.42613477E+01  0.16721410E-02  0.99982763E+00
  0.24807073E+01  0.22693187E+00  0.17321998E+00  0.42798984E+01  0.16372921E-02  0.99982755E+00
  0.25182174E+01  0.22720266E+00  0.16940928E+00  0.42984253E+01  0.16039634E-02  0.99982747E+00
  0.25427666E+01  0.22904782E+00  0.16565236E+00  0.43169185E+01  0.15726546E-02  0.99982740E+00
  0.25538635E+01  0.23310857E+00  0.16189738E+00  0.43353682E+01  0.15440912E-02  0.99982731E+00
  0.25502423E+01  0.23864774E+00  0.15849391E+00  0.43537608E+01  0.15189842E-02  0.99982721E+00
  0.25472636E+01  0.24400925E+00  0.15506985E+00  0.43720889E+01  0.14977056E-02  0.99982710E+00
  0.25479195E+01  0.24816073E+00  0.15189915E+00  0.43903489E+01  0.14800532E-02  0.99982696E+00
  0.25559815E+01  0.25054447E+00  0.14900806E+00  0.44085468E+01  0.14654462E-02  0.99982681E+00
  0.25714312E+01  0.25070005E+00  0.14634232E+00  0.44266992E+01  0.14531442E-02  0.99982665E+00
  0.26035311E+01  0.24835686E+00  0.14390166E+00  0.44448264E+01  0.14419109E-02  0.99982649E+00
  0.26458068E+01  0.24401450E+00  0.14192411E+00  0.44629414E+01  0.14309534E-02  0.99982633E+00
  0.27087735E+01  0.23627696E+00  0.13997738E+00  0.44810481E+01  0.14191406E-02  0.99982620E+00
  0.27819225E+01  0.22680345E+00  0.13821371E+00  0.44991756E+01  0.14055970E-02  0.99982610E+00
  0.28536686E+01  0.21826508E+00  0.13645305E+00  0.45173138E+01  0.13904934E-02  0.99982603E+00
  0.29206386E+01  0.21094868E+00  0.13464231E+00  0.45354517E+01  0.13745347E-02  0.99982600E+00
  0.29827840E+01  0.20444797E+00  0.13280850E+00  0.45535814E+01  0.13583143E-02  0.99982601E+00
  0.30409596E+01  0.19872200E+00  0.13097177E+00  0.45716778E+01  0.13423768E-02  0.99982603E+00
  0.30961665E+01  0.19376359E+00  0.12911908E+00  0.45899161E+01  0.13265908E-02  0.99982609E+00
  0.31480302E+01  0.18946868E+00  0.12730875E+00  0.46082906E+01  0.13105309E-02  0.99982617E+00
  0.31990769E+01  0.18553621E+00  0.12543527E+00  0.46266278E+01  0.12950110E-02  0.99982626E+00
  0.32467159E+01  0.18215389E+00  0.12372932E+00  0.46440446E+01  0.12776528E-02  0.99982641E+00
