 -0.99000000E+00
 -0.97000000E+00
 -0.95000000E+00
 -0.93000000E+00
 -0.91000000E+00
 -0.89000000E+00
 -0.87000000E+00
 -0.85000000E+00
 -0.83000000E+00
 -0.81000000E+00
 -0.79000000E+00
 -0.77000000E+00
 -0.75000000E+00
 -0.73000000E+00
 -0.71000000E+00
 -0.69000000E+00
 -0.67000000E+00
 -0.65000000E+00
 -0.63000000E+00
 -0.61000000E+00
 -0.59000000E+00
 -0.57000000E+00
 -0.55000000E+00
 -0.53000000E+00
 -0.51000000E+00
 -0.49000000E+00
 -0.47000000E+00
 -0.45000000E+00
 -0.43000000E+00
 -0.41000000E+00
 -0.39000000E+00
 -0.37000000E+00
 -0.35000000E+00
 -0.33000000E+00
 -0.31000000E+00
 -0.29000000E+00
 -0.27000000E+00
 -0.25000000E+00
 -0.23000000E+00
 -0.21000000E+00
 -0.19000000E+00
 -0.17000000E+00
 -0.15000000E+00
 -0.13000000E+00
 -0.11000000E+00
 -0.90000000E-01
 -0.70000000E-01
 -0.50000000E-01
 -0.30000000E-01
 -0.10000000E-01
  0.10000000E-01
  0.30000000E-01
  0.50000000E-01
  0.70000000E-01
  0.90000000E-01
  0.11000000E+00
  0.13000000E+00
  0.15000000E+00
  0.17000000E+00
  0.19000000E+00
  0.21000000E+00
  0.23000000E+00
  0.25000000E+00
  0.27000000E+00
  0.29000000E+00
  0.31000000E+00
  0.33000000E+00
  0.35000000E+00
  0.37000000E+00
  0.39000000E+00
  0.41000000E+00
  0.43000000E+00
  0.45000000E+00
  0.47000000E+00
  0.49000000E+00
  0.51000000E+00
  0.53000000E+00
  0.55000000E+00
  0.57000000E+00
  0.59000000E+00
  0.61000000E+00
  0.63000000E+00
  0.65000000E+00
  0.67000000E+00
  0.69000000E+00
  0.71000000E+00
  0.73000000E+00
  0.75000000E+00
  0.77000000E+00
  0.79000000E+00
  0.81000000E+00
  0.83000000E+00
  0.85000000E+00
  0.87000000E+00
  0.89000000E+00
  0.91000000E+00
  0.93000000E+00
  0.95000000E+00
  0.97000000E+00
  0.99000000E+00
