  0.10000000E+01 -0.10000000E+01  0.10000000E+01 -0.84515426E+00
  0.10000000E+01 -0.10000000E+01  0.10000000E+01 -0.84515426E+00
  0.10000000E+01 -0.10000000E+01  0.10000000E+01 -0.84515426E+00
  0.10000000E+01 -0.10000000E+01  0.10000000E+01 -0.84515426E+00
  0.10000000E+01 -0.10000000E+01  0.10000000E+01 -0.84515426E+00
  0.99940824E+00 -0.99923717E+00  0.99916585E+00 -0.84461198E+00
  0.98648743E+00 -0.98346939E+00  0.98113804E+00 -0.83344617E+00
  0.95693379E+00 -0.94768389E+00  0.94023407E+00 -0.80802061E+00
  0.91995410E+00 -0.90167616E+00  0.88964615E+00 -0.77492737E+00
  0.88394609E+00 -0.85549011E+00  0.84117848E+00 -0.74117335E+00
  0.85102155E+00 -0.81175948E+00  0.79754620E+00 -0.70868903E+00
  0.82039936E+00 -0.76982542E+00  0.75757040E+00 -0.67706348E+00
  0.79139637E+00 -0.72893143E+00  0.72025943E+00 -0.64576605E+00
  0.76362748E+00 -0.68864206E+00  0.68504942E+00 -0.61448227E+00
  0.73688624E+00 -0.64872254E+00  0.65162637E+00 -0.58303667E+00
  0.71105226E+00 -0.60904352E+00  0.61979758E+00 -0.55132811E+00
  0.68604952E+00 -0.56952834E+00  0.58943312E+00 -0.51929219E+00
  0.66182539E+00 -0.53012980E+00  0.56043639E+00 -0.48688540E+00
  0.63834093E+00 -0.49081931E+00  0.53273039E+00 -0.45407777E+00
  0.61556700E+00 -0.45157995E+00  0.50625212E+00 -0.42084762E+00
  0.59348199E+00 -0.41240451E+00  0.48094916E+00 -0.38718059E+00
  0.57207121E+00 -0.37329712E+00  0.45677830E+00 -0.35307172E+00
  0.55132885E+00 -0.33427775E+00  0.43370707E+00 -0.31853017E+00
  0.53126228E+00 -0.29539341E+00  0.41171793E+00 -0.28359031E+00
  0.51190071E+00 -0.25674089E+00  0.39081676E+00 -0.24833464E+00
  0.49331076E+00 -0.21850644E+00  0.37104741E+00 -0.21293440E+00
  0.47561945E+00 -0.18102760E+00  0.35251264E+00 -0.17771465E+00
  0.45904108E+00 -0.14487437E+00  0.33539700E+00 -0.14324311E+00
  0.44389699E+00 -0.11092447E+00  0.31998103E+00 -0.11041862E+00
  0.43060556E+00 -0.80369915E-01  0.30662626E+00 -0.80494209E-01
  0.41961270E+00 -0.54558772E-01  0.29570591E+00 -0.54928138E-01
  0.41124686E+00 -0.34602749E-01  0.28747035E+00 -0.34978514E-01
  0.40553722E+00 -0.20844625E-01  0.28188447E+00 -0.21130505E-01
  0.40210880E+00 -0.12527509E-01  0.27853903E+00 -0.12721241E-01
  0.40027781E+00 -0.80339652E-02  0.27674608E+00 -0.81659356E-02
  0.39932656E+00 -0.56294428E-02  0.27579925E+00 -0.57249139E-02
  0.39876218E+00 -0.41282939E-02  0.27521734E+00 -0.41997717E-02
  0.39836787E+00 -0.30228842E-02  0.27479013E+00 -0.30760903E-02
  0.39808950E+00 -0.21814560E-02  0.27446345E+00 -0.22203965E-02
  0.39791395E+00 -0.15459672E-02  0.27421877E+00 -0.15739185E-02
  0.39781822E+00 -0.10589053E-02  0.27403458E+00 -0.10782830E-02
  0.39775579E+00 -0.70694866E-03  0.27389534E+00 -0.72001210E-03
  0.39764915E+00 -0.48365198E-03  0.27380775E+00 -0.49260194E-03
  0.39725371E+00 -0.34674136E-03  0.27377135E+00 -0.35300562E-03
  0.39596256E+00 -0.25147578E-03  0.27375287E+00 -0.25561119E-03
  0.39277921E+00 -0.13106207E-03  0.27372729E+00 -0.13268694E-03
  0.38674881E+00  0.69872794E-04  0.27368820E+00  0.70198939E-04
  0.37839816E+00  0.28795897E-03  0.27367680E+00  0.28616869E-03
  0.37099599E+00  0.33814883E-03  0.27367475E+00  0.33274467E-03
  0.36798032E+00  0.14946848E-03  0.27372959E+00  0.14646606E-03
  0.36798032E+00 -0.14946848E-03  0.27372959E+00 -0.14646606E-03
  0.37099599E+00 -0.33814883E-03  0.27367475E+00 -0.33274467E-03
  0.37839816E+00 -0.28795897E-03  0.27367680E+00 -0.28616869E-03
  0.38674881E+00 -0.69872794E-04  0.27368820E+00 -0.70198939E-04
  0.39277921E+00  0.13106207E-03  0.27372729E+00  0.13268694E-03
  0.39596256E+00  0.25147578E-03  0.27375287E+00  0.25561119E-03
  0.39725371E+00  0.34674136E-03  0.27377135E+00  0.35300562E-03
  0.39764915E+00  0.48365198E-03  0.27380775E+00  0.49260194E-03
  0.39775579E+00  0.70694866E-03  0.27389534E+00  0.72001210E-03
  0.39781822E+00  0.10589053E-02  0.27403458E+00  0.10782830E-02
  0.39791395E+00  0.15459672E-02  0.27421877E+00  0.15739185E-02
  0.39808950E+00  0.21814560E-02  0.27446345E+00  0.22203965E-02
  0.39836787E+00  0.30228842E-02  0.27479013E+00  0.30760903E-02
  0.39876218E+00  0.41282939E-02  0.27521734E+00  0.41997717E-02
  0.39932656E+00  0.56294428E-02  0.27579925E+00  0.57249139E-02
  0.40027781E+00  0.80339652E-02  0.27674608E+00  0.81659356E-02
  0.40210880E+00  0.12527509E-01  0.27853903E+00  0.12721241E-01
  0.40553722E+00  0.20844625E-01  0.28188447E+00  0.21130505E-01
  0.41124686E+00  0.34602749E-01  0.28747035E+00  0.34978514E-01
  0.41961270E+00  0.54558772E-01  0.29570591E+00  0.54928138E-01
  0.43060556E+00  0.80369915E-01  0.30662626E+00  0.80494209E-01
  0.44389699E+00  0.11092447E+00  0.31998103E+00  0.11041862E+00
  0.45904108E+00  0.14487437E+00  0.33539700E+00  0.14324311E+00
  0.47561945E+00  0.18102760E+00  0.35251264E+00  0.17771465E+00
  0.49331076E+00  0.21850644E+00  0.37104741E+00  0.21293440E+00
  0.51190071E+00  0.25674089E+00  0.39081676E+00  0.24833464E+00
  0.53126228E+00  0.29539341E+00  0.41171793E+00  0.28359031E+00
  0.55132885E+00  0.33427775E+00  0.43370707E+00  0.31853017E+00
  0.57207121E+00  0.37329712E+00  0.45677830E+00  0.35307172E+00
  0.59348199E+00  0.41240451E+00  0.48094916E+00  0.38718059E+00
  0.61556700E+00  0.45157995E+00  0.50625212E+00  0.42084762E+00
  0.63834093E+00  0.49081931E+00  0.53273039E+00  0.45407777E+00
  0.66182539E+00  0.53012980E+00  0.56043639E+00  0.48688540E+00
  0.68604952E+00  0.56952834E+00  0.58943312E+00  0.51929219E+00
  0.71105226E+00  0.60904352E+00  0.61979758E+00  0.55132811E+00
  0.73688624E+00  0.64872254E+00  0.65162637E+00  0.58303667E+00
  0.76362748E+00  0.68864206E+00  0.68504942E+00  0.61448227E+00
  0.79139637E+00  0.72893143E+00  0.72025943E+00  0.64576605E+00
  0.82039936E+00  0.76982542E+00  0.75757040E+00  0.67706348E+00
  0.85102155E+00  0.81175948E+00  0.79754620E+00  0.70868903E+00
  0.88394609E+00  0.85549011E+00  0.84117848E+00  0.74117335E+00
  0.91995410E+00  0.90167616E+00  0.88964615E+00  0.77492737E+00
  0.95693379E+00  0.94768389E+00  0.94023407E+00  0.80802061E+00
  0.98648743E+00  0.98346939E+00  0.98113804E+00  0.83344617E+00
  0.99940824E+00  0.99923717E+00  0.99916585E+00  0.84461198E+00
  0.10000000E+01  0.10000000E+01  0.10000000E+01  0.84515426E+00
  0.10000000E+01  0.10000000E+01  0.10000000E+01  0.84515426E+00
  0.10000000E+01  0.10000000E+01  0.10000000E+01  0.84515426E+00
  0.10000000E+01  0.10000000E+01  0.10000000E+01  0.84515426E+00
  0.10000000E+01  0.10000000E+01  0.10000000E+01  0.84515426E+00
