  0.10000000E+01 -0.10000000E+01  0.10000000E+01 -0.84515426E+00
  0.10000000E+01 -0.10000000E+01  0.10000000E+01 -0.84515426E+00
  0.10000000E+01 -0.10000000E+01  0.10000000E+01 -0.84515426E+00
  0.10000000E+01 -0.10000000E+01  0.10000000E+01 -0.84515426E+00
  0.10000000E+01 -0.10000000E+01  0.10000000E+01 -0.84515426E+00
  0.10000000E+01 -0.10000000E+01  0.10000000E+01 -0.84515426E+00
  0.10000000E+01 -0.10000000E+01  0.10000000E+01 -0.84515426E+00
  0.10000000E+01 -0.10000000E+01  0.10000000E+01 -0.84515426E+00
  0.10000000E+01 -0.10000000E+01  0.10000000E+01 -0.84515426E+00
  0.10000000E+01 -0.10000000E+01  0.10000000E+01 -0.84515426E+00
  0.10000000E+01 -0.10000000E+01  0.10000000E+01 -0.84515426E+00
  0.10000000E+01 -0.10000000E+01  0.10000000E+01 -0.84515426E+00
  0.10000000E+01 -0.10000000E+01  0.10000000E+01 -0.84515426E+00
  0.10000000E+01 -0.10000000E+01  0.10000000E+01 -0.84515426E+00
  0.10000000E+01 -0.10000000E+01  0.10000000E+01 -0.84515426E+00
  0.10000000E+01 -0.10000000E+01  0.10000000E+01 -0.84515426E+00
  0.99682734E+00 -0.99599257E+00  0.99554622E+00 -0.84230881E+00
  0.97352805E+00 -0.96776025E+00  0.96315698E+00 -0.82229843E+00
  0.93308509E+00 -0.91801672E+00  0.90753959E+00 -0.78670953E+00
  0.88728229E+00 -0.85961775E+00  0.84561348E+00 -0.74419426E+00
  0.84406642E+00 -0.80222292E+00  0.78836440E+00 -0.70154552E+00
  0.80432280E+00 -0.74716594E+00  0.73674477E+00 -0.65979605E+00
  0.76716034E+00 -0.69365834E+00  0.68940017E+00 -0.61842776E+00
  0.73196138E+00 -0.64103326E+00  0.64540420E+00 -0.57695872E+00
  0.69838938E+00 -0.58892422E+00  0.60423068E+00 -0.53510971E+00
  0.66625586E+00 -0.53713948E+00  0.56556187E+00 -0.49272378E+00
  0.63544590E+00 -0.48557922E+00  0.52918523E+00 -0.44970893E+00
  0.60588691E+00 -0.43419943E+00  0.49494908E+00 -0.40601376E+00
  0.57753834E+00 -0.38300703E+00  0.46274456E+00 -0.36162836E+00
  0.55039523E+00 -0.33207499E+00  0.43250536E+00 -0.31660206E+00
  0.52450276E+00 -0.28158236E+00  0.40421993E+00 -0.27108561E+00
  0.49998380E+00 -0.23189161E+00  0.37795551E+00 -0.22541283E+00
  0.47708030E+00 -0.18367265E+00  0.35389316E+00 -0.18023541E+00
  0.45620062E+00 -0.13806440E+00  0.33236483E+00 -0.13670616E+00
  0.43794297E+00 -0.96800324E-01  0.31386452E+00 -0.96638562E-01
  0.42303037E+00 -0.62103674E-01  0.29897738E+00 -0.62433817E-01
  0.41207917E+00 -0.36069976E-01  0.28816439E+00 -0.36454573E-01
  0.40520213E+00 -0.19519814E-01  0.28140987E+00 -0.19796019E-01
  0.40172232E+00 -0.11016423E-01  0.27797711E+00 -0.11192704E-01
  0.40027367E+00 -0.74394883E-02  0.27651193E+00 -0.75648553E-02
  0.39967519E+00 -0.55738674E-02  0.27585127E+00 -0.56703350E-02
  0.39914553E+00 -0.40765225E-02  0.27526093E+00 -0.41487683E-02
  0.39859414E+00 -0.28892937E-02  0.27472309E+00 -0.29413422E-02
  0.39793206E+00 -0.20139784E-02  0.27441073E+00 -0.20497208E-02
  0.39674484E+00 -0.12687955E-02  0.27433539E+00 -0.12895623E-02
  0.39366510E+00 -0.77482015E-03  0.27414409E+00 -0.78471311E-03
  0.38762141E+00 -0.53054849E-03  0.27389014E+00 -0.53342915E-03
  0.37877581E+00 -0.14055445E-03  0.27372233E+00 -0.13973866E-03
  0.37062016E+00  0.28527802E-03  0.27382344E+00  0.28050042E-03
  0.36706229E+00  0.19954047E-03  0.27385767E+00  0.19524252E-03
  0.36706229E+00 -0.19954047E-03  0.27385767E+00 -0.19524252E-03
  0.37062016E+00 -0.28527802E-03  0.27382344E+00 -0.28050042E-03
  0.37877581E+00  0.14055445E-03  0.27372233E+00  0.13973866E-03
  0.38762141E+00  0.53054849E-03  0.27389014E+00  0.53342915E-03
  0.39366510E+00  0.77482015E-03  0.27414409E+00  0.78471311E-03
  0.39674484E+00  0.12687955E-02  0.27433539E+00  0.12895623E-02
  0.39793206E+00  0.20139784E-02  0.27441073E+00  0.20497208E-02
  0.39859414E+00  0.28892937E-02  0.27472309E+00  0.29413422E-02
  0.39914553E+00  0.40765225E-02  0.27526093E+00  0.41487683E-02
  0.39967519E+00  0.55738674E-02  0.27585127E+00  0.56703350E-02
  0.40027367E+00  0.74394883E-02  0.27651193E+00  0.75648553E-02
  0.40172232E+00  0.11016423E-01  0.27797711E+00  0.11192704E-01
  0.40520213E+00  0.19519814E-01  0.28140987E+00  0.19796019E-01
  0.41207917E+00  0.36069976E-01  0.28816439E+00  0.36454573E-01
  0.42303037E+00  0.62103674E-01  0.29897738E+00  0.62433817E-01
  0.43794297E+00  0.96800324E-01  0.31386452E+00  0.96638562E-01
  0.45620062E+00  0.13806440E+00  0.33236483E+00  0.13670616E+00
  0.47708030E+00  0.18367265E+00  0.35389316E+00  0.18023541E+00
  0.49998380E+00  0.23189161E+00  0.37795551E+00  0.22541283E+00
  0.52450276E+00  0.28158236E+00  0.40421993E+00  0.27108561E+00
  0.55039523E+00  0.33207499E+00  0.43250536E+00  0.31660206E+00
  0.57753834E+00  0.38300703E+00  0.46274456E+00  0.36162836E+00
  0.60588691E+00  0.43419943E+00  0.49494908E+00  0.40601376E+00
  0.63544590E+00  0.48557922E+00  0.52918523E+00  0.44970893E+00
  0.66625586E+00  0.53713948E+00  0.56556187E+00  0.49272378E+00
  0.69838938E+00  0.58892422E+00  0.60423068E+00  0.53510971E+00
  0.73196138E+00  0.64103326E+00  0.64540420E+00  0.57695872E+00
  0.76716034E+00  0.69365834E+00  0.68940017E+00  0.61842776E+00
  0.80432280E+00  0.74716594E+00  0.73674477E+00  0.65979605E+00
  0.84406642E+00  0.80222292E+00  0.78836440E+00  0.70154552E+00
  0.88728229E+00  0.85961775E+00  0.84561348E+00  0.74419426E+00
  0.93308509E+00  0.91801672E+00  0.90753959E+00  0.78670953E+00
  0.97352805E+00  0.96776025E+00  0.96315698E+00  0.82229843E+00
  0.99682734E+00  0.99599257E+00  0.99554622E+00  0.84230881E+00
  0.10000000E+01  0.10000000E+01  0.10000000E+01  0.84515426E+00
  0.10000000E+01  0.10000000E+01  0.10000000E+01  0.84515426E+00
  0.10000000E+01  0.10000000E+01  0.10000000E+01  0.84515426E+00
  0.10000000E+01  0.10000000E+01  0.10000000E+01  0.84515426E+00
  0.10000000E+01  0.10000000E+01  0.10000000E+01  0.84515426E+00
  0.10000000E+01  0.10000000E+01  0.10000000E+01  0.84515426E+00
  0.10000000E+01  0.10000000E+01  0.10000000E+01  0.84515426E+00
  0.10000000E+01  0.10000000E+01  0.10000000E+01  0.84515426E+00
  0.10000000E+01  0.10000000E+01  0.10000000E+01  0.84515426E+00
  0.10000000E+01  0.10000000E+01  0.10000000E+01  0.84515426E+00
  0.10000000E+01  0.10000000E+01  0.10000000E+01  0.84515426E+00
  0.10000000E+01  0.10000000E+01  0.10000000E+01  0.84515426E+00
  0.10000000E+01  0.10000000E+01  0.10000000E+01  0.84515426E+00
  0.10000000E+01  0.10000000E+01  0.10000000E+01  0.84515426E+00
  0.10000000E+01  0.10000000E+01  0.10000000E+01  0.84515426E+00
  0.10000000E+01  0.10000000E+01  0.10000000E+01  0.84515426E+00
