  0.83300554E+00 -0.83505575E+00  0.77396665E+00 -0.73217395E+00
  0.83354438E+00 -0.78618228E+00  0.77474714E+00 -0.68919737E+00
  0.80719190E+00 -0.74931419E+00  0.74060302E+00 -0.66114330E+00
  0.78402772E+00 -0.71807582E+00  0.71092573E+00 -0.63732343E+00
  0.76165458E+00 -0.68589752E+00  0.68263502E+00 -0.61232214E+00
  0.74009627E+00 -0.65371406E+00  0.65568864E+00 -0.58697430E+00
  0.71910540E+00 -0.62167347E+00  0.62975307E+00 -0.56144788E+00
  0.69864981E+00 -0.58973515E+00  0.60477000E+00 -0.53570741E+00
  0.67870545E+00 -0.55786878E+00  0.58069301E+00 -0.50972439E+00
  0.65925173E+00 -0.52605735E+00  0.55748096E+00 -0.48348132E+00
  0.64027178E+00 -0.49428953E+00  0.53509822E+00 -0.45696488E+00
  0.62175152E+00 -0.46255789E+00  0.51351329E+00 -0.43016460E+00
  0.60367942E+00 -0.43085749E+00  0.49269835E+00 -0.40307166E+00
  0.58604576E+00 -0.39918579E+00  0.47262846E+00 -0.37567898E+00
  0.56884245E+00 -0.36754363E+00  0.45328105E+00 -0.34798226E+00
  0.55206368E+00 -0.33593656E+00  0.43463658E+00 -0.31998138E+00
  0.53570769E+00 -0.30437813E+00  0.41668020E+00 -0.29168355E+00
  0.51978001E+00 -0.27289664E+00  0.39940502E+00 -0.26310990E+00
  0.50429895E+00 -0.24154795E+00  0.38281751E+00 -0.23430819E+00
  0.48930398E+00 -0.21043712E+00  0.36694550E+00 -0.20537469E+00
  0.47486765E+00 -0.17975058E+00  0.35184921E+00 -0.17648764E+00
  0.46111004E+00 -0.14979789E+00  0.33763415E+00 -0.14795198E+00
  0.44821199E+00 -0.12105514E+00  0.32446191E+00 -0.12024834E+00
  0.43641917E+00 -0.94190057E-01  0.31255144E+00 -0.94065898E-01
  0.42602473E+00 -0.70032880E-01  0.30215976E+00 -0.70280860E-01
  0.41731825E+00 -0.49451693E-01  0.29353242E+00 -0.49833662E-01
  0.41050044E+00 -0.33119797E-01  0.28682445E+00 -0.33486701E-01
  0.40558875E+00 -0.21242494E-01  0.28201591E+00 -0.21530179E-01
  0.40236784E+00 -0.13400829E-01  0.27887044E+00 -0.13604357E-01
  0.40043422E+00 -0.86594970E-02  0.27698098E+00 -0.87997284E-02
  0.39932731E+00 -0.59133025E-02  0.27589442E+00 -0.60125559E-02
  0.39866898E+00 -0.42511566E-02  0.27524257E+00 -0.43240580E-02
  0.39822931E+00 -0.31206903E-02  0.27480218E+00 -0.31749959E-02
  0.39790544E+00 -0.22724869E-02  0.27447248E+00 -0.23124796E-02
  0.39766394E+00 -0.16193370E-02  0.27421876E+00 -0.16480969E-02
  0.39749527E+00 -0.11310333E-02  0.27402955E+00 -0.11512739E-02
  0.39739359E+00 -0.78773975E-03  0.27389771E+00 -0.80192726E-03
  0.39735574E+00 -0.56681952E-03  0.27381237E+00 -0.57709059E-03
  0.39736801E+00 -0.43014386E-03  0.27376059E+00 -0.43798648E-03
  0.39741320E+00 -0.33198189E-03  0.27372588E+00 -0.33807542E-03
  0.39747331E+00 -0.24966056E-03  0.27369543E+00 -0.25427645E-03
  0.39751285E+00 -0.17827876E-03  0.27367236E+00 -0.18159158E-03
  0.39749983E+00 -0.12930198E-03  0.27365807E+00 -0.13170598E-03
  0.39711082E+00 -0.11110354E-03  0.27365173E+00 -0.11311511E-03
  0.39566964E+00 -0.87298126E-04  0.27365715E+00 -0.88716391E-04
  0.39226851E+00 -0.15726204E-04  0.27366278E+00 -0.15912695E-04
  0.38616562E+00  0.11083295E-03  0.27366161E+00  0.11127171E-03
  0.37821452E+00  0.22428201E-03  0.27366926E+00  0.22283660E-03
  0.37145033E+00  0.22006151E-03  0.27362466E+00  0.21669696E-03
  0.36875503E+00  0.89924952E-04  0.27364012E+00  0.88225736E-04
  0.36875503E+00 -0.89924952E-04  0.27364012E+00 -0.88225736E-04
  0.37145033E+00 -0.22006151E-03  0.27362466E+00 -0.21669696E-03
  0.37821452E+00 -0.22428201E-03  0.27366926E+00 -0.22283660E-03
  0.38616562E+00 -0.11083295E-03  0.27366161E+00 -0.11127171E-03
  0.39226851E+00  0.15726204E-04  0.27366278E+00  0.15912695E-04
  0.39566964E+00  0.87298126E-04  0.27365715E+00  0.88716391E-04
  0.39711082E+00  0.11110354E-03  0.27365173E+00  0.11311511E-03
  0.39749983E+00  0.12930198E-03  0.27365807E+00  0.13170598E-03
  0.39751285E+00  0.17827876E-03  0.27367236E+00  0.18159158E-03
  0.39747331E+00  0.24966056E-03  0.27369543E+00  0.25427645E-03
  0.39741320E+00  0.33198189E-03  0.27372588E+00  0.33807542E-03
  0.39736801E+00  0.43014386E-03  0.27376059E+00  0.43798648E-03
  0.39735574E+00  0.56681952E-03  0.27381237E+00  0.57709059E-03
  0.39739359E+00  0.78773975E-03  0.27389771E+00  0.80192726E-03
  0.39749527E+00  0.11310333E-02  0.27402955E+00  0.11512739E-02
  0.39766394E+00  0.16193370E-02  0.27421876E+00  0.16480969E-02
  0.39790544E+00  0.22724869E-02  0.27447248E+00  0.23124796E-02
  0.39822931E+00  0.31206903E-02  0.27480218E+00  0.31749959E-02
  0.39866898E+00  0.42511566E-02  0.27524257E+00  0.43240580E-02
  0.39932731E+00  0.59133025E-02  0.27589442E+00  0.60125559E-02
  0.40043422E+00  0.86594970E-02  0.27698098E+00  0.87997284E-02
  0.40236784E+00  0.13400829E-01  0.27887044E+00  0.13604357E-01
  0.40558875E+00  0.21242494E-01  0.28201591E+00  0.21530179E-01
  0.41050044E+00  0.33119797E-01  0.28682445E+00  0.33486701E-01
  0.41731825E+00  0.49451693E-01  0.29353242E+00  0.49833662E-01
  0.42602473E+00  0.70032880E-01  0.30215976E+00  0.70280860E-01
  0.43641917E+00  0.94190057E-01  0.31255144E+00  0.94065898E-01
  0.44821199E+00  0.12105514E+00  0.32446191E+00  0.12024834E+00
  0.46111004E+00  0.14979789E+00  0.33763415E+00  0.14795198E+00
  0.47486765E+00  0.17975058E+00  0.35184921E+00  0.17648764E+00
  0.48930398E+00  0.21043712E+00  0.36694550E+00  0.20537469E+00
  0.50429895E+00  0.24154795E+00  0.38281751E+00  0.23430819E+00
  0.51978001E+00  0.27289664E+00  0.39940502E+00  0.26310990E+00
  0.53570769E+00  0.30437813E+00  0.41668020E+00  0.29168355E+00
  0.55206368E+00  0.33593656E+00  0.43463658E+00  0.31998138E+00
  0.56884245E+00  0.36754363E+00  0.45328105E+00  0.34798226E+00
  0.58604576E+00  0.39918579E+00  0.47262846E+00  0.37567898E+00
  0.60367942E+00  0.43085749E+00  0.49269835E+00  0.40307166E+00
  0.62175152E+00  0.46255789E+00  0.51351329E+00  0.43016460E+00
  0.64027178E+00  0.49428953E+00  0.53509822E+00  0.45696488E+00
  0.65925173E+00  0.52605735E+00  0.55748096E+00  0.48348132E+00
  0.67870545E+00  0.55786878E+00  0.58069301E+00  0.50972439E+00
  0.69864981E+00  0.58973515E+00  0.60477000E+00  0.53570741E+00
  0.71910540E+00  0.62167347E+00  0.62975307E+00  0.56144788E+00
  0.74009627E+00  0.65371406E+00  0.65568864E+00  0.58697430E+00
  0.76165458E+00  0.68589752E+00  0.68263502E+00  0.61232214E+00
  0.78402772E+00  0.71807582E+00  0.71092573E+00  0.63732343E+00
  0.80719190E+00  0.74931419E+00  0.74060302E+00  0.66114330E+00
  0.83354438E+00  0.78618228E+00  0.77474714E+00  0.68919737E+00
  0.83300554E+00  0.83505575E+00  0.77396665E+00  0.73217395E+00
