  0.10000000E+01 -0.10000000E+01  0.10000000E+01 -0.84515426E+00
  0.10000000E+01 -0.10000000E+01  0.10000000E+01 -0.84515426E+00
  0.10000000E+01 -0.10000000E+01  0.10000000E+01 -0.84515426E+00
  0.10000000E+01 -0.10000000E+01  0.10000000E+01 -0.84515426E+00
  0.10000000E+01 -0.10000000E+01  0.10000000E+01 -0.84515426E+00
  0.10000000E+01 -0.10000000E+01  0.10000000E+01 -0.84515426E+00
  0.10000000E+01 -0.10000000E+01  0.10000000E+01 -0.84515426E+00
  0.10000000E+01 -0.10000000E+01  0.10000000E+01 -0.84515426E+00
  0.10000000E+01 -0.10000000E+01  0.10000000E+01 -0.84515426E+00
  0.10000000E+01 -0.10000000E+01  0.10000000E+01 -0.84515426E+00
  0.10000000E+01 -0.10000000E+01  0.10000000E+01 -0.84515426E+00
  0.10000000E+01 -0.10000000E+01  0.10000000E+01 -0.84515426E+00
  0.10000000E+01 -0.10000000E+01  0.10000000E+01 -0.84515426E+00
  0.10000000E+01 -0.10000000E+01  0.10000000E+01 -0.84515426E+00
  0.10000000E+01 -0.10000000E+01  0.10000000E+01 -0.84515426E+00
  0.10000000E+01 -0.10000000E+01  0.10000000E+01 -0.84515426E+00
  0.10000000E+01 -0.10000000E+01  0.10000000E+01 -0.84515426E+00
  0.10000000E+01 -0.10000000E+01  0.10000000E+01 -0.84515426E+00
  0.10000000E+01 -0.10000000E+01  0.10000000E+01 -0.84515426E+00
  0.10000000E+01 -0.10000000E+01  0.10000000E+01 -0.84515426E+00
  0.10000000E+01 -0.10000000E+01  0.10000000E+01 -0.84515426E+00
  0.10000000E+01 -0.10000000E+01  0.10000000E+01 -0.84515426E+00
  0.10000000E+01 -0.10000000E+01  0.10000000E+01 -0.84515426E+00
  0.10000000E+01 -0.10000000E+01  0.10000000E+01 -0.84515426E+00
  0.10000000E+01 -0.10000000E+01  0.10000000E+01 -0.84515426E+00
  0.10000000E+01 -0.10000000E+01  0.10000000E+01 -0.84515426E+00
  0.10000000E+01 -0.10000000E+01  0.10000000E+01 -0.84515426E+00
  0.10000000E+01 -0.10000000E+01  0.10000000E+01 -0.84515426E+00
  0.10000000E+01 -0.10000000E+01  0.10000000E+01 -0.84515426E+00
  0.10000000E+01 -0.10000000E+01  0.10000000E+01 -0.84515426E+00
  0.10000000E+01 -0.10000000E+01  0.10000000E+01 -0.84515426E+00
  0.10000000E+01 -0.10000000E+01  0.10000000E+01 -0.84515426E+00
  0.10000000E+01 -0.10000000E+01  0.10000000E+01 -0.84515426E+00
  0.10000000E+01 -0.10000000E+01  0.10000000E+01 -0.84515426E+00
  0.10000000E+01 -0.10000000E+01  0.10000000E+01 -0.84515426E+00
  0.10000000E+01 -0.10000000E+01  0.10000000E+01 -0.84515426E+00
  0.10000000E+01 -0.10000000E+01  0.10000000E+01 -0.84515426E+00
  0.99950698E+00 -0.99933485E+00  0.99927573E+00 -0.84468983E+00
  0.97092362E+00 -0.96387000E+00  0.95951253E+00 -0.81944848E+00
  0.89417820E+00 -0.86732222E+00  0.85499372E+00 -0.74963013E+00
  0.79711611E+00 -0.73507454E+00  0.72720385E+00 -0.65042927E+00
  0.70403319E+00 -0.59596744E+00  0.61038231E+00 -0.54094626E+00
  0.62195283E+00 -0.45991780E+00  0.51257175E+00 -0.42817134E+00
  0.55017163E+00 -0.32928807E+00  0.43180855E+00 -0.31413438E+00
  0.48891021E+00 -0.20791359E+00  0.36718006E+00 -0.20276541E+00
  0.43978206E+00 -0.10629826E+00  0.31897940E+00 -0.10548715E+00
  0.40804150E+00 -0.33931775E-01  0.29142920E+00 -0.33933465E-01
  0.38121987E+00 -0.11856381E-01  0.27405081E+00 -0.11818445E-01
  0.37605373E+00  0.66945546E-02  0.27964537E+00  0.65611325E-02
  0.36811006E+00  0.67460624E-02  0.27866799E+00  0.65528714E-02
  0.36811006E+00 -0.67460624E-02  0.27866799E+00 -0.65528714E-02
  0.37605373E+00 -0.66945546E-02  0.27964537E+00 -0.65611325E-02
  0.38121987E+00  0.11856381E-01  0.27405081E+00  0.11818445E-01
  0.40804150E+00  0.33931775E-01  0.29142920E+00  0.33933465E-01
  0.43978206E+00  0.10629826E+00  0.31897940E+00  0.10548715E+00
  0.48891021E+00  0.20791359E+00  0.36718006E+00  0.20276541E+00
  0.55017163E+00  0.32928807E+00  0.43180855E+00  0.31413438E+00
  0.62195283E+00  0.45991780E+00  0.51257175E+00  0.42817134E+00
  0.70403319E+00  0.59596744E+00  0.61038231E+00  0.54094626E+00
  0.79711611E+00  0.73507454E+00  0.72720385E+00  0.65042927E+00
  0.89417820E+00  0.86732222E+00  0.85499372E+00  0.74963013E+00
  0.97092362E+00  0.96387000E+00  0.95951253E+00  0.81944848E+00
  0.99950698E+00  0.99933485E+00  0.99927573E+00  0.84468983E+00
  0.10000000E+01  0.10000000E+01  0.10000000E+01  0.84515426E+00
  0.10000000E+01  0.10000000E+01  0.10000000E+01  0.84515426E+00
  0.10000000E+01  0.10000000E+01  0.10000000E+01  0.84515426E+00
  0.10000000E+01  0.10000000E+01  0.10000000E+01  0.84515426E+00
  0.10000000E+01  0.10000000E+01  0.10000000E+01  0.84515426E+00
  0.10000000E+01  0.10000000E+01  0.10000000E+01  0.84515426E+00
  0.10000000E+01  0.10000000E+01  0.10000000E+01  0.84515426E+00
  0.10000000E+01  0.10000000E+01  0.10000000E+01  0.84515426E+00
  0.10000000E+01  0.10000000E+01  0.10000000E+01  0.84515426E+00
  0.10000000E+01  0.10000000E+01  0.10000000E+01  0.84515426E+00
  0.10000000E+01  0.10000000E+01  0.10000000E+01  0.84515426E+00
  0.10000000E+01  0.10000000E+01  0.10000000E+01  0.84515426E+00
  0.10000000E+01  0.10000000E+01  0.10000000E+01  0.84515426E+00
  0.10000000E+01  0.10000000E+01  0.10000000E+01  0.84515426E+00
  0.10000000E+01  0.10000000E+01  0.10000000E+01  0.84515426E+00
  0.10000000E+01  0.10000000E+01  0.10000000E+01  0.84515426E+00
  0.10000000E+01  0.10000000E+01  0.10000000E+01  0.84515426E+00
  0.10000000E+01  0.10000000E+01  0.10000000E+01  0.84515426E+00
  0.10000000E+01  0.10000000E+01  0.10000000E+01  0.84515426E+00
  0.10000000E+01  0.10000000E+01  0.10000000E+01  0.84515426E+00
  0.10000000E+01  0.10000000E+01  0.10000000E+01  0.84515426E+00
  0.10000000E+01  0.10000000E+01  0.10000000E+01  0.84515426E+00
  0.10000000E+01  0.10000000E+01  0.10000000E+01  0.84515426E+00
  0.10000000E+01  0.10000000E+01  0.10000000E+01  0.84515426E+00
  0.10000000E+01  0.10000000E+01  0.10000000E+01  0.84515426E+00
  0.10000000E+01  0.10000000E+01  0.10000000E+01  0.84515426E+00
  0.10000000E+01  0.10000000E+01  0.10000000E+01  0.84515426E+00
  0.10000000E+01  0.10000000E+01  0.10000000E+01  0.84515426E+00
  0.10000000E+01  0.10000000E+01  0.10000000E+01  0.84515426E+00
  0.10000000E+01  0.10000000E+01  0.10000000E+01  0.84515426E+00
  0.10000000E+01  0.10000000E+01  0.10000000E+01  0.84515426E+00
  0.10000000E+01  0.10000000E+01  0.10000000E+01  0.84515426E+00
  0.10000000E+01  0.10000000E+01  0.10000000E+01  0.84515426E+00
  0.10000000E+01  0.10000000E+01  0.10000000E+01  0.84515426E+00
  0.10000000E+01  0.10000000E+01  0.10000000E+01  0.84515426E+00
  0.10000000E+01  0.10000000E+01  0.10000000E+01  0.84515426E+00
  0.10000000E+01  0.10000000E+01  0.10000000E+01  0.84515426E+00
