  0.10000000E+01 -0.10000000E+01  0.10000000E+01 -0.84515426E+00
  0.10000000E+01 -0.10000000E+01  0.10000000E+01 -0.84515426E+00
  0.10000000E+01 -0.10000000E+01  0.10000000E+01 -0.84515426E+00
  0.10000000E+01 -0.10000000E+01  0.10000000E+01 -0.84515426E+00
  0.10000000E+01 -0.10000000E+01  0.10000000E+01 -0.84515426E+00
  0.10000000E+01 -0.10000000E+01  0.10000000E+01 -0.84515426E+00
  0.10000000E+01 -0.10000000E+01  0.10000000E+01 -0.84515426E+00
  0.10000000E+01 -0.10000000E+01  0.10000000E+01 -0.84515426E+00
  0.10000000E+01 -0.10000000E+01  0.10000000E+01 -0.84515426E+00
  0.10000000E+01 -0.10000000E+01  0.10000000E+01 -0.84515426E+00
  0.10000000E+01 -0.10000000E+01  0.10000000E+01 -0.84515426E+00
  0.10000000E+01 -0.10000000E+01  0.10000000E+01 -0.84515426E+00
  0.10000000E+01 -0.10000000E+01  0.10000000E+01 -0.84515426E+00
  0.10000000E+01 -0.10000000E+01  0.10000000E+01 -0.84515426E+00
  0.10000000E+01 -0.10000000E+01  0.10000000E+01 -0.84515426E+00
  0.10000000E+01 -0.10000000E+01  0.10000000E+01 -0.84515426E+00
  0.10000000E+01 -0.10000000E+01  0.10000000E+01 -0.84515426E+00
  0.10000000E+01 -0.10000000E+01  0.10000000E+01 -0.84515426E+00
  0.10000000E+01 -0.10000000E+01  0.10000000E+01 -0.84515426E+00
  0.10000000E+01 -0.10000000E+01  0.10000000E+01 -0.84515426E+00
  0.10000000E+01 -0.10000000E+01  0.10000000E+01 -0.84515426E+00
  0.10000000E+01 -0.10000000E+01  0.10000000E+01 -0.84515426E+00
  0.10000000E+01 -0.10000000E+01  0.10000000E+01 -0.84515426E+00
  0.10000000E+01 -0.10000000E+01  0.10000000E+01 -0.84515426E+00
  0.10000000E+01 -0.10000000E+01  0.10000000E+01 -0.84515426E+00
  0.10000000E+01 -0.10000000E+01  0.10000000E+01 -0.84515426E+00
  0.99999868E+00 -0.99999757E+00  0.99999728E+00 -0.84515280E+00
  0.98964698E+00 -0.98710437E+00  0.98551183E+00 -0.83600388E+00
  0.94955234E+00 -0.93825700E+00  0.93013095E+00 -0.80120786E+00
  0.89159606E+00 -0.86480363E+00  0.85139449E+00 -0.74794927E+00
  0.83094188E+00 -0.78392447E+00  0.77113685E+00 -0.68774874E+00
  0.77487313E+00 -0.70463375E+00  0.69902276E+00 -0.62700221E+00
  0.72336199E+00 -0.62750011E+00  0.63460923E+00 -0.56620597E+00
  0.67546795E+00 -0.55173169E+00  0.57637065E+00 -0.50479537E+00
  0.63064194E+00 -0.47682598E+00  0.52336307E+00 -0.44237012E+00
  0.58863333E+00 -0.40265609E+00  0.47505648E+00 -0.37880880E+00
  0.54941274E+00 -0.32946078E+00  0.43119686E+00 -0.31430499E+00
  0.51318215E+00 -0.25798594E+00  0.39178577E+00 -0.24954190E+00
  0.48044398E+00 -0.18978354E+00  0.35712338E+00 -0.18604018E+00
  0.45206578E+00 -0.12757459E+00  0.32784068E+00 -0.12661046E+00
  0.42923884E+00 -0.75310705E-01  0.30483268E+00 -0.75528602E-01
  0.41309590E+00 -0.37380125E-01  0.28887660E+00 -0.37778612E-01
  0.40421969E+00 -0.15834187E-01  0.28020022E+00 -0.16073344E-01
  0.40016562E+00 -0.93650474E-02  0.27660423E+00 -0.95199889E-02
  0.39972559E+00 -0.59693331E-02  0.27696952E+00 -0.60607557E-02
  0.39599541E+00 -0.54897704E-02  0.27606546E+00 -0.55568567E-02
  0.38993445E+00 -0.49170336E-02  0.27539910E+00 -0.49448567E-02
  0.38026027E+00 -0.24577882E-02  0.27444942E+00 -0.24450613E-02
  0.37120888E+00  0.25418775E-03  0.27486937E+00  0.24965290E-03
  0.36633643E+00  0.52062980E-03  0.27453496E+00  0.50828376E-03
  0.36633643E+00 -0.52062980E-03  0.27453496E+00 -0.50828376E-03
  0.37120888E+00 -0.25418775E-03  0.27486937E+00 -0.24965290E-03
  0.38026027E+00  0.24577882E-02  0.27444942E+00  0.24450613E-02
  0.38993445E+00  0.49170336E-02  0.27539910E+00  0.49448567E-02
  0.39599541E+00  0.54897704E-02  0.27606546E+00  0.55568567E-02
  0.39972559E+00  0.59693331E-02  0.27696952E+00  0.60607557E-02
  0.40016562E+00  0.93650474E-02  0.27660423E+00  0.95199889E-02
  0.40421969E+00  0.15834187E-01  0.28020022E+00  0.16073344E-01
  0.41309590E+00  0.37380125E-01  0.28887660E+00  0.37778612E-01
  0.42923884E+00  0.75310705E-01  0.30483268E+00  0.75528602E-01
  0.45206578E+00  0.12757459E+00  0.32784068E+00  0.12661046E+00
  0.48044398E+00  0.18978354E+00  0.35712338E+00  0.18604018E+00
  0.51318215E+00  0.25798594E+00  0.39178577E+00  0.24954190E+00
  0.54941274E+00  0.32946078E+00  0.43119686E+00  0.31430499E+00
  0.58863333E+00  0.40265609E+00  0.47505648E+00  0.37880880E+00
  0.63064194E+00  0.47682598E+00  0.52336307E+00  0.44237012E+00
  0.67546795E+00  0.55173169E+00  0.57637065E+00  0.50479537E+00
  0.72336199E+00  0.62750011E+00  0.63460923E+00  0.56620597E+00
  0.77487313E+00  0.70463375E+00  0.69902276E+00  0.62700221E+00
  0.83094188E+00  0.78392447E+00  0.77113685E+00  0.68774874E+00
  0.89159606E+00  0.86480363E+00  0.85139449E+00  0.74794927E+00
  0.94955234E+00  0.93825700E+00  0.93013095E+00  0.80120786E+00
  0.98964698E+00  0.98710437E+00  0.98551183E+00  0.83600388E+00
  0.99999868E+00  0.99999757E+00  0.99999728E+00  0.84515280E+00
  0.10000000E+01  0.10000000E+01  0.10000000E+01  0.84515426E+00
  0.10000000E+01  0.10000000E+01  0.10000000E+01  0.84515426E+00
  0.10000000E+01  0.10000000E+01  0.10000000E+01  0.84515426E+00
  0.10000000E+01  0.10000000E+01  0.10000000E+01  0.84515426E+00
  0.10000000E+01  0.10000000E+01  0.10000000E+01  0.84515426E+00
  0.10000000E+01  0.10000000E+01  0.10000000E+01  0.84515426E+00
  0.10000000E+01  0.10000000E+01  0.10000000E+01  0.84515426E+00
  0.10000000E+01  0.10000000E+01  0.10000000E+01  0.84515426E+00
  0.10000000E+01  0.10000000E+01  0.10000000E+01  0.84515426E+00
  0.10000000E+01  0.10000000E+01  0.10000000E+01  0.84515426E+00
  0.10000000E+01  0.10000000E+01  0.10000000E+01  0.84515426E+00
  0.10000000E+01  0.10000000E+01  0.10000000E+01  0.84515426E+00
  0.10000000E+01  0.10000000E+01  0.10000000E+01  0.84515426E+00
  0.10000000E+01  0.10000000E+01  0.10000000E+01  0.84515426E+00
  0.10000000E+01  0.10000000E+01  0.10000000E+01  0.84515426E+00
  0.10000000E+01  0.10000000E+01  0.10000000E+01  0.84515426E+00
  0.10000000E+01  0.10000000E+01  0.10000000E+01  0.84515426E+00
  0.10000000E+01  0.10000000E+01  0.10000000E+01  0.84515426E+00
  0.10000000E+01  0.10000000E+01  0.10000000E+01  0.84515426E+00
  0.10000000E+01  0.10000000E+01  0.10000000E+01  0.84515426E+00
  0.10000000E+01  0.10000000E+01  0.10000000E+01  0.84515426E+00
  0.10000000E+01  0.10000000E+01  0.10000000E+01  0.84515426E+00
  0.10000000E+01  0.10000000E+01  0.10000000E+01  0.84515426E+00
  0.10000000E+01  0.10000000E+01  0.10000000E+01  0.84515426E+00
  0.10000000E+01  0.10000000E+01  0.10000000E+01  0.84515426E+00
  0.10000000E+01  0.10000000E+01  0.10000000E+01  0.84515426E+00
