  0.49032362E+01  0.49018863E+01  0.49000106E+01  0.48991310E+01  0.48985236E+01
  0.48980258E+01  0.48975308E+01  0.48969902E+01  0.48963428E+01  0.48955210E+01
  0.48944441E+01  0.48930125E+01  0.48910996E+01  0.48885409E+01  0.48851196E+01
  0.48805493E+01  0.48744459E+01  0.48662902E+01  0.48553791E+01  0.48407605E+01
  0.48211493E+01  0.47948340E+01  0.47595365E+01  0.47122829E+01  0.46494154E+01
  0.45668057E+01  0.44598392E+01  0.43241511E+01  0.41570644E+01  0.39595364E+01
  0.37387277E+01  0.35067445E+01  0.32769036E+01  0.30560707E+01  0.28463978E+01
  0.26508902E+01  0.24704320E+01  0.23037324E+01  0.21485695E+01  0.20030760E+01
  0.18660032E+01  0.17366881E+01  0.16149787E+01  0.15009053E+01  0.13945727E+01
  0.12961685E+01  0.12055079E+01  0.11217740E+01  0.10441772E+01  0.97223502E+00
  0.90554255E+00  0.84371283E+00  0.78639652E+00  0.73327081E+00  0.68402831E+00
  0.63838845E+00  0.59608495E+00  0.55685479E+00  0.52044845E+00  0.48664164E+00
  0.45523592E+00  0.42604840E+00  0.39891039E+00  0.37368094E+00  0.35025600E+00
  0.32855429E+00  0.30849272E+00  0.28995033E+00  0.27275689E+00  0.25694956E+00
  0.24263387E+00  0.22972325E+00  0.21810743E+00  0.20767246E+00  0.19830532E+00
  0.18992076E+00  0.18244336E+00  0.17578778E+00  0.16983119E+00  0.16439955E+00
  0.15933567E+00  0.15449422E+00  0.14977952E+00  0.14518406E+00  0.14071601E+00
  0.13639032E+00  0.13222086E+00  0.12821076E+00  0.12435330E+00  0.12063930E+00
  0.11705978E+00  0.11360698E+00  0.11027465E+00  0.10705603E+00  0.10394854E+00
  0.10094263E+00  0.98052536E-01  0.95222951E-01  0.92591624E-01  0.89365185E-01
  0.87350243E-01  0.49032582E+01  0.49018994E+01  0.49000129E+01  0.48991296E+01
  0.48985192E+01  0.48980199E+01  0.48975233E+01  0.48969807E+01  0.48963315E+01
  0.48955089E+01  0.48944316E+01  0.48929997E+01  0.48910866E+01  0.48885282E+01
  0.48851077E+01  0.48805384E+01  0.48744365E+01  0.48662823E+01  0.48553720E+01
  0.48407523E+01  0.48211382E+01  0.47948176E+01  0.47595119E+01  0.47122467E+01
  0.46493610E+01  0.45667278E+01  0.44597318E+01  0.43240050E+01  0.41568733E+01
  0.39592977E+01  0.37384429E+01  0.35064201E+01  0.32765557E+01  0.30557162E+01
  0.28460511E+01  0.26505649E+01  0.24701346E+01  0.23034609E+01  0.21483183E+01
  0.20028390E+01  0.18657755E+01  0.17364673E+01  0.16147615E+01  0.15006888E+01
  0.13943565E+01  0.12959505E+01  0.12052844E+01  0.11215455E+01  0.10439466E+01
  0.97200361E+00  0.90531049E+00  0.84348041E+00  0.78616429E+00  0.73303893E+00
  0.68379705E+00  0.63815836E+00  0.59585596E+00  0.55662655E+00  0.52022103E+00
  0.48641538E+00  0.45501078E+00  0.42582437E+00  0.39868885E+00  0.37346507E+00
  0.35004963E+00  0.32835964E+00  0.30830871E+00  0.28977475E+00  0.27260446E+00
  0.25683494E+00  0.24255392E+00  0.22967139E+00  0.21807868E+00  0.20766471E+00
  0.19831774E+00  0.18995325E+00  0.18249237E+00  0.17584350E+00  0.16987999E+00
  0.16443282E+00  0.15934880E+00  0.15449084E+00  0.14976950E+00  0.14517258E+00
  0.14070599E+00  0.13638266E+00  0.13221413E+00  0.12820354E+00  0.12434517E+00
  0.12063026E+00  0.11705009E+00  0.11359697E+00  0.11026457E+00  0.10704615E+00
  0.10393927E+00  0.10093426E+00  0.98044866E-01  0.95215480E-01  0.92583879E-01
  0.89356310E-01  0.87340503E-01  0.49033209E+01  0.49019335E+01  0.49000101E+01
  0.48991138E+01  0.48984974E+01  0.48979958E+01  0.48974965E+01  0.48969501E+01
  0.48962974E+01  0.48954732E+01  0.48943955E+01  0.48929633E+01  0.48910503E+01
  0.48884927E+01  0.48850735E+01  0.48805059E+01  0.48744058E+01  0.48662530E+01
  0.48553405E+01  0.48407143E+01  0.48210910E+01  0.47947568E+01  0.47594320E+01
  0.47121395E+01  0.46492090E+01  0.45665183E+01  0.44594532E+01  0.43236388E+01
  0.41564065E+01  0.39587248E+01  0.37377685E+01  0.35056556E+01  0.32757251E+01
  0.30548605E+01  0.28452156E+01  0.26497849E+01  0.24694234E+01  0.23028107E+01
  0.21477125E+01  0.20022602E+01  0.18652094E+01  0.17359065E+01  0.16142009E+01
  0.15001231E+01  0.13937830E+01  0.12953651E+01  0.12046826E+01  0.11209308E+01
  0.10433260E+01  0.97138042E+00  0.90468623E+00  0.84285646E+00  0.78554244E+00
  0.73242017E+00  0.68318263E+00  0.63754951E+00  0.59525213E+00  0.55602682E+00
  0.51962569E+00  0.48582503E+00  0.45442535E+00  0.42524440E+00  0.39811841E+00
  0.37291273E+00  0.34952530E+00  0.32786876E+00  0.30784857E+00  0.28934167E+00
  0.27223770E+00  0.25657200E+00  0.24238587E+00  0.22958195E+00  0.21805682E+00
  0.20770411E+00  0.19841464E+00  0.19010612E+00  0.18268964E+00  0.17605810E+00
  0.17007647E+00  0.16458799E+00  0.15944975E+00  0.15454745E+00  0.14980649E+00
  0.14520226E+00  0.14073625E+00  0.13641637E+00  0.13224905E+00  0.12823650E+00
  0.12437466E+00  0.12065611E+00  0.11707301E+00  0.11361789E+00  0.11028430E+00
  0.10706556E+00  0.10395947E+00  0.10095589E+00  0.98067204E-01  0.95237253E-01
  0.92603996E-01  0.89372980E-01  0.87354837E-01  0.49034238E+01  0.49019846E+01
  0.48999904E+01  0.48990670E+01  0.48984419E+01  0.48979392E+01  0.48974388E+01
  0.48968906E+01  0.48962355E+01  0.48954097E+01  0.48943314E+01  0.48928990E+01
  0.48909865E+01  0.48884299E+01  0.48850122E+01  0.48804458E+01  0.48743467E+01
  0.48661929E+01  0.48552750E+01  0.48406386E+01  0.48210016E+01  0.47946486E+01
  0.47592985E+01  0.47119697E+01  0.46489792E+01  0.45662149E+01  0.44590672E+01
  0.43231513E+01  0.41558043E+01  0.39580020E+01  0.37369306E+01  0.35047071E+01
  0.32746776E+01  0.30537686E+01  0.28441536E+01  0.26488018E+01  0.24685332E+01
  0.23019970E+01  0.21469480E+01  0.20015192E+01  0.18644698E+01  0.17351536E+01
  0.16134290E+01  0.14993305E+01  0.13929667E+01  0.12945224E+01  0.12038132E+01
  0.11200421E+01  0.10424275E+01  0.97047804E+00  0.90378317E+00  0.84195483E+00
  0.78464505E+00  0.73152932E+00  0.68230034E+00  0.63667689E+00  0.59438724E+00
  0.55516714E+00  0.51877053E+00  0.48497527E+00  0.45358324E+00  0.42441288E+00
  0.39730357E+00  0.37212689E+00  0.34878234E+00  0.32717557E+00  0.30720232E+00
  0.28874548E+00  0.27175218E+00  0.25624480E+00  0.24219625E+00  0.22951124E+00
  0.21809119E+00  0.20783287E+00  0.19863747E+00  0.19041509E+00  0.18305779E+00
  0.17644104E+00  0.17042377E+00  0.16486574E+00  0.15964343E+00  0.15467037E+00
  0.14989220E+00  0.14527380E+00  0.14080608E+00  0.13649016E+00  0.13232588E+00
  0.12831241E+00  0.12444666E+00  0.12072352E+00  0.11713669E+00  0.11367902E+00
  0.11034399E+00  0.10712505E+00  0.10401985E+00  0.10101733E+00  0.98128453E-01
  0.95296772E-01  0.92660701E-01  0.89425458E-01  0.87404745E-01  0.49035703E+01
  0.49020533E+01  0.48999502E+01  0.48989827E+01  0.48983436E+01  0.48978395E+01
  0.48973394E+01  0.48967918E+01  0.48961367E+01  0.48953101E+01  0.48942308E+01
  0.48927982E+01  0.48908865E+01  0.48883314E+01  0.48849154E+01  0.48803507E+01
  0.48742525E+01  0.48660971E+01  0.48551739E+01  0.48405277E+01  0.48208744E+01
  0.47944973E+01  0.47591144E+01  0.47117393E+01  0.46486747E+01  0.45658236E+01
  0.44585827E+01  0.43225535E+01  0.41550802E+01  0.39571471E+01  0.37359475E+01
  0.35035921E+01  0.32734390E+01  0.30524751E+01  0.28429031E+01  0.26476567E+01
  0.24675076E+01  0.23010650E+01  0.21460707E+01  0.20006618E+01  0.18636050E+01
  0.17342631E+01  0.16125054E+01  0.14983713E+01  0.13919704E+01  0.12934890E+01
  0.12027438E+01  0.11189442E+01  0.10413123E+01  0.96935123E+00  0.90264538E+00
  0.84080645E+00  0.78349035E+00  0.73037305E+00  0.68114446E+00  0.63552120E+00
  0.59322920E+00  0.55400425E+00  0.51760170E+00  0.48380010E+00  0.45240409E+00
  0.42323806E+00  0.39614733E+00  0.37100851E+00  0.34772054E+00  0.32617928E+00
  0.30627213E+00  0.28790014E+00  0.27107164E+00  0.25577581E+00  0.24190342E+00
  0.22937042E+00  0.21808770E+00  0.20795532E+00  0.19887549E+00  0.19074039E+00
  0.18342785E+00  0.17680202E+00  0.17072681E+00  0.16508390E+00  0.15977484E+00
  0.15473062E+00  0.14990869E+00  0.14527467E+00  0.14080574E+00  0.13649365E+00
  0.13233409E+00  0.12832214E+00  0.12445479E+00  0.12072896E+00  0.11713967E+00
  0.11368037E+00  0.11034505E+00  0.10712733E+00  0.10402420E+00  0.10102334E+00
  0.98134672E-01  0.95301779E-01  0.92663686E-01  0.89425987E-01  0.87403981E-01
  0.49037630E+01  0.49021394E+01  0.48998871E+01  0.48988592E+01  0.48981998E+01
  0.48976929E+01  0.48971932E+01  0.48966474E+01  0.48959943E+01  0.48951689E+01
  0.48940896E+01  0.48926569E+01  0.48907460E+01  0.48881930E+01  0.48847795E+01
  0.48802169E+01  0.48741194E+01  0.48659623E+01  0.48550341E+01  0.48403772E+01
  0.48207047E+01  0.47942978E+01  0.47588741E+01  0.47114427E+01  0.46482883E+01
  0.45653328E+01  0.44579815E+01  0.43218198E+01  0.41542005E+01  0.39561190E+01
  0.37347693E+01  0.35022569E+01  0.32719625E+01  0.30509408E+01  0.28414321E+01
  0.26463271E+01  0.24663349E+01  0.23000132E+01  0.21450878E+01  0.19997020E+01
  0.18626327E+01  0.17332582E+01  0.16114588E+01  0.14972768E+01  0.13908239E+01
  0.12922865E+01  0.12014792E+01  0.11176193E+01  0.10399390E+01  0.96793671E+00
  0.90118889E+00  0.83930665E+00  0.78194620E+00  0.72879112E+00  0.67953750E+00
  0.63389646E+00  0.59158689E+00  0.55234464E+00  0.51592825E+00  0.48211526E+00
  0.45070614E+00  0.42153283E+00  0.39445555E+00  0.36935709E+00  0.34613251E+00
  0.32466758E+00  0.30484926E+00  0.28661090E+00  0.26999698E+00  0.25494769E+00
  0.24129367E+00  0.22895618E+00  0.21785056E+00  0.20787747E+00  0.19892790E+00
  0.19087595E+00  0.18359207E+00  0.17693779E+00  0.17079199E+00  0.16506193E+00
  0.15967566E+00  0.15457569E+00  0.14971730E+00  0.14506729E+00  0.14059763E+00
  0.13629111E+00  0.13213862E+00  0.12813253E+00  0.12426949E+00  0.12054660E+00
  0.11695940E+00  0.11350246E+00  0.11017103E+00  0.10695888E+00  0.10386183E+00
  0.10086636E+00  0.97981638E-01  0.95151386E-01  0.92515115E-01  0.89279945E-01
  0.87259753E-01  0.49040053E+01  0.49022437E+01  0.48997999E+01  0.48986959E+01
  0.48980099E+01  0.48974984E+01  0.48969992E+01  0.48964559E+01  0.48958055E+01
  0.48949818E+01  0.48939025E+01  0.48924704E+01  0.48905617E+01  0.48880113E+01
  0.48846009E+01  0.48800410E+01  0.48739445E+01  0.48657862E+01  0.48548528E+01
  0.48401838E+01  0.48204892E+01  0.47940472E+01  0.47585751E+01  0.47110765E+01
  0.46478145E+01  0.45647338E+01  0.44572507E+01  0.43209319E+01  0.41531401E+01
  0.39548843E+01  0.37333576E+01  0.35006632E+01  0.32702105E+01  0.30491324E+01
  0.28397143E+01  0.26447954E+01  0.24650058E+01  0.22988396E+01  0.21440031E+01
  0.19986472E+01  0.18615604E+01  0.17321375E+01  0.16102717E+01  0.14960090E+01
  0.13894630E+01  0.12908205E+01  0.11998954E+01  0.11159095E+01  0.10381097E+01
  0.96601088E+00  0.89918536E+00  0.83723438E+00  0.77979814E+00  0.72655976E+00
  0.67723417E+00  0.63153559E+00  0.58917802E+00  0.54989525E+00  0.51344756E+00
  0.47961423E+00  0.44819724E+00  0.41903098E+00  0.39198446E+00  0.36694792E+00
  0.34380814E+00  0.32244267E+00  0.30275340E+00  0.28472528E+00  0.26837842E+00
  0.25359411E+00  0.24020106E+00  0.22810717E+00  0.21722329E+00  0.20744366E+00
  0.19864838E+00  0.19070118E+00  0.18345875E+00  0.17678692E+00  0.17058078E+00
  0.16476892E+00  0.15930359E+00  0.15414370E+00  0.14924808E+00  0.14457968E+00
  0.14010888E+00  0.13581084E+00  0.13166886E+00  0.12767544E+00  0.12382565E+00
  0.12011493E+00  0.11653873E+00  0.11309298E+00  0.10977389E+00  0.10657469E+00
  0.10348997E+00  0.10050555E+00  0.97630568E-01  0.94809294E-01  0.92181244E-01
  0.88956531E-01  0.86943005E-01  0.49043004E+01  0.49023674E+01  0.48996885E+01
  0.48984938E+01  0.48977750E+01  0.48972568E+01  0.48967583E+01  0.48962184E+01
  0.48955713E+01  0.48947499E+01  0.48936698E+01  0.48922373E+01  0.48903310E+01
  0.48877836E+01  0.48843770E+01  0.48798205E+01  0.48737258E+01  0.48655667E+01
  0.48546277E+01  0.48399449E+01  0.48202248E+01  0.47937421E+01  0.47582136E+01
  0.47106364E+01  0.46472482E+01  0.45640199E+01  0.44563809E+01  0.43198762E+01
  0.41518810E+01  0.39534183E+01  0.37316851E+01  0.34987836E+01  0.32681536E+01
  0.30470215E+01  0.28377253E+01  0.26430391E+01  0.24634983E+01  0.22975200E+01
  0.21427841E+01  0.19974493E+01  0.18603185E+01  0.17308080E+01  0.16088260E+01
  0.14944210E+01  0.13877011E+01  0.12888611E+01  0.11977456E+01  0.11135811E+01
  0.10355909E+01  0.96330777E+00  0.89632862E+00  0.83425212E+00  0.77671272E+00
  0.72338315E+00  0.67397369E+00  0.62819958E+00  0.58578047E+00  0.54645262E+00
  0.50997412E+00  0.47612693E+00  0.44472247E+00  0.41559922E+00  0.38862877E+00
  0.36370344E+00  0.34069781E+00  0.31948768E+00  0.30000386E+00  0.28228410E+00
  0.26626991E+00  0.25178112E+00  0.23869454E+00  0.22689134E+00  0.21626610E+00
  0.20670663E+00  0.19807852E+00  0.19024006E+00  0.18304356E+00  0.17636769E+00
  0.17012602E+00  0.16426239E+00  0.15874079E+00  0.15353142E+00  0.14860234E+00
  0.14391759E+00  0.13944486E+00  0.13515471E+00  0.13102608E+00  0.12704983E+00
  0.12321880E+00  0.11952627E+00  0.11596770E+00  0.11253996E+00  0.10923900E+00
  0.10605684E+00  0.10298737E+00  0.10001667E+00  0.97154582E-01  0.94346118E-01
  0.91730328E-01  0.88521081E-01  0.86517257E-01  0.49046504E+01  0.49025109E+01
  0.48995530E+01  0.48982549E+01  0.48974978E+01  0.48969710E+01  0.48964734E+01
  0.48959386E+01  0.48952957E+01  0.48944720E+01  0.48933885E+01  0.48919564E+01
  0.48900520E+01  0.48875082E+01  0.48841060E+01  0.48795534E+01  0.48734615E+01
  0.48653024E+01  0.48543569E+01  0.48396582E+01  0.48199090E+01  0.47933801E+01
  0.47577867E+01  0.47101192E+01  0.46465858E+01  0.45631863E+01  0.44553657E+01
  0.43186442E+01  0.41504115E+01  0.39517069E+01  0.37297351E+01  0.34965980E+01
  0.32657697E+01  0.30445838E+01  0.28354362E+01  0.26410219E+01  0.24617612E+01
  0.22959813E+01  0.21413327E+01  0.19959847E+01  0.18587567E+01  0.17290848E+01
  0.16069027E+01  0.14922836E+01  0.13853208E+01  0.12861775E+01  0.11947462E+01
  0.11103150E+01  0.10320972E+01  0.95959714E+00  0.89241950E+00  0.83018361E+00
  0.77253114E+00  0.71913088E+00  0.66967548E+00  0.62386965E+00  0.58143410E+00
  0.54210806E+00  0.50564730E+00  0.47183582E+00  0.44049085E+00  0.41145810E+00
  0.38461638E+00  0.35985400E+00  0.33703414E+00  0.31604567E+00  0.29686276E+00
  0.27952621E+00  0.26389133E+00  0.24974588E+00  0.23699984E+00  0.22552618E+00
  0.21518992E+00  0.20585915E+00  0.19739333E+00  0.18964688E+00  0.18248395E+00
  0.17580381E+00  0.16954025E+00  0.16365012E+00  0.15810135E+00  0.15286610E+00
  0.14791642E+00  0.14322025E+00  0.13874490E+00  0.13446129E+00  0.13034798E+00
  0.12639082E+00  0.12257941E+00  0.11890655E+00  0.11536816E+00  0.11196079E+00
  0.10867884E+00  0.10551329E+00  0.10245833E+00  0.99501134E-01  0.96652290E-01
  0.93857194E-01  0.91254172E-01  0.88060811E-01  0.86066877E-01  0.49050555E+01
  0.49026747E+01  0.48993951E+01  0.48979832E+01  0.48971847E+01  0.48966478E+01
  0.48961504E+01  0.48956218E+01  0.48949804E+01  0.48941463E+01  0.48930565E+01
  0.48916266E+01  0.48897247E+01  0.48871851E+01  0.48837873E+01  0.48792385E+01
  0.48731492E+01  0.48649908E+01  0.48540389E+01  0.48393219E+01  0.48195397E+01
  0.47929598E+01  0.47572933E+01  0.47095218E+01  0.46458232E+01  0.45622284E+01
  0.44541994E+01  0.43172290E+01  0.41487231E+01  0.39497404E+01  0.37274937E+01
  0.34940841E+01  0.32630288E+01  0.30417774E+01  0.28327862E+01  0.26386607E+01
  0.24596878E+01  0.22940889E+01  0.21394791E+01  0.19940559E+01  0.18566720E+01
  0.17267735E+01  0.16042941E+01  0.14893420E+01  0.13820409E+01  0.12825375E+01
  0.11907360E+01  0.11059837E+01  0.10275309E+01  0.95485366E+00  0.88753539E+00
  0.82520505E+00  0.76749829E+00  0.71407770E+00  0.66462911E+00  0.61884821E+00
  0.57645023E+00  0.53717373E+00  0.50077473E+00  0.46704132E+00  0.43579829E+00
  0.40690081E+00  0.38023391E+00  0.35567619E+00  0.33308525E+00  0.31238225E+00
  0.29359307E+00  0.27668102E+00  0.26143707E+00  0.24768036E+00  0.23530256E+00
  0.22416874E+00  0.21412587E+00  0.20501779E+00  0.19669945E+00  0.18902936E+00
  0.18189174E+00  0.17520871E+00  0.16893093E+00  0.16302453E+00  0.15746055E+00
  0.15221092E+00  0.14724795E+00  0.14254199E+00  0.13806235E+00  0.13378156E+00
  0.12968014E+00  0.12574053E+00  0.12194745E+00  0.11829424E+00  0.11477730E+00
  0.11139104E+00  0.10812754E+00  0.10497747E+00  0.10193631E+00  0.98992647E-01
  0.96157405E-01  0.93376030E-01  0.90786079E-01  0.87608874E-01  0.85624965E-01
  0.49055120E+01  0.49028575E+01  0.48992188E+01  0.48976877E+01  0.48968441E+01
  0.48962934E+01  0.48957947E+01  0.48952686E+01  0.48946133E+01  0.48937659E+01
  0.48926783E+01  0.48912506E+01  0.48893524E+01  0.48868170E+01  0.48834233E+01
  0.48788772E+01  0.48727881E+01  0.48646285E+01  0.48536702E+01  0.48389338E+01
  0.48191143E+01  0.47924750E+01  0.47567290E+01  0.47088452E+01  0.46449588E+01
  0.45611404E+01  0.44528742E+01  0.43156215E+01  0.41468044E+01  0.39475049E+01
  0.37249393E+01  0.34912002E+01  0.32598664E+01  0.30385173E+01  0.28296682E+01
  0.26358212E+01  0.24571122E+01  0.22916694E+01  0.21370582E+01  0.19914791E+01
  0.18538416E+01  0.17236383E+01  0.16008112E+01  0.14854698E+01  0.13777740E+01
  0.12779129E+01  0.11858017E+01  0.11008002E+01  0.10221731E+01  0.94938344E+00
  0.88199780E+00  0.81963947E+00  0.76193916E+00  0.70855166E+00  0.65915404E+00
  0.61343238E+00  0.57109794E+00  0.53189035E+00  0.49556890E+00  0.46193075E+00
  0.43081159E+00  0.40207635E+00  0.37561312E+00  0.35128735E+00  0.32896490E+00
  0.30861334E+00  0.29028666E+00  0.27382495E+00  0.25898491E+00  0.24564128E+00
  0.23364747E+00  0.22285036E+00  0.21308092E+00  0.20417639E+00  0.19598518E+00
  0.18837638E+00  0.18125972E+00  0.17457904E+00  0.16829791E+00  0.16238686E+00
  0.15681593E+00  0.15155659E+00  0.14658246E+00  0.14186590E+00  0.13737967E+00
  0.13310000E+00  0.12900828E+00  0.12508507E+00  0.12131259E+00  0.11768316E+00
  0.11419145E+00  0.11082828E+00  0.10758405E+00  0.10445042E+00  0.10142476E+00
  0.98496354E-01  0.95676090E-01  0.92909701E-01  0.90334075E-01  0.87174258E-01
  0.85201002E-01  0.49060139E+01  0.49030594E+01  0.48990332E+01  0.48973777E+01
  0.48964820E+01  0.48959130E+01  0.48954107E+01  0.48948566E+01  0.48941759E+01
  0.48933370E+01  0.48922578E+01  0.48908345E+01  0.48889408E+01  0.48864094E+01
  0.48830187E+01  0.48784736E+01  0.48723823E+01  0.48642168E+01  0.48532476E+01
  0.48384892E+01  0.48186284E+01  0.47919217E+01  0.47560922E+01  0.47080848E+01
  0.46439857E+01  0.45599187E+01  0.44513855E+01  0.43138130E+01  0.41446410E+01
  0.39449761E+01  0.37220243E+01  0.34878706E+01  0.32561840E+01  0.30346815E+01
  0.28259339E+01  0.26323503E+01  0.24538821E+01  0.22885431E+01  0.21338910E+01
  0.19881191E+01  0.18501719E+01  0.17196176E+01  0.15964397E+01  0.14807527E+01
  0.13727257E+01  0.12725749E+01  0.11802299E+01  0.10950580E+01  0.10163301E+01
  0.94349009E+00  0.87608361E+00  0.81372984E+00  0.75605707E+00  0.70271555E+00
  0.65337521E+00  0.60771459E+00  0.56544353E+00  0.52630291E+00  0.49005811E+00
  0.45652004E+00  0.42553652E+00  0.39698238E+00  0.37074540E+00  0.34667801E+00
  0.32467522E+00  0.30476381E+00  0.28693354E+00  0.27093756E+00  0.25653983E+00
  0.24361921E+00  0.23200901E+00  0.22153233E+00  0.21201224E+00  0.20328302E+00
  0.19519753E+00  0.18764121E+00  0.18054748E+00  0.17387970E+00  0.16760915E+00
  0.16170749E+00  0.15614188E+00  0.15088212E+00  0.14590349E+00  0.14118122E+00
  0.13669316E+00  0.13242044E+00  0.12834387E+00  0.12444247E+00  0.12069829E+00
  0.11710016E+00  0.11363827E+00  0.11030054E+00  0.10707783E+00  0.10396434E+00
  0.10095843E+00  0.98048987E-01  0.95246679E-01  0.92497832E-01  0.89938599E-01
  0.86797319E-01  0.84835033E-01  0.49065540E+01  0.49032775E+01  0.48988398E+01
  0.48970570E+01  0.48961086E+01  0.48955175E+01  0.48949738E+01  0.48943788E+01
  0.48937029E+01  0.48928789E+01  0.48918063E+01  0.48903886E+01  0.48884990E+01
  0.48859706E+01  0.48825813E+01  0.48780351E+01  0.48719385E+01  0.48637627E+01
  0.48527749E+01  0.48379859E+01  0.48180764E+01  0.47912944E+01  0.47553492E+01
  0.47071998E+01  0.46428855E+01  0.45585443E+01  0.44497109E+01  0.43117755E+01
  0.41421948E+01  0.39420950E+01  0.37186668E+01  0.34840027E+01  0.32518696E+01
  0.30301379E+01  0.28214525E+01  0.26281179E+01  0.24498970E+01  0.22846507E+01
  0.21299323E+01  0.19839751E+01  0.18457536E+01  0.17148913E+01  0.15914066E+01
  0.14754314E+01  0.13671456E+01  0.12667817E+01  0.11742698E+01  0.10889749E+01
  0.10101752E+01  0.93730183E+00  0.86988496E+00  0.80753865E+00  0.74988667E+00
  0.69657695E+00  0.64727253E+00  0.60164908E+00  0.55942162E+00  0.52033388E+00
  0.48416066E+00  0.45072944E+00  0.41989931E+00  0.39155502E+00  0.36557905E+00
  0.34181684E+00  0.32020928E+00  0.30083339E+00  0.28353260E+00  0.26800356E+00
  0.25407447E+00  0.24158180E+00  0.23033975E+00  0.22016225E+00  0.21086855E+00
  0.20228986E+00  0.19429569E+00  0.18679604E+00  0.17974860E+00  0.17312761E+00
  0.16689729E+00  0.16102609E+00  0.15548348E+00  0.15024064E+00  0.14527397E+00
  0.14056263E+00  0.13608863E+00  0.13183369E+00  0.12777905E+00  0.12390766E+00
  0.12020131E+00  0.11663965E+00  0.11320632E+00  0.10989140E+00  0.10669053E+00
  0.10359966E+00  0.10061576E+00  0.97727045E-01  0.94944210E-01  0.92214108E-01
  0.89671781E-01  0.86549485E-01  0.84598644E-01  0.49071055E+01  0.49034980E+01
  0.48986501E+01  0.48967465E+01  0.48957272E+01  0.48950799E+01  0.48944947E+01
  0.48938983E+01  0.48932315E+01  0.48924053E+01  0.48913367E+01  0.48899230E+01
  0.48880366E+01  0.48855099E+01  0.48821203E+01  0.48775707E+01  0.48714654E+01
  0.48632746E+01  0.48522617E+01  0.48374311E+01  0.48174589E+01  0.47905853E+01
  0.47545058E+01  0.47061911E+01  0.46416359E+01  0.45569884E+01  0.44478116E+01
  0.43094598E+01  0.41394014E+01  0.39387860E+01  0.37147885E+01  0.34795093E+01
  0.32468193E+01  0.30247860E+01  0.28161700E+01  0.26231137E+01  0.24451700E+01
  0.22800702E+01  0.21253313E+01  0.19792288E+01  0.18407832E+01  0.17096665E+01
  0.15859330E+01  0.14697249E+01  0.13612266E+01  0.12606840E+01  0.11680309E+01
  0.10826274E+01  0.10037530E+01  0.93082909E+00  0.86337361E+00  0.80099755E+00
  0.74332584E+00  0.69001086E+00  0.64071078E+00  0.59510155E+00  0.55290623E+00
  0.51387233E+00  0.47778736E+00  0.44449508E+00  0.41386255E+00  0.38577943E+00
  0.36011816E+00  0.33673347E+00  0.31562864E+00  0.29683287E+00  0.28006611E+00
  0.26502450E+00  0.25156300E+00  0.23949546E+00  0.22862059E+00  0.21874551E+00
  0.20968123E+00  0.20126380E+00  0.19337824E+00  0.18596118E+00  0.17899828E+00
  0.17246484E+00  0.16630471E+00  0.16048173E+00  0.15497867E+00  0.14977658E+00
  0.14484605E+00  0.14015622E+00  0.13569191E+00  0.13144018E+00  0.12738501E+00
  0.12351711E+00  0.11982413E+00  0.11628493E+00  0.11287826E+00  0.10959113E+00
  0.10642044E+00  0.10336008E+00  0.10040483E+00  0.97542982E-01  0.94784997E-01
  0.92077836E-01  0.89555204E-01  0.86454057E-01  0.84515881E-01  0.49076117E+01
  0.49036830E+01  0.48984164E+01  0.48963799E+01  0.48953027E+01  0.48946151E+01
  0.48940283E+01  0.48934394E+01  0.48927599E+01  0.48919279E+01  0.48908572E+01
  0.48894438E+01  0.48875582E+01  0.48850314E+01  0.48816397E+01  0.48770845E+01
  0.48709676E+01  0.48627577E+01  0.48517142E+01  0.48368338E+01  0.48167850E+01
  0.47898010E+01  0.47535797E+01  0.47050693E+01  0.46402193E+01  0.45552249E+01
  0.44456553E+01  0.43068230E+01  0.41362111E+01  0.39349937E+01  0.37103266E+01
  0.34743219E+01  0.32409905E+01  0.30186428E+01  0.28101414E+01  0.26174373E+01
  0.24398471E+01  0.22749594E+01  0.21202656E+01  0.19740721E+01  0.18354446E+01
  0.17041084E+01  0.15801550E+01  0.14637396E+01  0.13550493E+01  0.12543339E+01
  0.11615252E+01  0.10759819E+01  0.99698337E+00  0.92394658E+00  0.85639253E+00
  0.79393581E+00  0.73620749E+00  0.68286705E+00  0.63356807E+00  0.58798688E+00
  0.54584720E+00  0.50689934E+00  0.47094836E+00  0.43784947E+00  0.40747030E+00
  0.37970044E+00  0.35440977E+00  0.33146411E+00  0.31093874E+00  0.29273232E+00
  0.27651082E+00  0.26203545E+00  0.24908924E+00  0.23751350E+00  0.22709670E+00
  0.21757512E+00  0.20875909E+00  0.20052058E+00  0.19274972E+00  0.18540336E+00
  0.17848279E+00  0.17197488E+00  0.16585682E+00  0.16010045E+00  0.15467688E+00
  0.14956660E+00  0.14473289E+00  0.14013377E+00  0.13574885E+00  0.13156680E+00
  0.12757267E+00  0.12375392E+00  0.12010157E+00  0.11660264E+00  0.11324145E+00
  0.11000242E+00  0.10687628E+00  0.10385416E+00  0.10093110E+00  0.98096010E-01
  0.95358216E-01  0.92664754E-01  0.90149191E-01  0.87044339E-01  0.85100997E-01
  0.49080680E+01  0.49038410E+01  0.48981597E+01  0.48959708E+01  0.48948509E+01
  0.48941612E+01  0.48935737E+01  0.48929763E+01  0.48922897E+01  0.48914493E+01
  0.48903718E+01  0.48889540E+01  0.48870652E+01  0.48845350E+01  0.48811383E+01
  0.48765734E+01  0.48704395E+01  0.48622048E+01  0.48511244E+01  0.48361869E+01
  0.48160518E+01  0.47889427E+01  0.47525520E+01  0.47038179E+01  0.46386309E+01
  0.45532352E+01  0.44432184E+01  0.43038380E+01  0.41325946E+01  0.39306799E+01
  0.37052419E+01  0.34684294E+01  0.32344328E+01  0.30118118E+01  0.28034928E+01
  0.26112273E+01  0.24340829E+01  0.22694766E+01  0.21148739E+01  0.19686215E+01
  0.18298343E+01  0.16982948E+01  0.15741319E+01  0.14575098E+01  0.13486122E+01
  0.12476845E+01  0.11546540E+01  0.10688899E+01  0.98968660E+00  0.91646624E+00
  0.84876876E+00  0.78621913E+00  0.72844805E+00  0.67510859E+00  0.62584801E+00
  0.58034307E+00  0.53830628E+00  0.49949306E+00  0.46371984E+00  0.43084677E+00
  0.40075501E+00  0.37333857E+00  0.34850315E+00  0.32614324E+00  0.30630311E+00
  0.28879206E+00  0.27325972E+00  0.25948543E+00  0.24716802E+00  0.23608334E+00
  0.22604493E+00  0.21684271E+00  0.20829415E+00  0.20028307E+00  0.19271559E+00
  0.18554283E+00  0.17875690E+00  0.17235419E+00  0.16634070E+00  0.16070166E+00
  0.15539727E+00  0.15040010E+00  0.14568854E+00  0.14123781E+00  0.13702060E+00
  0.13301021E+00  0.12918487E+00  0.12551910E+00  0.12199549E+00  0.11860612E+00
  0.11534445E+00  0.11219792E+00  0.10915178E+00  0.10619484E+00  0.10332226E+00
  0.10052392E+00  0.97807648E-01  0.95121136E-01  0.92599391E-01  0.89457742E-01
  0.87484370E-01  0.49084998E+01  0.49040003E+01  0.48979347E+01  0.48955865E+01
  0.48944066E+01  0.48937041E+01  0.48931123E+01  0.48925093E+01  0.48918172E+01
  0.48909688E+01  0.48898824E+01  0.48884565E+01  0.48865605E+01  0.48840232E+01
  0.48806171E+01  0.48760379E+01  0.48698824E+01  0.48616172E+01  0.48504933E+01
  0.48354905E+01  0.48152570E+01  0.47880067E+01  0.47514261E+01  0.47024422E+01
  0.46368790E+01  0.45510222E+01  0.44404930E+01  0.43004954E+01  0.41285403E+01
  0.39258443E+01  0.36995640E+01  0.34618993E+01  0.32272368E+01  0.30043898E+01
  0.27963391E+01  0.26046085E+01  0.24279841E+01  0.22637101E+01  0.21092289E+01
  0.19629334E+01  0.18239926E+01  0.16922454E+01  0.15678551E+01  0.14509924E+01
  0.13418257E+01  0.12405919E+01  0.11472334E+01  0.10611564E+01  0.98169002E+00
  0.90827097E+00  0.84045190E+00  0.77785556E+00  0.72010112E+00  0.66682043E+00
  0.61764736E+00  0.57223911E+00  0.53030155E+00  0.49165254E+00  0.45612681E+00
  0.42356865E+00  0.39387609E+00  0.36694899E+00  0.34270915E+00  0.32120774E+00
  0.30237817E+00  0.28583841E+00  0.27122262E+00  0.25827341E+00  0.24666764E+00
  0.23608897E+00  0.22637585E+00  0.21743480E+00  0.20912717E+00  0.20134745E+00
  0.19405622E+00  0.18720547E+00  0.18074361E+00  0.17464354E+00  0.16889510E+00
  0.16348628E+00  0.15838769E+00  0.15356709E+00  0.14901766E+00  0.14473126E+00
  0.14068099E+00  0.13683666E+00  0.13317265E+00  0.12966351E+00  0.12628882E+00
  0.12303707E+00  0.11989868E+00  0.11686168E+00  0.11391207E+00  0.11103769E+00
  0.10822993E+00  0.10547634E+00  0.10278323E+00  0.10010025E+00  0.97565334E-01
  0.94370616E-01  0.92355314E-01  0.49089063E+01  0.49041501E+01  0.48977112E+01
  0.48952011E+01  0.48939629E+01  0.48932427E+01  0.48926444E+01  0.48920370E+01
  0.48913396E+01  0.48904841E+01  0.48893889E+01  0.48879538E+01  0.48860486E+01
  0.48835015E+01  0.48800824E+01  0.48754858E+01  0.48693059E+01  0.48610060E+01
  0.48498327E+01  0.48347553E+01  0.48144098E+01  0.47869998E+01  0.47502049E+01
  0.47009419E+01  0.46349665E+01  0.45486109E+01  0.44375146E+01  0.42968244E+01
  0.41240810E+01  0.39205312E+01  0.36933593E+01  0.34548197E+01  0.32194913E+01
  0.29964569E+01  0.27887520E+01  0.25976446E+01  0.24216082E+01  0.22577054E+01
  0.21033603E+01  0.19570173E+01  0.18179049E+01  0.16859187E+01  0.15612494E+01
  0.14440649E+01  0.13345181E+01  0.12328589E+01  0.11390857E+01  0.10526669E+01
  0.97295771E+00  0.89939738E+00  0.83153037E+00  0.76895627E+00  0.71125200E+00
  0.65802533E+00  0.60896770E+00  0.56372091E+00  0.52197065E+00  0.48357054E+00
  0.44846485E+00  0.41661094E+00  0.38785603E+00  0.36198850E+00  0.33878671E+00
  0.31846047E+00  0.30087080E+00  0.28536300E+00  0.27158042E+00  0.25928390E+00
  0.24828847E+00  0.23832148E+00  0.22912569E+00  0.22057179E+00  0.21257375E+00
  0.20506796E+00  0.19804475E+00  0.19148403E+00  0.18531909E+00  0.17950703E+00
  0.17403372E+00  0.16887970E+00  0.16402103E+00  0.15942168E+00  0.15505928E+00
  0.15092464E+00  0.14699687E+00  0.14325428E+00  0.13967545E+00  0.13624311E+00
  0.13294050E+00  0.12975007E+00  0.12665719E+00  0.12365198E+00  0.12072481E+00
  0.11786490E+00  0.11506301E+00  0.11230491E+00  0.10959366E+00  0.10687929E+00
  0.10430368E+00  0.10103662E+00  0.98971267E-01  0.49092935E+01  0.49042842E+01
  0.48974823E+01  0.48948196E+01  0.48935244E+01  0.48927812E+01  0.48921712E+01
  0.48915578E+01  0.48908551E+01  0.48899942E+01  0.48888928E+01  0.48874503E+01
  0.48855359E+01  0.48829772E+01  0.48795429E+01  0.48749255E+01  0.48687163E+01
  0.48603763E+01  0.48491473E+01  0.48339880E+01  0.48135214E+01  0.47859384E+01
  0.47489095E+01  0.46993417E+01  0.46329256E+01  0.45460274E+01  0.44343060E+01
  0.42928629E+01  0.41192653E+01  0.39147957E+01  0.36866797E+01  0.34472375E+01
  0.32112459E+01  0.29880598E+01  0.27807666E+01  0.25903615E+01  0.24149721E+01
  0.22514653E+01  0.20972529E+01  0.19508363E+01  0.18115066E+01  0.16792112E+01
  0.15541653E+01  0.14365394E+01  0.13264981E+01  0.12243484E+01  0.11301615E+01
  0.10434586E+01  0.96358654E+00  0.88995975E+00  0.82206636E+00  0.75953277E+00
  0.70194713E+00  0.64888050E+00  0.60005901E+00  0.55531303E+00  0.51440622E+00
  0.47700042E+00  0.44295097E+00  0.41220604E+00  0.38465248E+00  0.36010834E+00
  0.33824371E+00  0.31912834E+00  0.30257713E+00  0.28795898E+00  0.27494285E+00
  0.26328494E+00  0.25286021E+00  0.24344670E+00  0.23473286E+00  0.22655124E+00
  0.21885973E+00  0.21162182E+00  0.20481774E+00  0.19842927E+00  0.19241363E+00
  0.18674289E+00  0.18139142E+00  0.17633302E+00  0.17155117E+00  0.16701952E+00
  0.16270495E+00  0.15858980E+00  0.15465933E+00  0.15089675E+00  0.14728501E+00
  0.14380848E+00  0.14045096E+00  0.13719676E+00  0.13403377E+00  0.13095339E+00
  0.12794778E+00  0.12500765E+00  0.12212685E+00  0.11929323E+00  0.11650856E+00
  0.11372042E+00  0.11107412E+00  0.10771910E+00  0.10559905E+00  0.49096690E+01
  0.49043994E+01  0.48972407E+01  0.48944430E+01  0.48930920E+01  0.48923213E+01
  0.48916959E+01  0.48910748E+01  0.48903681E+01  0.48895052E+01  0.48884013E+01
  0.48869539E+01  0.48850310E+01  0.48824592E+01  0.48790072E+01  0.48743647E+01
  0.48681202E+01  0.48597338E+01  0.48484425E+01  0.48331944E+01  0.48125987E+01
  0.47848310E+01  0.47475521E+01  0.46976603E+01  0.46307737E+01  0.45432793E+01
  0.44308788E+01  0.42886327E+01  0.41141202E+01  0.39086700E+01  0.36795502E+01
  0.34391575E+01  0.32024912E+01  0.29791945E+01  0.27723901E+01  0.25827587E+01
  0.24080584E+01  0.22449551E+01  0.20908487E+01  0.19443008E+01  0.18046682E+01
  0.16719556E+01  0.15464144E+01  0.14282473E+01  0.13176729E+01  0.12150666E+01
  0.11205443E+01  0.10336432E+01  0.95363234E+00  0.87996088E+00  0.81214446E+00
  0.74977351E+00  0.69267466E+00  0.64056456E+00  0.59295649E+00  0.54948619E+00
  0.50988748E+00  0.47388829E+00  0.44126028E+00  0.41175065E+00  0.38524311E+00
  0.36171281E+00  0.34103846E+00  0.32305697E+00  0.30738162E+00  0.29355171E+00
  0.28132336E+00  0.27039436E+00  0.26046497E+00  0.25132160E+00  0.24277816E+00
  0.23471240E+00  0.22709504E+00  0.21991116E+00  0.21314514E+00  0.20676479E+00
  0.20073394E+00  0.19503064E+00  0.18962207E+00  0.18448206E+00  0.17959367E+00
  0.17494137E+00  0.17050155E+00  0.16625124E+00  0.16217555E+00  0.15826208E+00
  0.15449789E+00  0.15086945E+00  0.14736263E+00  0.14396351E+00  0.14066037E+00
  0.13744382E+00  0.13430595E+00  0.13123846E+00  0.12823623E+00  0.12528839E+00
  0.12239919E+00  0.11951389E+00  0.11678099E+00  0.11332865E+00  0.11115012E+00
  0.49100475E+01  0.49045038E+01  0.48969911E+01  0.48940743E+01  0.48926642E+01
  0.48918635E+01  0.48912243E+01  0.48905986E+01  0.48898919E+01  0.48890304E+01
  0.48879262E+01  0.48864747E+01  0.48845427E+01  0.48819561E+01  0.48784832E+01
  0.48738115E+01  0.48675256E+01  0.48590846E+01  0.48477227E+01  0.48323765E+01
  0.48116411E+01  0.47836760E+01  0.47461290E+01  0.46958957E+01  0.46284979E+01
  0.45403650E+01  0.44272480E+01  0.42841413E+01  0.41086519E+01  0.39021549E+01
  0.36719649E+01  0.34305816E+01  0.31932190E+01  0.29698282E+01  0.27635889E+01
  0.25747997E+01  0.24008125E+01  0.22380944E+01  0.20840357E+01  0.19372644E+01
  0.17972167E+01  0.16639766E+01  0.15378608E+01  0.14191376E+01  0.13080946E+01
  0.12051236E+01  0.11103126E+01  0.10232274E+01  0.94315400E+00  0.86959207E+00
  0.80244980E+00  0.74137063E+00  0.68587826E+00  0.63550456E+00  0.58967136E+00
  0.54783213E+00  0.50954676E+00  0.47465227E+00  0.44307835E+00  0.41467865E+00
  0.38924134E+00  0.36669674E+00  0.34707484E+00  0.33004202E+00  0.31509111E+00
  0.30187064E+00  0.29010281E+00  0.27950250E+00  0.26973395E+00  0.26058658E+00
  0.25197147E+00  0.24381830E+00  0.23608651E+00  0.22877049E+00  0.22185895E+00
  0.21532353E+00  0.20913382E+00  0.20325994E+00  0.19767175E+00  0.19234250E+00
  0.18725154E+00  0.18238486E+00  0.17772757E+00  0.17326146E+00  0.16897109E+00
  0.16484445E+00  0.16087078E+00  0.15703950E+00  0.15334002E+00  0.14976015E+00
  0.14628757E+00  0.14291161E+00  0.13962333E+00  0.13641408E+00  0.13327865E+00
  0.13020604E+00  0.12720278E+00  0.12421230E+00  0.12138712E+00  0.11783273E+00
  0.11559300E+00  0.49104658E+01  0.49046250E+01  0.48967512E+01  0.48937200E+01
  0.48922395E+01  0.48914125E+01  0.48907679E+01  0.48901453E+01  0.48894435E+01
  0.48885852E+01  0.48874805E+01  0.48860235E+01  0.48840802E+01  0.48814756E+01
  0.48779773E+01  0.48732723E+01  0.48669399E+01  0.48584357E+01  0.48469933E+01
  0.48315384E+01  0.48106503E+01  0.47824725E+01  0.47446384E+01  0.46940412E+01
  0.46260946E+01  0.45372790E+01  0.44234012E+01  0.42793776E+01  0.41028472E+01
  0.38952333E+01  0.36638987E+01  0.34214556E+01  0.31833667E+01  0.29599093E+01
  0.27542982E+01  0.25664082E+01  0.23931418E+01  0.22307611E+01  0.20766631E+01
  0.19295608E+01  0.17889998E+01  0.16551734E+01  0.15284907E+01  0.14092951E+01
  0.12978831E+01  0.11945483E+01  0.10994650E+01  0.10123592E+01  0.93285793E+00
  0.86070303E+00  0.79553256E+00  0.73667538E+00  0.68336916E+00  0.63485929E+00
  0.59046559E+00  0.54986342E+00  0.51275880E+00  0.47886287E+00  0.44808181E+00
  0.42042990E+00  0.39581645E+00  0.37412227E+00  0.35534187E+00  0.33897697E+00
  0.32446665E+00  0.31159332E+00  0.29999819E+00  0.28939264E+00  0.27952830E+00
  0.27022551E+00  0.26141108E+00  0.25304233E+00  0.24508636E+00  0.23753582E+00
  0.23037415E+00  0.22358174E+00  0.21714156E+00  0.21102049E+00  0.20518831E+00
  0.19961656E+00  0.19428176E+00  0.18916802E+00  0.18426396E+00  0.17955693E+00
  0.17503304E+00  0.17067953E+00  0.16648538E+00  0.16244064E+00  0.15853597E+00
  0.15476184E+00  0.15110727E+00  0.14756168E+00  0.14411620E+00  0.14076116E+00
  0.13749048E+00  0.13429192E+00  0.13117321E+00  0.12807589E+00  0.12515710E+00
  0.12150018E+00  0.11919928E+00  0.49110273E+01  0.49048157E+01  0.48964937E+01
  0.48933439E+01  0.48918126E+01  0.48909789E+01  0.48903435E+01  0.48897326E+01
  0.48890388E+01  0.48881837E+01  0.48870764E+01  0.48856108E+01  0.48836526E+01
  0.48810260E+01  0.48774973E+01  0.48727527E+01  0.48663683E+01  0.48577938E+01
  0.48462604E+01  0.48306843E+01  0.48096279E+01  0.47812200E+01  0.47430780E+01
  0.46920855E+01  0.46235514E+01  0.45340138E+01  0.44193269E+01  0.42743252E+01
  0.40966836E+01  0.38878766E+01  0.36553135E+01  0.34117188E+01  0.31728609E+01
  0.29493641E+01  0.27444336E+01  0.25574760E+01  0.23849170E+01  0.22228137E+01
  0.20685832E+01  0.19210638E+01  0.17799503E+01  0.16455642E+01  0.15184049E+01
  0.13988347E+01  0.12870357E+01  0.11833494E+01  0.10884159E+01  0.10024881E+01
  0.92518926E+00  0.85572300E+00  0.79315772E+00  0.73653151E+00  0.68504435E+00
  0.63809106E+00  0.59494991E+00  0.55517194E+00  0.51864599E+00  0.48528220E+00
  0.45501433E+00  0.42782666E+00  0.40375245E+00  0.38269677E+00  0.36451360E+00
  0.34864526E+00  0.33445717E+00  0.32173173E+00  0.31015969E+00  0.29942846E+00
  0.28932755E+00  0.27973978E+00  0.27062174E+00  0.26195358E+00  0.25370997E+00
  0.24587614E+00  0.23842325E+00  0.23133329E+00  0.22460212E+00  0.21819894E+00
  0.21209185E+00  0.20625232E+00  0.20065638E+00  0.19528576E+00  0.19012795E+00
  0.18517269E+00  0.18040894E+00  0.17582494E+00  0.17140930E+00  0.16715170E+00
  0.16304265E+00  0.15907377E+00  0.15523633E+00  0.15151991E+00  0.14791577E+00
  0.14441517E+00  0.14101168E+00  0.13769135E+00  0.13446203E+00  0.13126261E+00
  0.12825433E+00  0.12450047E+00  0.12214217E+00  0.49115405E+01  0.49050544E+01
  0.48963152E+01  0.48929826E+01  0.48914131E+01  0.48905891E+01  0.48899708E+01
  0.48893751E+01  0.48886899E+01  0.48878362E+01  0.48867232E+01  0.48852453E+01
  0.48832680E+01  0.48806150E+01  0.48770509E+01  0.48722599E+01  0.48658162E+01
  0.48571638E+01  0.48455288E+01  0.48298182E+01  0.48085770E+01  0.47799186E+01
  0.47414450E+01  0.46900265E+01  0.46208645E+01  0.45305592E+01  0.44150087E+01
  0.42689622E+01  0.40901333E+01  0.38800500E+01  0.36461612E+01  0.34013232E+01
  0.31616357E+01  0.29380947E+01  0.27338950E+01  0.25478997E+01  0.23760188E+01
  0.22141259E+01  0.20596950E+01  0.19117366E+01  0.17701122E+01  0.16352513E+01
  0.15076929E+01  0.13877432E+01  0.12755913E+01  0.11722956E+01  0.10792099E+01
  0.99613348E+00  0.92195213E+00  0.85531906E+00  0.79511807E+00  0.74054176E+00
  0.69056386E+00  0.64447163E+00  0.60181227E+00  0.56223135E+00  0.52569696E+00
  0.49237160E+00  0.46232562E+00  0.43553833E+00  0.41197058E+00  0.39158253E+00
  0.37395932E+00  0.35842101E+00  0.34448588E+00  0.33181665E+00  0.32011712E+00
  0.30912573E+00  0.29869474E+00  0.28875967E+00  0.27929698E+00  0.27029559E+00
  0.26173681E+00  0.25359578E+00  0.24583766E+00  0.23844432E+00  0.23140870E+00
  0.22470571E+00  0.21830755E+00  0.21218846E+00  0.20632561E+00  0.20069932E+00
  0.19529405E+00  0.19009805E+00  0.18510115E+00  0.18029305E+00  0.17566311E+00
  0.17120100E+00  0.16689700E+00  0.16274230E+00  0.15872954E+00  0.15485007E+00
  0.15109418E+00  0.14745305E+00  0.14392165E+00  0.14048549E+00  0.13715263E+00
  0.13385885E+00  0.13076824E+00  0.12692620E+00  0.12451607E+00  0.49118633E+01
  0.49052308E+01  0.48962130E+01  0.48927034E+01  0.48910895E+01  0.48902719E+01
  0.48896664E+01  0.48890828E+01  0.48884039E+01  0.48875486E+01  0.48864266E+01
  0.48849324E+01  0.48829318E+01  0.48802477E+01  0.48766433E+01  0.48717999E+01
  0.48652884E+01  0.48565487E+01  0.48448019E+01  0.48289430E+01  0.48074994E+01
  0.47785678E+01  0.47397367E+01  0.46878611E+01  0.46180271E+01  0.45269025E+01
  0.44104293E+01  0.42632652E+01  0.40831649E+01  0.38717085E+01  0.36363793E+01
  0.33901758E+01  0.31495755E+01  0.29259881E+01  0.27225730E+01  0.25375824E+01
  0.23663558E+01  0.22046221E+01  0.20499887E+01  0.19016453E+01  0.17595832E+01
  0.16242854E+01  0.14963323E+01  0.13760740E+01  0.12645073E+01  0.11636462E+01
  0.10741180E+01  0.99448572E+00  0.92324863E+00  0.85919187E+00  0.80101640E+00
  0.74767006E+00  0.69827189E+00  0.65215735E+00  0.60911147E+00  0.56913313E+00
  0.53235368E+00  0.49900710E+00  0.46918902E+00  0.44290212E+00  0.42001212E+00
  0.40030495E+00  0.38317940E+00  0.36792546E+00  0.35413901E+00  0.34141801E+00
  0.32947539E+00  0.31813920E+00  0.30733575E+00  0.29703628E+00  0.28722458E+00
  0.27788695E+00  0.26900822E+00  0.26055288E+00  0.25249105E+00  0.24480636E+00
  0.23747417E+00  0.23047427E+00  0.22378681E+00  0.21739145E+00  0.21126772E+00
  0.20539574E+00  0.19975757E+00  0.19433845E+00  0.18912644E+00  0.18411122E+00
  0.17928294E+00  0.17463190E+00  0.17014864E+00  0.16582412E+00  0.16165022E+00
  0.15761991E+00  0.15372512E+00  0.14995512E+00  0.14630463E+00  0.14276000E+00
  0.13933062E+00  0.13594975E+00  0.13278383E+00  0.12886203E+00  0.12640521E+00
  0.49120901E+01  0.49053018E+01  0.48960717E+01  0.48924831E+01  0.48908468E+01
  0.48900341E+01  0.48894379E+01  0.48888607E+01  0.48881828E+01  0.48873219E+01
  0.48861872E+01  0.48846734E+01  0.48826455E+01  0.48799262E+01  0.48762769E+01
  0.48713759E+01  0.48647890E+01  0.48559517E+01  0.48440815E+01  0.48280604E+01
  0.48063962E+01  0.47771681E+01  0.47379489E+01  0.46855814E+01  0.46150294E+01
  0.45230289E+01  0.44055681E+01  0.42572055E+01  0.40757382E+01  0.38627913E+01
  0.36258902E+01  0.33781778E+01  0.31365646E+01  0.29129419E+01  0.27103795E+01
  0.25264366E+01  0.23558639E+01  0.21943080E+01  0.20395459E+01  0.18908840E+01
  0.17483727E+01  0.16126332E+01  0.14844577E+01  0.13650535E+01  0.12562102E+01
  0.11593032E+01  0.10736246E+01  0.99734730E+00  0.92885035E+00  0.86655883E+00
  0.80922943E+00  0.75589495E+00  0.70596547E+00  0.65912722E+00  0.61536425E+00
  0.57485035E+00  0.53785859E+00  0.50463533E+00  0.47526047E+00  0.44963452E+00
  0.42762786E+00  0.40866201E+00  0.39191037E+00  0.37687355E+00  0.36311033E+00
  0.35022275E+00  0.33797124E+00  0.32626715E+00  0.31509113E+00  0.30443758E+00
  0.29429258E+00  0.28463628E+00  0.27544777E+00  0.26669259E+00  0.25834525E+00
  0.25038422E+00  0.24277692E+00  0.23550264E+00  0.22854607E+00  0.22189204E+00
  0.21552363E+00  0.20942237E+00  0.20356970E+00  0.19794855E+00  0.19254436E+00
  0.18734513E+00  0.18234061E+00  0.17752144E+00  0.17287860E+00  0.16840330E+00
  0.16408698E+00  0.15992174E+00  0.15590114E+00  0.15201584E+00  0.14825875E+00
  0.14461525E+00  0.14109682E+00  0.13763522E+00  0.13439958E+00  0.13040424E+00
  0.12790444E+00  0.49122127E+01  0.49053076E+01  0.48959465E+01  0.48923328E+01
  0.48906854E+01  0.48898762E+01  0.48892859E+01  0.48887099E+01  0.48880264E+01
  0.48871544E+01  0.48860031E+01  0.48844659E+01  0.48824075E+01  0.48796496E+01
  0.48759515E+01  0.48709881E+01  0.48643196E+01  0.48553743E+01  0.48433678E+01
  0.48271704E+01  0.48052666E+01  0.47757174E+01  0.47360770E+01  0.46831823E+01
  0.46118637E+01  0.45189219E+01  0.44003987E+01  0.42507463E+01  0.40678015E+01
  0.38532316E+01  0.36146088E+01  0.33652207E+01  0.31224912E+01  0.28988741E+01
  0.26972631E+01  0.25144228E+01  0.23445527E+01  0.21832702E+01  0.20284571E+01
  0.18794281E+01  0.17364362E+01  0.16006171E+01  0.14736395E+01  0.13572157E+01
  0.12525673E+01  0.11597651E+01  0.10776267E+01  0.10041415E+01  0.93718441E+00
  0.87523639E+00  0.81740852E+00  0.76317473E+00  0.71219903E+00  0.66437520E+00
  0.61983679E+00  0.57890330E+00  0.54194320E+00  0.50914087E+00  0.48051920E+00
  0.45583809E+00  0.43473976E+00  0.41643050E+00  0.40002481E+00  0.38509518E+00
  0.37122121E+00  0.35807554E+00  0.34549542E+00  0.33344353E+00  0.32192664E+00
  0.31094960E+00  0.30049921E+00  0.29055246E+00  0.28107778E+00  0.27204876E+00
  0.26344158E+00  0.25522395E+00  0.24736749E+00  0.23985035E+00  0.23265629E+00
  0.22577153E+00  0.21918195E+00  0.21287172E+00  0.20682365E+00  0.20102037E+00
  0.19544567E+00  0.19008551E+00  0.18492806E+00  0.17996321E+00  0.17518188E+00
  0.17057536E+00  0.16613527E+00  0.16185310E+00  0.15772157E+00  0.15373283E+00
  0.14988114E+00  0.14614961E+00  0.14255024E+00  0.13901423E+00  0.13571356E+00
  0.13164875E+00  0.12910823E+00  0.49122420E+01  0.49052670E+01  0.48958635E+01
  0.48922692E+01  0.48906109E+01  0.48897982E+01  0.48892061E+01  0.48886248E+01
  0.48879315E+01  0.48870450E+01  0.48858726E+01  0.48843078E+01  0.48822156E+01
  0.48794159E+01  0.48756655E+01  0.48706348E+01  0.48638780E+01  0.48548153E+01
  0.48426608E+01  0.48262723E+01  0.48041092E+01  0.47742128E+01  0.47341172E+01
  0.46806536E+01  0.46085148E+01  0.45145646E+01  0.43948961E+01  0.42438507E+01
  0.40592992E+01  0.38429547E+01  0.36024401E+01  0.33512038E+01  0.31072733E+01
  0.28837099E+01  0.26831682E+01  0.25015489E+01  0.23325077E+01  0.21716008E+01
  0.20166869E+01  0.18672288E+01  0.17242800E+01  0.15900176E+01  0.14663539E+01
  0.13542108E+01  0.12539255E+01  0.11649237E+01  0.10853852E+01  0.10129551E+01
  0.94575484E+00  0.88289204E+00  0.82390627E+00  0.76841760E+00  0.71621180E+00
  0.66737237E+00  0.62223899E+00  0.58124884E+00  0.54472384E+00  0.51273489E+00
  0.48511592E+00  0.46161053E+00  0.44144819E+00  0.42361128E+00  0.40746163E+00
  0.39251695E+00  0.37842277E+00  0.36497015E+00  0.35207331E+00  0.33971585E+00
  0.32790593E+00  0.31664623E+00  0.30592390E+00  0.29571513E+00  0.28598636E+00
  0.27671217E+00  0.26786643E+00  0.25941668E+00  0.25133798E+00  0.24360861E+00
  0.23620997E+00  0.22912631E+00  0.22234356E+00  0.21584771E+00  0.20962387E+00
  0.20365629E+00  0.19792902E+00  0.19242703E+00  0.18713687E+00  0.18204687E+00
  0.17714688E+00  0.17242778E+00  0.16788108E+00  0.16349824E+00  0.15927132E+00
  0.15519157E+00  0.15125491E+00  0.14744520E+00  0.14377359E+00  0.14016952E+00
  0.13680832E+00  0.13267724E+00  0.13009748E+00  0.49121768E+01  0.49051868E+01
  0.48958193E+01  0.48922692E+01  0.48906006E+01  0.48897806E+01  0.48891802E+01
  0.48885904E+01  0.48878887E+01  0.48869879E+01  0.48857921E+01  0.48841973E+01
  0.48820687E+01  0.48792241E+01  0.48754174E+01  0.48703140E+01  0.48634623E+01
  0.48542740E+01  0.48419600E+01  0.48253652E+01  0.48029222E+01  0.47726507E+01
  0.47320628E+01  0.46779789E+01  0.46049575E+01  0.45099256E+01  0.43890200E+01
  0.42364646E+01  0.40501641E+01  0.38318789E+01  0.35892904E+01  0.33360441E+01
  0.30908474E+01  0.28673956E+01  0.26680767E+01  0.24878854E+01  0.23198274E+01
  0.21592812E+01  0.20042005E+01  0.18549546E+01  0.17139213E+01  0.15832880E+01
  0.14639639E+01  0.13562718E+01  0.12598107E+01  0.11732241E+01  0.10943350E+01
  0.10211472E+01  0.95265171E+00  0.88838012E+00  0.82796292E+00  0.77114483E+00
  0.71787652E+00  0.66833193E+00  0.62299853E+00  0.58237685E+00  0.54668006E+00
  0.51584805E+00  0.48949979E+00  0.46712568E+00  0.44773626E+00  0.43028096E+00
  0.41423391E+00  0.39914924E+00  0.38477065E+00  0.37100160E+00  0.35781265E+00
  0.34519238E+00  0.33313690E+00  0.32163624E+00  0.31067471E+00  0.30023222E+00
  0.29027878E+00  0.28078519E+00  0.27172267E+00  0.26306527E+00  0.25478984E+00
  0.24687460E+00  0.23929925E+00  0.23204557E+00  0.22509768E+00  0.21844135E+00
  0.21206294E+00  0.20594864E+00  0.20008418E+00  0.19445517E+00  0.18904769E+00
  0.18384874E+00  0.17884665E+00  0.17403115E+00  0.16939305E+00  0.16492348E+00
  0.16061431E+00  0.15645608E+00  0.15244410E+00  0.14856372E+00  0.14482749E+00
  0.14116219E+00  0.13774538E+00  0.13355141E+00  0.13093389E+00  0.49120631E+01
  0.49051267E+01  0.48958492E+01  0.48923254E+01  0.48906428E+01  0.48898120E+01
  0.48891992E+01  0.48885980E+01  0.48878842E+01  0.48869677E+01  0.48857523E+01
  0.48841308E+01  0.48819649E+01  0.48790728E+01  0.48752060E+01  0.48700257E+01
  0.48630732E+01  0.48537509E+01  0.48412652E+01  0.48244479E+01  0.48017032E+01
  0.47710273E+01  0.47299066E+01  0.46751445E+01  0.46011693E+01  0.45049688E+01
  0.43827193E+01  0.42285252E+01  0.40403322E+01  0.38199419E+01  0.35750967E+01
  0.33196736E+01  0.30731351E+01  0.28498918E+01  0.26520528E+01  0.24735420E+01
  0.23065193E+01  0.21463075E+01  0.19917793E+01  0.18448324E+01  0.17078201E+01
  0.15816054E+01  0.14666558E+01  0.13626824E+01  0.12683059E+01  0.11819060E+01
  0.11018786E+01  0.10271344E+01  0.95704874E+00  0.89129885E+00  0.82959312E+00
  0.77169213E+00  0.71768998E+00  0.66789727E+00  0.62281306E+00  0.58292092E+00
  0.54836976E+00  0.51885498E+00  0.49391950E+00  0.47259606E+00  0.45369101E+00
  0.43645511E+00  0.42035234E+00  0.40503358E+00  0.39035367E+00  0.37628800E+00
  0.36283748E+00  0.34998955E+00  0.33772420E+00  0.32602039E+00  0.31485480E+00
  0.30420684E+00  0.29405142E+00  0.28435983E+00  0.27510542E+00  0.26626493E+00
  0.25781619E+00  0.24973742E+00  0.24200758E+00  0.23460695E+00  0.22751778E+00
  0.22072440E+00  0.21421284E+00  0.20797018E+00  0.20198369E+00  0.19624044E+00
  0.19072719E+00  0.18543078E+00  0.18033860E+00  0.17543906E+00  0.17072176E+00
  0.16617696E+00  0.16179617E+00  0.15756968E+00  0.15349226E+00  0.14954858E+00
  0.14575315E+00  0.14203256E+00  0.13856543E+00  0.13431251E+00  0.13165913E+00
  0.49118850E+01  0.49050875E+01  0.48959769E+01  0.48924707E+01  0.48907742E+01
  0.48899290E+01  0.48892931E+01  0.48886658E+01  0.48879229E+01  0.48869809E+01
  0.48857460E+01  0.48841019E+01  0.48819012E+01  0.48789597E+01  0.48750292E+01
  0.48697684E+01  0.48627107E+01  0.48532457E+01  0.48405757E+01  0.48235194E+01
  0.48004504E+01  0.47693391E+01  0.47276426E+01  0.46721394E+01  0.45971362E+01
  0.44996755E+01  0.43759664E+01  0.42200006E+01  0.40297689E+01  0.38071010E+01
  0.35597832E+01  0.33019848E+01  0.30540375E+01  0.28311931E+01  0.26351897E+01
  0.24585623E+01  0.22926542E+01  0.21335668E+01  0.19817939E+01  0.18392911E+01
  0.17068497E+01  0.15848714E+01  0.14734519E+01  0.13712489E+01  0.12767068E+01
  0.11888621E+01  0.11070073E+01  0.10305381E+01  0.95898557E+00  0.89202039E+00
  0.82933585E+00  0.77064986E+00  0.71613082E+00  0.66636767E+00  0.62192106E+00
  0.58316228E+00  0.55006872E+00  0.52205984E+00  0.49840129E+00  0.47788488E+00
  0.45931193E+00  0.44210411E+00  0.42581530E+00  0.41021942E+00  0.39525731E+00
  0.38093347E+00  0.36725516E+00  0.35420945E+00  0.34176302E+00  0.32988584E+00
  0.31854823E+00  0.30772201E+00  0.29738678E+00  0.28751970E+00  0.27809738E+00
  0.26909682E+00  0.26049582E+00  0.25227268E+00  0.24440629E+00  0.23687640E+00
  0.22966422E+00  0.22275270E+00  0.21612683E+00  0.20977336E+00  0.20368006E+00
  0.19783497E+00  0.19222589E+00  0.18684039E+00  0.18166601E+00  0.17669051E+00
  0.17190238E+00  0.16729086E+00  0.16284674E+00  0.15855995E+00  0.15442512E+00
  0.15042594E+00  0.14657694E+00  0.14280511E+00  0.13929194E+00  0.13498525E+00
  0.13229896E+00  0.49114956E+01  0.49049625E+01  0.48961947E+01  0.48927661E+01
  0.48910599E+01  0.48901841E+01  0.48895013E+01  0.48888236E+01  0.48880316E+01
  0.48870471E+01  0.48857772E+01  0.48841038E+01  0.48818713E+01  0.48788822E+01
  0.48748851E+01  0.48695392E+01  0.48623715E+01  0.48527564E+01  0.48398898E+01
  0.48225779E+01  0.47991617E+01  0.47675832E+01  0.47252632E+01  0.46689589E+01
  0.45928593E+01  0.44940391E+01  0.43687468E+01  0.42108739E+01  0.40184468E+01
  0.37933054E+01  0.35433738E+01  0.32829746E+01  0.30334858E+01  0.28113354E+01
  0.26175683E+01  0.24430800E+01  0.22792159E+01  0.21234913E+01  0.19765822E+01
  0.18388731E+01  0.17105222E+01  0.15918538E+01  0.14819354E+01  0.13793106E+01
  0.12831899E+01  0.11933475E+01  0.11096542E+01  0.10317217E+01  0.95904339E+00
  0.89113681E+00  0.82755553E+00  0.76816949E+00  0.71338844E+00  0.66398250E+00
  0.62055976E+00  0.58333797E+00  0.55189153E+00  0.52549961E+00  0.50297289E+00
  0.48292398E+00  0.46450967E+00  0.44718444E+00  0.43064070E+00  0.41477350E+00
  0.39956911E+00  0.38503400E+00  0.37116495E+00  0.35794631E+00  0.34534195E+00
  0.33331211E+00  0.32182376E+00  0.31084604E+00  0.30035746E+00  0.29033870E+00
  0.28076934E+00  0.27162774E+00  0.26289202E+00  0.25454045E+00  0.24655195E+00
  0.23890625E+00  0.23158432E+00  0.22456846E+00  0.21784272E+00  0.21139305E+00
  0.20520668E+00  0.19927163E+00  0.19357633E+00  0.18810921E+00  0.18285847E+00
  0.17781203E+00  0.17295812E+00  0.16828540E+00  0.16378396E+00  0.15944306E+00
  0.15525693E+00  0.15120867E+00  0.14731240E+00  0.14349402E+00  0.13993855E+00
  0.13558323E+00  0.13286720E+00  0.49107360E+01  0.49046175E+01  0.48964687E+01
  0.48932686E+01  0.48915582E+01  0.48906124E+01  0.48898475E+01  0.48890931E+01
  0.48882332E+01  0.48871883E+01  0.48858639E+01  0.48841435E+01  0.48818713E+01
  0.48788367E+01  0.48747736E+01  0.48693376E+01  0.48620533E+01  0.48522805E+01
  0.48392049E+01  0.48216209E+01  0.47978346E+01  0.47657552E+01  0.47227634E+01
  0.46655991E+01  0.45883347E+01  0.44880490E+01  0.43610462E+01  0.42011293E+01
  0.40063288E+01  0.37784793E+01  0.35256498E+01  0.32623931E+01  0.30114167E+01
  0.27904159E+01  0.25994210E+01  0.24282316E+01  0.22687067E+01  0.21184879E+01
  0.19766459E+01  0.18428725E+01  0.17175150E+01  0.16001056E+01  0.14895734E+01
  0.13853316E+01  0.12872128E+01  0.11954672E+01  0.11102902E+01  0.10312483E+01
  0.95763537E+00  0.88881005E+00  0.82435569E+00  0.76441840E+00  0.70973730E+00
  0.66114189E+00  0.61917181E+00  0.58379558E+00  0.55413000E+00  0.52915232E+00
  0.50746505E+00  0.48770280E+00  0.46925941E+00  0.45171628E+00  0.43490269E+00
  0.41879618E+00  0.40339178E+00  0.38868463E+00  0.37465796E+00  0.36128702E+00
  0.34853808E+00  0.33637013E+00  0.32474767E+00  0.31363976E+00  0.30302143E+00
  0.29287268E+00  0.28317472E+00  0.27390784E+00  0.26505127E+00  0.25658372E+00
  0.24848429E+00  0.24073299E+00  0.23331098E+00  0.22620050E+00  0.21938526E+00
  0.21285036E+00  0.20658198E+00  0.20056752E+00  0.19479537E+00  0.18925431E+00
  0.18393303E+00  0.17882000E+00  0.17390395E+00  0.16917376E+00  0.16461916E+00
  0.16022874E+00  0.15599606E+00  0.15190364E+00  0.14796565E+00  0.14410678E+00
  0.14051398E+00  0.13611493E+00  0.13337219E+00  0.49094142E+01  0.49040027E+01
  0.48968372E+01  0.48939598E+01  0.48922514E+01  0.48912072E+01  0.48903364E+01
  0.48894854E+01  0.48885414E+01  0.48874210E+01  0.48860278E+01  0.48842434E+01
  0.48819128E+01  0.48788249E+01  0.48746967E+01  0.48691671E+01  0.48617561E+01
  0.48518151E+01  0.48385187E+01  0.48206454E+01  0.47964653E+01  0.47638530E+01
  0.47201461E+01  0.46620555E+01  0.45835491E+01  0.44816915E+01  0.43528510E+01
  0.41907351E+01  0.39933420E+01  0.37625262E+01  0.35064101E+01  0.32400712E+01
  0.29878736E+01  0.27687185E+01  0.25820040E+01  0.24165330E+01  0.22634507E+01
  0.21189966E+01  0.19811918E+01  0.18499972E+01  0.17255459E+01  0.16073307E+01
  0.14951594E+01  0.13889829E+01  0.12889920E+01  0.11957737E+01  0.11094453E+01
  0.10293984E+01  0.95484159E+00  0.88509042E+00  0.81987779E+00  0.75970354E+00
  0.70556029E+00  0.65826027E+00  0.61816524E+00  0.58475966E+00  0.55688258E+00
  0.53307390E+00  0.51183145E+00  0.49217588E+00  0.47357066E+00  0.45576784E+00
  0.43870705E+00  0.42239332E+00  0.40681937E+00  0.39196574E+00  0.37780347E+00
  0.36429804E+00  0.35141532E+00  0.33911892E+00  0.32737404E+00  0.31614939E+00
  0.30541782E+00  0.29515675E+00  0.28534648E+00  0.27596811E+00  0.26700213E+00
  0.25842841E+00  0.25022690E+00  0.24237819E+00  0.23486379E+00  0.22766623E+00
  0.22076924E+00  0.21415724E+00  0.20781544E+00  0.20173055E+00  0.19589043E+00
  0.19028341E+00  0.18489815E+00  0.17972371E+00  0.17474964E+00  0.16996538E+00
  0.16536081E+00  0.16092431E+00  0.15664901E+00  0.15251703E+00  0.14854262E+00
  0.14464943E+00  0.14102514E+00  0.13658820E+00  0.13382208E+00  0.49075091E+01
  0.49031456E+01  0.48972997E+01  0.48947437E+01  0.48930452E+01  0.48919120E+01
  0.48909430E+01  0.48899969E+01  0.48889630E+01  0.48877573E+01  0.48862836E+01
  0.48844228E+01  0.48820179E+01  0.48788599E+01  0.48746591E+01  0.48690314E+01
  0.48614839E+01  0.48513622E+01  0.48378299E+01  0.48196480E+01  0.47950487E+01
  0.47618693E+01  0.47174038E+01  0.46583161E+01  0.45784894E+01  0.44749497E+01
  0.43441221E+01  0.41796283E+01  0.39794059E+01  0.37453236E+01  0.34855722E+01
  0.32160660E+01  0.29632730E+01  0.27474801E+01  0.25676861E+01  0.24105386E+01
  0.22641632E+01  0.21239406E+01  0.19885554E+01  0.18579517E+01  0.17324897E+01
  0.16125876E+01  0.14985376E+01  0.13905455E+01  0.12891106E+01  0.11947137E+01
  0.11072998E+01  0.10262590E+01  0.95075124E+00  0.88011428E+00  0.81434213E+00
  0.75433122E+00  0.70121881E+00  0.65571536E+00  0.61783529E+00  0.58643313E+00
  0.56006493E+00  0.53710730E+00  0.51607024E+00  0.49631663E+00  0.47746875E+00
  0.45941017E+00  0.44213424E+00  0.42563904E+00  0.40991559E+00  0.39493218E+00
  0.38064743E+00  0.36701983E+00  0.35401353E+00  0.34159613E+00  0.32973617E+00
  0.31840335E+00  0.30756938E+00  0.29720895E+00  0.28729992E+00  0.27782257E+00
  0.26875793E+00  0.26008718E+00  0.25179179E+00  0.24385329E+00  0.23625373E+00
  0.22897617E+00  0.22200431E+00  0.21532188E+00  0.20891361E+00  0.20276579E+00
  0.19686549E+00  0.19120031E+00  0.18575872E+00  0.18053004E+00  0.17550387E+00
  0.17066958E+00  0.16601748E+00  0.16153678E+00  0.15722117E+00  0.15305311E+00
  0.14904703E+00  0.14512504E+00  0.14147512E+00  0.13700755E+00  0.13422237E+00
  0.49058269E+01  0.49023521E+01  0.48975869E+01  0.48953218E+01  0.48937493E+01
  0.48926338E+01  0.48916276E+01  0.48906110E+01  0.48894929E+01  0.48882016E+01
  0.48866405E+01  0.48846937E+01  0.48822028E+01  0.48789578E+01  0.48746680E+01
  0.48689337E+01  0.48612424E+01  0.48509270E+01  0.48371393E+01  0.48186259E+01
  0.47935782E+01  0.47597917E+01  0.47145160E+01  0.46543549E+01  0.45731317E+01
  0.44677867E+01  0.43347917E+01  0.41677116E+01  0.39644150E+01  0.37266957E+01
  0.34629022E+01  0.31905007E+01  0.29384166E+01  0.27288722E+01  0.25586826E+01
  0.24100388E+01  0.22691615E+01  0.21315097E+01  0.19964781E+01  0.18647546E+01
  0.17375772E+01  0.16158282E+01  0.14999960E+01  0.13905767E+01  0.12879457E+01
  0.11923715E+01  0.11038906E+01  0.10218888E+01  0.94544952E+00  0.87400826E+00
  0.80797442E+00  0.74861140E+00  0.69706059E+00  0.65379486E+00  0.61824649E+00
  0.58877606E+00  0.56359527E+00  0.54107939E+00  0.52006404E+00  0.50009430E+00
  0.48097953E+00  0.46268514E+00  0.44521949E+00  0.42857179E+00  0.41271726E+00
  0.39761340E+00  0.38321235E+00  0.36946985E+00  0.35634902E+00  0.34381908E+00
  0.33185126E+00  0.32041702E+00  0.30948820E+00  0.29903759E+00  0.28904059E+00
  0.27947576E+00  0.27032352E+00  0.26156596E+00  0.25318592E+00  0.24516590E+00
  0.23748894E+00  0.23013867E+00  0.22309868E+00  0.21635272E+00  0.20988542E+00
  0.20368172E+00  0.19772704E+00  0.19200864E+00  0.18651634E+00  0.18124023E+00
  0.17616928E+00  0.17129251E+00  0.16660021E+00  0.16208175E+00  0.15773140E+00
  0.15353137E+00  0.14949596E+00  0.14554677E+00  0.14187307E+00  0.13737874E+00
  0.13457725E+00  0.49047918E+01  0.49018589E+01  0.48977498E+01  0.48957271E+01
  0.48943481E+01  0.48933187E+01  0.48923248E+01  0.48912842E+01  0.48901128E+01
  0.48887438E+01  0.48870995E+01  0.48850630E+01  0.48824778E+01  0.48791322E+01
  0.48747344E+01  0.48688807E+01  0.48610386E+01  0.48505161E+01  0.48364505E+01
  0.48175776E+01  0.47920471E+01  0.47576084E+01  0.47114582E+01  0.46501376E+01
  0.45674479E+01  0.44601520E+01  0.43247683E+01  0.41548717E+01  0.39481845E+01
  0.37064374E+01  0.34386157E+01  0.31643914E+01  0.29156723E+01  0.27152412E+01
  0.25555352E+01  0.24139226E+01  0.22764664E+01  0.21396201E+01  0.20034152E+01
  0.18699156E+01  0.17408661E+01  0.16173177E+01  0.15000256E+01  0.13893779E+01
  0.12855034E+01  0.11887571E+01  0.10992602E+01  0.10163274E+01  0.93897108E+00
  0.86688456E+00  0.80099869E+00  0.74283789E+00  0.69339660E+00  0.65269205E+00
  0.61942782E+00  0.59159625E+00  0.56724119E+00  0.54486244E+00  0.52371608E+00
  0.50349234E+00  0.48412101E+00  0.46561820E+00  0.44799097E+00  0.43121324E+00
  0.41523940E+00  0.40001952E+00  0.38550559E+00  0.37165402E+00  0.35842750E+00
  0.34579488E+00  0.33372797E+00  0.32219971E+00  0.31118280E+00  0.30064936E+00
  0.29057338E+00  0.28093156E+00  0.27170298E+00  0.26286981E+00  0.25441577E+00
  0.24632462E+00  0.23858015E+00  0.23116483E+00  0.22406136E+00  0.21725611E+00
  0.21073562E+00  0.20448370E+00  0.19848453E+00  0.19272401E+00  0.18718967E+00
  0.18187050E+00  0.17675734E+00  0.17184104E+00  0.16711235E+00  0.16256026E+00
  0.15817886E+00  0.15395006E+00  0.14988833E+00  0.14591488E+00  0.14222014E+00
  0.13770260E+00  0.13488711E+00  0.49040437E+01  0.49015431E+01  0.48979669E+01
  0.48961360E+01  0.48948950E+01  0.48939442E+01  0.48929956E+01  0.48919625E+01
  0.48907746E+01  0.48893639E+01  0.48876502E+01  0.48855306E+01  0.48828489E+01
  0.48793944E+01  0.48748741E+01  0.48688864E+01  0.48608811E+01  0.48501351E+01
  0.48357669E+01  0.48165020E+01  0.47904489E+01  0.47553051E+01  0.47082055E+01
  0.46456289E+01  0.45614111E+01  0.44519838E+01  0.43139324E+01  0.41409536E+01
  0.39305021E+01  0.36843359E+01  0.34123236E+01  0.31378958E+01  0.28963280E+01
  0.27079071E+01  0.25583661E+01  0.24216830E+01  0.22851112E+01  0.21470827E+01
  0.20090372E+01  0.18735125E+01  0.17425379E+01  0.16174282E+01  0.14988333E+01
  0.13868782E+01  0.12817411E+01  0.11838860E+01  0.10934289E+01  0.10095756E+01
  0.93134193E+00  0.85888343E+00  0.79367706E+00  0.73731815E+00  0.69050502E+00
  0.65251437E+00  0.62134156E+00  0.59475163E+00  0.57082353E+00  0.54837745E+00
  0.52699172E+00  0.50650177E+00  0.48690790E+00  0.46823431E+00  0.45047076E+00
  0.43357318E+00  0.41748505E+00  0.40215358E+00  0.38753180E+00  0.37357767E+00
  0.36025436E+00  0.34752956E+00  0.33537406E+00  0.32376114E+00  0.31266388E+00
  0.30205467E+00  0.29190750E+00  0.28219828E+00  0.27290540E+00  0.26400875E+00
  0.25548997E+00  0.24733615E+00  0.23953406E+00  0.23206554E+00  0.22491252E+00
  0.21805814E+00  0.21148736E+00  0.20518757E+00  0.19914562E+00  0.19334714E+00
  0.18777719E+00  0.18242240E+00  0.17727309E+00  0.17232071E+00  0.16755727E+00
  0.16297280E+00  0.15856165E+00  0.15430616E+00  0.15022162E+00  0.14622824E+00
  0.14251673E+00  0.13798113E+00  0.13515477E+00  0.49034542E+01  0.49012953E+01
  0.48981452E+01  0.48964759E+01  0.48953568E+01  0.48944897E+01  0.48936081E+01
  0.48926089E+01  0.48914323E+01  0.48900202E+01  0.48882715E+01  0.48860845E+01
  0.48833144E+01  0.48797506E+01  0.48751001E+01  0.48689622E+01  0.48607746E+01
  0.48497861E+01  0.48350893E+01  0.48153983E+01  0.47887772E+01  0.47528674E+01
  0.47047343E+01  0.46407781E+01  0.45549494E+01  0.44431722E+01  0.43021281E+01
  0.41257537E+01  0.39110992E+01  0.36605878E+01  0.33863574E+01  0.31151719E+01
  0.28836146E+01  0.27073291E+01  0.25653641E+01  0.24308890E+01  0.22935682E+01
  0.21535484E+01  0.20132365E+01  0.18755234E+01  0.17427916E+01  0.16162461E+01
  0.14962635E+01  0.13829730E+01  0.12766405E+01  0.11777575E+01  0.10863860E+01
  0.10016117E+01  0.92261599E+00  0.85019625E+00  0.78630280E+00  0.73237612E+00
  0.68856708E+00  0.65324025E+00  0.62378463E+00  0.59797582E+00  0.57417182E+00
  0.55154150E+00  0.52987168E+00  0.50913636E+00  0.48936397E+00  0.47055321E+00
  0.45266908E+00  0.43565694E+00  0.41945863E+00  0.40402169E+00  0.38929958E+00
  0.37525140E+00  0.36184088E+00  0.34903435E+00  0.33680116E+00  0.32511401E+00
  0.31394613E+00  0.30327078E+00  0.29305984E+00  0.28328875E+00  0.27393987E+00
  0.26499378E+00  0.25642895E+00  0.24822625E+00  0.24037165E+00  0.23285308E+00
  0.22565537E+00  0.21875931E+00  0.21214655E+00  0.20580393E+00  0.19971971E+00
  0.19388152E+00  0.18827668E+00  0.18289204E+00  0.17771509E+00  0.17273518E+00
  0.16794418E+00  0.16333298E+00  0.15889674E+00  0.15461807E+00  0.15051281E+00
  0.14650097E+00  0.14277396E+00  0.13822250E+00  0.13538689E+00  0.49029717E+01
  0.49010655E+01  0.48982609E+01  0.48967670E+01  0.48957624E+01  0.48949548E+01
  0.48941261E+01  0.48931834E+01  0.48920499E+01  0.48906645E+01  0.48889184E+01
  0.48866941E+01  0.48838573E+01  0.48801955E+01  0.48754144E+01  0.48691119E+01
  0.48607214E+01  0.48494696E+01  0.48344169E+01  0.48142641E+01  0.47870253E+01
  0.47502801E+01  0.47010169E+01  0.46355508E+01  0.45480109E+01  0.44335995E+01
  0.42891795E+01  0.41090152E+01  0.38899968E+01  0.36365188E+01  0.33639202E+01
  0.30993173E+01  0.28773140E+01  0.27099680E+01  0.25729284E+01  0.24394706E+01
  0.23008154E+01  0.21585260E+01  0.20157222E+01  0.18759529E+01  0.17415982E+01
  0.16135596E+01  0.14921705E+01  0.13776176E+01  0.12701878E+01  0.11703653E+01
  0.10781161E+01  0.99243353E+00  0.91291320E+00  0.84110586E+00  0.77922277E+00
  0.72832650E+00  0.68761400E+00  0.65462903E+00  0.62648142E+00  0.60105110E+00
  0.57715562E+00  0.55428363E+00  0.53235744E+00  0.51142820E+00  0.49151535E+00
  0.47258907E+00  0.45459526E+00  0.43747498E+00  0.42117293E+00  0.40563823E+00
  0.39082451E+00  0.37669179E+00  0.36320424E+00  0.35032767E+00  0.33802954E+00
  0.32627709E+00  0.31504448E+00  0.30431113E+00  0.29405009E+00  0.28423283E+00
  0.27483624E+00  0.26584365E+00  0.25723842E+00  0.24899776E+00  0.24110195E+00
  0.23353871E+00  0.22629565E+00  0.21935851E+00  0.21271071E+00  0.20633523E+00
  0.20021790E+00  0.19434670E+00  0.18871025E+00  0.18329677E+00  0.17809424E+00
  0.17309104E+00  0.16827773E+00  0.16364468E+00  0.15918734E+00  0.15488868E+00
  0.15076513E+00  0.14673674E+00  0.14299579E+00  0.13843042E+00  0.13558688E+00
  0.49025785E+01  0.49008588E+01  0.48983214E+01  0.48969908E+01  0.48960886E+01
  0.48953231E+01  0.48945446E+01  0.48936599E+01  0.48925862E+01  0.48912415E+01
  0.48895231E+01  0.48873066E+01  0.48844361E+01  0.48807008E+01  0.48758002E+01
  0.48693284E+01  0.48607168E+01  0.48491782E+01  0.48337434E+01  0.48130938E+01
  0.47851841E+01  0.47475223E+01  0.46969982E+01  0.46298199E+01  0.45404834E+01
  0.44231436E+01  0.42748428E+01  0.40907081E+01  0.38682501E+01  0.36145402E+01
  0.33463174E+01  0.30879174E+01  0.28721599E+01  0.27115041E+01  0.25789188E+01
  0.24462888E+01  0.23061812E+01  0.21614726E+01  0.20163370E+01  0.18747059E+01
  0.17387304E+01  0.16092137E+01  0.14865099E+01  0.13708037E+01  0.12623924E+01
  0.11617232E+01  0.10686181E+01  0.98209222E+00  0.90243483E+00  0.83195951E+00
  0.77281880E+00  0.72540458E+00  0.68771091E+00  0.65656046E+00  0.62921214E+00
  0.60385854E+00  0.57973784E+00  0.55661185E+00  0.53448847E+00  0.51341654E+00
  0.49339009E+00  0.47436036E+00  0.45626458E+00  0.43904412E+00  0.42264707E+00
  0.40702449E+00  0.39213109E+00  0.37792567E+00  0.36436767E+00  0.35142636E+00
  0.33907413E+00  0.32727496E+00  0.31599454E+00  0.30520812E+00  0.29489781E+00
  0.28504001E+00  0.27560565E+00  0.26657298E+00  0.25792689E+00  0.24965106E+00
  0.24172542E+00  0.23413114E+00  0.22685414E+00  0.21988179E+00  0.21320033E+00
  0.20679413E+00  0.20064798E+00  0.19474861E+00  0.18908440E+00  0.18364439E+00
  0.17841782E+00  0.17339351E+00  0.16856126E+00  0.16391036E+00  0.15943576E+00
  0.15512035E+00  0.15098110E+00  0.14693820E+00  0.14318487E+00  0.13860736E+00
  0.13575701E+00  0.49022658E+01  0.49006805E+01  0.48983348E+01  0.48971163E+01
  0.48962921E+01  0.48955761E+01  0.48948552E+01  0.48940333E+01  0.48930212E+01
  0.48917246E+01  0.48900481E+01  0.48878642E+01  0.48849900E+01  0.48812081E+01
  0.48762083E+01  0.48695740E+01  0.48607341E+01  0.48488940E+01  0.48330565E+01
  0.48118768E+01  0.47832330E+01  0.47445456E+01  0.46926300E+01  0.46236438E+01
  0.45323609E+01  0.44115743E+01  0.42590640E+01  0.40717259E+01  0.38480983E+01
  0.35970937E+01  0.33337077E+01  0.30780428E+01  0.28656677E+01  0.27114709E+01
  0.25830559E+01  0.24509370E+01  0.23093445E+01  0.21622925E+01  0.20150331E+01
  0.18716127E+01  0.17340727E+01  0.16031924E+01  0.14792975E+01  0.13625625E+01
  0.12532967E+01  0.11518633E+01  0.10579045E+01  0.97069330E+00  0.89147109E+00
  0.82314847E+00  0.76746181E+00  0.72362921E+00  0.68859690E+00  0.65882401E+00
  0.63182048E+00  0.60632089E+00  0.58192070E+00  0.55857413E+00  0.53631109E+00
  0.51513469E+00  0.49501241E+00  0.47588848E+00  0.45770105E+00  0.44039302E+00
  0.42390999E+00  0.40820330E+00  0.39323688E+00  0.37897297E+00  0.36536620E+00
  0.35237536E+00  0.33996960E+00  0.32812398E+00  0.31680423E+00  0.30597632E+00
  0.29562023E+00  0.28571965E+00  0.27625223E+00  0.26719199E+00  0.25851749E+00
  0.25021245E+00  0.24225956E+00  0.23463963E+00  0.22733586E+00  0.22033451E+00
  0.21362309E+00  0.20718822E+00  0.20101558E+00  0.19509134E+00  0.18940306E+00
  0.18393964E+00  0.17869106E+00  0.17364701E+00  0.16879750E+00  0.16413124E+00
  0.15964238E+00  0.15531329E+00  0.15116104E+00  0.14710595E+00  0.14334209E+00
  0.13875440E+00  0.13589845E+00  0.49020324E+01  0.49005340E+01  0.48982957E+01
  0.48971212E+01  0.48963522E+01  0.48957100E+01  0.48950678E+01  0.48943098E+01
  0.48933546E+01  0.48921113E+01  0.48904715E+01  0.48883225E+01  0.48854629E+01
  0.48816491E+01  0.48765687E+01  0.48697861E+01  0.48607272E+01  0.48485868E+01
  0.48323318E+01  0.48105791E+01  0.47811240E+01  0.47413214E+01  0.46879594E+01
  0.46169322E+01  0.45234181E+01  0.43989010E+01  0.42426688E+01  0.40541433E+01
  0.38320455E+01  0.35846832E+01  0.33229877E+01  0.30658954E+01  0.28563121E+01
  0.27095087E+01  0.25854312E+01  0.24537384E+01  0.23104582E+01  0.21611096E+01
  0.20117969E+01  0.18666584E+01  0.17276710E+01  0.15955525E+01  0.14705899E+01
  0.13529534E+01  0.12429567E+01  0.11408157E+01  0.10460069E+01  0.95841938E+00
  0.88040793E+00  0.81510608E+00  0.76341927E+00  0.72302493E+00  0.69001827E+00
  0.66107778E+00  0.63412840E+00  0.60839038E+00  0.58373864E+00  0.56022825E+00
  0.53786793E+00  0.51661446E+00  0.49641055E+00  0.47719552E+00  0.45892034E+00
  0.44153744E+00  0.42498908E+00  0.40922229E+00  0.39419367E+00  0.37986888E+00
  0.36621452E+00  0.35318371E+00  0.34073371E+00  0.32883964E+00  0.31747769E+00
  0.30661785E+00  0.29623163E+00  0.28629912E+00  0.27680162E+00  0.26771588E+00
  0.25901819E+00  0.25068928E+00  0.24271239E+00  0.23506973E+00  0.22774364E+00
  0.22071873E+00  0.21398205E+00  0.20752147E+00  0.20132421E+00  0.19537713E+00
  0.18966752E+00  0.18418383E+00  0.17891592E+00  0.17385389E+00  0.16898836E+00
  0.16430814E+00  0.15980700E+00  0.15546671E+00  0.15130410E+00  0.14723931E+00
  0.14346708E+00  0.13887153E+00  0.13601136E+00  0.49018981E+01  0.49003984E+01
  0.48981655E+01  0.48970257E+01  0.48963167E+01  0.48957478E+01  0.48952047E+01
  0.48945046E+01  0.48935768E+01  0.48923845E+01  0.48907821E+01  0.48886677E+01
  0.48858182E+01  0.48819746E+01  0.48768283E+01  0.48699214E+01  0.48606676E+01
  0.48482335E+01  0.48315458E+01  0.48091801E+01  0.47788469E+01  0.47378470E+01
  0.46827693E+01  0.46096680E+01  0.45138997E+01  0.43859099E+01  0.42276134E+01
  0.40402865E+01  0.38207112E+01  0.35744937E+01  0.33101418E+01  0.30494130E+01
  0.28434711E+01  0.27054786E+01  0.25862141E+01  0.24548366E+01  0.23096993E+01
  0.21580433E+01  0.20067072E+01  0.18599413E+01  0.17196093E+01  0.15863615E+01
  0.14604458E+01  0.13420317E+01  0.12314178E+01  0.11285930E+01  0.10329922E+01
  0.94553551E+00  0.86967389E+00  0.80824789E+00  0.76070824E+00  0.72336057E+00
  0.69183848E+00  0.66320468E+00  0.63608443E+00  0.61009726E+00  0.58526061E+00
  0.56162913E+00  0.53918427E+00  0.51786680E+00  0.49760405E+00  0.47832847E+00
  0.45998444E+00  0.44252536E+00  0.42590936E+00  0.41008988E+00  0.39501228E+00
  0.38063360E+00  0.36692432E+00  0.35384946E+00  0.34136673E+00  0.32943968E+00
  0.31804366E+00  0.30715399E+00  0.29674242E+00  0.28678470E+00  0.27726128E+00
  0.26815169E+00  0.25943320E+00  0.25108434E+00  0.24308694E+00  0.23542392E+00
  0.22807821E+00  0.22103370E+00  0.21427637E+00  0.20779399E+00  0.20157484E+00
  0.19560695E+00  0.18987822E+00  0.18437696E+00  0.17909257E+00  0.17401496E+00
  0.16913504E+00  0.16444208E+00  0.15992996E+00  0.15558021E+00  0.15140937E+00
  0.14733720E+00  0.14355886E+00  0.13895812E+00  0.13609533E+00  0.49018384E+01
  0.49002630E+01  0.48979446E+01  0.48968344E+01  0.48962045E+01  0.48957019E+01
  0.48952314E+01  0.48946262E+01  0.48937355E+01  0.48925471E+01  0.48909781E+01
  0.48888767E+01  0.48860261E+01  0.48821687E+01  0.48769691E+01  0.48699671E+01
  0.48605461E+01  0.48478278E+01  0.48306984E+01  0.48076670E+01  0.47762853E+01
  0.47337680E+01  0.46771360E+01  0.46018620E+01  0.45040622E+01  0.43743447E+01
  0.42159668E+01  0.40305598E+01  0.38113141E+01  0.35624316E+01  0.32928145E+01
  0.30282499E+01  0.28273188E+01  0.26995465E+01  0.25855631E+01  0.24542411E+01
  0.23071096E+01  0.21531046E+01  0.19997977E+01  0.18514965E+01  0.17099177E+01
  0.15756487E+01  0.14488963E+01  0.13298327E+01  0.12187044E+01  0.11151923E+01
  0.10189741E+01  0.93239388E+00  0.85972745E+00  0.80287536E+00  0.75934036E+00
  0.72432608E+00  0.69368292E+00  0.66504622E+00  0.63767009E+00  0.61147903E+00
  0.58653377E+00  0.56283736E+00  0.54033475E+00  0.51895169E+00  0.49862297E+00
  0.47929232E+00  0.46089369E+00  0.44337036E+00  0.42668646E+00  0.41080556E+00
  0.39568185E+00  0.38126566E+00  0.36751625E+00  0.35440173E+00  0.34188559E+00
  0.32992983E+00  0.31850549E+00  0.30758913E+00  0.29715488E+00  0.28717656E+00
  0.27763196E+00  0.26850121E+00  0.25976350E+00  0.25139719E+00  0.24338254E+00
  0.23570203E+00  0.22833926E+00  0.22127833E+00  0.21450444E+00  0.20800461E+00
  0.20176728E+00  0.19578146E+00  0.19003602E+00  0.18451967E+00  0.17922153E+00
  0.17413094E+00  0.16923871E+00  0.16453445E+00  0.16001248E+00  0.15565446E+00
  0.15147691E+00  0.14739932E+00  0.14361712E+00  0.13901418E+00  0.13615059E+00
  0.49018043E+01  0.49001348E+01  0.48976744E+01  0.48965449E+01  0.48959888E+01
  0.48955620E+01  0.48951455E+01  0.48946405E+01  0.48938228E+01  0.48926323E+01
  0.48910749E+01  0.48889765E+01  0.48861207E+01  0.48822499E+01  0.48770061E+01
  0.48699222E+01  0.48603417E+01  0.48473292E+01  0.48296748E+01  0.48057496E+01
  0.47730205E+01  0.47292383E+01  0.46711753E+01  0.45938749E+01  0.44954621E+01
  0.43657991E+01  0.42076964E+01  0.40221058E+01  0.37999208E+01  0.35462222E+01
  0.32703547E+01  0.30022363E+01  0.28081482E+01  0.26917421E+01  0.25829756E+01
  0.24515175E+01  0.23023184E+01  0.21460852E+01  0.19909699E+01  0.18412724E+01
  0.16985729E+01  0.15634125E+01  0.14359557E+01  0.13163822E+01  0.12048286E+01
  0.11006196E+01  0.10041548E+01  0.91946522E+00  0.85106069E+00  0.79904712E+00
  0.75906315E+00  0.72571305E+00  0.69538762E+00  0.66658086E+00  0.63898209E+00
  0.61264479E+00  0.58761610E+00  0.56386529E+00  0.54131315E+00  0.51987216E+00
  0.49947788E+00  0.48008015E+00  0.46162425E+00  0.44405446E+00  0.42732385E+00
  0.41139469E+00  0.39622704E+00  0.38177354E+00  0.36798901E+00  0.35483861E+00
  0.34228983E+00  0.33030748E+00  0.31885985E+00  0.30792141E+00  0.29746745E+00
  0.28747200E+00  0.27791090E+00  0.26876315E+00  0.26000891E+00  0.25162753E+00
  0.24359877E+00  0.23590427E+00  0.22852766E+00  0.22145340E+00  0.21466652E+00
  0.20815340E+00  0.20190217E+00  0.19590220E+00  0.19014317E+00  0.18461440E+00
  0.17930493E+00  0.17420371E+00  0.16930129E+00  0.16458736E+00  0.16005672E+00
  0.15569163E+00  0.15150919E+00  0.14742873E+00  0.14364515E+00  0.13904276E+00
  0.13618005E+00  0.49017875E+01  0.49000117E+01  0.48973766E+01  0.48961828E+01
  0.48956685E+01  0.48953178E+01  0.48949730E+01  0.48945402E+01  0.48938137E+01
  0.48926498E+01  0.48910705E+01  0.48889863E+01  0.48861357E+01  0.48822519E+01
  0.48769689E+01  0.48697849E+01  0.48600124E+01  0.48466329E+01  0.48282990E+01
  0.48032395E+01  0.47694141E+01  0.47248261E+01  0.46655462E+01  0.45875761E+01
  0.44894900E+01  0.43595018E+01  0.41999192E+01  0.40113113E+01  0.37845266E+01
  0.35252473E+01  0.32425769E+01  0.29714335E+01  0.27862737E+01  0.26823878E+01
  0.25784561E+01  0.24464607E+01  0.22951170E+01  0.21368581E+01  0.19801484E+01
  0.18292318E+01  0.16855691E+01  0.15496692E+01  0.14216543E+01  0.13017156E+01
  0.11898006E+01  0.10849343E+01  0.98884546E+00  0.90728677E+00  0.84404763E+00
  0.79681338E+00  0.75961626E+00  0.72719989E+00  0.69684653E+00  0.66780327E+00
  0.64003988E+00  0.61361625E+00  0.58852064E+00  0.56469910E+00  0.54208132E+00
  0.52059124E+00  0.50015439E+00  0.48070869E+00  0.46220401E+00  0.44459031E+00
  0.42781893E+00  0.41184830E+00  0.39663972E+00  0.38215004E+00  0.36833380E+00
  0.35515248E+00  0.34257457E+00  0.33056862E+00  0.31910261E+00  0.30814799E+00
  0.29767903E+00  0.28767045E+00  0.27809759E+00  0.26893798E+00  0.26017145E+00
  0.25177827E+00  0.24373864E+00  0.23603384E+00  0.22864707E+00  0.22156283E+00
  0.21476633E+00  0.20824385E+00  0.20198315E+00  0.19597341E+00  0.19020438E+00
  0.18466568E+00  0.17934689E+00  0.17423746E+00  0.16932783E+00  0.16460747E+00
  0.16007116E+00  0.15570128E+00  0.15151567E+00  0.14743403E+00  0.14365079E+00
  0.13905108E+00  0.13619053E+00  0.49017820E+01  0.48998967E+01  0.48970679E+01
  0.48957669E+01  0.48952527E+01  0.48949621E+01  0.48946914E+01  0.48943384E+01
  0.48937193E+01  0.48925853E+01  0.48909685E+01  0.48889100E+01  0.48860879E+01
  0.48821965E+01  0.48768592E+01  0.48695291E+01  0.48594925E+01  0.48456450E+01
  0.48265984E+01  0.48004505E+01  0.47662234E+01  0.47213744E+01  0.46615623E+01
  0.45833772E+01  0.44844602E+01  0.43526179E+01  0.41897119E+01  0.39966938E+01
  0.37646993E+01  0.34992946E+01  0.32093801E+01  0.29362827E+01  0.27623813E+01
  0.26717634E+01  0.25720524E+01  0.24390987E+01  0.22856080E+01  0.21255182E+01
  0.19674082E+01  0.18154402E+01  0.16709698E+01  0.15344814E+01  0.14060503E+01
  0.12858795E+01  0.11736321E+01  0.10682903E+01  0.97350625E+00  0.89642114E+00
  0.83893764E+00  0.79602577E+00  0.76071206E+00  0.72855028E+00  0.69795604E+00
  0.66868289E+00  0.64080646E+00  0.61433661E+00  0.58920304E+00  0.56533106E+00
  0.54265955E+00  0.52112232E+00  0.50064491E+00  0.48115893E+00  0.46261277E+00
  0.44496098E+00  0.42815582E+00  0.41215190E+00  0.39690909E+00  0.38238752E+00
  0.36854406E+00  0.35533874E+00  0.34273927E+00  0.33071595E+00  0.31923740E+00
  0.30827290E+00  0.29779487E+00  0.28777820E+00  0.27819847E+00  0.26903224E+00
  0.26025838E+00  0.25185729E+00  0.24380997E+00  0.23609806E+00  0.22870459E+00
  0.22161397E+00  0.21481155E+00  0.20828371E+00  0.20201800E+00  0.19600297E+00
  0.19022796E+00  0.18468266E+00  0.17935737E+00  0.17424232E+00  0.16932834E+00
  0.16460487E+00  0.16006619E+00  0.15569428E+00  0.15150721E+00  0.14742509E+00
  0.14364294E+00  0.13904736E+00  0.13618987E+00  0.49017885E+01  0.48997913E+01
  0.48967558E+01  0.48953135E+01  0.48947570E+01  0.48945008E+01  0.48942961E+01
  0.48940129E+01  0.48934865E+01  0.48924428E+01  0.48908045E+01  0.48887447E+01
  0.48859703E+01  0.48820532E+01  0.48766155E+01  0.48690668E+01  0.48586942E+01
  0.48444541E+01  0.48250815E+01  0.47989522E+01  0.47646751E+01  0.47193144E+01
  0.46586954E+01  0.45791383E+01  0.44779949E+01  0.43431480E+01  0.41761028E+01
  0.39779807E+01  0.37402114E+01  0.34682048E+01  0.31708440E+01  0.28972059E+01
  0.27369694E+01  0.26601006E+01  0.25637658E+01  0.24294998E+01  0.22739357E+01
  0.21122195E+01  0.19528921E+01  0.18000135E+01  0.16548688E+01  0.15179224E+01
  0.13891976E+01  0.12689082E+01  0.11563329E+01  0.10509009E+01  0.95870437E+00
  0.88736571E+00  0.83569771E+00  0.79611803E+00  0.76178700E+00  0.72954278E+00
  0.69868416E+00  0.66926068E+00  0.64132473E+00  0.61481819E+00  0.58964756E+00
  0.56573561E+00  0.54302177E+00  0.52144315E+00  0.50092819E+00  0.48140915E+00
  0.46283322E+00  0.44515518E+00  0.42832772E+00  0.41230284E+00  0.39703792E+00
  0.38249473E+00  0.36863365E+00  0.35541506E+00  0.34280453E+00  0.33077174E+00
  0.31928621E+00  0.30831693E+00  0.29783513E+00  0.28781524E+00  0.27823285E+00
  0.26906411E+00  0.26028713E+00  0.25188215E+00  0.24383076E+00  0.23611528E+00
  0.22871880E+00  0.22162536E+00  0.21482042E+00  0.20829064E+00  0.20202343E+00
  0.19600678E+00  0.19022949E+00  0.18468131E+00  0.17935279E+00  0.17423439E+00
  0.16931723E+00  0.16459085E+00  0.16004991E+00  0.15567678E+00  0.15148954E+00
  0.14740808E+00  0.14362745E+00  0.13903619E+00  0.13618201E+00  0.49018118E+01
  0.48997011E+01  0.48964454E+01  0.48948295E+01  0.48941896E+01  0.48939335E+01
  0.48937733E+01  0.48935492E+01  0.48930958E+01  0.48921616E+01  0.48905273E+01
  0.48884357E+01  0.48856962E+01  0.48817300E+01  0.48761291E+01  0.48683353E+01
  0.48576739E+01  0.48431781E+01  0.48236500E+01  0.47975500E+01  0.47631361E+01
  0.47169731E+01  0.46548785E+01  0.45731495E+01  0.44690970E+01  0.43308949E+01
  0.41592471E+01  0.39553285E+01  0.37111812E+01  0.34320405E+01  0.31267963E+01
  0.28546712E+01  0.27107774E+01  0.26473521E+01  0.25534017E+01  0.24176488E+01
  0.22602386E+01  0.20971311E+01  0.19367598E+01  0.17830939E+01  0.16373909E+01
  0.15001000E+01  0.13711968E+01  0.12508886E+01  0.11380029E+01  0.10331649E+01
  0.94513940E+00  0.88047005E+00  0.83402004E+00  0.79659643E+00  0.76254327E+00
  0.73007004E+00  0.69902893E+00  0.66953738E+00  0.64157388E+00  0.61504151E+00
  0.58984634E+00  0.56591126E+00  0.54317090E+00  0.52156225E+00  0.50101915E+00
  0.48147842E+00  0.46288666E+00  0.44519611E+00  0.42835848E+00  0.41232480E+00
  0.39705068E+00  0.38249786E+00  0.36862984E+00  0.35540849E+00  0.34279720E+00
  0.33076370E+00  0.31927801E+00  0.30830991E+00  0.29782997E+00  0.28781159E+00
  0.27823020E+00  0.26906220E+00  0.26028541E+00  0.25187976E+00  0.24382726E+00
  0.23611090E+00  0.22871386E+00  0.22161991E+00  0.21481450E+00  0.20828446E+00
  0.20201712E+00  0.19600024E+00  0.19022225E+00  0.18467280E+00  0.17934237E+00
  0.17422144E+00  0.16930127E+00  0.16457171E+00  0.16002824E+00  0.15565383E+00
  0.15146663E+00  0.14738621E+00  0.14360723E+00  0.13901986E+00  0.13616859E+00
  0.49018515E+01  0.48996253E+01  0.48961350E+01  0.48943140E+01  0.48935500E+01
  0.48932524E+01  0.48930921E+01  0.48928888E+01  0.48924694E+01  0.48916382E+01
  0.48900389E+01  0.48878925E+01  0.48851560E+01  0.48811268E+01  0.48753578E+01
  0.48673616E+01  0.48564515E+01  0.48416324E+01  0.48216673E+01  0.47948726E+01
  0.47593703E+01  0.47125628E+01  0.46491865E+01  0.45646589E+01  0.44570815E+01
  0.43148037E+01  0.41377776E+01  0.39273652E+01  0.36763884E+01  0.33898136E+01
  0.30766902E+01  0.28083319E+01  0.26835239E+01  0.26332020E+01  0.25404316E+01
  0.24030992E+01  0.22441822E+01  0.20799847E+01  0.19187889E+01  0.17644961E+01
  0.16183823E+01  0.14808552E+01  0.13518662E+01  0.12316645E+01  0.11186320E+01
  0.10153497E+01  0.93317725E+00  0.87566847E+00  0.83339934E+00  0.79705149E+00
  0.76283884E+00  0.73013353E+00  0.69902999E+00  0.66954083E+00  0.64157651E+00
  0.61503817E+00  0.58984098E+00  0.56590670E+00  0.54316316E+00  0.52154573E+00
  0.50099397E+00  0.48144867E+00  0.46285526E+00  0.44516367E+00  0.42832404E+00
  0.41228772E+00  0.39701042E+00  0.38245337E+00  0.36858126E+00  0.35535839E+00
  0.34274855E+00  0.33071793E+00  0.31923572E+00  0.30827198E+00  0.29779707E+00
  0.28778336E+00  0.27820570E+00  0.26904081E+00  0.26026648E+00  0.25186236E+00
  0.24381051E+00  0.23609427E+00  0.22869715E+00  0.22160336E+00  0.21479855E+00
  0.20826918E+00  0.20200235E+00  0.19598571E+00  0.19020757E+00  0.18465751E+00
  0.17932582E+00  0.17420296E+00  0.16928068E+00  0.16454937E+00  0.16000482E+00
  0.15563007E+00  0.15144325E+00  0.14736389E+00  0.14358666E+00  0.13900244E+00
  0.13615327E+00  0.49019068E+01  0.48995618E+01  0.48958185E+01  0.48937577E+01
  0.48928298E+01  0.48924477E+01  0.48922460E+01  0.48920300E+01  0.48916231E+01
  0.48908682E+01  0.48893088E+01  0.48870914E+01  0.48842444E+01  0.48800448E+01
  0.48741095E+01  0.48659941E+01  0.48549275E+01  0.48398265E+01  0.48193680E+01
  0.47918936E+01  0.47548034E+01  0.47051961E+01  0.46398163E+01  0.45539431E+01
  0.44438770E+01  0.42983549E+01  0.41160038E+01  0.38984277E+01  0.36397570E+01
  0.33448864E+01  0.30245520E+01  0.27612743E+01  0.26558004E+01  0.26180800E+01
  0.25260296E+01  0.23872588E+01  0.22272003E+01  0.20622525E+01  0.19004526E+01
  0.17457019E+01  0.15993251E+01  0.14617208E+01  0.13327561E+01  0.12126565E+01
  0.10996842E+01  0.99908669E+00  0.92392050E+00  0.87291442E+00  0.83324039E+00
  0.79716288E+00  0.76273896E+00  0.72994688E+00  0.69886614E+00  0.66940390E+00
  0.64144983E+00  0.61491947E+00  0.58973480E+00  0.56581456E+00  0.54308083E+00
  0.52146768E+00  0.50091941E+00  0.48138133E+00  0.46279717E+00  0.44511244E+00
  0.42827616E+00  0.41224139E+00  0.39696495E+00  0.38240760E+00  0.36853331E+00
  0.35530790E+00  0.34269764E+00  0.33066861E+00  0.31918850E+00  0.30822692E+00
  0.29775486E+00  0.28774475E+00  0.27817066E+00  0.26900895E+00  0.26023734E+00
  0.25183550E+00  0.24378535E+00  0.23606985E+00  0.22867270E+00  0.22157906E+00
  0.21477511E+00  0.20824690E+00  0.20198117E+00  0.19596533E+00  0.19018776E+00
  0.18463789E+00  0.17930583E+00  0.17418229E+00  0.16925917E+00  0.16452730E+00
  0.15998275E+00  0.15560832E+00  0.15142210E+00  0.14734380E+00  0.14356824E+00
  0.13898654E+00  0.13613888E+00  0.49019223E+01  0.48994500E+01  0.48954406E+01
  0.48931174E+01  0.48919747E+01  0.48914352E+01  0.48911255E+01  0.48908420E+01
  0.48903950E+01  0.48896297E+01  0.48880641E+01  0.48855466E+01  0.48820553E+01
  0.48772647E+01  0.48709635E+01  0.48625773E+01  0.48512186E+01  0.48356871E+01
  0.48144812E+01  0.47858066E+01  0.47470619E+01  0.46944370E+01  0.46254291E+01
  0.45356911E+01  0.44202849E+01  0.42689206E+01  0.40781645E+01  0.38522451E+01
  0.35882107E+01  0.32888713E+01  0.29655430E+01  0.27106457E+01  0.26254687E+01
  0.26000533E+01  0.25089758E+01  0.23686857E+01  0.22073354E+01  0.20418810E+01
  0.18797119E+01  0.17247212E+01  0.15782849E+01  0.14408286E+01  0.13120890E+01
  0.11921447E+01  0.10795359E+01  0.98314207E+00  0.91679386E+00  0.87205166E+00
  0.83363119E+00  0.79732680E+00  0.76280362E+00  0.73008591E+00  0.69906804E+00
  0.66963326E+00  0.64169704E+00  0.61518640E+00  0.59002185E+00  0.56611832E+00
  0.54339574E+00  0.52178897E+00  0.50124549E+00  0.48171393E+00  0.46313660E+00
  0.44545521E+00  0.42861882E+00  0.41258259E+00  0.39730397E+00  0.38274302E+00
  0.36886283E+00  0.35563013E+00  0.34301306E+00  0.33097779E+00  0.31949118E+00
  0.30852248E+00  0.29804360E+00  0.28802727E+00  0.27844697E+00  0.26927893E+00
  0.26050086E+00  0.25209286E+00  0.24403659E+00  0.23631430E+00  0.22890990E+00
  0.22180943E+00  0.21499923E+00  0.20846491E+00  0.20219324E+00  0.19617150E+00
  0.19038825E+00  0.18483272E+00  0.17949459E+00  0.17436473E+00  0.16943514E+00
  0.16469711E+00  0.16014698E+00  0.15576708E+00  0.15157563E+00  0.14749267E+00
  0.14371311E+00  0.13912694E+00  0.13627666E+00  0.49019054E+01  0.48993661E+01
  0.48952231E+01  0.48927670E+01  0.48915017E+01  0.48908578E+01  0.48904664E+01
  0.48901212E+01  0.48896215E+01  0.48888287E+01  0.48872417E+01  0.48844535E+01
  0.48804251E+01  0.48751841E+01  0.48686133E+01  0.48599869E+01  0.48483507E+01
  0.48324665E+01  0.48107362E+01  0.47813317E+01  0.47415746E+01  0.46882078E+01
  0.46171450E+01  0.45232013E+01  0.44028920E+01  0.42466131E+01  0.40498136E+01
  0.38192683E+01  0.35540912E+01  0.32548633E+01  0.29320454E+01  0.26828366E+01
  0.26088074E+01  0.25897120E+01  0.24991001E+01  0.23578956E+01  0.21957286E+01
  0.20300609E+01  0.18677828E+01  0.17127480E+01  0.15663559E+01  0.14290337E+01
  0.13004683E+01  0.11806692E+01  0.10683630E+01  0.97452761E+00  0.91333148E+00
  0.87201355E+00  0.83404634E+00  0.79754149E+00  0.76298817E+00  0.73033240E+00
  0.69935295E+00  0.66993607E+00  0.64201540E+00  0.61552079E+00  0.59037015E+00
  0.56647702E+00  0.54376129E+00  0.52215862E+00  0.50161753E+00  0.48208761E+00
  0.46351097E+00  0.44582844E+00  0.42898941E+00  0.41294967E+00  0.39766675E+00
  0.38310055E+00  0.36921399E+00  0.35597438E+00  0.34335041E+00  0.33130810E+00
  0.31981423E+00  0.30883806E+00  0.29835188E+00  0.28832831E+00  0.27874050E+00
  0.26956485E+00  0.26077920E+00  0.25236397E+00  0.24430069E+00  0.23657120E+00
  0.22915956E+00  0.22205224E+00  0.21523544E+00  0.20869450E+00  0.20241637E+00
  0.19638830E+00  0.19059897E+00  0.18503755E+00  0.17969339E+00  0.17455737E+00
  0.16962158E+00  0.16487759E+00  0.16032179E+00  0.15593625E+00  0.15173928E+00
  0.14765116E+00  0.14386681E+00  0.13927496E+00  0.13642131E+00
