  0.22176908E+01  0.23302153E+01  0.24761393E+01  0.25227851E+01  0.25567512E+01
  0.26081790E+01  0.26777103E+01  0.27612136E+01  0.28547655E+01  0.29555309E+01
  0.30615761E+01  0.31716539E+01  0.32851160E+01  0.34010517E+01  0.35178976E+01
  0.36342903E+01  0.37494229E+01  0.38629014E+01  0.39745393E+01  0.40843097E+01
  0.41923105E+01  0.42987502E+01  0.44037861E+01  0.45077053E+01  0.46101414E+01
  0.47117454E+01  0.48085003E+01  0.49109257E+01  0.50277714E+01  0.51454664E+01
  0.52669689E+01  0.53812671E+01  0.54660481E+01  0.54996786E+01  0.54891713E+01
  0.54586138E+01  0.54066840E+01  0.53361036E+01  0.52492858E+01  0.51484110E+01
  0.50346532E+01  0.49100079E+01  0.47774991E+01  0.46393366E+01  0.44979065E+01
  0.43551742E+01  0.42120586E+01  0.40691597E+01  0.39272461E+01  0.37870702E+01
  0.36492579E+01  0.35143110E+01  0.33826230E+01  0.32544960E+01  0.31301517E+01
  0.30097466E+01  0.28933824E+01  0.27811103E+01  0.26729381E+01  0.25688392E+01
  0.24687609E+01  0.23726302E+01  0.22803574E+01  0.21918409E+01  0.21069742E+01
  0.20256518E+01  0.19477679E+01  0.18732174E+01  0.18018772E+01  0.17336322E+01
  0.16683957E+01  0.16060884E+01  0.15466183E+01  0.14898894E+01  0.14358076E+01
  0.13842650E+01  0.13351554E+01  0.12883722E+01  0.12438064E+01  0.12013420E+01
  0.11608566E+01  0.11222233E+01  0.10853149E+01  0.10500132E+01  0.10162109E+01
  0.98381147E+00  0.95272881E+00  0.92288493E+00  0.89420764E+00  0.86662987E+00
  0.84008981E+00  0.81452917E+00  0.78989480E+00  0.76613303E+00  0.74320503E+00
  0.72104557E+00  0.69967101E+00  0.67854833E+00  0.65861376E+00  0.63399987E+00
  0.61867094E+00  0.22187959E+01  0.23325438E+01  0.24808929E+01  0.25290827E+01
  0.25632136E+01  0.26138825E+01  0.26820003E+01  0.27637020E+01  0.28552568E+01
  0.29539969E+01  0.30581307E+01  0.31665442E+01  0.32785096E+01  0.33935131E+01
  0.35111554E+01  0.36311182E+01  0.37532848E+01  0.38777249E+01  0.40046277E+01
  0.41342562E+01  0.42669030E+01  0.44028462E+01  0.45421947E+01  0.46848992E+01
  0.48301746E+01  0.49770740E+01  0.51225559E+01  0.52651993E+01  0.54033822E+01
  0.55242612E+01  0.56316902E+01  0.57099592E+01  0.57456992E+01  0.57434011E+01
  0.57060266E+01  0.56478430E+01  0.55703281E+01  0.54765306E+01  0.53689286E+01
  0.52496032E+01  0.51201183E+01  0.49823165E+01  0.48384655E+01  0.46905844E+01
  0.45407019E+01  0.43907456E+01  0.42420114E+01  0.40950315E+01  0.39501853E+01
  0.38079192E+01  0.36686479E+01  0.35327151E+01  0.34003943E+01  0.32719010E+01
  0.31473904E+01  0.30269668E+01  0.29106913E+01  0.27985830E+01  0.26906249E+01
  0.25867711E+01  0.24869537E+01  0.23910877E+01  0.22990742E+01  0.22108051E+01
  0.21261692E+01  0.20450579E+01  0.19673633E+01  0.18929783E+01  0.18217798E+01
  0.17536552E+01  0.16885183E+01  0.16262902E+01  0.15668788E+01  0.15101893E+01
  0.14561289E+01  0.14045913E+01  0.13554716E+01  0.13086643E+01  0.12640606E+01
  0.12215447E+01  0.11809949E+01  0.11422855E+01  0.11052910E+01  0.10698948E+01
  0.10359906E+01  0.10034828E+01  0.97228624E+00  0.94232343E+00  0.91352293E+00
  0.88581834E+00  0.85914838E+00  0.83345486E+00  0.80868583E+00  0.78478578E+00
  0.76172188E+00  0.73941287E+00  0.71791845E+00  0.69679213E+00  0.67702406E+00
  0.65279878E+00  0.63772364E+00  0.22217468E+01  0.23367508E+01  0.24873719E+01
  0.25371818E+01  0.25719691E+01  0.26222097E+01  0.26889886E+01  0.27687609E+01
  0.28580819E+01  0.29544981E+01  0.30563989E+01  0.31628191E+01  0.32730625E+01
  0.33869484E+01  0.35048981E+01  0.36274301E+01  0.37550953E+01  0.38884964E+01
  0.40282978E+01  0.41751861E+01  0.43297929E+01  0.44925861E+01  0.46636846E+01
  0.48426651E+01  0.50281047E+01  0.52174139E+01  0.54070163E+01  0.55857101E+01
  0.57433863E+01  0.58667608E+01  0.59594376E+01  0.60013150E+01  0.59893662E+01
  0.59529781E+01  0.58906270E+01  0.58067492E+01  0.57055971E+01  0.55905217E+01
  0.54640432E+01  0.53281329E+01  0.51846096E+01  0.50351573E+01  0.48814052E+01
  0.47251645E+01  0.45681300E+01  0.44121739E+01  0.42588886E+01  0.41087075E+01
  0.39616389E+01  0.38178457E+01  0.36775514E+01  0.35409672E+01  0.34082695E+01
  0.32796000E+01  0.31550596E+01  0.30347147E+01  0.29185973E+01  0.28067031E+01
  0.26989969E+01  0.25954178E+01  0.24958834E+01  0.24002935E+01  0.23085399E+01
  0.22205132E+01  0.21361042E+01  0.20552055E+01  0.19777103E+01  0.19035092E+01
  0.18324837E+01  0.17645277E+01  0.16995539E+01  0.16374807E+01  0.15782151E+01
  0.15216624E+01  0.14677296E+01  0.14163102E+01  0.13672983E+01  0.13205868E+01
  0.12760639E+01  0.12336127E+01  0.11931097E+01  0.11544294E+01  0.11174502E+01
  0.10820593E+01  0.10481540E+01  0.10156401E+01  0.98443389E+00  0.95445877E+00
  0.92564419E+00  0.89792462E+00  0.87123936E+00  0.84553046E+00  0.82074708E+00
  0.79683239E+00  0.77375811E+00  0.75143081E+00  0.72994291E+00  0.70891098E+00
  0.68937010E+00  0.66552493E+00  0.65067466E+00  0.22267464E+01  0.23415466E+01
  0.24915671E+01  0.25415239E+01  0.25773234E+01  0.26282048E+01  0.26950473E+01
  0.27744031E+01  0.28630090E+01  0.29585727E+01  0.30595852E+01  0.31651294E+01
  0.32746339E+01  0.33878646E+01  0.35049280E+01  0.36261168E+01  0.37518940E+01
  0.38828621E+01  0.40197237E+01  0.41632447E+01  0.43141466E+01  0.44729810E+01
  0.46399349E+01  0.48145970E+01  0.49953802E+01  0.51797390E+01  0.53627228E+01
  0.55359560E+01  0.56907316E+01  0.58143767E+01  0.59038864E+01  0.59462187E+01
  0.59411056E+01  0.59075130E+01  0.58479744E+01  0.57668825E+01  0.56684638E+01
  0.55560386E+01  0.54320907E+01  0.52985649E+01  0.51571971E+01  0.50096036E+01
  0.48574624E+01  0.47026175E+01  0.45467724E+01  0.43916956E+01  0.42388971E+01
  0.40888734E+01  0.39417091E+01  0.37976406E+01  0.36569355E+01  0.35198438E+01
  0.33865873E+01  0.32573626E+01  0.31323172E+01  0.30115423E+01  0.28950744E+01
  0.27829061E+01  0.26749966E+01  0.25712588E+01  0.24715916E+01  0.23759010E+01
  0.22840930E+01  0.21960808E+01  0.21117625E+01  0.20310215E+01  0.19537397E+01
  0.18797958E+01  0.18090698E+01  0.17414594E+01  0.16768706E+01  0.16152133E+01
  0.15563871E+01  0.15002903E+01  0.14468246E+01  0.13958794E+01  0.13473436E+01
  0.13011038E+01  0.12570420E+01  0.12150362E+01  0.11749624E+01  0.11366987E+01
  0.11001275E+01  0.10651390E+01  0.10316312E+01  0.99950981E+00  0.96869050E+00
  0.93909581E+00  0.91065433E+00  0.88329993E+00  0.85697151E+00  0.83161105E+00
  0.80716744E+00  0.78358444E+00  0.76083218E+00  0.73882200E+00  0.71763385E+00
  0.69686626E+00  0.67752944E+00  0.65387635E+00  0.63913787E+00  0.22344634E+01
  0.23481929E+01  0.24968747E+01  0.25471114E+01  0.25838549E+01  0.26351365E+01
  0.27016644E+01  0.27801450E+01  0.28675153E+01  0.29616928E+01  0.30613183E+01
  0.31654543E+01  0.32736045E+01  0.33856848E+01  0.35017999E+01  0.36222207E+01
  0.37473515E+01  0.38777146E+01  0.40139247E+01  0.41566384E+01  0.43064829E+01
  0.44639568E+01  0.46292259E+01  0.48019000E+01  0.49804892E+01  0.51625073E+01
  0.53432874E+01  0.55150509E+01  0.56687321E+01  0.57928905E+01  0.58803324E+01
  0.59242227E+01  0.59242084E+01  0.58912722E+01  0.58323419E+01  0.57518208E+01
  0.56539183E+01  0.55419100E+01  0.54182207E+01  0.52847482E+01  0.51431838E+01
  0.49951152E+01  0.48421958E+01  0.46861832E+01  0.45286533E+01  0.43712659E+01
  0.42157853E+01  0.40631650E+01  0.39137283E+01  0.37678266E+01  0.36257012E+01
  0.34874961E+01  0.33534556E+01  0.32238459E+01  0.30987656E+01  0.29782060E+01
  0.28621386E+01  0.27505169E+01  0.26432703E+01  0.25403091E+01  0.24415290E+01
  0.23468234E+01  0.22560699E+01  0.21691183E+01  0.20858263E+01  0.20060732E+01
  0.19297431E+01  0.18567161E+01  0.17868808E+01  0.17201410E+01  0.16564144E+01
  0.15956203E+01  0.15376541E+01  0.14824094E+01  0.14297814E+01  0.13796551E+01
  0.13319142E+01  0.12864387E+01  0.12431051E+01  0.12017879E+01  0.11623639E+01
  0.11247146E+01  0.10887255E+01  0.10542892E+01  0.10213054E+01  0.98968062E+00
  0.95933069E+00  0.93017811E+00  0.90215151E+00  0.87518494E+00  0.84921789E+00
  0.82419311E+00  0.80006025E+00  0.77676411E+00  0.75427538E+00  0.73250740E+00
  0.71153774E+00  0.69097209E+00  0.67180416E+00  0.64837168E+00  0.63378471E+00
  0.22450825E+01  0.23567261E+01  0.25025660E+01  0.25525200E+01  0.25900657E+01
  0.26415606E+01  0.27074892E+01  0.27847745E+01  0.28706218E+01  0.29631142E+01
  0.30609984E+01  0.31633151E+01  0.32696582E+01  0.33801365E+01  0.34948773E+01
  0.36141831E+01  0.37384856E+01  0.38683087E+01  0.40042376E+01  0.41468677E+01
  0.42967619E+01  0.44543565E+01  0.46197440E+01  0.47924648E+01  0.49710330E+01
  0.51528605E+01  0.53336357E+01  0.55051791E+01  0.56590833E+01  0.57813632E+01
  0.58722308E+01  0.59170122E+01  0.59114765E+01  0.58775409E+01  0.58176349E+01
  0.57361610E+01  0.56372482E+01  0.55240635E+01  0.53989443E+01  0.52637617E+01
  0.51201417E+01  0.49696791E+01  0.48140356E+01  0.46549064E+01  0.44939842E+01
  0.43334314E+01  0.41755686E+01  0.40217584E+01  0.38723123E+01  0.37271971E+01
  0.35865009E+01  0.34503685E+01  0.33188130E+01  0.31916779E+01  0.30688590E+01
  0.29503665E+01  0.28363315E+01  0.27268133E+01  0.26217292E+01  0.25209724E+01
  0.24244132E+01  0.23318975E+01  0.22432631E+01  0.21583403E+01  0.20769809E+01
  0.19990578E+01  0.19244510E+01  0.18530449E+01  0.17847449E+01  0.17194649E+01
  0.16571104E+01  0.15975812E+01  0.15407757E+01  0.14865976E+01  0.14349419E+01
  0.13856982E+01  0.13387520E+01  0.12939841E+01  0.12512722E+01  0.12104944E+01
  0.11715323E+01  0.11342721E+01  0.10986063E+01  0.10644340E+01  0.10316614E+01
  0.10002008E+01  0.96997069E+00  0.94089712E+00  0.91291171E+00  0.88595117E+00
  0.85995760E+00  0.83487629E+00  0.81065920E+00  0.78725325E+00  0.76463102E+00
  0.74270750E+00  0.72156122E+00  0.70078832E+00  0.68142751E+00  0.65768079E+00
  0.64285869E+00  0.22589721E+01  0.23674079E+01  0.25086286E+01  0.25576534E+01
  0.25960884E+01  0.26479278E+01  0.27133106E+01  0.27893982E+01  0.28736239E+01
  0.29641432E+01  0.30598584E+01  0.31599797E+01  0.32641536E+01  0.33725589E+01
  0.34854292E+01  0.36031382E+01  0.37261639E+01  0.38550523E+01  0.39903866E+01
  0.41327474E+01  0.42826563E+01  0.44404784E+01  0.46062288E+01  0.47793640E+01
  0.49583212E+01  0.51403615E+01  0.53214080E+01  0.54929704E+01  0.56468061E+01
  0.57674830E+01  0.58600374E+01  0.59031746E+01  0.58915975E+01  0.58557363E+01
  0.57938223E+01  0.57101653E+01  0.56088411E+01  0.54929927E+01  0.53650490E+01
  0.52270196E+01  0.50806392E+01  0.49276959E+01  0.47700646E+01  0.46097116E+01
  0.44487831E+01  0.42899474E+01  0.41357958E+01  0.39867666E+01  0.38417078E+01
  0.37006164E+01  0.35642222E+01  0.34327134E+01  0.33059899E+01  0.31838274E+01
  0.30660837E+01  0.29527042E+01  0.28436318E+01  0.27387301E+01  0.26378313E+01
  0.25407657E+01  0.24473778E+01  0.23575255E+01  0.22710894E+01  0.21879845E+01
  0.21081284E+01  0.20314256E+01  0.19577799E+01  0.18871070E+01  0.18193517E+01
  0.17544626E+01  0.16923591E+01  0.16329465E+01  0.15761458E+01  0.15218796E+01
  0.14700545E+01  0.14205713E+01  0.13733226E+01  0.13281943E+01  0.12850688E+01
  0.12438300E+01  0.12043669E+01  0.11665737E+01  0.11303510E+01  0.10956042E+01
  0.10622449E+01  0.10301896E+01  0.99935912E+00  0.96968154E+00  0.94109014E+00
  0.91352281E+00  0.88692263E+00  0.86123581E+00  0.83641511E+00  0.81240791E+00
  0.78918728E+00  0.76666771E+00  0.74492909E+00  0.72355853E+00  0.70362362E+00
  0.67909291E+00  0.66375790E+00  0.22768031E+01  0.23803488E+01  0.25153959E+01
  0.25638908E+01  0.26035893E+01  0.26558366E+01  0.27205302E+01  0.27950523E+01
  0.28769748E+01  0.29647838E+01  0.30576569E+01  0.31549095E+01  0.32563324E+01
  0.33621929E+01  0.34728150E+01  0.35886230E+01  0.37101298E+01  0.38378893E+01
  0.39724684E+01  0.41144103E+01  0.42641842E+01  0.44220966E+01  0.45880954E+01
  0.47615572E+01  0.49408471E+01  0.51230771E+01  0.53042216E+01  0.54758202E+01
  0.56289184E+01  0.57491021E+01  0.58388831E+01  0.58780923E+01  0.58636704E+01
  0.58238982E+01  0.57579463E+01  0.56703524E+01  0.55654876E+01  0.54468595E+01
  0.53171947E+01  0.51784455E+01  0.50323368E+01  0.48810131E+01  0.47266616E+01
  0.45714972E+01  0.44166679E+01  0.42644650E+01  0.41179607E+01  0.39772091E+01
  0.38413190E+01  0.37100241E+01  0.35831562E+01  0.34603638E+01  0.33413851E+01
  0.32261400E+01  0.31145338E+01  0.30064064E+01  0.29015162E+01  0.27996861E+01
  0.27008598E+01  0.26050115E+01  0.25121281E+01  0.24222001E+01  0.23352217E+01
  0.22511904E+01  0.21700963E+01  0.20919224E+01  0.20166393E+01  0.19442306E+01
  0.18746920E+01  0.18080003E+01  0.17441115E+01  0.16829682E+01  0.16245064E+01
  0.15686465E+01  0.15152950E+01  0.14643481E+01  0.14156923E+01  0.13692074E+01
  0.13247719E+01  0.12822678E+01  0.12415828E+01  0.12026112E+01  0.11652542E+01
  0.11294175E+01  0.10950125E+01  0.10619551E+01  0.10301656E+01  0.99956970E+00
  0.97009901E+00  0.94168942E+00  0.91428193E+00  0.88782081E+00  0.86225713E+00
  0.83753634E+00  0.81363000E+00  0.79044971E+00  0.76807648E+00  0.74609198E+00
  0.72556837E+00  0.70032719E+00  0.68456637E+00  0.22988890E+01  0.23964939E+01
  0.25239198E+01  0.25714244E+01  0.26122028E+01  0.26645707E+01  0.27281016E+01
  0.28002648E+01  0.28789712E+01  0.29632801E+01  0.30526316E+01  0.31463489E+01
  0.32443653E+01  0.33471347E+01  0.34551058E+01  0.35687519E+01  0.36885927E+01
  0.38151758E+01  0.39490301E+01  0.40906409E+01  0.42403932E+01  0.43984922E+01
  0.45647949E+01  0.47385935E+01  0.49181802E+01  0.51005266E+01  0.52816491E+01
  0.54531361E+01  0.56052588E+01  0.57246595E+01  0.58102824E+01  0.58434460E+01
  0.58239520E+01  0.57782959E+01  0.57081445E+01  0.56183879E+01  0.55132966E+01
  0.53963604E+01  0.52700846E+01  0.51362745E+01  0.49963553E+01  0.48514840E+01
  0.47040804E+01  0.45570933E+01  0.44134878E+01  0.42760592E+01  0.41447266E+01
  0.40179208E+01  0.38950082E+01  0.37750494E+01  0.36570296E+01  0.35406305E+01
  0.34257861E+01  0.33125890E+01  0.32012105E+01  0.30918295E+01  0.29846259E+01
  0.28798158E+01  0.27775982E+01  0.26781336E+01  0.25815475E+01  0.24879338E+01
  0.23973691E+01  0.23099069E+01  0.22255677E+01  0.21443493E+01  0.20662388E+01
  0.19912416E+01  0.19193537E+01  0.18505318E+01  0.17847133E+01  0.17218264E+01
  0.16617858E+01  0.16044866E+01  0.15498138E+01  0.14976426E+01  0.14478418E+01
  0.14002771E+01  0.13548175E+01  0.13113402E+01  0.12697289E+01  0.12298746E+01
  0.11916747E+01  0.11550329E+01  0.11198578E+01  0.10860638E+01  0.10535697E+01
  0.10222994E+01  0.99218246E+00  0.96315314E+00  0.93515079E+00  0.90811826E+00
  0.88200525E+00  0.85675565E+00  0.83234014E+00  0.80866779E+00  0.78582188E+00
  0.76337213E+00  0.74242428E+00  0.71669221E+00  0.70062979E+00  0.23251023E+01
  0.24170184E+01  0.25362466E+01  0.25813128E+01  0.26222431E+01  0.26741695E+01
  0.27359572E+01  0.28051937E+01  0.28807331E+01  0.29617493E+01  0.30473415E+01
  0.31371356E+01  0.32311486E+01  0.33299940E+01  0.34343447E+01  0.35448522E+01
  0.36621174E+01  0.37867621E+01  0.39193625E+01  0.40603716E+01  0.42100480E+01
  0.43684156E+01  0.45351550E+01  0.47094079E+01  0.48893632E+01  0.50718218E+01
  0.52528410E+01  0.54239887E+01  0.55746272E+01  0.56919255E+01  0.57706198E+01
  0.57957039E+01  0.57724106E+01  0.57250804E+01  0.56566328E+01  0.55712925E+01
  0.54727513E+01  0.53630828E+01  0.52436726E+01  0.51171834E+01  0.49862738E+01
  0.48532167E+01  0.47203347E+01  0.45892288E+01  0.44632360E+01  0.43436068E+01
  0.42267026E+01  0.41097101E+01  0.39917902E+01  0.38728859E+01  0.37533027E+01
  0.36335037E+01  0.35140781E+01  0.33956684E+01  0.32788266E+01  0.31640323E+01
  0.30516991E+01  0.29421462E+01  0.28356009E+01  0.27322231E+01  0.26321262E+01
  0.25353844E+01  0.24420393E+01  0.23521063E+01  0.22655754E+01  0.21824155E+01
  0.21026033E+01  0.20261263E+01  0.19529430E+01  0.18829746E+01  0.18161401E+01
  0.17523509E+01  0.16914920E+01  0.16334355E+01  0.15780452E+01  0.15251792E+01
  0.14746945E+01  0.14264502E+01  0.13803121E+01  0.13361558E+01  0.12938659E+01
  0.12533354E+01  0.12144642E+01  0.11771586E+01  0.11413301E+01  0.11068953E+01
  0.10737756E+01  0.10418961E+01  0.10111874E+01  0.98158453E+00  0.95302749E+00
  0.92545946E+00  0.89883021E+00  0.87308332E+00  0.84818972E+00  0.82405689E+00
  0.80077090E+00  0.77789259E+00  0.75655303E+00  0.73035851E+00  0.71401049E+00
  0.23557329E+01  0.24422305E+01  0.25529099E+01  0.25947065E+01  0.26355071E+01
  0.26870245E+01  0.27477147E+01  0.28162993E+01  0.28910979E+01  0.29701140E+01
  0.30521486E+01  0.31373996E+01  0.32269928E+01  0.33214063E+01  0.34212134E+01
  0.35270717E+01  0.36396930E+01  0.37597995E+01  0.38883149E+01  0.40261903E+01
  0.41738458E+01  0.43311682E+01  0.44975937E+01  0.46719296E+01  0.48521640E+01
  0.50346012E+01  0.52155155E+01  0.53860004E+01  0.55338661E+01  0.56469706E+01
  0.57199300E+01  0.57427539E+01  0.57242279E+01  0.56848399E+01  0.56247678E+01
  0.55473477E+01  0.54571970E+01  0.53574830E+01  0.52506367E+01  0.51389289E+01
  0.50242323E+01  0.49084619E+01  0.47924490E+01  0.46761000E+01  0.45603838E+01
  0.44450396E+01  0.43277268E+01  0.42071849E+01  0.40838418E+01  0.39585783E+01
  0.38323228E+01  0.37059774E+01  0.35804656E+01  0.34566034E+01  0.33350106E+01
  0.32161715E+01  0.31004508E+01  0.29881080E+01  0.28793069E+01  0.27741386E+01
  0.26726388E+01  0.25747911E+01  0.24805405E+01  0.23898283E+01  0.23025986E+01
  0.22187759E+01  0.21383171E+01  0.20611871E+01  0.19873077E+01  0.19166001E+01
  0.18489857E+01  0.17843694E+01  0.17226398E+01  0.16636755E+01  0.16073462E+01
  0.15535152E+01  0.15020469E+01  0.14528076E+01  0.14056708E+01  0.13605213E+01
  0.13172529E+01  0.12757675E+01  0.12359709E+01  0.11977723E+01  0.11610844E+01
  0.11258250E+01  0.10919161E+01  0.10592833E+01  0.10278574E+01  0.99757333E+00
  0.96837074E+00  0.94019177E+00  0.91298478E+00  0.88669146E+00  0.86128182E+00
  0.83666096E+00  0.81291731E+00  0.78960209E+00  0.76786585E+00  0.74120844E+00
  0.72457728E+00  0.23919210E+01  0.24719154E+01  0.25733104E+01  0.26131398E+01
  0.26563657E+01  0.27114516E+01  0.27770284E+01  0.28502537E+01  0.29272474E+01
  0.30063377E+01  0.30864769E+01  0.31679719E+01  0.32523191E+01  0.33402752E+01
  0.34328512E+01  0.35312390E+01  0.36367104E+01  0.37503160E+01  0.38727358E+01
  0.40045392E+01  0.41463144E+01  0.42983151E+01  0.44603732E+01  0.46315321E+01
  0.48094092E+01  0.49898979E+01  0.51692188E+01  0.53381254E+01  0.54840378E+01
  0.55969216E+01  0.56720859E+01  0.57044200E+01  0.56992397E+01  0.56703451E+01
  0.56221362E+01  0.55586102E+01  0.54836100E+01  0.54004292E+01  0.53111667E+01
  0.52160817E+01  0.51149048E+01  0.50077647E+01  0.48952962E+01  0.47785182E+01
  0.46590246E+01  0.45375285E+01  0.44130555E+01  0.42851494E+01  0.41546250E+01
  0.40226761E+01  0.38905324E+01  0.37593477E+01  0.36301085E+01  0.35035877E+01
  0.33803422E+01  0.32607273E+01  0.31449269E+01  0.30329793E+01  0.29248229E+01
  0.28203681E+01  0.27194786E+01  0.26219654E+01  0.25276757E+01  0.24365054E+01
  0.23483826E+01  0.22632973E+01  0.21813018E+01  0.21024206E+01  0.20266579E+01
  0.19540227E+01  0.18844762E+01  0.18179463E+01  0.17543470E+01  0.16935743E+01
  0.16355086E+01  0.15800192E+01  0.15269735E+01  0.14762451E+01  0.14277181E+01
  0.13812814E+01  0.13368346E+01  0.12942815E+01  0.12535043E+01  0.12143890E+01
  0.11768436E+01  0.11407845E+01  0.11061342E+01  0.10728188E+01  0.10407680E+01
  0.10099138E+01  0.98019167E+00  0.95153890E+00  0.92389860E+00  0.89720716E+00
  0.87143002E+00  0.84646645E+00  0.82239974E+00  0.79876774E+00  0.77673566E+00
  0.74972403E+00  0.73287460E+00  0.24362704E+01  0.25087786E+01  0.26030076E+01
  0.26484948E+01  0.27039274E+01  0.27732677E+01  0.28507366E+01  0.29305103E+01
  0.30105369E+01  0.30901790E+01  0.31689937E+01  0.32473509E+01  0.33260048E+01
  0.34060774E+01  0.34890776E+01  0.35767829E+01  0.36710610E+01  0.37736893E+01
  0.38859106E+01  0.40084717E+01  0.41420774E+01  0.42870576E+01  0.44428800E+01
  0.46082560E+01  0.47809389E+01  0.49570246E+01  0.51331379E+01  0.53007535E+01
  0.54478850E+01  0.55657529E+01  0.56477513E+01  0.56925512E+01  0.57068135E+01
  0.56964784E+01  0.56662352E+01  0.56212884E+01  0.55630947E+01  0.54928744E+01
  0.54113789E+01  0.53191687E+01  0.52170493E+01  0.51063784E+01  0.49888178E+01
  0.48660431E+01  0.47397746E+01  0.46108367E+01  0.44788820E+01  0.43441887E+01
  0.42080411E+01  0.40719489E+01  0.39374054E+01  0.38056023E+01  0.36772941E+01
  0.35529331E+01  0.34326064E+01  0.33162192E+01  0.32035414E+01  0.30941209E+01
  0.29875087E+01  0.28833923E+01  0.27815994E+01  0.26820798E+01  0.25849319E+01
  0.24902943E+01  0.23983214E+01  0.23092655E+01  0.22233416E+01  0.21406926E+01
  0.20614923E+01  0.19857591E+01  0.19133976E+01  0.18443381E+01  0.17784852E+01
  0.17157125E+01  0.16558720E+01  0.15988092E+01  0.15443781E+01  0.14924385E+01
  0.14428461E+01  0.13954499E+01  0.13501076E+01  0.13066944E+01  0.12651136E+01
  0.12252838E+01  0.11871099E+01  0.11505082E+01  0.11154053E+01  0.10817216E+01
  0.10493768E+01  0.10182926E+01  0.98839501E+00  0.95961284E+00  0.93188238E+00
  0.90513486E+00  0.87933053E+00  0.85436535E+00  0.83032022E+00  0.80674849E+00
  0.78474221E+00  0.75767071E+00  0.74077985E+00  0.25299922E+01  0.25930115E+01
  0.26831657E+01  0.27418428E+01  0.28106823E+01  0.28880890E+01  0.29677026E+01
  0.30463626E+01  0.31243202E+01  0.32005100E+01  0.32754665E+01  0.33506865E+01
  0.34263077E+01  0.35028523E+01  0.35810517E+01  0.36619431E+01  0.37468924E+01
  0.38377887E+01  0.39370454E+01  0.40469192E+01  0.41689459E+01  0.43038846E+01
  0.44513455E+01  0.46099329E+01  0.47774423E+01  0.49496399E+01  0.51232032E+01
  0.52901304E+01  0.54392899E+01  0.55619446E+01  0.56548783E+01  0.57195934E+01
  0.57614883E+01  0.57742345E+01  0.57565959E+01  0.57195726E+01  0.56643830E+01
  0.55932633E+01  0.55082944E+01  0.54113238E+01  0.53041138E+01  0.51882310E+01
  0.50651329E+01  0.49362971E+01  0.48032772E+01  0.46674733E+01  0.45297597E+01
  0.43913708E+01  0.42541893E+01  0.41198663E+01  0.39895426E+01  0.38636341E+01
  0.37420017E+01  0.36241696E+01  0.35091710E+01  0.33960562E+01  0.32841437E+01
  0.31730381E+01  0.30626349E+01  0.29531320E+01  0.28449071E+01  0.27385098E+01
  0.26345443E+01  0.25334098E+01  0.24355187E+01  0.23412555E+01  0.22508857E+01
  0.21645518E+01  0.20821971E+01  0.20037428E+01  0.19291503E+01  0.18582854E+01
  0.17909785E+01  0.17270277E+01  0.16662245E+01  0.16083885E+01  0.15533639E+01
  0.15008656E+01  0.14505788E+01  0.14023433E+01  0.13560360E+01  0.13115520E+01
  0.12688206E+01  0.12277787E+01  0.11883548E+01  0.11504733E+01  0.11140569E+01
  0.10790433E+01  0.10453813E+01  0.10130235E+01  0.98192521E+00  0.95204174E+00
  0.92333467E+00  0.89575683E+00  0.86929013E+00  0.84384067E+00  0.81952486E+00
  0.79589042E+00  0.77405166E+00  0.74759691E+00  0.73116494E+00  0.27018720E+01
  0.27459069E+01  0.28148157E+01  0.28696566E+01  0.29337352E+01  0.30026274E+01
  0.30728256E+01  0.31436219E+01  0.32146836E+01  0.32855678E+01  0.33570651E+01
  0.34307134E+01  0.35065842E+01  0.35848454E+01  0.36655895E+01  0.37489288E+01
  0.38351733E+01  0.39250480E+01  0.40199863E+01  0.41220467E+01  0.42335038E+01
  0.43564968E+01  0.44924488E+01  0.46413902E+01  0.48015786E+01  0.49689628E+01
  0.51399060E+01  0.53068069E+01  0.54597502E+01  0.55919516E+01  0.57039509E+01
  0.57943428E+01  0.58557445E+01  0.58746559E+01  0.58554122E+01  0.58145047E+01
  0.57543209E+01  0.56781346E+01  0.55883987E+01  0.54869375E+01  0.53752295E+01
  0.52545535E+01  0.51261670E+01  0.49916032E+01  0.48530064E+01  0.47132830E+01
  0.45751729E+01  0.44406428E+01  0.43111558E+01  0.41870533E+01  0.40677206E+01
  0.39516506E+01  0.38368611E+01  0.37217590E+01  0.36051997E+01  0.34867501E+01
  0.33665734E+01  0.32454598E+01  0.31244495E+01  0.30045029E+01  0.28867808E+01
  0.27721878E+01  0.26612583E+01  0.25544885E+01  0.24522629E+01  0.23546843E+01
  0.22619589E+01  0.21737351E+01  0.20891166E+01  0.20078253E+01  0.19297786E+01
  0.18548456E+01  0.17828769E+01  0.17137397E+01  0.16473248E+01  0.15835112E+01
  0.15221855E+01  0.14632637E+01  0.14066822E+01  0.13523893E+01  0.13003356E+01
  0.12504631E+01  0.12026916E+01  0.11569468E+01  0.11131690E+01  0.10713234E+01
  0.10314050E+01  0.99338791E+00  0.95722950E+00  0.92288529E+00  0.89030962E+00
  0.85945432E+00  0.83027598E+00  0.80272213E+00  0.77676363E+00  0.75230379E+00
  0.72942774E+00  0.70773849E+00  0.68815660E+00  0.66531001E+00  0.65135144E+00
  0.28576798E+01  0.28778237E+01  0.29145910E+01  0.29559111E+01  0.30106849E+01
  0.30724565E+01  0.31364663E+01  0.32016517E+01  0.32669466E+01  0.33331351E+01
  0.34021205E+01  0.34743122E+01  0.35502843E+01  0.36305129E+01  0.37152551E+01
  0.38045181E+01  0.38981571E+01  0.39959247E+01  0.40977574E+01  0.42042792E+01
  0.43168771E+01  0.44374630E+01  0.45680139E+01  0.47098452E+01  0.48629638E+01
  0.50250862E+01  0.51937454E+01  0.53626362E+01  0.55224992E+01  0.56678465E+01
  0.57934429E+01  0.58935920E+01  0.59533977E+01  0.59634471E+01  0.59384781E+01
  0.58918233E+01  0.58269174E+01  0.57467391E+01  0.56533383E+01  0.55482139E+01
  0.54325088E+01  0.53074323E+01  0.51746413E+01  0.50363676E+01  0.48965369E+01
  0.47609233E+01  0.46332184E+01  0.45133489E+01  0.43996822E+01  0.42892869E+01
  0.41785521E+01  0.40645225E+01  0.39452819E+01  0.38202430E+01  0.36902419E+01
  0.35567072E+01  0.34218201E+01  0.32875123E+01  0.31553554E+01  0.30267072E+01
  0.29027271E+01  0.27832592E+01  0.26666082E+01  0.25521901E+01  0.24400970E+01
  0.23305975E+01  0.22239363E+01  0.21203376E+01  0.20200982E+01  0.19233898E+01
  0.18302412E+01  0.17406926E+01  0.16547106E+01  0.15723340E+01  0.14936391E+01
  0.14185596E+01  0.13469724E+01  0.12789048E+01  0.12143617E+01  0.11531746E+01
  0.10952167E+01  0.10403934E+01  0.98861516E+00  0.93977932E+00  0.89377947E+00
  0.85052985E+00  0.80995708E+00  0.77197682E+00  0.73650531E+00  0.70346250E+00
  0.67276838E+00  0.64434426E+00  0.61812058E+00  0.59402561E+00  0.57200866E+00
  0.55197484E+00  0.53397596E+00  0.51771512E+00  0.50391515E+00  0.48950531E+00
  0.48109103E+00  0.29509917E+01  0.29544975E+01  0.29706836E+01  0.30070579E+01
  0.30598238E+01  0.31193317E+01  0.31805211E+01  0.32423828E+01  0.33041970E+01
  0.33670877E+01  0.34331033E+01  0.35027905E+01  0.35769364E+01  0.36563172E+01
  0.37415816E+01  0.38331740E+01  0.39312935E+01  0.40358665E+01  0.41465509E+01
  0.42630606E+01  0.43854284E+01  0.45141100E+01  0.46501228E+01  0.47947229E+01
  0.49486258E+01  0.51108457E+01  0.52805526E+01  0.54524263E+01  0.56167834E+01
  0.57664256E+01  0.58895345E+01  0.59854802E+01  0.60345047E+01  0.60318905E+01
  0.60032337E+01  0.59530129E+01  0.58849251E+01  0.58017586E+01  0.57054135E+01
  0.55972491E+01  0.54784242E+01  0.53505507E+01  0.52164897E+01  0.50805614E+01
  0.49498857E+01  0.48315340E+01  0.47251005E+01  0.46244113E+01  0.45229826E+01
  0.44154144E+01  0.42980536E+01  0.41699612E+01  0.40320835E+01  0.38870594E+01
  0.37385379E+01  0.35893217E+01  0.34432721E+01  0.32999479E+01  0.31559373E+01
  0.30104996E+01  0.28635904E+01  0.27157859E+01  0.25676494E+01  0.24202702E+01
  0.22752461E+01  0.21340952E+01  0.19977321E+01  0.18671376E+01  0.17431818E+01
  0.16259623E+01  0.15154823E+01  0.14116333E+01  0.13142401E+01  0.12230112E+01
  0.11375987E+01  0.10577235E+01  0.98313210E+00  0.91357625E+00  0.84881209E+00
  0.78861180E+00  0.73274640E+00  0.68102463E+00  0.63319274E+00  0.58892656E+00
  0.54803906E+00  0.51039190E+00  0.47579997E+00  0.44409390E+00  0.41512755E+00
  0.38875986E+00  0.36484863E+00  0.34325589E+00  0.32385665E+00  0.30653232E+00
  0.29118543E+00  0.27770108E+00  0.26607146E+00  0.25608431E+00  0.24819983E+00
  0.24145201E+00  0.23793508E+00  0.30147478E+01  0.30099277E+01  0.30158838E+01
  0.30495922E+01  0.31004940E+01  0.31575593E+01  0.32161320E+01  0.32742151E+01
  0.33327003E+01  0.33938054E+01  0.34579594E+01  0.35259365E+01  0.35985683E+01
  0.36766591E+01  0.37609724E+01  0.38522211E+01  0.39510287E+01  0.40578401E+01
  0.41727941E+01  0.42957948E+01  0.44266451E+01  0.45651326E+01  0.47111985E+01
  0.48649479E+01  0.50262977E+01  0.51939950E+01  0.53678477E+01  0.55423924E+01
  0.57066046E+01  0.58521948E+01  0.59673699E+01  0.60559059E+01  0.60959797E+01
  0.60857659E+01  0.60544545E+01  0.60014749E+01  0.59307896E+01  0.58453569E+01
  0.57470971E+01  0.56373548E+01  0.55178860E+01  0.53919065E+01  0.52647213E+01
  0.51432810E+01  0.50353401E+01  0.49425681E+01  0.48553560E+01  0.47619476E+01
  0.46547332E+01  0.45305219E+01  0.43902257E+01  0.42370067E+01  0.40759418E+01
  0.39136257E+01  0.37497367E+01  0.35790968E+01  0.34001575E+01  0.32120593E+01
  0.30150976E+01  0.28115909E+01  0.26049183E+01  0.23994068E+01  0.21991694E+01
  0.20074850E+01  0.18268202E+01  0.16584062E+01  0.15026362E+01  0.13592939E+01
  0.12278440E+01  0.11076365E+01  0.99798684E+00  0.89819463E+00  0.80753992E+00
  0.72502935E+00  0.64981060E+00  0.58145356E+00  0.51955237E+00  0.46366887E+00
  0.41340562E+00  0.36839507E+00  0.32820861E+00  0.29240678E+00  0.26057061E+00
  0.23231974E+00  0.20730633E+00  0.18520517E+00  0.16571504E+00  0.14855794E+00
  0.13348379E+00  0.12026750E+00  0.10870468E+00  0.98612763E-01  0.89832024E-01
  0.82222134E-01  0.75662333E-01  0.70043705E-01  0.65292904E-01  0.61311349E-01
  0.58151402E-01  0.55546539E-01  0.54283265E-01  0.30632940E+01  0.30515366E+01
  0.30497151E+01  0.30809682E+01  0.31283744E+01  0.31820879E+01  0.32368074E+01
  0.32911618E+01  0.33474386E+01  0.34071533E+01  0.34705238E+01  0.35382110E+01
  0.36109368E+01  0.36893974E+01  0.37742692E+01  0.38661876E+01  0.39657005E+01
  0.40733873E+01  0.41898352E+01  0.43154821E+01  0.44505365E+01  0.45949144E+01
  0.47482615E+01  0.49099719E+01  0.50790772E+01  0.52532743E+01  0.54319668E+01
  0.56090182E+01  0.57726035E+01  0.59149960E+01  0.60261784E+01  0.61081968E+01
  0.61426662E+01  0.61296134E+01  0.60948136E+01  0.60391346E+01  0.59668520E+01
  0.58808380E+01  0.57829622E+01  0.56753995E+01  0.55617423E+01  0.54476669E+01
  0.53402573E+01  0.52453250E+01  0.51640564E+01  0.50875646E+01  0.50003690E+01
  0.48917610E+01  0.47590065E+01  0.46044892E+01  0.44364626E+01  0.42602839E+01
  0.40716304E+01  0.38650687E+01  0.36367400E+01  0.33858464E+01  0.31154952E+01
  0.28326384E+01  0.25473601E+01  0.22687799E+01  0.20041613E+01  0.17586649E+01
  0.15348316E+01  0.13336003E+01  0.11545521E+01  0.99641074E+00  0.85705942E+00
  0.73430570E+00  0.62690046E+00  0.53361923E+00  0.45299175E+00  0.38354805E+00
  0.32389994E+00  0.27283323E+00  0.22929493E+00  0.19230944E+00  0.16099048E+00
  0.13454824E+00  0.11228515E+00  0.93584102E-01  0.77915847E-01  0.64801315E-01
  0.53897133E-01  0.44978270E-01  0.37745873E-01  0.31878320E-01  0.27113127E-01
  0.23237647E-01  0.20080078E-01  0.17501625E-01  0.15390074E-01  0.13655210E-01
  0.12224974E-01  0.11041671E-01  0.10059615E-01  0.92412007E-02  0.85603279E-02
  0.79868530E-02  0.75265941E-02  0.70772912E-02  0.68229327E-02  0.31092474E+01
  0.30861508E+01  0.30704611E+01  0.30963897E+01  0.31390387E+01  0.31892897E+01
  0.32414713E+01  0.32950937E+01  0.33515351E+01  0.34109174E+01  0.34739866E+01
  0.35415857E+01  0.36145094E+01  0.36934816E+01  0.37791664E+01  0.38722075E+01
  0.39732172E+01  0.40827667E+01  0.42013102E+01  0.43292118E+01  0.44668813E+01
  0.46145752E+01  0.47721345E+01  0.49388584E+01  0.51133680E+01  0.52926064E+01
  0.54756089E+01  0.56555242E+01  0.58202352E+01  0.59623234E+01  0.60720832E+01
  0.61493750E+01  0.61789052E+01  0.61629727E+01  0.61254565E+01  0.60689397E+01
  0.59976848E+01  0.59145631E+01  0.58222322E+01  0.57248121E+01  0.56281598E+01
  0.55383311E+01  0.54594488E+01  0.53897778E+01  0.53200499E+01  0.52357928E+01
  0.51250366E+01  0.49826182E+01  0.48155633E+01  0.46305360E+01  0.44201661E+01
  0.41747886E+01  0.38879022E+01  0.35583757E+01  0.31954951E+01  0.28159255E+01
  0.24377972E+01  0.20775344E+01  0.17466631E+01  0.14515791E+01  0.11943772E+01
  0.97405425E+00  0.78800074E+00  0.63319170E+00  0.50589613E+00  0.40209786E+00
  0.31801107E+00  0.25034261E+00  0.19621936E+00  0.15316420E+00  0.11907653E+00
  0.92193280E-01  0.71116846E-01  0.54916134E-01  0.42724751E-01  0.33586879E-01
  0.26741884E-01  0.21609145E-01  0.17750691E-01  0.14838458E-01  0.12628127E-01
  0.10938432E-01  0.96352120E-02  0.86194290E-02  0.78179473E-02  0.71766614E-02
  0.66561938E-02  0.62276842E-02  0.58693889E-02  0.55650433E-02  0.53024948E-02
  0.50726984E-02  0.48688997E-02  0.46859393E-02  0.45200159E-02  0.43678319E-02
  0.42278767E-02  0.40961089E-02  0.39773902E-02  0.38379317E-02  0.37522793E-02
  0.31438119E+01  0.31051223E+01  0.30701827E+01  0.30893181E+01  0.31275060E+01
  0.31751574E+01  0.32270108E+01  0.32823524E+01  0.33404234E+01  0.34015795E+01
  0.34664474E+01  0.35357037E+01  0.36100574E+01  0.36902534E+01  0.37770345E+01
  0.38711473E+01  0.39734348E+01  0.40846601E+01  0.42053228E+01  0.43358676E+01
  0.44765641E+01  0.46274888E+01  0.47885517E+01  0.49591152E+01  0.51377186E+01
  0.53209564E+01  0.55077570E+01  0.56906684E+01  0.58572473E+01  0.59998111E+01
  0.61085015E+01  0.61810872E+01  0.62057609E+01  0.61881415E+01  0.61506674E+01
  0.60971490E+01  0.60317391E+01  0.59578832E+01  0.58799570E+01  0.58039213E+01
  0.57347442E+01  0.56737695E+01  0.56171155E+01  0.55538727E+01  0.54696503E+01
  0.53547932E+01  0.52055046E+01  0.50244249E+01  0.48060474E+01  0.45334392E+01
  0.41921346E+01  0.37808696E+01  0.33165189E+01  0.28261264E+01  0.23427949E+01
  0.18942039E+01  0.14969196E+01  0.11595748E+01  0.88278816E+00  0.66197072E+00
  0.49015260E+00  0.35905421E+00  0.26067924E+00  0.18784042E+00  0.13452065E+00
  0.95746239E-01  0.68083907E-01  0.49004551E-01  0.35979087E-01  0.27094843E-01
  0.21016008E-01  0.16830413E-01  0.13920972E-01  0.11872429E-01  0.10406164E-01
  0.93345834E-02  0.85316921E-02  0.79136976E-02  0.74242826E-02  0.70256933E-02
  0.66922573E-02  0.64060688E-02  0.61547576E-02  0.59297089E-02  0.57248720E-02
  0.55360328E-02  0.53601981E-02  0.51951680E-02  0.50392940E-02  0.48913295E-02
  0.47503339E-02  0.46155718E-02  0.44864746E-02  0.43625363E-02  0.42434596E-02
  0.41286664E-02  0.40185228E-02  0.39108793E-02  0.38109124E-02  0.36891243E-02
  0.36133404E-02  0.31604520E+01  0.31064850E+01  0.30543571E+01  0.30708692E+01
  0.31081526E+01  0.31561635E+01  0.32090058E+01  0.32652024E+01  0.33241114E+01
  0.33861076E+01  0.34518270E+01  0.35220233E+01  0.35976453E+01  0.36795237E+01
  0.37682880E+01  0.38645150E+01  0.39687753E+01  0.40817750E+01  0.42041876E+01
  0.43367006E+01  0.44798698E+01  0.46338540E+01  0.47983478E+01  0.49725225E+01
  0.51548351E+01  0.53416300E+01  0.55318429E+01  0.57177200E+01  0.58862157E+01
  0.60291068E+01  0.61364602E+01  0.62043198E+01  0.62256667E+01  0.62103392E+01
  0.61783886E+01  0.61340258E+01  0.60814969E+01  0.60255620E+01  0.59722728E+01
  0.59257093E+01  0.58844708E+01  0.58418437E+01  0.57865429E+01  0.57037232E+01
  0.55833287E+01  0.54272111E+01  0.52261241E+01  0.49550993E+01  0.45875520E+01
  0.41120789E+01  0.35485572E+01  0.29381568E+01  0.23345464E+01  0.17839155E+01
  0.13150493E+01  0.93927669E+00  0.65226000E+00  0.44233829E+00  0.29416433E+00
  0.19269715E+00  0.12475206E+00  0.80519385E-01  0.52922900E-01  0.36107629E-01
  0.25884799E-01  0.19618024E-01  0.15713735E-01  0.13222757E-01  0.11582678E-01
  0.10459365E-01  0.96536961E-02  0.90466106E-02  0.85668948E-02  0.81712500E-02
  0.78322208E-02  0.75323450E-02  0.72607735E-02  0.70104634E-02  0.67767479E-02
  0.65564931E-02  0.63475249E-02  0.61483009E-02  0.59577537E-02  0.57750154E-02
  0.55995558E-02  0.54311861E-02  0.52695922E-02  0.51143852E-02  0.49652143E-02
  0.48218157E-02  0.46839765E-02  0.45514424E-02  0.44239782E-02  0.43013173E-02
  0.41833318E-02  0.40695628E-02  0.39604747E-02  0.38539842E-02  0.37552197E-02
  0.36352234E-02  0.35606342E-02  0.31668962E+01  0.31035370E+01  0.30417859E+01
  0.30591461E+01  0.30988493E+01  0.31500097E+01  0.32054669E+01  0.32625022E+01
  0.33209226E+01  0.33815544E+01  0.34455157E+01  0.35139626E+01  0.35879442E+01
  0.36684257E+01  0.37562938E+01  0.38525706E+01  0.39580386E+01  0.40731156E+01
  0.41980676E+01  0.43331058E+01  0.44787345E+01  0.46352921E+01  0.48026994E+01
  0.49801492E+01  0.51658615E+01  0.53558886E+01  0.55492523E+01  0.57380136E+01
  0.59082734E+01  0.60510555E+01  0.61569569E+01  0.62212867E+01  0.62448470E+01
  0.62395230E+01  0.62197399E+01  0.61915567E+01  0.61591973E+01  0.61299589E+01
  0.61075006E+01  0.60870249E+01  0.60598863E+01  0.60141318E+01  0.59355287E+01
  0.58122697E+01  0.56475502E+01  0.54197869E+01  0.50786500E+01  0.45895924E+01
  0.39560090E+01  0.32276876E+01  0.24854829E+01  0.18073880E+01  0.12442708E+01
  0.81611580E+00  0.51278826E+00  0.31071478E+00  0.18305351E+00  0.10609699E+00
  0.62274607E-01  0.38667039E-01  0.26120301E-01  0.19381630E-01  0.15649596E-01
  0.13477113E-01  0.12124369E-01  0.11212614E-01  0.10545750E-01  0.10020571E-01
  0.95822936E-02  0.91994326E-02  0.88531788E-02  0.85328150E-02  0.82318755E-02
  0.79463864E-02  0.76737986E-02  0.74130221E-02  0.71635293E-02  0.69245002E-02
  0.66954491E-02  0.64759809E-02  0.62656468E-02  0.60640666E-02  0.58709083E-02
  0.56858699E-02  0.55086671E-02  0.53390044E-02  0.51765751E-02  0.50210652E-02
  0.48721582E-02  0.47295401E-02  0.45929012E-02  0.44619295E-02  0.43363374E-02
  0.42158000E-02  0.41001213E-02  0.39887816E-02  0.38821840E-02  0.37782315E-02
  0.36818624E-02  0.35647487E-02  0.34919341E-02  0.31799148E+01  0.31154709E+01
  0.30518609E+01  0.30677635E+01  0.31080988E+01  0.31614627E+01  0.32181613E+01
  0.32753644E+01  0.33329640E+01  0.33919356E+01  0.34535407E+01  0.35191226E+01
  0.35898285E+01  0.36669045E+01  0.37516736E+01  0.38452314E+01  0.39485482E+01
  0.40624099E+01  0.41875381E+01  0.43242533E+01  0.44724315E+01  0.46318492E+01
  0.48022204E+01  0.49827126E+01  0.51715233E+01  0.53649013E+01  0.55616365E+01
  0.57527250E+01  0.59238658E+01  0.60665015E+01  0.61723803E+01  0.62392720E+01
  0.62737450E+01  0.62857243E+01  0.62846520E+01  0.62783444E+01  0.62729499E+01
  0.62759970E+01  0.62787410E+01  0.62671767E+01  0.62329097E+01  0.61617635E+01
  0.60392698E+01  0.58681550E+01  0.56178365E+01  0.52002634E+01  0.45707225E+01
  0.37636362E+01  0.28750762E+01  0.20292674E+01  0.13249597E+01  0.80468032E+00
  0.45772096E+00  0.24653582E+00  0.12780303E+00  0.66599049E-01  0.37785791E-01
  0.24632874E-01  0.18544352E-01  0.15552058E-01  0.13915012E-01  0.12887286E-01
  0.12149694E-01  0.11564109E-01  0.11065965E-01  0.10620353E-01  0.10208935E-01
  0.98219110E-02  0.94540647E-02  0.91028038E-02  0.87668765E-02  0.84455741E-02
  0.81381190E-02  0.78440057E-02  0.75629035E-02  0.72945269E-02  0.70385774E-02
  0.67947189E-02  0.65625502E-02  0.63416118E-02  0.61314103E-02  0.59314319E-02
  0.57411312E-02  0.55600268E-02  0.53876586E-02  0.52234899E-02  0.50669980E-02
  0.49176681E-02  0.47750123E-02  0.46386022E-02  0.45080376E-02  0.43829301E-02
  0.42629244E-02  0.41476390E-02  0.40368466E-02  0.39300388E-02  0.38275369E-02
  0.37273046E-02  0.36341285E-02  0.35202938E-02  0.34493715E-02  0.31961094E+01
  0.31315160E+01  0.30676301E+01  0.30831703E+01  0.31240069E+01  0.31789810E+01
  0.32374076E+01  0.32961876E+01  0.33546793E+01  0.34134007E+01  0.34735018E+01
  0.35363429E+01  0.36035742E+01  0.36769171E+01  0.37579501E+01  0.38478053E+01
  0.39475507E+01  0.40583651E+01  0.41811414E+01  0.43164251E+01  0.44643869E+01
  0.46248683E+01  0.47972003E+01  0.49801338E+01  0.51716282E+01  0.53676538E+01
  0.55671142E+01  0.57605875E+01  0.59337056E+01  0.60785602E+01  0.61892247E+01
  0.62685838E+01  0.63225018E+01  0.63563097E+01  0.63785634E+01  0.63983676E+01
  0.64248579E+01  0.64539715E+01  0.64630265E+01  0.64397277E+01  0.63785367E+01
  0.62633956E+01  0.60889223E+01  0.58161460E+01  0.53332923E+01  0.45672745E+01
  0.35803016E+01  0.25399766E+01  0.16243964E+01  0.93722672E+00  0.49049525E+00
  0.23578906E+00  0.10777670E+00  0.51251224E-01  0.28890626E-01  0.20416212E-01
  0.17020726E-01  0.15391196E-01  0.14394172E-01  0.13646747E-01  0.13017319E-01
  0.12453853E-01  0.11932660E-01  0.11441419E-01  0.10974542E-01  0.10529668E-01
  0.10105659E-01  0.97017657E-02  0.93165918E-02  0.89497430E-02  0.86014800E-02
  0.82715018E-02  0.79592702E-02  0.76641073E-02  0.73851672E-02  0.71216948E-02
  0.68729277E-02  0.66378798E-02  0.64155839E-02  0.62051224E-02  0.60056457E-02
  0.58163420E-02  0.56364497E-02  0.54653095E-02  0.53023071E-02  0.51468421E-02
  0.49983783E-02  0.48564447E-02  0.47205851E-02  0.45903631E-02  0.44653779E-02
  0.43452591E-02  0.42296866E-02  0.41183386E-02  0.40110079E-02  0.39072131E-02
  0.38072763E-02  0.37092563E-02  0.36179043E-02  0.35058372E-02  0.34359115E-02
  0.32057346E+01  0.31382577E+01  0.30719092E+01  0.30881182E+01  0.31291652E+01
  0.31847467E+01  0.32451128E+01  0.33069227E+01  0.33690283E+01  0.34312892E+01
  0.34942019E+01  0.35585997E+01  0.36257501E+01  0.36972250E+01  0.37748810E+01
  0.38607299E+01  0.39565520E+01  0.40637985E+01  0.41833714E+01  0.43158989E+01
  0.44618990E+01  0.46214319E+01  0.47939590E+01  0.49780394E+01  0.51713081E+01
  0.53691126E+01  0.55708602E+01  0.57675994E+01  0.59447491E+01  0.60953142E+01
  0.62179102E+01  0.63184304E+01  0.63971520E+01  0.64547161E+01  0.65023381E+01
  0.65519421E+01  0.66070725E+01  0.66412347E+01  0.66330439E+01  0.65828494E+01
  0.64793333E+01  0.63042156E+01  0.60034004E+01  0.54604200E+01  0.45842070E+01
  0.34401850E+01  0.22633597E+01  0.12996188E+01  0.65179096E+00  0.28784607E+00
  0.11582615E+00  0.48318548E-01  0.26521790E-01  0.19825797E-01  0.17545907E-01
  0.16405396E-01  0.15566891E-01  0.14834649E-01  0.14158784E-01  0.13521247E-01
  0.12915903E-01  0.12340923E-01  0.11795427E-01  0.11276754E-01  0.10784419E-01
  0.10319926E-01  0.98831276E-02  0.94730297E-02  0.90883659E-02  0.87279247E-02
  0.83902766E-02  0.80736816E-02  0.77764413E-02  0.74969709E-02  0.72338388E-02
  0.69857527E-02  0.67514902E-02  0.65299322E-02  0.63201175E-02  0.61211346E-02
  0.59321524E-02  0.57524421E-02  0.55813018E-02  0.54180544E-02  0.52620778E-02
  0.51128517E-02  0.49698864E-02  0.48327151E-02  0.47009390E-02  0.45741903E-02
  0.44521339E-02  0.43344850E-02  0.42210510E-02  0.41116087E-02  0.40059924E-02
  0.39037524E-02  0.38052107E-02  0.37084637E-02  0.36182084E-02  0.35072355E-02
  0.34379271E-02  0.32125416E+01  0.31446739E+01  0.30778442E+01  0.30937954E+01
  0.31342282E+01  0.31889624E+01  0.32488718E+01  0.33110875E+01  0.33749157E+01
  0.34403095E+01  0.35071697E+01  0.35756719E+01  0.36464208E+01  0.37203027E+01
  0.37986592E+01  0.38832982E+01  0.39762913E+01  0.40796932E+01  0.41953210E+01
  0.43244605E+01  0.44678242E+01  0.46255778E+01  0.47972530E+01  0.49814372E+01
  0.51757553E+01  0.53754819E+01  0.55801898E+01  0.57810288E+01  0.59642418E+01
  0.61256138E+01  0.62677532E+01  0.63942880E+01  0.64977202E+01  0.65789296E+01
  0.66552843E+01  0.67346094E+01  0.67971689E+01  0.68113829E+01  0.67717292E+01
  0.66813054E+01  0.65071612E+01  0.61733034E+01  0.55628761E+01  0.45960600E+01
  0.33419603E+01  0.20629730E+01  0.10622690E+01  0.45781159E+00  0.16830905E+00
  0.58737661E-01  0.28211905E-01  0.20678536E-01  0.18975525E-01  0.17941079E-01
  0.17051907E-01  0.16225248E-01  0.15446746E-01  0.14706239E-01  0.13999182E-01
  0.13323949E-01  0.12683291E-01  0.12081489E-01  0.11519410E-01  0.10996461E-01
  0.10511236E-01  0.10061154E-01  0.96429635E-02  0.92535897E-02  0.88902848E-02
  0.85506318E-02  0.82325106E-02  0.79340738E-02  0.76535938E-02  0.73895303E-02
  0.71405540E-02  0.69054001E-02  0.66829589E-02  0.64721759E-02  0.62720117E-02
  0.60815806E-02  0.59000927E-02  0.57267891E-02  0.55610391E-02  0.54022442E-02
  0.52499617E-02  0.51039501E-02  0.49639103E-02  0.48294914E-02  0.47003840E-02
  0.45763051E-02  0.44569817E-02  0.43421386E-02  0.42315097E-02  0.41247831E-02
  0.40217626E-02  0.39220031E-02  0.38257411E-02  0.37310566E-02  0.36425135E-02
  0.35330045E-02  0.34644420E-02  0.32199979E+01  0.31517910E+01  0.30727916E+01
  0.30772796E+01  0.31199039E+01  0.31787000E+01  0.32429064E+01  0.33088683E+01
  0.33756280E+01  0.34434515E+01  0.35131272E+01  0.35853788E+01  0.36605293E+01
  0.37389197E+01  0.38212840E+01  0.39086963E+01  0.40027230E+01  0.41053373E+01
  0.42187253E+01  0.43447452E+01  0.44848049E+01  0.46397532E+01  0.48095946E+01
  0.49931907E+01  0.51882377E+01  0.53900542E+01  0.55984506E+01  0.58053279E+01
  0.59992525E+01  0.61781391E+01  0.63437606E+01  0.64943719E+01  0.66197825E+01
  0.67276216E+01  0.68363778E+01  0.69294663E+01  0.69682141E+01  0.69449629E+01
  0.68662607E+01  0.66914398E+01  0.63233810E+01  0.56417174E+01  0.45844628E+01
  0.32470221E+01  0.19120287E+01  0.90188073E+00  0.33264024E+00  0.10166403E+00
  0.36810094E-01  0.22640226E-01  0.20874889E-01  0.19740324E-01  0.18730166E-01
  0.17782959E-01  0.16884799E-01  0.16026285E-01  0.15204893E-01  0.14423743E-01
  0.13687712E-01  0.13001104E-01  0.12366113E-01  0.11781248E-01  0.11242700E-01
  0.10746076E-01  0.10287038E-01  0.98615985E-02  0.94662633E-02  0.90980526E-02
  0.87543312E-02  0.84328129E-02  0.81314778E-02  0.78484823E-02  0.75822045E-02
  0.73310384E-02  0.70935106E-02  0.68683540E-02  0.66543863E-02  0.64505727E-02
  0.62560488E-02  0.60703329E-02  0.58930703E-02  0.57237751E-02  0.55620190E-02
  0.54074336E-02  0.52596651E-02  0.51183278E-02  0.49830575E-02  0.48535360E-02
  0.47294315E-02  0.46103948E-02  0.44960889E-02  0.43861584E-02  0.42802153E-02
  0.41778604E-02  0.40788246E-02  0.39826193E-02  0.38893706E-02  0.37971833E-02
  0.37105255E-02  0.36022021E-02  0.35340967E-02  0.32055480E+01  0.31387155E+01
  0.30491464E+01  0.30409878E+01  0.30838139E+01  0.31458403E+01  0.32155367E+01
  0.32881348E+01  0.33616268E+01  0.34354427E+01  0.35101929E+01  0.35868402E+01
  0.36663710E+01  0.37498275E+01  0.38376836E+01  0.39303792E+01  0.40289196E+01
  0.41347012E+01  0.42495617E+01  0.43754297E+01  0.45142106E+01  0.46674436E+01
  0.48358656E+01  0.50189784E+01  0.52149791E+01  0.54196487E+01  0.56332823E+01
  0.58497137E+01  0.60591922E+01  0.62573510E+01  0.64425226E+01  0.66120982E+01
  0.67615971E+01  0.69035303E+01  0.70340323E+01  0.71048120E+01  0.70986337E+01
  0.70335983E+01  0.68607488E+01  0.64564765E+01  0.56994479E+01  0.45493740E+01
  0.31333471E+01  0.17677062E+01  0.77976464E+00  0.25886656E+00  0.68609533E-01
  0.28079126E-01  0.23321253E-01  0.21798456E-01  0.20624052E-01  0.19532626E-01
  0.18498772E-01  0.17515931E-01  0.16580230E-01  0.15692828E-01  0.14858022E-01
  0.14080309E-01  0.13361582E-01  0.12700816E-01  0.12094769E-01  0.11538738E-01
  0.11027735E-01  0.10556970E-01  0.10122116E-01  0.97192777E-02  0.93450368E-02
  0.89963945E-02  0.86707925E-02  0.83657901E-02  0.80790972E-02  0.78087174E-02
  0.75528888E-02  0.73100275E-02  0.70791609E-02  0.68598406E-02  0.66513771E-02
  0.64531668E-02  0.62647264E-02  0.60855441E-02  0.59151125E-02  0.57530109E-02
  0.55987912E-02  0.54520134E-02  0.53121619E-02  0.51786248E-02  0.50508874E-02
  0.49285137E-02  0.48110994E-02  0.46982621E-02  0.45896399E-02  0.44848802E-02
  0.43836467E-02  0.42855793E-02  0.41903875E-02  0.40975789E-02  0.40071672E-02
  0.39172641E-02  0.38322300E-02  0.37245162E-02  0.36564357E-02  0.31691844E+01
  0.31082517E+01  0.30284263E+01  0.30231182E+01  0.30631126E+01  0.31215136E+01
  0.31883818E+01  0.32599288E+01  0.33351921E+01  0.34137280E+01  0.34946563E+01
  0.35775556E+01  0.36629148E+01  0.37517549E+01  0.38451434E+01  0.39441625E+01
  0.40493128E+01  0.41612642E+01  0.42813623E+01  0.44110975E+01  0.45522649E+01
  0.47067775E+01  0.48761047E+01  0.50605443E+01  0.52591359E+01  0.54683701E+01
  0.56898679E+01  0.59194713E+01  0.61437620E+01  0.63552915E+01  0.65544356E+01
  0.67443516E+01  0.69282425E+01  0.71015276E+01  0.72156373E+01  0.72341276E+01
  0.71817107E+01  0.70118202E+01  0.65730056E+01  0.57359628E+01  0.44846567E+01
  0.29958271E+01  0.16178402E+01  0.66869585E+00  0.20668014E+00  0.54961541E-01
  0.26125891E-01  0.24192994E-01  0.22811316E-01  0.21540396E-01  0.20341109E-01
  0.19215755E-01  0.18157320E-01  0.17159363E-01  0.16220626E-01  0.15342907E-01
  0.14527977E-01  0.13776254E-01  0.13086550E-01  0.12455931E-01  0.11879674E-01
  0.11352369E-01  0.10868704E-01  0.10423697E-01  0.10012781E-01  0.96319657E-02
  0.92775291E-02  0.89461158E-02  0.86348666E-02  0.83410414E-02  0.80630871E-02
  0.78003148E-02  0.75517507E-02  0.73166465E-02  0.70943365E-02  0.68841068E-02
  0.66853637E-02  0.64975302E-02  0.63199489E-02  0.61517554E-02  0.59920800E-02
  0.58402568E-02  0.56956991E-02  0.55578729E-02  0.54262889E-02  0.53005045E-02
  0.51801137E-02  0.50647341E-02  0.49539974E-02  0.48475448E-02  0.47450246E-02
  0.46460797E-02  0.45503493E-02  0.44574346E-02  0.43669724E-02  0.42784253E-02
  0.41916197E-02  0.41046319E-02  0.40216498E-02  0.39145355E-02  0.38463275E-02
  0.31384485E+01  0.30800922E+01  0.30145339E+01  0.30212872E+01  0.30611445E+01
  0.31174731E+01  0.31805220E+01  0.32474954E+01  0.33182535E+01  0.33933792E+01
  0.34733128E+01  0.35584545E+01  0.36486396E+01  0.37432465E+01  0.38426523E+01
  0.39478326E+01  0.40598186E+01  0.41794077E+01  0.43072288E+01  0.44442816E+01
  0.45918696E+01  0.47517004E+01  0.49255889E+01  0.51144072E+01  0.53186840E+01
  0.55352875E+01  0.57673028E+01  0.60077341E+01  0.62389245E+01  0.64600814E+01
  0.66754624E+01  0.68972718E+01  0.71223618E+01  0.72939180E+01  0.73510608E+01
  0.73112172E+01  0.71405307E+01  0.66633126E+01  0.57388041E+01  0.43862686E+01
  0.28343369E+01  0.14620619E+01  0.56684443E+00  0.16363237E+00  0.46827759E-01
  0.27117701E-01  0.25312890E-01  0.23845688E-01  0.22454730E-01  0.21156348E-01
  0.19955576E-01  0.18837859E-01  0.17790179E-01  0.16806774E-01  0.15886944E-01
  0.15032460E-01  0.14244750E-01  0.13523242E-01  0.12865467E-01  0.12267033E-01
  0.11722098E-01  0.11224426E-01  0.10768334E-01  0.10348218E-01  0.99587334E-02
  0.95952020E-02  0.92539006E-02  0.89329504E-02  0.86310881E-02  0.83471581E-02
  0.80802340E-02  0.78293712E-02  0.75937454E-02  0.73726094E-02  0.71647924E-02
  0.69688729E-02  0.67838289E-02  0.66087780E-02  0.64429371E-02  0.62856203E-02
  0.61362327E-02  0.59942420E-02  0.58591656E-02  0.57305606E-02  0.56080092E-02
  0.54911122E-02  0.53794818E-02  0.52727342E-02  0.51704777E-02  0.50723074E-02
  0.49778110E-02  0.48865654E-02  0.47981283E-02  0.47120092E-02  0.46277172E-02
  0.45446333E-02  0.44623317E-02  0.43788581E-02  0.42982226E-02  0.41914167E-02
  0.41227360E-02  0.31125284E+01  0.30575700E+01  0.30035315E+01  0.30200172E+01
  0.30631222E+01  0.31220386E+01  0.31859541E+01  0.32517934E+01  0.33191905E+01
  0.33892330E+01  0.34638940E+01  0.35447351E+01  0.36325977E+01  0.37281050E+01
  0.38312782E+01  0.39416300E+01  0.40597011E+01  0.41864209E+01  0.43225767E+01
  0.44687089E+01  0.46254248E+01  0.47940043E+01  0.49761234E+01  0.51729108E+01
  0.53848839E+01  0.56110503E+01  0.58521544E+01  0.60952003E+01  0.63327337E+01
  0.65703411E+01  0.68101743E+01  0.70801148E+01  0.73292195E+01  0.74446207E+01
  0.74265399E+01  0.72490035E+01  0.67276101E+01  0.57101328E+01  0.42542945E+01
  0.26521462E+01  0.13063383E+01  0.47651585E+00  0.12919247E+00  0.41379777E-01
  0.28582006E-01  0.26580546E-01  0.24948846E-01  0.23422974E-01  0.22028648E-01
  0.20758193E-01  0.19584263E-01  0.18486643E-01  0.17456591E-01  0.16492403E-01
  0.15595894E-01  0.14769532E-01  0.14013592E-01  0.13326261E-01  0.12703452E-01
  0.12138980E-01  0.11625709E-01  0.11156417E-01  0.10723681E-01  0.10320943E-01
  0.99448520E-02  0.95935071E-02  0.92652840E-02  0.89588335E-02  0.86729045E-02
  0.84065807E-02  0.81581932E-02  0.79256267E-02  0.77073518E-02  0.75020733E-02
  0.73086783E-02  0.71262443E-02  0.69539916E-02  0.67912408E-02  0.66373971E-02
  0.64919220E-02  0.63543194E-02  0.62241138E-02  0.61008432E-02  0.59840376E-02
  0.58732239E-02  0.57679403E-02  0.56677109E-02  0.55720355E-02  0.54803925E-02
  0.53922291E-02  0.53070300E-02  0.52243124E-02  0.51435294E-02  0.50640622E-02
  0.49852880E-02  0.49065521E-02  0.48273326E-02  0.47457163E-02  0.46656741E-02
  0.45569189E-02  0.44863601E-02  0.30811179E+01  0.30352442E+01  0.29921158E+01
  0.30138156E+01  0.30633285E+01  0.31275433E+01  0.31949532E+01  0.32618330E+01
  0.33283163E+01  0.33962816E+01  0.34676986E+01  0.35441705E+01  0.36273500E+01
  0.37189584E+01  0.38200272E+01  0.39310411E+01  0.40521728E+01  0.41837858E+01
  0.43265153E+01  0.44807473E+01  0.46468014E+01  0.48253992E+01  0.50176761E+01
  0.52248965E+01  0.54453153E+01  0.56832889E+01  0.59275954E+01  0.61734096E+01
  0.64321984E+01  0.66905603E+01  0.69679199E+01  0.72904707E+01  0.75081888E+01
  0.75281766E+01  0.73457479E+01  0.67739145E+01  0.56588603E+01  0.41021474E+01
  0.24601292E+01  0.11556204E+01  0.39843868E+00  0.10256286E+00  0.37716744E-01
  0.30226573E-01  0.27988517E-01  0.26146289E-01  0.24459014E-01  0.22961508E-01
  0.21622197E-01  0.20393656E-01  0.19246961E-01  0.18170114E-01  0.17160757E-01
  0.16220727E-01  0.15353332E-01  0.14560369E-01  0.13840714E-01  0.13190862E-01
  0.12604353E-01  0.12072512E-01  0.11585146E-01  0.11134971E-01  0.10718301E-01
  0.10332169E-01  0.99744974E-02  0.96436489E-02  0.93379599E-02  0.90547071E-02
  0.87911447E-02  0.85451601E-02  0.83150067E-02  0.80992854E-02  0.78968541E-02
  0.77067731E-02  0.75282490E-02  0.73605914E-02  0.72031753E-02  0.70554114E-02
  0.69167060E-02  0.67864653E-02  0.66641175E-02  0.65490456E-02  0.64405958E-02
  0.63380471E-02  0.62407687E-02  0.61481748E-02  0.60595485E-02  0.59741640E-02
  0.58913265E-02  0.58103842E-02  0.57307287E-02  0.56518181E-02  0.55731535E-02
  0.54942304E-02  0.54145715E-02  0.53337015E-02  0.52513066E-02  0.51656030E-02
  0.50809769E-02  0.49653115E-02  0.48901622E-02  0.30055548E+01  0.29848232E+01
  0.29724121E+01  0.30050735E+01  0.30633176E+01  0.31334913E+01  0.32055627E+01
  0.32759369E+01  0.33438546E+01  0.34107562E+01  0.34794294E+01  0.35524893E+01
  0.36322472E+01  0.37201730E+01  0.38175926E+01  0.39260312E+01  0.40464130E+01
  0.41792995E+01  0.43251413E+01  0.44844263E+01  0.46574430E+01  0.48445203E+01
  0.50462915E+01  0.52634733E+01  0.54950795E+01  0.57413322E+01  0.59958068E+01
  0.62626430E+01  0.65409936E+01  0.68213147E+01  0.71648807E+01  0.75018625E+01
  0.76214932E+01  0.74414530E+01  0.68189379E+01  0.56031202E+01  0.39466875E+01
  0.22692204E+01  0.10119925E+01  0.33235838E+00  0.84973037E-01  0.36075511E-01
  0.31818236E-01  0.29482666E-01  0.27428589E-01  0.25570666E-01  0.23963737E-01
  0.22555463E-01  0.21272548E-01  0.20075911E-01  0.18950866E-01  0.17894587E-01
  0.16909176E-01  0.15998383E-01  0.15165575E-01  0.14410855E-01  0.13730961E-01
  0.13118762E-01  0.12562798E-01  0.12053975E-01  0.11587740E-01  0.11160006E-01
  0.10767974E-01  0.10409405E-01  0.10080349E-01  0.97766545E-02  0.94952113E-02
  0.92335710E-02  0.89898344E-02  0.87625194E-02  0.85504479E-02  0.83526442E-02
  0.81682662E-02  0.79965397E-02  0.78366984E-02  0.76879898E-02  0.75496339E-02
  0.74207790E-02  0.73004490E-02  0.71877908E-02  0.70819752E-02  0.69819434E-02
  0.68866344E-02  0.67950688E-02  0.67063423E-02  0.66196274E-02  0.65342242E-02
  0.64495459E-02  0.63650944E-02  0.62804717E-02  0.61953146E-02  0.61093157E-02
  0.60222716E-02  0.59340189E-02  0.58444146E-02  0.57532669E-02  0.56605566E-02
  0.55645553E-02  0.54704509E-02  0.53439281E-02  0.52622278E-02  0.29179802E+01
  0.29252179E+01  0.29474554E+01  0.29903767E+01  0.30544579E+01  0.31293700E+01
  0.32067228E+01  0.32823552E+01  0.33550477E+01  0.34259102E+01  0.34963362E+01
  0.35684656E+01  0.36453800E+01  0.37298237E+01  0.38240750E+01  0.39297978E+01
  0.40480868E+01  0.41799187E+01  0.43263258E+01  0.44880219E+01  0.46653003E+01
  0.48583648E+01  0.50678963E+01  0.52939393E+01  0.55376869E+01  0.57903862E+01
  0.60645332E+01  0.63584248E+01  0.66528164E+01  0.69879800E+01  0.74040836E+01
  0.76724183E+01  0.75510276E+01  0.68972394E+01  0.55798204E+01  0.38161548E+01
  0.21003536E+01  0.88200393E+00  0.27468494E+00  0.73649191E-01  0.35914563E-01
  0.33229646E-01  0.30959571E-01  0.28739732E-01  0.26745733E-01  0.25042505E-01
  0.23563720E-01  0.22224500E-01  0.20975289E-01  0.19799620E-01  0.18694293E-01
  0.17661801E-01  0.16706021E-01  0.15831125E-01  0.15038310E-01  0.14325080E-01
  0.13681816E-01  0.13097952E-01  0.12568752E-01  0.12088964E-01  0.11655127E-01
  0.11262491E-01  0.10904402E-01  0.10575850E-01  0.10272970E-01  0.99929051E-02
  0.97335447E-02  0.94932926E-02  0.92708889E-02  0.90652749E-02  0.88754426E-02
  0.87004024E-02  0.85391376E-02  0.83904645E-02  0.82531254E-02  0.81259229E-02
  0.80074981E-02  0.78962901E-02  0.77908095E-02  0.76896745E-02  0.75916028E-02
  0.74955136E-02  0.74005167E-02  0.73059283E-02  0.72111157E-02  0.71155531E-02
  0.70190057E-02  0.69213743E-02  0.68226250E-02  0.67227773E-02  0.66218959E-02
  0.65200729E-02  0.64173976E-02  0.63139392E-02  0.62097552E-02  0.61047953E-02
  0.59992465E-02  0.58912667E-02  0.57867621E-02  0.56493369E-02  0.55612915E-02
  0.27835827E+01  0.28458075E+01  0.29324671E+01  0.29841505E+01  0.30457516E+01
  0.31182998E+01  0.31962346E+01  0.32751213E+01  0.33529646E+01  0.34300116E+01
  0.35064577E+01  0.35834364E+01  0.36628700E+01  0.37472293E+01  0.38395400E+01
  0.39425067E+01  0.40583242E+01  0.41885733E+01  0.43344394E+01  0.44970086E+01
  0.46769455E+01  0.48744632E+01  0.50904974E+01  0.53248135E+01  0.55784385E+01
  0.58440109E+01  0.61370955E+01  0.64550030E+01  0.67981315E+01  0.72295304E+01
  0.76379304E+01  0.76764306E+01  0.70460790E+01  0.56467831E+01  0.37546754E+01
  0.19731052E+01  0.77699057E+00  0.22661024E+00  0.64744484E-01  0.37412705E-01
  0.34739572E-01  0.32391722E-01  0.30053538E-01  0.27968471E-01  0.26195025E-01
  0.24650818E-01  0.23251664E-01  0.21946590E-01  0.20716902E-01  0.19560242E-01
  0.18478914E-01  0.17477347E-01  0.16558706E-01  0.15725650E-01  0.14973293E-01
  0.14293832E-01  0.13683234E-01  0.13135932E-01  0.12647326E-01  0.12210412E-01
  0.11815808E-01  0.11456507E-01  0.11127523E-01  0.10825379E-01  0.10547633E-01
  0.10292532E-01  0.10058659E-01  0.98447151E-02  0.96494258E-02  0.94713341E-02
  0.93087429E-02  0.91599907E-02  0.90231916E-02  0.88961083E-02  0.87765722E-02
  0.86625243E-02  0.85521211E-02  0.84438347E-02  0.83364892E-02  0.82290122E-02
  0.81205388E-02  0.80106786E-02  0.78992680E-02  0.77862671E-02  0.76717447E-02
  0.75558638E-02  0.74388442E-02  0.73209337E-02  0.72023834E-02  0.70834541E-02
  0.69644096E-02  0.68454843E-02  0.67268697E-02  0.66086917E-02  0.64910784E-02
  0.63739377E-02  0.62575613E-02  0.61399014E-02  0.60272362E-02  0.58815899E-02
  0.57888286E-02  0.26209196E+01  0.27371575E+01  0.28938340E+01  0.29657017E+01
  0.30319696E+01  0.31045508E+01  0.31820224E+01  0.32622277E+01  0.33430130E+01
  0.34235933E+01  0.35049801E+01  0.35882210E+01  0.36741247E+01  0.37639242E+01
  0.38595208E+01  0.39636586E+01  0.40791676E+01  0.42086170E+01  0.43540586E+01
  0.45171372E+01  0.46989871E+01  0.49003289E+01  0.51225042E+01  0.53656338E+01
  0.56308494E+01  0.59157596E+01  0.62339369E+01  0.65950566E+01  0.70290740E+01
  0.75207237E+01  0.77642226E+01  0.72965717E+01  0.58706621E+01  0.38178316E+01
  0.19143320E+01  0.70278929E+00  0.18949716E+00  0.58058608E-01  0.39062293E-01
  0.36285802E-01  0.33835888E-01  0.31395716E-01  0.29229622E-01  0.27398634E-01
  0.25806765E-01  0.24354776E-01  0.22991810E-01  0.21703993E-01  0.20492676E-01
  0.19360894E-01  0.18312513E-01  0.17349710E-01  0.16473301E-01  0.15679256E-01
  0.14964120E-01  0.14326685E-01  0.13763521E-01  0.13267282E-01  0.12824672E-01
  0.12425791E-01  0.12063769E-01  0.11734057E-01  0.11433706E-01  0.11160627E-01
  0.10913083E-01  0.10689441E-01  0.10487684E-01  0.10305622E-01  0.10140868E-01
  0.99904353E-02  0.98511626E-02  0.97200118E-02  0.95941690E-02  0.94713223E-02
  0.93496064E-02  0.92273962E-02  0.91035863E-02  0.89776523E-02  0.88493739E-02
  0.87187476E-02  0.85859500E-02  0.84512753E-02  0.83150972E-02  0.81778192E-02
  0.80398794E-02  0.79017491E-02  0.77638564E-02  0.76265761E-02  0.74902398E-02
  0.73551428E-02  0.72215406E-02  0.70896174E-02  0.69594964E-02  0.68312123E-02
  0.67048326E-02  0.65801157E-02  0.64573343E-02  0.63342096E-02  0.62170909E-02
  0.60670962E-02  0.59718523E-02  0.25265335E+01  0.26471724E+01  0.28161590E+01
  0.29029097E+01  0.29823641E+01  0.30663090E+01  0.31527475E+01  0.32397340E+01
  0.33261029E+01  0.34115327E+01  0.34971793E+01  0.35848139E+01  0.36761157E+01
  0.37724737E+01  0.38749312E+01  0.39850902E+01  0.41051978E+01  0.42379047E+01
  0.43859035E+01  0.45516257E+01  0.47369527E+01  0.49434023E+01  0.51740214E+01
  0.54301050E+01  0.57126113E+01  0.60251728E+01  0.63848602E+01  0.68190999E+01
  0.73406058E+01  0.77672960E+01  0.75975236E+01  0.62867301E+01  0.40690168E+01
  0.19611933E+01  0.66909600E+00  0.16436584E+00  0.53488129E-01  0.40772417E-01
  0.37872930E-01  0.35301430E-01  0.32754765E-01  0.30511390E-01  0.28632561E-01
  0.27010595E-01  0.25526518E-01  0.24113531E-01  0.22763658E-01  0.21492192E-01
  0.20307691E-01  0.19211361E-01  0.18204555E-01  0.17282581E-01  0.16444217E-01
  0.15693587E-01  0.15032101E-01  0.14454508E-01  0.13946281E-01  0.13494168E-01
  0.13088523E-01  0.12722993E-01  0.12393579E-01  0.12097534E-01  0.11832645E-01
  0.11596383E-01  0.11385908E-01  0.11197919E-01  0.11028214E-01  0.10872356E-01
  0.10726016E-01  0.10585380E-01  0.10447402E-01  0.10309477E-01  0.10169688E-01
  0.10027062E-01  0.98811739E-02  0.97319491E-02  0.95795807E-02  0.94244578E-02
  0.92671378E-02  0.91082464E-02  0.89484535E-02  0.87884370E-02  0.86288290E-02
  0.84701969E-02  0.83130519E-02  0.81578464E-02  0.80049213E-02  0.78545465E-02
  0.77069450E-02  0.75622575E-02  0.74205532E-02  0.72818428E-02  0.71461095E-02
  0.70132481E-02  0.68831740E-02  0.67554725E-02  0.66303253E-02  0.65052781E-02
  0.63866263E-02  0.62349957E-02  0.61387517E-02  0.24627728E+01  0.25804249E+01
  0.27426450E+01  0.28243510E+01  0.29050353E+01  0.29971247E+01  0.30958444E+01
  0.31956688E+01  0.32937339E+01  0.33890922E+01  0.34825035E+01  0.35764219E+01
  0.36732039E+01  0.37751409E+01  0.38841701E+01  0.40016679E+01  0.41294109E+01
  0.42695367E+01  0.44246193E+01  0.45973796E+01  0.47903316E+01  0.50059865E+01
  0.52488721E+01  0.55229500E+01  0.58304104E+01  0.61845198E+01  0.66092688E+01
  0.71309032E+01  0.76490878E+01  0.77707106E+01  0.67978742E+01  0.45601509E+01
  0.21628213E+01  0.69461321E+00  0.15397764E+00  0.50668920E-01  0.42527124E-01
  0.39495656E-01  0.36775911E-01  0.34113769E-01  0.31798746E-01  0.29885363E-01
  0.28246834E-01  0.26748809E-01  0.25306139E-01  0.23899904E-01  0.22561489E-01
  0.21318907E-01  0.20173480E-01  0.19121268E-01  0.18155215E-01  0.17275279E-01
  0.16490552E-01  0.15803191E-01  0.15205141E-01  0.14679791E-01  0.14214457E-01
  0.13800369E-01  0.13431798E-01  0.13104881E-01  0.12816383E-01  0.12562670E-01
  0.12339539E-01  0.12141635E-01  0.11962747E-01  0.11796708E-01  0.11638140E-01
  0.11482614E-01  0.11326532E-01  0.11167594E-01  0.11004618E-01  0.10837118E-01
  0.10665129E-01  0.10489079E-01  0.10309673E-01  0.10127765E-01  0.99442587E-02
  0.97601344E-02  0.95763675E-02  0.93937760E-02  0.92130642E-02  0.90348554E-02
  0.88596729E-02  0.86879149E-02  0.85198483E-02  0.83556391E-02  0.81954042E-02
  0.80392160E-02  0.78870600E-02  0.77388299E-02  0.75943818E-02  0.74535759E-02
  0.73162671E-02  0.71822333E-02  0.70513021E-02  0.69230070E-02  0.67975191E-02
  0.66723053E-02  0.65535729E-02  0.64016614E-02  0.63051558E-02  0.24118411E+01
  0.25288902E+01  0.26863878E+01  0.27575714E+01  0.28273166E+01  0.29145736E+01
  0.30168961E+01  0.31267753E+01  0.32380015E+01  0.33473990E+01  0.34538698E+01
  0.35587084E+01  0.36645680E+01  0.37740822E+01  0.38900991E+01  0.40151070E+01
  0.41511193E+01  0.43004251E+01  0.44655528E+01  0.46492667E+01  0.48544483E+01
  0.50854581E+01  0.53477744E+01  0.56479641E+01  0.59918147E+01  0.64069237E+01
  0.69156604E+01  0.74670805E+01  0.77537630E+01  0.71736005E+01  0.51900558E+01
  0.25704371E+01  0.80822692E+00  0.16498608E+00  0.50737203E-01  0.44240422E-01
  0.41133417E-01  0.38243778E-01  0.35458099E-01  0.33079047E-01  0.31145410E-01
  0.29505120E-01  0.28005715E-01  0.26552088E-01  0.25109266E-01  0.23705928E-01
  0.22396040E-01  0.21197931E-01  0.20097833E-01  0.19087894E-01  0.18171012E-01
  0.17354927E-01  0.16640396E-01  0.16014874E-01  0.15465721E-01  0.14982838E-01
  0.14558760E-01  0.14188051E-01  0.13865774E-01  0.13586707E-01  0.13344545E-01
  0.13131140E-01  0.12937897E-01  0.12756822E-01  0.12581084E-01  0.12405419E-01
  0.12226442E-01  0.12042383E-01  0.11852503E-01  0.11656783E-01  0.11455799E-01
  0.11250598E-01  0.11042433E-01  0.10832636E-01  0.10622552E-01  0.10413389E-01
  0.10206235E-01  0.10002037E-01  0.98015177E-02  0.96051801E-02  0.94134206E-02
  0.92265417E-02  0.90447099E-02  0.88679312E-02  0.86961219E-02  0.85292020E-02
  0.83670832E-02  0.82096402E-02  0.80566978E-02  0.79080707E-02  0.77635871E-02
  0.76230573E-02  0.74862729E-02  0.73529618E-02  0.72229285E-02  0.70956991E-02
  0.69714153E-02  0.68474980E-02  0.67300190E-02  0.65792865E-02  0.64833735E-02
  0.23683339E+01  0.24856887E+01  0.26427769E+01  0.27081449E+01  0.27658356E+01
  0.28402611E+01  0.29343555E+01  0.30437091E+01  0.31616994E+01  0.32829712E+01
  0.34039955E+01  0.35235655E+01  0.36429721E+01  0.37644945E+01  0.38909424E+01
  0.40257536E+01  0.41719020E+01  0.43320713E+01  0.45092849E+01  0.47069143E+01
  0.49285193E+01  0.51803967E+01  0.54713641E+01  0.58082229E+01  0.62012860E+01
  0.67016931E+01  0.72647957E+01  0.76258921E+01  0.73088921E+01  0.57034663E+01
  0.31076347E+01  0.10317805E+01  0.20458317E+00  0.54011995E-01  0.46212818E-01
  0.42813670E-01  0.39701311E-01  0.36776948E-01  0.34341684E-01  0.32401101E-01
  0.30773745E-01  0.29286813E-01  0.27835299E-01  0.26375856E-01  0.24924279E-01
  0.23544233E-01  0.22284013E-01  0.21135270E-01  0.20085377E-01  0.19135877E-01
  0.18287926E-01  0.17539139E-01  0.16878542E-01  0.16299213E-01  0.15795014E-01
  0.15359974E-01  0.14987665E-01  0.14670729E-01  0.14399950E-01  0.14163707E-01
  0.13950282E-01  0.13749149E-01  0.13551738E-01  0.13352081E-01  0.13146836E-01
  0.12934568E-01  0.12714964E-01  0.12488603E-01  0.12256743E-01  0.12021018E-01
  0.11783292E-01  0.11545474E-01  0.11309162E-01  0.11075684E-01  0.10846171E-01
  0.10621533E-01  0.10402468E-01  0.10189318E-01  0.99821862E-02  0.97811489E-02
  0.95862226E-02  0.93973433E-02  0.92143590E-02  0.90370921E-02  0.88653785E-02
  0.86990437E-02  0.85378774E-02  0.83816507E-02  0.82301448E-02  0.80831634E-02
  0.79405213E-02  0.78019870E-02  0.76673202E-02  0.75362255E-02  0.74084677E-02
  0.72835233E-02  0.71614595E-02  0.70396837E-02  0.69241332E-02  0.67752193E-02
  0.66802568E-02  0.23310683E+01  0.24475172E+01  0.26058043E+01  0.26711083E+01
  0.27218243E+01  0.27847740E+01  0.28656936E+01  0.29646995E+01  0.30785974E+01
  0.32028701E+01  0.33332607E+01  0.34663772E+01  0.36009660E+01  0.37380693E+01
  0.38795510E+01  0.40281713E+01  0.41880175E+01  0.43627271E+01  0.45557195E+01
  0.47712323E+01  0.50157633E+01  0.52962401E+01  0.56206100E+01  0.59977742E+01
  0.64633262E+01  0.70449280E+01  0.74683871E+01  0.72724643E+01  0.59461408E+01
  0.35247454E+01  0.13009423E+01  0.27354200E+00  0.62417387E-01  0.48525886E-01
  0.44670826E-01  0.41216580E-01  0.38091532E-01  0.35584069E-01  0.33641125E-01
  0.32039593E-01  0.30580533E-01  0.29145108E-01  0.27683598E-01  0.26203009E-01
  0.24763822E-01  0.23434854E-01  0.22230385E-01  0.21139633E-01  0.20162240E-01
  0.19286162E-01  0.18498018E-01  0.17795097E-01  0.17179021E-01  0.16649238E-01
  0.16200817E-01  0.15825341E-01  0.15510741E-01  0.15241066E-01  0.15000203E-01
  0.14773812E-01  0.14550787E-01  0.14324193E-01  0.14090206E-01  0.13847462E-01
  0.13596140E-01  0.13337508E-01  0.13073543E-01  0.12806570E-01  0.12539092E-01
  0.12273403E-01  0.12011370E-01  0.11754424E-01  0.11503557E-01  0.11259458E-01
  0.11022544E-01  0.10793044E-01  0.10570966E-01  0.10356184E-01  0.10148569E-01
  0.99479609E-02  0.97541279E-02  0.95667829E-02  0.93856457E-02  0.92104932E-02
  0.90411244E-02  0.88772859E-02  0.87187103E-02  0.85651392E-02  0.84163126E-02
  0.82719653E-02  0.81318458E-02  0.79956970E-02  0.78632696E-02  0.77342706E-02
  0.76084727E-02  0.74853726E-02  0.73650499E-02  0.72449516E-02  0.71309504E-02
  0.69836104E-02  0.68895066E-02  0.22994383E+01  0.24136094E+01  0.25725172E+01
  0.26412701E+01  0.26907979E+01  0.27479049E+01  0.28186431E+01  0.29050311E+01
  0.30074377E+01  0.31247796E+01  0.32547657E+01  0.33940216E+01  0.35396555E+01
  0.36907752E+01  0.38481299E+01  0.40134940E+01  0.41898694E+01  0.43817735E+01
  0.45938596E+01  0.48324350E+01  0.51035256E+01  0.54135752E+01  0.57743048E+01
  0.62187844E+01  0.67873522E+01  0.72398391E+01  0.70964185E+01  0.59119397E+01
  0.36813094E+01  0.14788482E+01  0.34889171E+00  0.76261413E-01  0.51644227E-01
  0.46904387E-01  0.42883102E-01  0.39435907E-01  0.36807490E-01  0.34855176E-01
  0.33289513E-01  0.31874210E-01  0.30470966E-01  0.29021432E-01  0.27526515E-01
  0.26044573E-01  0.24652306E-01  0.23384091E-01  0.22247747E-01  0.21242224E-01
  0.20338427E-01  0.19510883E-01  0.18761888E-01  0.18103430E-01  0.17542322E-01
  0.17075823E-01  0.16692082E-01  0.16371601E-01  0.16092420E-01  0.15834240E-01
  0.15581684E-01  0.15325620E-01  0.15061035E-01  0.14786205E-01  0.14501690E-01
  0.14209656E-01  0.13912819E-01  0.13614216E-01  0.13316924E-01  0.13023488E-01
  0.12735969E-01  0.12455841E-01  0.12183933E-01  0.11920675E-01  0.11666267E-01
  0.11420720E-01  0.11183891E-01  0.10955516E-01  0.10735240E-01  0.10522762E-01
  0.10317833E-01  0.10120127E-01  0.99293064E-02  0.97450370E-02  0.95669969E-02
  0.93948754E-02  0.92283660E-02  0.90671773E-02  0.89110365E-02  0.87596898E-02
  0.86128885E-02  0.84703871E-02  0.83319616E-02  0.81973852E-02  0.80664412E-02
  0.79388690E-02  0.78144712E-02  0.76927721E-02  0.75738814E-02  0.74552801E-02
  0.73427730E-02  0.71971993E-02  0.71041366E-02  0.22718305E+01  0.23843505E+01
  0.25432667E+01  0.26160029E+01  0.26688954E+01  0.27258259E+01  0.27918735E+01
  0.28690246E+01  0.29586734E+01  0.30622368E+01  0.31810229E+01  0.33155673E+01
  0.34637678E+01  0.36230283E+01  0.37926705E+01  0.39734977E+01  0.41671513E+01
  0.43771543E+01  0.46096599E+01  0.48714147E+01  0.51698784E+01  0.55247228E+01
  0.59619924E+01  0.65278103E+01  0.69823633E+01  0.67850222E+01  0.55961980E+01
  0.35276610E+01  0.14837278E+01  0.38379056E+00  0.90005722E-01  0.56246057E-01
  0.49905965E-01  0.44924277E-01  0.40921236E-01  0.38052249E-01  0.36049622E-01
  0.34518009E-01  0.33156435E-01  0.31800069E-01  0.30377481E-01  0.28882030E-01
  0.27371393E-01  0.25929800E-01  0.24600033E-01  0.23408856E-01  0.22370646E-01
  0.21441369E-01  0.20577095E-01  0.19779933E-01  0.19072450E-01  0.18471886E-01
  0.17978821E-01  0.17576986E-01  0.17239900E-01  0.16938907E-01  0.16651064E-01
  0.16362400E-01  0.16065426E-01  0.15757366E-01  0.15438710E-01  0.15112155E-01
  0.14781473E-01  0.14450629E-01  0.14123085E-01  0.13801735E-01  0.13488742E-01
  0.13185393E-01  0.12892341E-01  0.12609768E-01  0.12337579E-01  0.12075577E-01
  0.11823455E-01  0.11580812E-01  0.11347218E-01  0.11122242E-01  0.10905468E-01
  0.10696482E-01  0.10494883E-01  0.10300288E-01  0.10112337E-01  0.99306908E-02
  0.97550322E-02  0.95850657E-02  0.94205111E-02  0.92611107E-02  0.91066265E-02
  0.89568343E-02  0.88115096E-02  0.86704287E-02  0.85333862E-02  0.84001694E-02
  0.82705741E-02  0.81443516E-02  0.80213189E-02  0.79010153E-02  0.77835801E-02
  0.76665338E-02  0.75556222E-02  0.74121218E-02  0.73203432E-02  0.22489794E+01
  0.23579630E+01  0.25174234E+01  0.25971303E+01  0.26552802E+01  0.27162572E+01
  0.27841581E+01  0.28594472E+01  0.29428490E+01  0.30368021E+01  0.31440561E+01
  0.32668674E+01  0.34060640E+01  0.35612440E+01  0.37321684E+01  0.39193436E+01
  0.41244256E+01  0.43505390E+01  0.46048611E+01  0.49018093E+01  0.52843291E+01
  0.57436655E+01  0.62767662E+01  0.66669944E+01  0.63313435E+01  0.50168934E+01
  0.30750368E+01  0.13003434E+01  0.35578104E+00  0.96942089E-01  0.62003224E-01
  0.54054640E-01  0.47645292E-01  0.42744571E-01  0.39415990E-01  0.37249831E-01
  0.35717842E-01  0.34412955E-01  0.33116554E-01  0.31737526E-01  0.30257052E-01
  0.28730479E-01  0.27252712E-01  0.25874781E-01  0.24626439E-01  0.23542909E-01
  0.22585543E-01  0.21688842E-01  0.20845244E-01  0.20083895E-01  0.19434329E-01
  0.18903024E-01  0.18470907E-01  0.18104650E-01  0.17770277E-01  0.17443423E-01
  0.17111205E-01  0.16768299E-01  0.16414443E-01  0.16052505E-01  0.15687057E-01
  0.15323000E-01  0.14964393E-01  0.14614292E-01  0.14274842E-01  0.13947279E-01
  0.13632030E-01  0.13329052E-01  0.13038033E-01  0.12758502E-01  0.12489936E-01
  0.12231805E-01  0.11983563E-01  0.11744678E-01  0.11514640E-01  0.11292974E-01
  0.11079236E-01  0.10873011E-01  0.10673926E-01  0.10481634E-01  0.10295807E-01
  0.10116134E-01  0.99423251E-02  0.97741068E-02  0.96112147E-02  0.94534017E-02
  0.93004315E-02  0.91520817E-02  0.90081300E-02  0.88683596E-02  0.87325726E-02
  0.86005630E-02  0.84721378E-02  0.83470624E-02  0.82251746E-02  0.81060358E-02
  0.79898324E-02  0.78741406E-02  0.77646804E-02  0.76233017E-02  0.75329059E-02
  0.22279249E+01  0.23361367E+01  0.24985923E+01  0.25840574E+01  0.26466665E+01
  0.27137958E+01  0.27887909E+01  0.28704492E+01  0.29586092E+01  0.30530979E+01
  0.31559662E+01  0.32710580E+01  0.34016784E+01  0.35505610E+01  0.37193404E+01
  0.39099734E+01  0.41271728E+01  0.43834134E+01  0.47143819E+01  0.51337175E+01
  0.56446879E+01  0.60959732E+01  0.62172630E+01  0.56129465E+01  0.41513864E+01
  0.23786284E+01  0.97200972E+00  0.27478639E+00  0.94833521E-01  0.68464566E-01
  0.59228788E-01  0.51375476E-01  0.45197673E-01  0.41085220E-01  0.38540925E-01
  0.36905238E-01  0.35632356E-01  0.34405397E-01  0.33085891E-01  0.31636577E-01
  0.30109044E-01  0.28606871E-01  0.27194258E-01  0.25900097E-01  0.24762338E-01
  0.23763845E-01  0.22837225E-01  0.21953127E-01  0.21136693E-01  0.20428498E-01
  0.19845115E-01  0.19368540E-01  0.18960528E-01  0.18582645E-01  0.18209336E-01
  0.17828759E-01  0.17438137E-01  0.17039428E-01  0.16637562E-01  0.16238335E-01
  0.15846565E-01  0.15465821E-01  0.15098193E-01  0.14744654E-01  0.14405410E-01
  0.14080181E-01  0.13768428E-01  0.13469500E-01  0.13182703E-01  0.12907350E-01
  0.12642780E-01  0.12388380E-01  0.12143574E-01  0.11907840E-01  0.11680690E-01
  0.11461684E-01  0.11250413E-01  0.11046483E-01  0.10849536E-01  0.10659237E-01
  0.10475267E-01  0.10297326E-01  0.10125133E-01  0.99584180E-02  0.97969216E-02
  0.96404009E-02  0.94886260E-02  0.93413818E-02  0.91984540E-02  0.90596372E-02
  0.89247429E-02  0.87935761E-02  0.86659602E-02  0.85416797E-02  0.84205977E-02
  0.83022996E-02  0.81870281E-02  0.80724222E-02  0.79642013E-02  0.78249123E-02
  0.77359518E-02  0.22056474E+01  0.23170084E+01  0.24853396E+01  0.25753787E+01
  0.26424577E+01  0.27160648E+01  0.28000173E+01  0.28924145E+01  0.29933072E+01
  0.30997431E+01  0.32097960E+01  0.33292710E+01  0.34644429E+01  0.36202652E+01
  0.38011340E+01  0.40211649E+01  0.43147000E+01  0.46981690E+01  0.51621834E+01
  0.56243445E+01  0.58546119E+01  0.55423266E+01  0.45291682E+01  0.30326888E+01
  0.15712368E+01  0.60353199E+00  0.19300973E+00  0.91955566E-01  0.74773578E-01
  0.64752522E-01  0.55990170E-01  0.48657808E-01  0.43413031E-01  0.40112527E-01
  0.38146883E-01  0.36821187E-01  0.35649100E-01  0.34400042E-01  0.32999995E-01
  0.31489106E-01  0.29978005E-01  0.28543126E-01  0.27217417E-01  0.26032477E-01
  0.24980160E-01  0.24014262E-01  0.23095690E-01  0.22227883E-01  0.21453918E-01
  0.20804423E-01  0.20268453E-01  0.19806343E-01  0.19376565E-01  0.18951512E-01
  0.18520235E-01  0.18082092E-01  0.17641355E-01  0.17204204E-01  0.16776253E-01
  0.16361688E-01  0.15962789E-01  0.15580423E-01  0.15214559E-01  0.14864652E-01
  0.14529895E-01  0.14209404E-01  0.13902310E-01  0.13607785E-01  0.13325061E-01
  0.13053431E-01  0.12792246E-01  0.12540923E-01  0.12298925E-01  0.12065762E-01
  0.11840975E-01  0.11624142E-01  0.11414870E-01  0.11212781E-01  0.11017529E-01
  0.10828788E-01  0.10646248E-01  0.10469617E-01  0.10298618E-01  0.10132988E-01
  0.99724728E-02  0.98168371E-02  0.96658593E-02  0.95193322E-02  0.93770499E-02
  0.92388182E-02  0.91044589E-02  0.89737896E-02  0.88466485E-02  0.87228378E-02
  0.86022452E-02  0.84844779E-02  0.83698356E-02  0.82560223E-02  0.81487789E-02
  0.80114466E-02  0.79239059E-02  0.21857274E+01  0.22965563E+01  0.24692371E+01
  0.25684723E+01  0.26441013E+01  0.27271582E+01  0.28232921E+01  0.29315022E+01
  0.30490978E+01  0.31834084E+01  0.33272243E+01  0.34734771E+01  0.36367556E+01
  0.38387297E+01  0.41127199E+01  0.44595201E+01  0.48916982E+01  0.53081163E+01
  0.54897428E+01  0.52318465E+01  0.44125769E+01  0.31614865E+01  0.18443972E+01
  0.84117798E+00  0.31349658E+00  0.13485657E+00  0.91792435E-01  0.80153128E-01
  0.69973140E-01  0.60743193E-01  0.52950374E-01  0.46723846E-01  0.42295474E-01
  0.39608598E-01  0.38026331E-01  0.36847192E-01  0.35660373E-01  0.34320435E-01
  0.32846578E-01  0.31347153E-01  0.29906611E-01  0.28562066E-01  0.27342716E-01
  0.26239565E-01  0.25221466E-01  0.24263764E-01  0.23351075E-01  0.22510417E-01
  0.21783461E-01  0.21173825E-01  0.20646112E-01  0.20156635E-01  0.19675816E-01
  0.19192827E-01  0.18708833E-01  0.18229478E-01  0.17761014E-01  0.17308370E-01
  0.16874179E-01  0.16459298E-01  0.16063461E-01  0.15685794E-01  0.15325174E-01
  0.14980450E-01  0.14650536E-01  0.14334450E-01  0.14031315E-01  0.13740334E-01
  0.13460787E-01  0.13192017E-01  0.12933424E-01  0.12684459E-01  0.12444619E-01
  0.12213432E-01  0.11990456E-01  0.11775279E-01  0.11567522E-01  0.11366816E-01
  0.11172821E-01  0.10985213E-01  0.10803687E-01  0.10627955E-01  0.10457745E-01
  0.10292799E-01  0.10132872E-01  0.99777350E-02  0.98271756E-02  0.96809948E-02
  0.95389979E-02  0.94010016E-02  0.92668388E-02  0.91363388E-02  0.90093517E-02
  0.88856951E-02  0.87652792E-02  0.86477292E-02  0.85333979E-02  0.84200517E-02
  0.83134679E-02  0.81778320E-02  0.80916041E-02  0.21696724E+01  0.22781165E+01
  0.24512280E+01  0.25589169E+01  0.26473604E+01  0.27469859E+01  0.28643958E+01
  0.29996621E+01  0.31489754E+01  0.33181085E+01  0.35214655E+01  0.37661428E+01
  0.40566640E+01  0.44040254E+01  0.48056696E+01  0.50941440E+01  0.51074928E+01
  0.47376526E+01  0.39477985E+01  0.28820632E+01  0.17710551E+01  0.87974491E+00
  0.36733754E+00  0.17163611E+00  0.11373209E+00  0.95789434E-01  0.84954596E-01
  0.74791482E-01  0.65296279E-01  0.57449354E-01  0.50891691E-01  0.45457619E-01
  0.41621987E-01  0.39386376E-01  0.38025812E-01  0.36858531E-01  0.35578349E-01
  0.34159075E-01  0.32693090E-01  0.31266577E-01  0.29918425E-01  0.28675059E-01
  0.27531249E-01  0.26461220E-01  0.25454727E-01  0.24498696E-01  0.23596783E-01
  0.22787162E-01  0.22091813E-01  0.21486944E-01  0.20929918E-01  0.20389644E-01
  0.19854738E-01  0.19326831E-01  0.18811890E-01  0.18315472E-01  0.17840680E-01
  0.17388394E-01  0.16958087E-01  0.16548535E-01  0.16158274E-01  0.15785846E-01
  0.15429918E-01  0.15089331E-01  0.14763067E-01  0.14450223E-01  0.14149987E-01
  0.13861616E-01  0.13584435E-01  0.13317820E-01  0.13061192E-01  0.12814020E-01
  0.12575812E-01  0.12346107E-01  0.12124470E-01  0.11910496E-01  0.11703808E-01
  0.11504045E-01  0.11310866E-01  0.11123954E-01  0.10943008E-01  0.10767747E-01
  0.10597907E-01  0.10433241E-01  0.10273513E-01  0.10118503E-01  0.99680092E-02
  0.98218411E-02  0.96798142E-02  0.95417534E-02  0.94075004E-02  0.92768926E-02
  0.91497885E-02  0.90260153E-02  0.89055005E-02  0.87878841E-02  0.86735635E-02
  0.85603616E-02  0.84540966E-02  0.83197888E-02  0.82346795E-02  0.21565088E+01
  0.22628269E+01  0.24385901E+01  0.25568146E+01  0.26601068E+01  0.27829382E+01
  0.29352714E+01  0.31185304E+01  0.33345295E+01  0.35965093E+01  0.39058705E+01
  0.42585159E+01  0.45277391E+01  0.45843699E+01  0.44082288E+01  0.39288784E+01
  0.31666389E+01  0.22636273E+01  0.13827742E+01  0.70888793E+00  0.33582457E+00
  0.18520716E+00  0.13311920E+00  0.11249743E+00  0.99687089E-01  0.88898579E-01
  0.78942266E-01  0.69846188E-01  0.61974520E-01  0.55346701E-01  0.49524783E-01
  0.44625603E-01  0.41251668E-01  0.39312379E-01  0.38008979E-01  0.36755338E-01
  0.35400402E-01  0.33991312E-01  0.32601599E-01  0.31267795E-01  0.30012509E-01
  0.28836386E-01  0.27722715E-01  0.26666507E-01  0.25663879E-01  0.24708511E-01
  0.23820009E-01  0.23031522E-01  0.22338704E-01  0.21705983E-01  0.21102224E-01
  0.20514921E-01  0.19944814E-01  0.19396657E-01  0.18873920E-01  0.18377582E-01
  0.17906831E-01  0.17460005E-01  0.17035219E-01  0.16630669E-01  0.16244747E-01
  0.15876054E-01  0.15523382E-01  0.15185682E-01  0.14862014E-01  0.14551521E-01
  0.14253416E-01  0.13966973E-01  0.13691532E-01  0.13426483E-01  0.13171262E-01
  0.12925347E-01  0.12688251E-01  0.12459522E-01  0.12238731E-01  0.12025478E-01
  0.11819387E-01  0.11620105E-01  0.11427298E-01  0.11240655E-01  0.11059885E-01
  0.10884714E-01  0.10714891E-01  0.10550176E-01  0.10390343E-01  0.10235181E-01
  0.10084495E-01  0.99381003E-02  0.97958182E-02  0.96574792E-02  0.95229284E-02
  0.93920074E-02  0.92645807E-02  0.91404809E-02  0.90196483E-02  0.89017347E-02
  0.87871700E-02  0.86738236E-02  0.85675502E-02  0.84341296E-02  0.83498726E-02
  0.21428662E+01  0.22496915E+01  0.24335051E+01  0.25745007E+01  0.27130528E+01
  0.28816919E+01  0.30831535E+01  0.33280045E+01  0.35360115E+01  0.36502896E+01
  0.36591979E+01  0.35398561E+01  0.32353511E+01  0.27270033E+01  0.21006047E+01
  0.14351202E+01  0.85236095E+00  0.46220869E+00  0.26945847E+00  0.18757090E+00
  0.15161256E+00  0.13124807E+00  0.11627248E+00  0.10380485E+00  0.92678169E-01
  0.82892691E-01  0.74353159E-01  0.66700861E-01  0.59906311E-01  0.53938311E-01
  0.48587809E-01  0.44102631E-01  0.41051364E-01  0.39228233E-01  0.37875444E-01
  0.36561392E-01  0.35223876E-01  0.33891848E-01  0.32589577E-01  0.31335464E-01
  0.30136562E-01  0.28987324E-01  0.27887564E-01  0.26838007E-01  0.25834891E-01
  0.24880345E-01  0.24000558E-01  0.23212297E-01  0.22496021E-01  0.21824297E-01
  0.21183498E-01  0.20571704E-01  0.19990700E-01  0.19441160E-01  0.18921884E-01
  0.18430649E-01  0.17965014E-01  0.17522710E-01  0.17101751E-01  0.16700428E-01
  0.16317275E-01  0.15951021E-01  0.15600542E-01  0.15264829E-01  0.14942956E-01
  0.14634071E-01  0.14337397E-01  0.14052224E-01  0.13777901E-01  0.13513829E-01
  0.13259453E-01  0.13014260E-01  0.12777769E-01  0.12549533E-01  0.12329126E-01
  0.12116156E-01  0.11910252E-01  0.11711069E-01  0.11518282E-01  0.11331590E-01
  0.11150708E-01  0.10975371E-01  0.10805336E-01  0.10640369E-01  0.10480251E-01
  0.10324777E-01  0.10173753E-01  0.10026997E-01  0.98843320E-02  0.97455931E-02
  0.96106247E-02  0.94792713E-02  0.93514018E-02  0.92268526E-02  0.91055722E-02
  0.89872202E-02  0.88722471E-02  0.87585558E-02  0.86520224E-02  0.85190506E-02
  0.84353499E-02  0.21393731E+01  0.22566275E+01  0.24097060E+01  0.24580564E+01
  0.24735576E+01  0.24798948E+01  0.24789049E+01  0.24783620E+01  0.24061116E+01
  0.22127995E+01  0.19207779E+01  0.15298518E+01  0.10982241E+01  0.72183281E+00
  0.46716572E+00  0.32418510E+00  0.24810541E+00  0.20455090E+00  0.17573400E+00
  0.15407905E+00  0.13656292E+00  0.12164682E+00  0.10862647E+00  0.97307039E-01
  0.87534108E-01  0.79134503E-01  0.71665072E-01  0.64781701E-01  0.58554656E-01
  0.52994651E-01  0.47980450E-01  0.43781149E-01  0.40893477E-01  0.39073046E-01
  0.37685267E-01  0.36397246E-01  0.35127057E-01  0.33866852E-01  0.32625516E-01
  0.31413872E-01  0.30237205E-01  0.29100931E-01  0.28008066E-01  0.26960161E-01
  0.25955180E-01  0.25000354E-01  0.24117551E-01  0.23311991E-01  0.22567797E-01
  0.21871118E-01  0.21216018E-01  0.20600135E-01  0.20021054E-01  0.19475651E-01
  0.18960658E-01  0.18473124E-01  0.18010527E-01  0.17570725E-01  0.17151877E-01
  0.16752392E-01  0.16370878E-01  0.16006104E-01  0.15656960E-01  0.15322432E-01
  0.15001599E-01  0.14693620E-01  0.14397730E-01  0.14113228E-01  0.13839471E-01
  0.13575865E-01  0.13321864E-01  0.13076955E-01  0.12840665E-01  0.12612548E-01
  0.12392188E-01  0.12179198E-01  0.11973218E-01  0.11773906E-01  0.11580949E-01
  0.11394049E-01  0.11212927E-01  0.11037325E-01  0.10867001E-01  0.10701722E-01
  0.10541276E-01  0.10385456E-01  0.10234070E-01  0.10086934E-01  0.99438743E-02
  0.98047266E-02  0.96693355E-02  0.95375484E-02  0.94092366E-02  0.92842381E-02
  0.91625057E-02  0.90437034E-02  0.89282908E-02  0.88141935E-02  0.87072893E-02
  0.85744292E-02  0.84910202E-02  0.21164116E+01  0.21762508E+01  0.21988333E+01
  0.20749035E+01  0.18769743E+01  0.16489700E+01  0.14156399E+01  0.11813150E+01
  0.95488320E+00  0.75636748E+00  0.59868582E+00  0.48096182E+00  0.39511038E+00
  0.33187713E+00  0.28316017E+00  0.24426673E+00  0.21244006E+00  0.18617160E+00
  0.16432329E+00  0.14579844E+00  0.12985192E+00  0.11605144E+00  0.10415436E+00
  0.93911232E-01  0.85040320E-01  0.77295219E-01  0.70247018E-01  0.63699929E-01
  0.57769962E-01  0.52444294E-01  0.47630045E-01  0.43581356E-01  0.40751046E-01
  0.38933340E-01  0.37564735E-01  0.36319156E-01  0.35093966E-01  0.33870752E-01
  0.32654780E-01  0.31458002E-01  0.30290740E-01  0.29159900E-01  0.28069353E-01
  0.27021255E-01  0.26015101E-01  0.25057823E-01  0.24166407E-01  0.23346226E-01
  0.22589134E-01  0.21886199E-01  0.21230581E-01  0.20616983E-01  0.20040726E-01
  0.19497750E-01  0.18984657E-01  0.18498620E-01  0.18037252E-01  0.17598501E-01
  0.17180584E-01  0.16781936E-01  0.16401175E-01  0.16037067E-01  0.15688499E-01
  0.15354465E-01  0.15034048E-01  0.14726419E-01  0.14430819E-01  0.14146549E-01
  0.13872971E-01  0.13609492E-01  0.13355566E-01  0.13110686E-01  0.12874381E-01
  0.12646209E-01  0.12425761E-01  0.12212656E-01  0.12006535E-01  0.11807064E-01
  0.11613931E-01  0.11426842E-01  0.11245520E-01  0.11069709E-01  0.10899164E-01
  0.10733656E-01  0.10572970E-01  0.10416901E-01  0.10265255E-01  0.10117850E-01
  0.99745137E-02  0.98350809E-02  0.96993980E-02  0.95673137E-02  0.94386998E-02
  0.93133945E-02  0.91913514E-02  0.90722365E-02  0.89565116E-02  0.88421152E-02
  0.87349152E-02  0.86020118E-02  0.85187117E-02  0.20893949E+01  0.20827707E+01
  0.20104274E+01  0.18225079E+01  0.15616001E+01  0.12944729E+01  0.10592658E+01
  0.86732430E+00  0.71524563E+00  0.59559548E+00  0.50084459E+00  0.42519632E+00
  0.36411110E+00  0.31387367E+00  0.27196869E+00  0.23673701E+00  0.20710068E+00
  0.18217282E+00  0.16112940E+00  0.14321387E+00  0.12780445E+00  0.11447475E+00
  0.10295374E+00  0.92994254E-01  0.84336179E-01  0.76745703E-01  0.69813728E-01
  0.63367921E-01  0.57520979E-01  0.52263204E-01  0.47511678E-01  0.43505651E-01
  0.40690537E-01  0.38881867E-01  0.37529020E-01  0.36300109E-01  0.35087223E-01
  0.33872041E-01  0.32661525E-01  0.31468335E-01  0.30303281E-01  0.29173625E-01
  0.28083546E-01  0.27035357E-01  0.26028875E-01  0.25069944E-01  0.24174960E-01
  0.23351491E-01  0.22592911E-01  0.21890140E-01  0.21235488E-01  0.20622829E-01
  0.20047254E-01  0.19504761E-01  0.18992042E-01  0.18506316E-01  0.18045219E-01
  0.17606712E-01  0.17189017E-01  0.16790569E-01  0.16409982E-01  0.16046019E-01
  0.15697570E-01  0.15363632E-01  0.15043296E-01  0.14735731E-01  0.14440178E-01
  0.14155941E-01  0.13882380E-01  0.13618905E-01  0.13364970E-01  0.13120068E-01
  0.12883729E-01  0.12655515E-01  0.12435018E-01  0.12221857E-01  0.12015677E-01
  0.11816144E-01  0.11622945E-01  0.11435787E-01  0.11254396E-01  0.11078511E-01
  0.10907891E-01  0.10742305E-01  0.10581537E-01  0.10425383E-01  0.10273649E-01
  0.10126154E-01  0.99827255E-02  0.98431985E-02  0.97074200E-02  0.95752391E-02
  0.94465273E-02  0.93211226E-02  0.91989784E-02  0.90797608E-02  0.89639322E-02
  0.88494349E-02  0.87421310E-02  0.86091932E-02  0.85259140E-02
