  0.32149960E+04  0.32152653E+04  0.32159246E+04  0.32165101E+04  0.32168195E+04
  0.32170094E+04  0.32171316E+04  0.32171999E+04  0.32172225E+04  0.32172045E+04
  0.32171448E+04  0.32170371E+04  0.32168718E+04  0.32166340E+04  0.32163026E+04
  0.32158485E+04  0.32152322E+04  0.32143993E+04  0.32132750E+04  0.32117602E+04
  0.32097231E+04  0.32069816E+04  0.32032900E+04  0.31983280E+04  0.31916978E+04
  0.31829382E+04  0.31715112E+04  0.31568719E+04  0.31386130E+04  0.31166905E+04
  0.30917570E+04  0.30646928E+04  0.30371681E+04  0.30104303E+04  0.29846861E+04
  0.29603971E+04  0.29376769E+04  0.29162433E+04  0.28956401E+04  0.28754965E+04
  0.28555800E+04  0.28358056E+04  0.28162246E+04  0.27969447E+04  0.27780937E+04
  0.27598377E+04  0.27422868E+04  0.27253796E+04  0.27090396E+04  0.26932657E+04
  0.26780568E+04  0.26633974E+04  0.26492750E+04  0.26356770E+04  0.26225866E+04
  0.26099920E+04  0.25978769E+04  0.25862125E+04  0.25749657E+04  0.25641108E+04
  0.25536319E+04  0.25435138E+04  0.25337428E+04  0.25243261E+04  0.25153078E+04
  0.25067548E+04  0.24987250E+04  0.24912001E+04  0.24840790E+04  0.24776364E+04
  0.24722492E+04  0.24679680E+04  0.24647577E+04  0.24624590E+04  0.24610347E+04
  0.24605501E+04  0.24609536E+04  0.24621519E+04  0.24639329E+04  0.24659294E+04
  0.24677213E+04  0.24689783E+04  0.24696118E+04  0.24696900E+04  0.24693038E+04
  0.24685544E+04  0.24675641E+04  0.24664346E+04  0.24651975E+04  0.24638623E+04
  0.24624345E+04  0.24609221E+04  0.24593352E+04  0.24576823E+04  0.24559765E+04
  0.24542296E+04  0.24524731E+04  0.24506669E+04  0.24489214E+04  0.24465677E+04
  0.24450268E+04  0.32149972E+04  0.32152664E+04  0.32159268E+04  0.32165139E+04
  0.32168240E+04  0.32170138E+04  0.32171360E+04  0.32172047E+04  0.32172275E+04
  0.32172093E+04  0.32171491E+04  0.32170410E+04  0.32168752E+04  0.32166370E+04
  0.32163052E+04  0.32158508E+04  0.32152343E+04  0.32144014E+04  0.32132774E+04
  0.32117631E+04  0.32097260E+04  0.32069845E+04  0.32032938E+04  0.31983340E+04
  0.31917078E+04  0.31829550E+04  0.31715395E+04  0.31569165E+04  0.31386789E+04
  0.31167818E+04  0.30918751E+04  0.30648331E+04  0.30373220E+04  0.30105949E+04
  0.29848604E+04  0.29605757E+04  0.29378546E+04  0.29164155E+04  0.28958032E+04
  0.28756482E+04  0.28557197E+04  0.28359334E+04  0.28163397E+04  0.27970464E+04
  0.27781817E+04  0.27599104E+04  0.27423423E+04  0.27254182E+04  0.27090632E+04
  0.26932755E+04  0.26780535E+04  0.26633818E+04  0.26492482E+04  0.26356398E+04
  0.26225400E+04  0.26099372E+04  0.25978145E+04  0.25861431E+04  0.25748905E+04
  0.25640314E+04  0.25535495E+04  0.25434299E+04  0.25336605E+04  0.25242504E+04
  0.25152445E+04  0.25067078E+04  0.24986932E+04  0.24911822E+04  0.24841025E+04
  0.24777272E+04  0.24723989E+04  0.24681677E+04  0.24649948E+04  0.24627379E+04
  0.24613623E+04  0.24609064E+04  0.24613164E+04  0.24624883E+04  0.24642026E+04
  0.24661085E+04  0.24678210E+04  0.24690347E+04  0.24696528E+04  0.24697316E+04
  0.24693625E+04  0.24686471E+04  0.24676944E+04  0.24665937E+04  0.24653786E+04
  0.24640615E+04  0.24626505E+04  0.24611548E+04  0.24595844E+04  0.24579477E+04
  0.24562583E+04  0.24545275E+04  0.24527850E+04  0.24509917E+04  0.24492596E+04
  0.24469271E+04  0.24454004E+04  0.32150010E+04  0.32152704E+04  0.32159364E+04
  0.32165306E+04  0.32168429E+04  0.32170328E+04  0.32171550E+04  0.32172244E+04
  0.32172477E+04  0.32172289E+04  0.32171673E+04  0.32170577E+04  0.32168903E+04
  0.32166504E+04  0.32163171E+04  0.32158614E+04  0.32152438E+04  0.32144100E+04
  0.32132860E+04  0.32117719E+04  0.32097338E+04  0.32069911E+04  0.32033007E+04
  0.31983436E+04  0.31917226E+04  0.31829804E+04  0.31715833E+04  0.31569878E+04
  0.31387869E+04  0.31169342E+04  0.30920731E+04  0.30650681E+04  0.30375790E+04
  0.30108686E+04  0.29851514E+04  0.29608769E+04  0.29381561E+04  0.29167067E+04
  0.28960745E+04  0.28758919E+04  0.28559316E+04  0.28361116E+04  0.28164817E+04
  0.27971492E+04  0.27782419E+04  0.27599219E+04  0.27422989E+04  0.27253185E+04
  0.27089081E+04  0.26930649E+04  0.26777867E+04  0.26630585E+04  0.26488689E+04
  0.26352050E+04  0.26220508E+04  0.26093944E+04  0.25972183E+04  0.25854939E+04
  0.25741903E+04  0.25632833E+04  0.25527566E+04  0.25425958E+04  0.25327925E+04
  0.25233615E+04  0.25143500E+04  0.25058173E+04  0.24978041E+04  0.24902944E+04
  0.24832913E+04  0.24770606E+04  0.24718562E+04  0.24677254E+04  0.24646102E+04
  0.24624230E+04  0.24611369E+04  0.24607082E+04  0.24610804E+04  0.24621265E+04
  0.24636236E+04  0.24652749E+04  0.24667831E+04  0.24678996E+04  0.24685084E+04
  0.24686251E+04  0.24683219E+04  0.24676943E+04  0.24668257E+04  0.24657842E+04
  0.24646113E+04  0.24633287E+04  0.24619502E+04  0.24604865E+04  0.24589463E+04
  0.24573382E+04  0.24556770E+04  0.24539734E+04  0.24522539E+04  0.24504796E+04
  0.24487653E+04  0.24464589E+04  0.24449497E+04  0.32150081E+04  0.32152790E+04
  0.32159587E+04  0.32165689E+04  0.32168852E+04  0.32170751E+04  0.32171968E+04
  0.32172658E+04  0.32172887E+04  0.32172686E+04  0.32172049E+04  0.32170927E+04
  0.32169226E+04  0.32166801E+04  0.32163440E+04  0.32158856E+04  0.32152654E+04
  0.32144291E+04  0.32133030E+04  0.32117871E+04  0.32097463E+04  0.32070001E+04
  0.32033069E+04  0.31983478E+04  0.31917257E+04  0.31829854E+04  0.31715955E+04
  0.31570127E+04  0.31388305E+04  0.31170023E+04  0.30921636E+04  0.30651746E+04
  0.30376939E+04  0.30109894E+04  0.29852835E+04  0.29610200E+04  0.29383028E+04
  0.29168441E+04  0.28961889E+04  0.28759708E+04  0.28559642E+04  0.28360897E+04
  0.28163991E+04  0.27969990E+04  0.27780137E+04  0.27596018E+04  0.27418753E+04
  0.27247861E+04  0.27082646E+04  0.26923077E+04  0.26769129E+04  0.26620661E+04
  0.26477582E+04  0.26339769E+04  0.26207066E+04  0.26079357E+04  0.25956452E+04
  0.25838066E+04  0.25723915E+04  0.25613777E+04  0.25507504E+04  0.25404958E+04
  0.25306100E+04  0.25211167E+04  0.25120662E+04  0.25035086E+04  0.24954699E+04
  0.24879485E+04  0.24810500E+04  0.24750081E+04  0.24699623E+04  0.24659312E+04
  0.24629238E+04  0.24608655E+04  0.24596285E+04  0.24591866E+04  0.24594993E+04
  0.24603913E+04  0.24616541E+04  0.24630690E+04  0.24644189E+04  0.24654801E+04
  0.24660975E+04  0.24662650E+04  0.24660400E+04  0.24655036E+04  0.24647208E+04
  0.24637442E+04  0.24626164E+04  0.24613681E+04  0.24600196E+04  0.24585839E+04
  0.24570717E+04  0.24554952E+04  0.24538713E+04  0.24522063E+04  0.24505177E+04
  0.24487638E+04  0.24470591E+04  0.24447545E+04  0.24432458E+04  0.32150194E+04
  0.32152935E+04  0.32159969E+04  0.32166334E+04  0.32169559E+04  0.32171454E+04
  0.32172654E+04  0.32173324E+04  0.32173531E+04  0.32173307E+04  0.32172640E+04
  0.32171484E+04  0.32169748E+04  0.32167285E+04  0.32163887E+04  0.32159263E+04
  0.32153019E+04  0.32144614E+04  0.32133309E+04  0.32118105E+04  0.32097649E+04
  0.32070132E+04  0.32033137E+04  0.31983477E+04  0.31917170E+04  0.31829690E+04
  0.31715733E+04  0.31569857E+04  0.31388004E+04  0.31169708E+04  0.30921271E+04
  0.30651279E+04  0.30376345E+04  0.30109211E+04  0.29852163E+04  0.29609585E+04
  0.29382415E+04  0.29167686E+04  0.28960814E+04  0.28758139E+04  0.28557408E+04
  0.28357846E+04  0.28159993E+04  0.27964908E+04  0.27773789E+04  0.27588203E+04
  0.27409336E+04  0.27236825E+04  0.27070027E+04  0.26908908E+04  0.26753434E+04
  0.26603486E+04  0.26459011E+04  0.26319899E+04  0.26185994E+04  0.26057166E+04
  0.25933198E+04  0.25813801E+04  0.25698693E+04  0.25587654E+04  0.25480558E+04
  0.25377344E+04  0.25278060E+04  0.25183022E+04  0.25092730E+04  0.25007552E+04
  0.24927629E+04  0.24853296E+04  0.24786697E+04  0.24729482E+04  0.24681736E+04
  0.24643375E+04  0.24615458E+04  0.24597322E+04  0.24587185E+04  0.24585102E+04
  0.24589901E+04  0.24599376E+04  0.24611137E+04  0.24623367E+04  0.24634844E+04
  0.24644006E+04  0.24649487E+04  0.24651159E+04  0.24649392E+04  0.24644725E+04
  0.24637704E+04  0.24628686E+04  0.24618025E+04  0.24606063E+04  0.24593052E+04
  0.24579157E+04  0.24564533E+04  0.24549343E+04  0.24533735E+04  0.24517701E+04
  0.24501307E+04  0.24484116E+04  0.24467265E+04  0.24444277E+04  0.24429198E+04
  0.32150355E+04  0.32153149E+04  0.32160516E+04  0.32167251E+04  0.32170573E+04
  0.32172467E+04  0.32173641E+04  0.32174276E+04  0.32174445E+04  0.32174180E+04
  0.32173472E+04  0.32172274E+04  0.32170494E+04  0.32167985E+04  0.32164537E+04
  0.32159860E+04  0.32153558E+04  0.32145092E+04  0.32133722E+04  0.32118449E+04
  0.32097918E+04  0.32070319E+04  0.32033230E+04  0.31983457E+04  0.31917004E+04
  0.31829367E+04  0.31715248E+04  0.31569185E+04  0.31387128E+04  0.31168602E+04
  0.30919905E+04  0.30649572E+04  0.30374246E+04  0.30106824E+04  0.29849635E+04
  0.29606982E+04  0.29379677E+04  0.29164635E+04  0.28957226E+04  0.28753787E+04
  0.28552072E+04  0.28351331E+04  0.28152131E+04  0.27955533E+04  0.27762734E+04
  0.27575344E+04  0.27394680E+04  0.27220525E+04  0.27052315E+04  0.26889999E+04
  0.26733510E+04  0.26582724E+04  0.26437581E+04  0.26298026E+04  0.26163935E+04
  0.26035121E+04  0.25911293E+04  0.25792148E+04  0.25677413E+04  0.25566828E+04
  0.25460215E+04  0.25357607E+04  0.25259224E+04  0.25165464E+04  0.25076788E+04
  0.24993437E+04  0.24915583E+04  0.24844171E+04  0.24782000E+04  0.24729869E+04
  0.24686737E+04  0.24652867E+04  0.24628493E+04  0.24613659E+04  0.24608268E+04
  0.24610882E+04  0.24618927E+04  0.24630145E+04  0.24641907E+04  0.24652394E+04
  0.24661040E+04  0.24667688E+04  0.24672185E+04  0.24674106E+04  0.24673221E+04
  0.24669659E+04  0.24663726E+04  0.24655699E+04  0.24645970E+04  0.24634901E+04
  0.24622751E+04  0.24609717E+04  0.24595975E+04  0.24581653E+04  0.24566819E+04
  0.24551415E+04  0.24535494E+04  0.24518656E+04  0.24502072E+04  0.24479270E+04
  0.24464269E+04  0.32150566E+04  0.32153430E+04  0.32161228E+04  0.32168442E+04
  0.32171899E+04  0.32173798E+04  0.32174940E+04  0.32175526E+04  0.32175639E+04
  0.32175318E+04  0.32174559E+04  0.32173312E+04  0.32171483E+04  0.32168919E+04
  0.32165410E+04  0.32160665E+04  0.32154290E+04  0.32145744E+04  0.32134290E+04
  0.32118923E+04  0.32098292E+04  0.32070581E+04  0.32033365E+04  0.31983442E+04
  0.31916791E+04  0.31828930E+04  0.31714568E+04  0.31568215E+04  0.31385821E+04
  0.31166903E+04  0.30917761E+04  0.30646871E+04  0.30370910E+04  0.30102967E+04
  0.29845435E+04  0.29602518E+04  0.29374870E+04  0.29159269E+04  0.28951045E+04
  0.28746548E+04  0.28543560E+04  0.28341394E+04  0.28140675E+04  0.27942526E+04
  0.27748225E+04  0.27559521E+04  0.27377864E+04  0.27203074E+04  0.27034627E+04
  0.26872522E+04  0.26716655E+04  0.26566809E+04  0.26422795E+04  0.26284544E+04
  0.26152027E+04  0.26025045E+04  0.25903240E+04  0.25786258E+04  0.25673803E+04
  0.25565595E+04  0.25461438E+04  0.25361364E+04  0.25265700E+04  0.25174947E+04
  0.25089480E+04  0.25009471E+04  0.24935408E+04  0.24869161E+04  0.24813143E+04
  0.24767238E+04  0.24730287E+04  0.24702616E+04  0.24683760E+04  0.24673685E+04
  0.24672270E+04  0.24677387E+04  0.24686633E+04  0.24697765E+04  0.24708982E+04
  0.24718952E+04  0.24726910E+04  0.24733050E+04  0.24737714E+04  0.24740506E+04
  0.24741004E+04  0.24738982E+04  0.24734457E+04  0.24727757E+04  0.24719257E+04
  0.24709292E+04  0.24698144E+04  0.24686069E+04  0.24673271E+04  0.24659823E+04
  0.24645717E+04  0.24630868E+04  0.24615340E+04  0.24598781E+04  0.24582395E+04
  0.24559675E+04  0.24544680E+04  0.32150828E+04  0.32153776E+04  0.32162100E+04
  0.32169899E+04  0.32173528E+04  0.32175441E+04  0.32176542E+04  0.32177065E+04
  0.32177108E+04  0.32176725E+04  0.32175912E+04  0.32174614E+04  0.32172728E+04
  0.32170099E+04  0.32166516E+04  0.32161689E+04  0.32155226E+04  0.32146585E+04
  0.32135026E+04  0.32119545E+04  0.32098787E+04  0.32070933E+04  0.32033558E+04
  0.31983446E+04  0.31916547E+04  0.31828404E+04  0.31713730E+04  0.31567000E+04
  0.31384161E+04  0.31164722E+04  0.30914955E+04  0.30643297E+04  0.30366482E+04
  0.30097788E+04  0.29839708E+04  0.29596346E+04  0.29368188E+04  0.29151870E+04
  0.28942697E+04  0.28737072E+04  0.28532857E+04  0.28329476E+04  0.28127682E+04
  0.27928711E+04  0.27733972E+04  0.27545428E+04  0.27364622E+04  0.27191227E+04
  0.27024564E+04  0.26864685E+04  0.26711526E+04  0.26564771E+04  0.26424094E+04
  0.26289270E+04  0.26160181E+04  0.26036606E+04  0.25918206E+04  0.25804611E+04
  0.25695485E+04  0.25590575E+04  0.25489780E+04  0.25393172E+04  0.25301140E+04
  0.25214244E+04  0.25132737E+04  0.25056830E+04  0.24987605E+04  0.24927861E+04
  0.24878659E+04  0.24838988E+04  0.24808618E+04  0.24787222E+04  0.24774404E+04
  0.24769586E+04  0.24771285E+04  0.24777590E+04  0.24786540E+04  0.24796206E+04
  0.24805643E+04  0.24814377E+04  0.24821953E+04  0.24828286E+04  0.24833304E+04
  0.24836709E+04  0.24838169E+04  0.24837328E+04  0.24834072E+04  0.24828669E+04
  0.24821396E+04  0.24812512E+04  0.24802331E+04  0.24791171E+04  0.24779238E+04
  0.24766565E+04  0.24753121E+04  0.24738831E+04  0.24723763E+04  0.24707584E+04
  0.24691485E+04  0.24668956E+04  0.24654041E+04  0.32151137E+04  0.32154183E+04
  0.32163119E+04  0.32171605E+04  0.32175440E+04  0.32177375E+04  0.32178429E+04
  0.32178872E+04  0.32178837E+04  0.32178398E+04  0.32177536E+04  0.32176185E+04
  0.32174234E+04  0.32171529E+04  0.32167860E+04  0.32162940E+04  0.32156374E+04
  0.32147623E+04  0.32135943E+04  0.32120326E+04  0.32099415E+04  0.32071389E+04
  0.32033821E+04  0.31983479E+04  0.31916283E+04  0.31827799E+04  0.31712747E+04
  0.31565558E+04  0.31382173E+04  0.31162089E+04  0.30911523E+04  0.30638890E+04
  0.30361018E+04  0.30091410E+04  0.29832694E+04  0.29588874E+04  0.29360268E+04
  0.29143369E+04  0.28933487E+04  0.28727131E+04  0.28522286E+04  0.28318504E+04
  0.28116730E+04  0.27918394E+04  0.27725075E+04  0.27538803E+04  0.27361009E+04
  0.27191207E+04  0.27028478E+04  0.26872622E+04  0.26723538E+04  0.26580938E+04
  0.26444468E+04  0.26313793E+04  0.26188625E+04  0.26068655E+04  0.25953568E+04
  0.25843050E+04  0.25736787E+04  0.25634595E+04  0.25536496E+04  0.25442711E+04
  0.25353776E+04  0.25270252E+04  0.25192306E+04  0.25120424E+04  0.25056494E+04
  0.25003421E+04  0.24960801E+04  0.24927153E+04  0.24902886E+04  0.24887445E+04
  0.24879912E+04  0.24879210E+04  0.24883716E+04  0.24891314E+04  0.24899945E+04
  0.24908253E+04  0.24915702E+04  0.24922321E+04  0.24928227E+04  0.24933426E+04
  0.24937777E+04  0.24940942E+04  0.24942521E+04  0.24942179E+04  0.24939783E+04
  0.24935398E+04  0.24929176E+04  0.24921339E+04  0.24912206E+04  0.24902071E+04
  0.24891064E+04  0.24879182E+04  0.24866416E+04  0.24852742E+04  0.24838247E+04
  0.24822612E+04  0.24807004E+04  0.24784996E+04  0.24770382E+04  0.32151496E+04
  0.32154647E+04  0.32164273E+04  0.32173535E+04  0.32177605E+04  0.32179573E+04
  0.32180576E+04  0.32180930E+04  0.32180824E+04  0.32180345E+04  0.32179441E+04
  0.32178031E+04  0.32176003E+04  0.32173210E+04  0.32169443E+04  0.32164417E+04
  0.32157737E+04  0.32148864E+04  0.32137048E+04  0.32121277E+04  0.32100190E+04
  0.32071964E+04  0.32034166E+04  0.31983552E+04  0.31916004E+04  0.31827120E+04
  0.31711621E+04  0.31563889E+04  0.31379851E+04  0.31158992E+04  0.30907468E+04
  0.30633697E+04  0.30354683E+04  0.30084202E+04  0.29825019E+04  0.29581032E+04
  0.29352394E+04  0.29135454E+04  0.28925529E+04  0.28719303E+04  0.28514937E+04
  0.28312102E+04  0.28111862E+04  0.27915840E+04  0.27725831E+04  0.27543691E+04
  0.27370307E+04  0.27204970E+04  0.27046723E+04  0.26895096E+04  0.26749861E+04
  0.26610805E+04  0.26477592E+04  0.26349914E+04  0.26227483E+04  0.26109958E+04
  0.25997035E+04  0.25888458E+04  0.25783980E+04  0.25683523E+04  0.25587252E+04
  0.25495577E+04  0.25409180E+04  0.25328555E+04  0.25253882E+04  0.25186214E+04
  0.25128329E+04  0.25081881E+04  0.25045451E+04  0.25018007E+04  0.24999555E+04
  0.24989527E+04  0.24986594E+04  0.24989117E+04  0.24995411E+04  0.25003366E+04
  0.25011294E+04  0.25018396E+04  0.25024522E+04  0.25029870E+04  0.25034538E+04
  0.25038549E+04  0.25041928E+04  0.25044448E+04  0.25045791E+04  0.25045641E+04
  0.25043892E+04  0.25040440E+04  0.25035211E+04  0.25028414E+04  0.25020333E+04
  0.25011149E+04  0.25000906E+04  0.24989621E+04  0.24977362E+04  0.24964176E+04
  0.24950164E+04  0.24935009E+04  0.24919852E+04  0.24898356E+04  0.24884046E+04
  0.32151905E+04  0.32155168E+04  0.32165545E+04  0.32175653E+04  0.32179985E+04
  0.32181997E+04  0.32182957E+04  0.32183256E+04  0.32183112E+04  0.32182597E+04
  0.32181637E+04  0.32180148E+04  0.32178029E+04  0.32175137E+04  0.32171264E+04
  0.32166122E+04  0.32159319E+04  0.32150313E+04  0.32138350E+04  0.32122410E+04
  0.32101127E+04  0.32072672E+04  0.32034610E+04  0.31983684E+04  0.31915732E+04
  0.31826384E+04  0.31710363E+04  0.31561999E+04  0.31377202E+04  0.31155451E+04
  0.30902881E+04  0.30627966E+04  0.30347964E+04  0.30076929E+04  0.29817750E+04
  0.29574197E+04  0.29346249E+04  0.29130179E+04  0.28921273E+04  0.28716313E+04
  0.28513665E+04  0.28313133E+04  0.28115763E+04  0.27923131E+04  0.27737095E+04
  0.27559283E+04  0.27389991E+04  0.27228269E+04  0.27073259E+04  0.26924482E+04
  0.26781678E+04  0.26644695E+04  0.26513277E+04  0.26387193E+04  0.26266210E+04
  0.26150010E+04  0.26038321E+04  0.25930949E+04  0.25827720E+04  0.25728685E+04
  0.25634163E+04  0.25544720E+04  0.25461106E+04  0.25383696E+04  0.25312840E+04
  0.25250423E+04  0.25199638E+04  0.25160085E+04  0.25129832E+04  0.25108743E+04
  0.25096256E+04  0.25091447E+04  0.25092613E+04  0.25097873E+04  0.25105393E+04
  0.25113279E+04  0.25120389E+04  0.25126481E+04  0.25131698E+04  0.25136286E+04
  0.25140275E+04  0.25143654E+04  0.25146502E+04  0.25148682E+04  0.25149944E+04
  0.25149983E+04  0.25148649E+04  0.25145742E+04  0.25141065E+04  0.25134778E+04
  0.25127095E+04  0.25118131E+04  0.25107943E+04  0.25096623E+04  0.25084321E+04
  0.25071124E+04  0.25057126E+04  0.25042002E+04  0.25026881E+04  0.25005478E+04
  0.24991245E+04  0.32152364E+04  0.32155743E+04  0.32166909E+04  0.32177908E+04
  0.32182524E+04  0.32184604E+04  0.32185573E+04  0.32185890E+04  0.32185741E+04
  0.32185165E+04  0.32184113E+04  0.32182528E+04  0.32180309E+04  0.32177312E+04
  0.32173325E+04  0.32168061E+04  0.32161126E+04  0.32151978E+04  0.32139858E+04
  0.32123739E+04  0.32102247E+04  0.32073543E+04  0.32035190E+04  0.31983917E+04
  0.31915515E+04  0.31825646E+04  0.31709037E+04  0.31559963E+04  0.31374329E+04
  0.31151641E+04  0.30898067E+04  0.30622217E+04  0.30341635E+04  0.30070589E+04
  0.29812104E+04  0.29569877E+04  0.29343591E+04  0.29129399E+04  0.28922577E+04
  0.28719857E+04  0.28519671E+04  0.28321938E+04  0.28127650E+04  0.27938217E+04
  0.27755379E+04  0.27580574E+04  0.27413803E+04  0.27254062E+04  0.27100651E+04
  0.26953166E+04  0.26811402E+04  0.26675327E+04  0.26544799E+04  0.26419666E+04
  0.26299742E+04  0.26184720E+04  0.26074362E+04  0.25968490E+04  0.25866977E+04
  0.25769995E+04  0.25677980E+04  0.25591603E+04  0.25511591E+04  0.25438213E+04
  0.25372167E+04  0.25316459E+04  0.25273319E+04  0.25240698E+04  0.25217007E+04
  0.25202484E+04  0.25196310E+04  0.25196877E+04  0.25202135E+04  0.25209969E+04
  0.25218419E+04  0.25226098E+04  0.25232499E+04  0.25237692E+04  0.25241801E+04
  0.25245037E+04  0.25247731E+04  0.25250164E+04  0.25252362E+04  0.25253925E+04
  0.25254413E+04  0.25253627E+04  0.25251434E+04  0.25247558E+04  0.25241831E+04
  0.25234373E+04  0.25225508E+04  0.25215455E+04  0.25204232E+04  0.25191919E+04
  0.25178672E+04  0.25164545E+04  0.25149644E+04  0.25133641E+04  0.25117728E+04
  0.25095699E+04  0.25081191E+04  0.32152848E+04  0.32156357E+04  0.32168327E+04
  0.32180227E+04  0.32185148E+04  0.32187349E+04  0.32188399E+04  0.32188789E+04
  0.32188641E+04  0.32187976E+04  0.32186821E+04  0.32185137E+04  0.32182821E+04
  0.32179720E+04  0.32175622E+04  0.32170235E+04  0.32163163E+04  0.32153865E+04
  0.32141581E+04  0.32125277E+04  0.32103569E+04  0.32074609E+04  0.32035943E+04
  0.31984304E+04  0.31915433E+04  0.31825005E+04  0.31707769E+04  0.31557948E+04
  0.31371466E+04  0.31147895E+04  0.30893509E+04  0.30617115E+04  0.30336527E+04
  0.30066188E+04  0.29809223E+04  0.29569218E+04  0.29345461E+04  0.29133799E+04
  0.28929476E+04  0.28729190E+04  0.28531350E+04  0.28335936E+04  0.28143923E+04
  0.27956612E+04  0.27775591E+04  0.27602167E+04  0.27436293E+04  0.27277092E+04
  0.27124090E+04  0.26977025E+04  0.26835807E+04  0.26700533E+04  0.26571147E+04
  0.26447534E+04  0.26329453E+04  0.26216538E+04  0.26108516E+04  0.26005141E+04
  0.25906290E+04  0.25812226E+04  0.25723461E+04  0.25640769E+04  0.25564852E+04
  0.25495956E+04  0.25435508E+04  0.25387538E+04  0.25352215E+04  0.25326677E+04
  0.25310854E+04  0.25304322E+04  0.25305198E+04  0.25311260E+04  0.25320200E+04
  0.25329860E+04  0.25338301E+04  0.25344532E+04  0.25348559E+04  0.25350315E+04
  0.25350332E+04  0.25349624E+04  0.25348804E+04  0.25348554E+04  0.25348418E+04
  0.25347163E+04  0.25344519E+04  0.25340879E+04  0.25336109E+04  0.25329681E+04
  0.25321484E+04  0.25311676E+04  0.25300491E+04  0.25287874E+04  0.25273916E+04
  0.25258851E+04  0.25242836E+04  0.25225902E+04  0.25208268E+04  0.25189643E+04
  0.25171387E+04  0.25146824E+04  0.25130822E+04  0.32153299E+04  0.32156981E+04
  0.32169782E+04  0.32182567E+04  0.32187813E+04  0.32190184E+04  0.32191348E+04
  0.32191798E+04  0.32191636E+04  0.32190910E+04  0.32189680E+04  0.32187913E+04
  0.32185510E+04  0.32182317E+04  0.32178117E+04  0.32172615E+04  0.32165413E+04
  0.32155968E+04  0.32143521E+04  0.32127031E+04  0.32105108E+04  0.32075894E+04
  0.32036928E+04  0.31984926E+04  0.31915570E+04  0.31824574E+04  0.31706709E+04
  0.31556161E+04  0.31368894E+04  0.31144593E+04  0.30889723E+04  0.30613292E+04
  0.30333293E+04  0.30064331E+04  0.29809547E+04  0.29572242E+04  0.29351285E+04
  0.29142182E+04  0.28940086E+04  0.28741740E+04  0.28545562E+04  0.28351575E+04
  0.28160775E+04  0.27974394E+04  0.27793893E+04  0.27620564E+04  0.27454554E+04
  0.27295275E+04  0.27142528E+04  0.26996208E+04  0.26856299E+04  0.26722926E+04
  0.26595998E+04  0.26475303E+04  0.26360387E+04  0.26250699E+04  0.26145838E+04
  0.26045472E+04  0.25949540E+04  0.25858472E+04  0.25772934E+04  0.25693957E+04
  0.25622257E+04  0.25558231E+04  0.25505034E+04  0.25466415E+04  0.25440260E+04
  0.25424459E+04  0.25418911E+04  0.25420552E+04  0.25425902E+04  0.25433170E+04
  0.25440768E+04  0.25447557E+04  0.25452106E+04  0.25452890E+04  0.25450882E+04
  0.25446681E+04  0.25440433E+04  0.25432919E+04  0.25424446E+04  0.25415576E+04
  0.25406958E+04  0.25398867E+04  0.25391220E+04  0.25384142E+04  0.25376508E+04
  0.25366886E+04  0.25355370E+04  0.25342482E+04  0.25328194E+04  0.25311924E+04
  0.25294001E+04  0.25274885E+04  0.25254790E+04  0.25233817E+04  0.25212382E+04
  0.25190226E+04  0.25168898E+04  0.25140922E+04  0.25122850E+04  0.32153645E+04
  0.32157574E+04  0.32171286E+04  0.32184970E+04  0.32190565E+04  0.32193101E+04
  0.32194333E+04  0.32194783E+04  0.32194612E+04  0.32193879E+04  0.32192613E+04
  0.32190789E+04  0.32188315E+04  0.32185042E+04  0.32180752E+04  0.32175148E+04
  0.32167828E+04  0.32158251E+04  0.32145654E+04  0.32128992E+04  0.32106865E+04
  0.32077407E+04  0.32038167E+04  0.31985817E+04  0.31915982E+04  0.31824443E+04
  0.31705993E+04  0.31554790E+04  0.31366872E+04  0.31142081E+04  0.30887101E+04
  0.30611080E+04  0.30332041E+04  0.30064733E+04  0.29812304E+04  0.29577691E+04
  0.29359332E+04  0.29152402E+04  0.28951983E+04  0.28754879E+04  0.28559566E+04
  0.28366129E+04  0.28175599E+04  0.27989198E+04  0.27808380E+04  0.27634619E+04
  0.27468460E+04  0.27309680E+04  0.27158282E+04  0.27014184E+04  0.26877272E+04
  0.26747464E+04  0.26624407E+04  0.26507619E+04  0.26396380E+04  0.26289969E+04
  0.26187972E+04  0.26090152E+04  0.25996721E+04  0.25908506E+04  0.25826523E+04
  0.25752425E+04  0.25686502E+04  0.25629927E+04  0.25587923E+04  0.25560769E+04
  0.25543400E+04  0.25536299E+04  0.25536679E+04  0.25537855E+04  0.25537807E+04
  0.25536117E+04  0.25532055E+04  0.25526193E+04  0.25519913E+04  0.25512338E+04
  0.25503017E+04  0.25492301E+04  0.25479799E+04  0.25464534E+04  0.25445932E+04
  0.25423973E+04  0.25400294E+04  0.25377053E+04  0.25354560E+04  0.25332433E+04
  0.25309854E+04  0.25286010E+04  0.25260887E+04  0.25234621E+04  0.25207233E+04
  0.25178704E+04  0.25149346E+04  0.25119469E+04  0.25089441E+04  0.25059543E+04
  0.25030544E+04  0.25002108E+04  0.24976068E+04  0.24945406E+04  0.24926434E+04
  0.32153905E+04  0.32158139E+04  0.32172871E+04  0.32187524E+04  0.32193450E+04
  0.32196077E+04  0.32197310E+04  0.32197745E+04  0.32197575E+04  0.32196850E+04
  0.32195575E+04  0.32193718E+04  0.32191192E+04  0.32187850E+04  0.32183479E+04
  0.32177781E+04  0.32170355E+04  0.32160659E+04  0.32147926E+04  0.32131108E+04
  0.32108797E+04  0.32079119E+04  0.32039616E+04  0.31986952E+04  0.31916687E+04
  0.31824658E+04  0.31705702E+04  0.31553963E+04  0.31365569E+04  0.31140526E+04
  0.30885667E+04  0.30610207E+04  0.30332118E+04  0.30066317E+04  0.29816062E+04
  0.29583902E+04  0.29367796E+04  0.29162582E+04  0.28963275E+04  0.28766763E+04
  0.28571619E+04  0.28378042E+04  0.28187159E+04  0.28000278E+04  0.27819053E+04
  0.27645405E+04  0.27480314E+04  0.27323744E+04  0.27175616E+04  0.27035531E+04
  0.26903015E+04  0.26777608E+04  0.26658609E+04  0.26545385E+04  0.26437199E+04
  0.26333482E+04  0.26234201E+04  0.26139334E+04  0.26049376E+04  0.25965609E+04
  0.25889378E+04  0.25822600E+04  0.25763719E+04  0.25716456E+04  0.25684443E+04
  0.25659540E+04  0.25636497E+04  0.25617384E+04  0.25604466E+04  0.25594416E+04
  0.25583438E+04  0.25570022E+04  0.25552089E+04  0.25529118E+04  0.25503455E+04
  0.25477057E+04  0.25448684E+04  0.25417601E+04  0.25383980E+04  0.25347080E+04
  0.25306265E+04  0.25261102E+04  0.25211274E+04  0.25157159E+04  0.25099738E+04
  0.25039481E+04  0.24977855E+04  0.24916482E+04  0.24855309E+04  0.24793934E+04
  0.24732561E+04  0.24671899E+04  0.24612305E+04  0.24554107E+04  0.24498017E+04
  0.24444445E+04  0.24394881E+04  0.24348743E+04  0.24308682E+04  0.24268026E+04
  0.24244673E+04  0.32154146E+04  0.32158700E+04  0.32174491E+04  0.32190146E+04
  0.32196392E+04  0.32199071E+04  0.32200299E+04  0.32200730E+04  0.32200556E+04
  0.32199832E+04  0.32198554E+04  0.32196678E+04  0.32194113E+04  0.32190713E+04
  0.32186268E+04  0.32180482E+04  0.32172954E+04  0.32163145E+04  0.32150286E+04
  0.32133322E+04  0.32110839E+04  0.32080958E+04  0.32041217E+04  0.31988274E+04
  0.31917629E+04  0.31825172E+04  0.31705794E+04  0.31553631E+04  0.31364895E+04
  0.31139714E+04  0.30884972E+04  0.30609897E+04  0.30332452E+04  0.30067834E+04
  0.29819503E+04  0.29589551E+04  0.29375373E+04  0.29171464E+04  0.28972805E+04
  0.28776391E+04  0.28580941E+04  0.28386850E+04  0.28195467E+04  0.28008380E+04
  0.27827685E+04  0.27655818E+04  0.27493855E+04  0.27341453E+04  0.27198063E+04
  0.27062708E+04  0.26934569E+04  0.26813011E+04  0.26697387E+04  0.26587496E+04
  0.26482743E+04  0.26382817E+04  0.26287913E+04  0.26197868E+04  0.26112578E+04
  0.26031350E+04  0.25955152E+04  0.25886768E+04  0.25821857E+04  0.25762179E+04
  0.25715236E+04  0.25674554E+04  0.25634048E+04  0.25591295E+04  0.25553274E+04
  0.25524643E+04  0.25496496E+04  0.25463402E+04  0.25423243E+04  0.25373670E+04
  0.25313573E+04  0.25245485E+04  0.25171481E+04  0.25092552E+04  0.25009629E+04
  0.24923363E+04  0.24833858E+04  0.24740812E+04  0.24643579E+04  0.24541673E+04
  0.24435569E+04  0.24326092E+04  0.24214935E+04  0.24103725E+04  0.23992869E+04
  0.23883014E+04  0.23774920E+04  0.23669317E+04  0.23566881E+04  0.23468245E+04
  0.23374313E+04  0.23285357E+04  0.23203635E+04  0.23128130E+04  0.23062766E+04
  0.22997709E+04  0.22960920E+04  0.32154382E+04  0.32159249E+04  0.32176072E+04
  0.32192719E+04  0.32199316E+04  0.32202088E+04  0.32203334E+04  0.32203762E+04
  0.32203578E+04  0.32202842E+04  0.32201551E+04  0.32199655E+04  0.32197056E+04
  0.32193606E+04  0.32189094E+04  0.32183226E+04  0.32175601E+04  0.32165681E+04
  0.32152698E+04  0.32135589E+04  0.32112935E+04  0.32082852E+04  0.32042878E+04
  0.31989670E+04  0.31918673E+04  0.31825838E+04  0.31706091E+04  0.31553546E+04
  0.31364491E+04  0.31139119E+04  0.30884315E+04  0.30609280E+04  0.30332097E+04
  0.30068373E+04  0.29821739E+04  0.29593792E+04  0.29381291E+04  0.29178385E+04
  0.28980052E+04  0.28783450E+04  0.28587545E+04  0.28393065E+04  0.28201756E+04
  0.28015652E+04  0.27837327E+04  0.27669321E+04  0.27512172E+04  0.27364785E+04
  0.27226102E+04  0.27094829E+04  0.26970492E+04  0.26852772E+04  0.26741394E+04
  0.26636422E+04  0.26536703E+04  0.26440068E+04  0.26343495E+04  0.26247137E+04
  0.26152533E+04  0.26055900E+04  0.25955509E+04  0.25856644E+04  0.25762357E+04
  0.25669888E+04  0.25585628E+04  0.25515656E+04  0.25455931E+04  0.25397149E+04
  0.25333364E+04  0.25267324E+04  0.25196502E+04  0.25116997E+04  0.25028401E+04
  0.24929663E+04  0.24819413E+04  0.24698345E+04  0.24568622E+04  0.24432394E+04
  0.24291392E+04  0.24146859E+04  0.23999533E+04  0.23849689E+04  0.23697924E+04
  0.23545116E+04  0.23391744E+04  0.23238425E+04  0.23085750E+04  0.22934132E+04
  0.22784215E+04  0.22637025E+04  0.22493385E+04  0.22353956E+04  0.22219449E+04
  0.22090414E+04  0.21967633E+04  0.21851108E+04  0.21743180E+04  0.21642228E+04
  0.21553153E+04  0.21459933E+04  0.21405917E+04  0.32154633E+04  0.32159804E+04
  0.32177637E+04  0.32195261E+04  0.32202227E+04  0.32205135E+04  0.32206424E+04
  0.32206850E+04  0.32206645E+04  0.32205879E+04  0.32204554E+04  0.32202621E+04
  0.32199983E+04  0.32196488E+04  0.32191921E+04  0.32185981E+04  0.32178267E+04
  0.32168239E+04  0.32155130E+04  0.32137875E+04  0.32115044E+04  0.32084751E+04
  0.32044533E+04  0.31991047E+04  0.31919691E+04  0.31826465E+04  0.31706330E+04
  0.31553374E+04  0.31363922E+04  0.31138200E+04  0.30883080E+04  0.30607719E+04
  0.30330466E+04  0.30067415E+04  0.29822296E+04  0.29596209E+04  0.29385241E+04
  0.29183181E+04  0.28985062E+04  0.28788319E+04  0.28592306E+04  0.28398230E+04
  0.28208327E+04  0.28025007E+04  0.27850907E+04  0.27687942E+04  0.27535798E+04
  0.27392820E+04  0.27258247E+04  0.27131155E+04  0.27011807E+04  0.26899596E+04
  0.26792410E+04  0.26686320E+04  0.26578353E+04  0.26466891E+04  0.26345396E+04
  0.26212182E+04  0.26075019E+04  0.25937169E+04  0.25794714E+04  0.25649523E+04
  0.25514288E+04  0.25394455E+04  0.25282387E+04  0.25176369E+04  0.25079531E+04
  0.24986502E+04  0.24884587E+04  0.24769509E+04  0.24644100E+04  0.24508902E+04
  0.24364430E+04  0.24211719E+04  0.24051857E+04  0.23885230E+04  0.23712349E+04
  0.23534546E+04  0.23353187E+04  0.23169439E+04  0.22984505E+04  0.22799259E+04
  0.22614379E+04  0.22430911E+04  0.22249832E+04  0.22071799E+04  0.21897175E+04
  0.21726444E+04  0.21560263E+04  0.21398775E+04  0.21242107E+04  0.21090732E+04
  0.20945051E+04  0.20805293E+04  0.20672006E+04  0.20544967E+04  0.20426117E+04
  0.20313312E+04  0.20211826E+04  0.20099922E+04  0.20033403E+04  0.32154917E+04
  0.32160396E+04  0.32179225E+04  0.32197800E+04  0.32205144E+04  0.32208211E+04
  0.32209546E+04  0.32209963E+04  0.32209719E+04  0.32208897E+04  0.32207513E+04
  0.32205525E+04  0.32202840E+04  0.32199304E+04  0.32194693E+04  0.32188700E+04
  0.32180914E+04  0.32170788E+04  0.32157556E+04  0.32140151E+04  0.32117137E+04
  0.32086620E+04  0.32046138E+04  0.31992348E+04  0.31920587E+04  0.31826900E+04
  0.31706303E+04  0.31552845E+04  0.31362859E+04  0.31136589E+04  0.30880887E+04
  0.30604877E+04  0.30327273E+04  0.30064734E+04  0.29821050E+04  0.29596787E+04
  0.29387349E+04  0.29186196E+04  0.28988509E+04  0.28792131E+04  0.28596926E+04
  0.28404605E+04  0.28217739E+04  0.28038701E+04  0.27869481E+04  0.27711127E+04
  0.27563278E+04  0.27424573E+04  0.27295318E+04  0.27174311E+04  0.27058455E+04
  0.26941595E+04  0.26820613E+04  0.26688796E+04  0.26538249E+04  0.26375695E+04
  0.26203304E+04  0.26015997E+04  0.25820696E+04  0.25630626E+04  0.25448414E+04
  0.25270071E+04  0.25099742E+04  0.24947726E+04  0.24808408E+04  0.24669116E+04
  0.24528295E+04  0.24387565E+04  0.24242675E+04  0.24088159E+04  0.23923791E+04
  0.23750339E+04  0.23568898E+04  0.23381419E+04  0.23189758E+04  0.22995027E+04
  0.22798074E+04  0.22599889E+04  0.22401095E+04  0.22202468E+04  0.22005070E+04
  0.21809886E+04  0.21617457E+04  0.21428179E+04  0.21242617E+04  0.21061282E+04
  0.20884532E+04  0.20712820E+04  0.20546578E+04  0.20385690E+04  0.20230031E+04
  0.20079800E+04  0.19935171E+04  0.19796200E+04  0.19663225E+04  0.19535890E+04
  0.19415842E+04  0.19300720E+04  0.19195791E+04  0.19076054E+04  0.19003729E+04
  0.32155227E+04  0.32161030E+04  0.32180863E+04  0.32200374E+04  0.32208086E+04
  0.32211290E+04  0.32212640E+04  0.32213016E+04  0.32212706E+04  0.32211807E+04
  0.32210348E+04  0.32208300E+04  0.32205569E+04  0.32201998E+04  0.32197358E+04
  0.32191329E+04  0.32183491E+04  0.32173287E+04  0.32159944E+04  0.32142390E+04
  0.32119186E+04  0.32088430E+04  0.32047657E+04  0.31993528E+04  0.31921291E+04
  0.31827058E+04  0.31705908E+04  0.31551816E+04  0.31361127E+04  0.31134098E+04
  0.30877557E+04  0.30600644E+04  0.30322466E+04  0.30060346E+04  0.29818180E+04
  0.29595896E+04  0.29388203E+04  0.29188311E+04  0.28991662E+04  0.28796591E+04
  0.28603454E+04  0.28414264E+04  0.28231519E+04  0.28057008E+04  0.27891817E+04
  0.27737423E+04  0.27594721E+04  0.27462131E+04  0.27337436E+04  0.27212090E+04
  0.27079087E+04  0.26928467E+04  0.26755360E+04  0.26565082E+04  0.26352709E+04
  0.26123568E+04  0.25890429E+04  0.25654967E+04  0.25416029E+04  0.25180515E+04
  0.24958855E+04  0.24751665E+04  0.24558072E+04  0.24378469E+04  0.24208365E+04
  0.24042645E+04  0.23875791E+04  0.23706129E+04  0.23532599E+04  0.23352440E+04
  0.23165471E+04  0.22972141E+04  0.22773576E+04  0.22571568E+04  0.22367773E+04
  0.22163547E+04  0.21959923E+04  0.21757575E+04  0.21556936E+04  0.21358455E+04
  0.21162727E+04  0.20970424E+04  0.20782047E+04  0.20597837E+04  0.20418003E+04
  0.20242802E+04  0.20072468E+04  0.19907205E+04  0.19747154E+04  0.19592385E+04
  0.19442804E+04  0.19298341E+04  0.19159102E+04  0.19025052E+04  0.18896414E+04
  0.18772785E+04  0.18655639E+04  0.18542612E+04  0.18438849E+04  0.18318217E+04
  0.18244728E+04  0.32155535E+04  0.32161699E+04  0.32182554E+04  0.32202974E+04
  0.32211018E+04  0.32214304E+04  0.32215611E+04  0.32215901E+04  0.32215498E+04
  0.32214513E+04  0.32212984E+04  0.32210883E+04  0.32208115E+04  0.32204521E+04
  0.32199865E+04  0.32193819E+04  0.32185948E+04  0.32175687E+04  0.32162251E+04
  0.32144557E+04  0.32121162E+04  0.32090155E+04  0.32049067E+04  0.31994558E+04
  0.31921775E+04  0.31826907E+04  0.31705095E+04  0.31550225E+04  0.31358656E+04
  0.31130653E+04  0.30873032E+04  0.30594979E+04  0.30316097E+04  0.30054485E+04
  0.29814133E+04  0.29594243E+04  0.29388783E+04  0.29190805E+04  0.28996094E+04
  0.28803435E+04  0.28613441E+04  0.28428064E+04  0.28249348E+04  0.28078377E+04
  0.27916570E+04  0.27767897E+04  0.27631809E+04  0.27498563E+04  0.27359457E+04
  0.27198561E+04  0.27009562E+04  0.26796059E+04  0.26553509E+04  0.26293071E+04
  0.26023384E+04  0.25740697E+04  0.25452735E+04  0.25171883E+04  0.24899387E+04
  0.24635079E+04  0.24385499E+04  0.24155373E+04  0.23948258E+04  0.23757158E+04
  0.23570962E+04  0.23389111E+04  0.23209201E+04  0.23026612E+04  0.22839239E+04
  0.22646354E+04  0.22448894E+04  0.22248022E+04  0.22044752E+04  0.21840396E+04
  0.21636102E+04  0.21433089E+04  0.21232345E+04  0.21034240E+04  0.20839082E+04
  0.20647112E+04  0.20458569E+04  0.20273798E+04  0.20093196E+04  0.19917042E+04
  0.19745481E+04  0.19578612E+04  0.19416531E+04  0.19259334E+04  0.19107068E+04
  0.18959823E+04  0.18817594E+04  0.18680143E+04  0.18547451E+04  0.18419522E+04
  0.18296476E+04  0.18177877E+04  0.18065052E+04  0.17955717E+04  0.17854876E+04
  0.17736366E+04  0.17663829E+04  0.32155824E+04  0.32162271E+04  0.32184119E+04
  0.32205489E+04  0.32213826E+04  0.32217127E+04  0.32218339E+04  0.32218510E+04
  0.32218002E+04  0.32216938E+04  0.32215355E+04  0.32213219E+04  0.32210431E+04
  0.32206828E+04  0.32202170E+04  0.32196124E+04  0.32188239E+04  0.32177942E+04
  0.32164434E+04  0.32146617E+04  0.32123035E+04  0.32091770E+04  0.32050346E+04
  0.31995415E+04  0.31922022E+04  0.31826436E+04  0.31703851E+04  0.31548058E+04
  0.31355431E+04  0.31126245E+04  0.30867324E+04  0.30587943E+04  0.30308379E+04
  0.30047595E+04  0.29809578E+04  0.29592709E+04  0.29390199E+04  0.29194986E+04
  0.29003161E+04  0.28813711E+04  0.28627181E+04  0.28445269E+04  0.28269651E+04
  0.28101758E+04  0.27945323E+04  0.27802641E+04  0.27660502E+04  0.27499027E+04
  0.27305543E+04  0.27076735E+04  0.26814871E+04  0.26530398E+04  0.26228087E+04
  0.25908499E+04  0.25583956E+04  0.25257742E+04  0.24932447E+04  0.24618533E+04
  0.24322120E+04  0.24045438E+04  0.23788638E+04  0.23554976E+04  0.23344698E+04
  0.23147761E+04  0.22956647E+04  0.22769132E+04  0.22582438E+04  0.22393562E+04
  0.22200970E+04  0.22004496E+04  0.21805244E+04  0.21604635E+04  0.21403665E+04
  0.21203291E+04  0.21004172E+04  0.20807180E+04  0.20613266E+04  0.20422739E+04
  0.20235780E+04  0.20052520E+04  0.19873060E+04  0.19697531E+04  0.19526139E+04
  0.19359098E+04  0.19196545E+04  0.19038535E+04  0.18885083E+04  0.18736192E+04
  0.18591869E+04  0.18452127E+04  0.18317038E+04  0.18186488E+04  0.18060257E+04
  0.17938282E+04  0.17820736E+04  0.17707158E+04  0.17598733E+04  0.17493238E+04
  0.17395535E+04  0.17279756E+04  0.17208650E+04  0.32155977E+04  0.32162650E+04
  0.32185467E+04  0.32207808E+04  0.32216365E+04  0.32219602E+04  0.32220691E+04
  0.32220744E+04  0.32220145E+04  0.32219023E+04  0.32217410E+04  0.32215264E+04
  0.32212479E+04  0.32208886E+04  0.32204241E+04  0.32198207E+04  0.32190327E+04
  0.32180011E+04  0.32166451E+04  0.32148532E+04  0.32124774E+04  0.32093249E+04
  0.32051473E+04  0.31996083E+04  0.31922021E+04  0.31825639E+04  0.31702174E+04
  0.31545315E+04  0.31351458E+04  0.31120900E+04  0.30860505E+04  0.30579755E+04
  0.30299720E+04  0.30040259E+04  0.29805276E+04  0.29592190E+04  0.29393433E+04
  0.29201827E+04  0.29013496E+04  0.28827297E+04  0.28643670E+04  0.28464471E+04
  0.28291903E+04  0.28129033E+04  0.27976934E+04  0.27823735E+04  0.27639541E+04
  0.27412600E+04  0.27142122E+04  0.26837894E+04  0.26510453E+04  0.26162106E+04
  0.25804600E+04  0.25439891E+04  0.25074845E+04  0.24718830E+04  0.24376680E+04
  0.24052839E+04  0.23751133E+04  0.23473470E+04  0.23220036E+04  0.22992535E+04
  0.22785262E+04  0.22588561E+04  0.22397847E+04  0.22209627E+04  0.22021309E+04
  0.21830964E+04  0.21638046E+04  0.21442996E+04  0.21246811E+04  0.21050682E+04
  0.20855539E+04  0.20662081E+04  0.20470703E+04  0.20281964E+04  0.20096576E+04
  0.19914869E+04  0.19737008E+04  0.19563066E+04  0.19393079E+04  0.19227063E+04
  0.19065063E+04  0.18907161E+04  0.18753444E+04  0.18603958E+04  0.18458700E+04
  0.18317637E+04  0.18180733E+04  0.18047958E+04  0.17919294E+04  0.17794802E+04
  0.17674368E+04  0.17557710E+04  0.17444976E+04  0.17335796E+04  0.17231245E+04
  0.17129151E+04  0.17034224E+04  0.16920872E+04  0.16851048E+04  0.32156059E+04
  0.32162985E+04  0.32186668E+04  0.32209791E+04  0.32218475E+04  0.32221601E+04
  0.32222566E+04  0.32222527E+04  0.32221870E+04  0.32220721E+04  0.32219109E+04
  0.32216983E+04  0.32214229E+04  0.32210670E+04  0.32206056E+04  0.32200047E+04
  0.32192184E+04  0.32181866E+04  0.32168273E+04  0.32150269E+04  0.32126349E+04
  0.32094564E+04  0.32052424E+04  0.31996548E+04  0.31921764E+04  0.31824509E+04
  0.31700063E+04  0.31542007E+04  0.31346765E+04  0.31114687E+04  0.30852721E+04
  0.30570709E+04  0.30290606E+04  0.30033083E+04  0.29801898E+04  0.29593405E+04
  0.29399158E+04  0.29211640E+04  0.29026695E+04  0.28843036E+04  0.28661733E+04
  0.28485763E+04  0.28318213E+04  0.28157294E+04  0.27991050E+04  0.27786847E+04
  0.27525883E+04  0.27220330E+04  0.26878380E+04  0.26508270E+04  0.26120340E+04
  0.25722113E+04  0.25323550E+04  0.24932007E+04  0.24551632E+04  0.24187184E+04
  0.23842999E+04  0.23521983E+04  0.23226389E+04  0.22955885E+04  0.22712626E+04
  0.22494736E+04  0.22292212E+04  0.22099092E+04  0.21911356E+04  0.21725121E+04
  0.21538079E+04  0.21349226E+04  0.21158805E+04  0.20967680E+04  0.20776799E+04
  0.20587068E+04  0.20399261E+04  0.20213765E+04  0.20030929E+04  0.19851157E+04
  0.19674698E+04  0.19501839E+04  0.19332790E+04  0.19167662E+04  0.19006487E+04
  0.18849233E+04  0.18695847E+04  0.18546295E+04  0.18400576E+04  0.18258700E+04
  0.18120662E+04  0.17986430E+04  0.17855961E+04  0.17729207E+04  0.17606110E+04
  0.17486654E+04  0.17370912E+04  0.17258714E+04  0.17149994E+04  0.17044388E+04
  0.16942973E+04  0.16843636E+04  0.16750961E+04  0.16639561E+04  0.16570760E+04
  0.32156194E+04  0.32163316E+04  0.32187591E+04  0.32211217E+04  0.32219983E+04
  0.32223029E+04  0.32223900E+04  0.32223804E+04  0.32223133E+04  0.32222002E+04
  0.32220428E+04  0.32218354E+04  0.32215661E+04  0.32212162E+04  0.32207600E+04
  0.32201632E+04  0.32193797E+04  0.32183489E+04  0.32169879E+04  0.32151806E+04
  0.32127735E+04  0.32095696E+04  0.32053182E+04  0.31996798E+04  0.31921247E+04
  0.31823050E+04  0.31697533E+04  0.31538168E+04  0.31341422E+04  0.31107741E+04
  0.30844185E+04  0.30561155E+04  0.30281521E+04  0.30026574E+04  0.29799926E+04
  0.29596780E+04  0.29407522E+04  0.29223923E+04  0.29041554E+04  0.28859946E+04
  0.28682094E+04  0.28511037E+04  0.28343137E+04  0.28163763E+04  0.27945815E+04
  0.27660400E+04  0.27318757E+04  0.26940264E+04  0.26532180E+04  0.26107975E+04
  0.25677951E+04  0.25253865E+04  0.24840998E+04  0.24442530E+04  0.24061674E+04
  0.23701417E+04  0.23364126E+04  0.23052291E+04  0.22767357E+04  0.22509308E+04
  0.22279352E+04  0.22071126E+04  0.21874814E+04  0.21686434E+04  0.21502314E+04
  0.21318924E+04  0.21134296E+04  0.20948310E+04  0.20761791E+04  0.20575746E+04
  0.20390988E+04  0.20208151E+04  0.20027765E+04  0.19850071E+04  0.19675380E+04
  0.19503950E+04  0.19335779E+04  0.19171016E+04  0.19009849E+04  0.18852428E+04
  0.18698814E+04  0.18548988E+04  0.18402875E+04  0.18260379E+04  0.18121421E+04
  0.17985951E+04  0.17853936E+04  0.17725347E+04  0.17600150E+04  0.17478304E+04
  0.17359760E+04  0.17244448E+04  0.17132391E+04  0.17023599E+04  0.16918075E+04
  0.16815301E+04  0.16716291E+04  0.16619052E+04  0.16528086E+04  0.16418170E+04
  0.16350147E+04  0.32156304E+04  0.32163536E+04  0.32188104E+04  0.32211966E+04
  0.32220785E+04  0.32223817E+04  0.32224660E+04  0.32224556E+04  0.32223916E+04
  0.32222844E+04  0.32221346E+04  0.32219361E+04  0.32216760E+04  0.32213349E+04
  0.32208864E+04  0.32202956E+04  0.32195162E+04  0.32184875E+04  0.32171258E+04
  0.32153127E+04  0.32128915E+04  0.32096625E+04  0.32053732E+04  0.31996827E+04
  0.31920474E+04  0.31821277E+04  0.31694618E+04  0.31533858E+04  0.31335539E+04
  0.31100260E+04  0.30835169E+04  0.30551402E+04  0.30272752E+04  0.30021015E+04
  0.29799660E+04  0.29602426E+04  0.29418049E+04  0.29237599E+04  0.29057296E+04
  0.28879218E+04  0.28706452E+04  0.28533181E+04  0.28341995E+04  0.28110316E+04
  0.27813021E+04  0.27448087E+04  0.27035678E+04  0.26591531E+04  0.26133514E+04
  0.25678681E+04  0.25235128E+04  0.24807271E+04  0.24396675E+04  0.24003292E+04
  0.23629996E+04  0.23279169E+04  0.22952423E+04  0.22652711E+04  0.22380224E+04
  0.22136954E+04  0.21920654E+04  0.21720717E+04  0.21530618E+04  0.21346831E+04
  0.21165959E+04  0.20985173E+04  0.20803310E+04  0.20620805E+04  0.20438669E+04
  0.20257853E+04  0.20079024E+04  0.19902633E+04  0.19728941E+04  0.19558200E+04
  0.19390635E+04  0.19226282E+04  0.19065149E+04  0.18907297E+04  0.18752833E+04
  0.18601866E+04  0.18454460E+04  0.18310632E+04  0.18170332E+04  0.18033463E+04
  0.17899917E+04  0.17769594E+04  0.17642422E+04  0.17518350E+04  0.17397345E+04
  0.17279376E+04  0.17164402E+04  0.17052372E+04  0.16943253E+04  0.16837017E+04
  0.16733827E+04  0.16633237E+04  0.16536072E+04  0.16440370E+04  0.16350644E+04
  0.16241789E+04  0.16174321E+04  0.32156374E+04  0.32163608E+04  0.32188222E+04
  0.32212123E+04  0.32220942E+04  0.32223987E+04  0.32224862E+04  0.32224814E+04
  0.32224240E+04  0.32223250E+04  0.32221857E+04  0.32219995E+04  0.32217514E+04
  0.32214214E+04  0.32209830E+04  0.32204007E+04  0.32196275E+04  0.32186018E+04
  0.32172399E+04  0.32154218E+04  0.32129872E+04  0.32097338E+04  0.32054065E+04
  0.31996629E+04  0.31919450E+04  0.31819214E+04  0.31691364E+04  0.31529164E+04
  0.31329259E+04  0.31092459E+04  0.30825925E+04  0.30541611E+04  0.30264347E+04
  0.30016465E+04  0.29801153E+04  0.29609989E+04  0.29429834E+04  0.29252027E+04
  0.29075303E+04  0.28902439E+04  0.28726530E+04  0.28526275E+04  0.28280852E+04
  0.27974472E+04  0.27598000E+04  0.27162394E+04  0.26690252E+04  0.26206358E+04
  0.25730297E+04  0.25271269E+04  0.24831684E+04  0.24411640E+04  0.24011199E+04
  0.23628919E+04  0.23265553E+04  0.22923736E+04  0.22607662E+04  0.22320118E+04
  0.22061585E+04  0.21833012E+04  0.21627668E+04  0.21435010E+04  0.21250385E+04
  0.21070181E+04  0.20891523E+04  0.20712757E+04  0.20533642E+04  0.20354763E+04
  0.20176983E+04  0.20001064E+04  0.19827539E+04  0.19656743E+04  0.19488815E+04
  0.19323944E+04  0.19162246E+04  0.19003694E+04  0.18848308E+04  0.18696117E+04
  0.18547152E+04  0.18401452E+04  0.18259054E+04  0.18119979E+04  0.17984207E+04
  0.17851677E+04  0.17722296E+04  0.17595957E+04  0.17472567E+04  0.17352044E+04
  0.17234333E+04  0.17119395E+04  0.17007198E+04  0.16897699E+04  0.16790874E+04
  0.16686648E+04  0.16585151E+04  0.16486100E+04  0.16390340E+04  0.16295808E+04
  0.16206963E+04  0.16098826E+04  0.16031725E+04  0.32156387E+04  0.32163555E+04
  0.32188059E+04  0.32211875E+04  0.32220651E+04  0.32223707E+04  0.32224637E+04
  0.32224667E+04  0.32224164E+04  0.32223260E+04  0.32221987E+04  0.32220257E+04
  0.32217910E+04  0.32214744E+04  0.32210483E+04  0.32204766E+04  0.32197113E+04
  0.32186899E+04  0.32173287E+04  0.32155063E+04  0.32130591E+04  0.32097819E+04
  0.32054169E+04  0.31996194E+04  0.31918171E+04  0.31816878E+04  0.31687818E+04
  0.31524173E+04  0.31322716E+04  0.31084475E+04  0.30816534E+04  0.30531756E+04
  0.30256231E+04  0.30012883E+04  0.29804095E+04  0.29618658E+04  0.29442387E+04
  0.29268599E+04  0.29096938E+04  0.28920768E+04  0.28715048E+04  0.28458591E+04
  0.28143367E+04  0.27762899E+04  0.27319340E+04  0.26829199E+04  0.26325032E+04
  0.25833133E+04  0.25361386E+04  0.24912053E+04  0.24484991E+04  0.24076554E+04
  0.23684775E+04  0.23310847E+04  0.22955092E+04  0.22621601E+04  0.22316896E+04
  0.22042092E+04  0.21799051E+04  0.21584735E+04  0.21387753E+04  0.21201099E+04
  0.21020781E+04  0.20843137E+04  0.20666053E+04  0.20489131E+04  0.20312752E+04
  0.20137462E+04  0.19963854E+04  0.19792416E+04  0.19623539E+04  0.19457509E+04
  0.19294441E+04  0.19134409E+04  0.18977448E+04  0.18823580E+04  0.18672821E+04
  0.18525171E+04  0.18380618E+04  0.18239146E+04  0.18100748E+04  0.17965425E+04
  0.17833169E+04  0.17703954E+04  0.17577722E+04  0.17454393E+04  0.17333879E+04
  0.17216089E+04  0.17100943E+04  0.16988381E+04  0.16878360E+04  0.16770837E+04
  0.16665793E+04  0.16563154E+04  0.16463009E+04  0.16365059E+04  0.16270271E+04
  0.16176646E+04  0.16088474E+04  0.15980820E+04  0.15913959E+04  0.32156286E+04
  0.32163362E+04  0.32187623E+04  0.32211243E+04  0.32219973E+04  0.32223058E+04
  0.32224058E+04  0.32224175E+04  0.32223763E+04  0.32222958E+04  0.32221783E+04
  0.32220164E+04  0.32217955E+04  0.32214935E+04  0.32210815E+04  0.32205220E+04
  0.32197658E+04  0.32187499E+04  0.32173903E+04  0.32155643E+04  0.32131051E+04
  0.32098046E+04  0.32054022E+04  0.31995502E+04  0.31916628E+04  0.31814269E+04
  0.31683998E+04  0.31518925E+04  0.31315949E+04  0.31076288E+04  0.30806887E+04
  0.30521684E+04  0.30248318E+04  0.30010086E+04  0.29807850E+04  0.29628042E+04
  0.29457048E+04  0.29288277E+04  0.29113077E+04  0.28905496E+04  0.28641652E+04
  0.28319858E+04  0.27938078E+04  0.27496154E+04  0.27006324E+04  0.26492271E+04
  0.25985533E+04  0.25501966E+04  0.25043346E+04  0.24607261E+04  0.24190531E+04
  0.23788844E+04  0.23399781E+04  0.23028069E+04  0.22678638E+04  0.22356822E+04
  0.22066409E+04  0.21807667E+04  0.21580799E+04  0.21378302E+04  0.21188756E+04
  0.21007380E+04  0.20830199E+04  0.20654285E+04  0.20478681E+04  0.20303752E+04
  0.20130133E+04  0.19958283E+04  0.19788529E+04  0.19621143E+04  0.19456342E+04
  0.19294339E+04  0.19135257E+04  0.18979134E+04  0.18826000E+04  0.18675887E+04
  0.18528807E+04  0.18384747E+04  0.18243675E+04  0.18105544E+04  0.17970315E+04
  0.17837960E+04  0.17708465E+04  0.17581815E+04  0.17457986E+04  0.17336933E+04
  0.17218591E+04  0.17102881E+04  0.16989720E+04  0.16879033E+04  0.16770753E+04
  0.16664824E+04  0.16561221E+04  0.16459870E+04  0.16360858E+04  0.16263848E+04
  0.16169780E+04  0.16076790E+04  0.15989171E+04  0.15881924E+04  0.15815243E+04
  0.32156028E+04  0.32162891E+04  0.32186666E+04  0.32209950E+04  0.32218626E+04
  0.32221793E+04  0.32222952E+04  0.32223255E+04  0.32223040E+04  0.32222392E+04
  0.32221310E+04  0.32219769E+04  0.32217675E+04  0.32214800E+04  0.32210832E+04
  0.32205369E+04  0.32197906E+04  0.32187805E+04  0.32174229E+04  0.32155937E+04
  0.32131226E+04  0.32097989E+04  0.32053589E+04  0.31994517E+04  0.31914791E+04
  0.31811366E+04  0.31679886E+04  0.31513379E+04  0.31308857E+04  0.31067711E+04
  0.30796755E+04  0.30511230E+04  0.30240479E+04  0.30007653E+04  0.29812148E+04
  0.29639456E+04  0.29474277E+04  0.29301867E+04  0.29095489E+04  0.28828930E+04
  0.28503373E+04  0.28123140E+04  0.27686116E+04  0.27204697E+04  0.26696803E+04
  0.26183788E+04  0.25688286E+04  0.25218718E+04  0.24772623E+04  0.24344799E+04
  0.23930550E+04  0.23529469E+04  0.23143275E+04  0.22776047E+04  0.22435306E+04
  0.22127297E+04  0.21852493E+04  0.21611566E+04  0.21400222E+04  0.21206593E+04
  0.21023016E+04  0.20845461E+04  0.20670279E+04  0.20495697E+04  0.20321683E+04
  0.20148861E+04  0.19977874E+04  0.19809121E+04  0.19642736E+04  0.19478840E+04
  0.19317519E+04  0.19158851E+04  0.19002978E+04  0.18849982E+04  0.18699912E+04
  0.18552788E+04  0.18408612E+04  0.18267367E+04  0.18129017E+04  0.17993507E+04
  0.17860784E+04  0.17730800E+04  0.17603524E+04  0.17478939E+04  0.17357030E+04
  0.17237776E+04  0.17121138E+04  0.17007058E+04  0.16895469E+04  0.16786292E+04
  0.16679451E+04  0.16574868E+04  0.16472503E+04  0.16372277E+04  0.16274266E+04
  0.16178130E+04  0.16084753E+04  0.15992272E+04  0.15905088E+04  0.15798216E+04
  0.15731705E+04  0.32155637E+04  0.32162160E+04  0.32184998E+04  0.32207554E+04
  0.32216173E+04  0.32219576E+04  0.32221082E+04  0.32221745E+04  0.32221862E+04
  0.32221475E+04  0.32220579E+04  0.32219150E+04  0.32217133E+04  0.32214372E+04
  0.32210546E+04  0.32205220E+04  0.32197861E+04  0.32187818E+04  0.32174257E+04
  0.32155924E+04  0.32131085E+04  0.32097607E+04  0.32052818E+04  0.31993184E+04
  0.31912601E+04  0.31808094E+04  0.31675371E+04  0.31507369E+04  0.31301219E+04
  0.31058490E+04  0.30786093E+04  0.30500430E+04  0.30232452E+04  0.30005346E+04
  0.29818060E+04  0.29652876E+04  0.29484613E+04  0.29283451E+04  0.29020599E+04
  0.28695498E+04  0.28318498E+04  0.27889129E+04  0.27417631E+04  0.26921700E+04
  0.26415159E+04  0.25914096E+04  0.25432338E+04  0.24973305E+04  0.24532775E+04
  0.24106984E+04  0.23694157E+04  0.23294762E+04  0.22913066E+04  0.22554395E+04
  0.22226085E+04  0.21933029E+04  0.21674873E+04  0.21450456E+04  0.21250939E+04
  0.21064115E+04  0.20884909E+04  0.20709377E+04  0.20535085E+04  0.20361500E+04
  0.20189005E+04  0.20018189E+04  0.19849536E+04  0.19683375E+04  0.19519774E+04
  0.19358718E+04  0.19200227E+04  0.19044313E+04  0.18891073E+04  0.18740612E+04
  0.18592999E+04  0.18448265E+04  0.18306408E+04  0.18167409E+04  0.18031231E+04
  0.17897825E+04  0.17767134E+04  0.17639106E+04  0.17513696E+04  0.17390876E+04
  0.17270624E+04  0.17152921E+04  0.17037739E+04  0.16925042E+04  0.16814778E+04
  0.16706879E+04  0.16601268E+04  0.16497866E+04  0.16396617E+04  0.16297426E+04
  0.16200355E+04  0.16105057E+04  0.16012386E+04  0.15920464E+04  0.15833667E+04
  0.15727132E+04  0.15660815E+04  0.32155140E+04  0.32161206E+04  0.32182424E+04
  0.32203628E+04  0.32212282E+04  0.32216215E+04  0.32218310E+04  0.32219507E+04
  0.32220078E+04  0.32220070E+04  0.32219485E+04  0.32218279E+04  0.32216380E+04
  0.32213697E+04  0.32209977E+04  0.32204774E+04  0.32197522E+04  0.32187541E+04
  0.32173983E+04  0.32155591E+04  0.32130604E+04  0.32096859E+04  0.32051651E+04
  0.31991428E+04  0.31909962E+04  0.31804320E+04  0.31670273E+04  0.31500691E+04
  0.31292816E+04  0.31048379E+04  0.30774556E+04  0.30489081E+04  0.30224171E+04
  0.30003897E+04  0.29824944E+04  0.29658760E+04  0.29464403E+04  0.29210931E+04
  0.28894312E+04  0.28524122E+04  0.28104222E+04  0.27644239E+04  0.27160444E+04
  0.26664903E+04  0.26168261E+04  0.25679722E+04  0.25206061E+04  0.24750633E+04
  0.24311973E+04  0.23888044E+04  0.23477746E+04  0.23082029E+04  0.22706060E+04
  0.22358086E+04  0.22044855E+04  0.21768186E+04  0.21527938E+04  0.21318288E+04
  0.21126707E+04  0.20944505E+04  0.20767654E+04  0.20592824E+04  0.20418901E+04
  0.20246163E+04  0.20075068E+04  0.19906061E+04  0.19739445E+04  0.19575421E+04
  0.19414057E+04  0.19255300E+04  0.19099125E+04  0.18945523E+04  0.18794532E+04
  0.18646229E+04  0.18500690E+04  0.18357962E+04  0.18218052E+04  0.18080944E+04
  0.17946606E+04  0.17814990E+04  0.17686048E+04  0.17559727E+04  0.17435981E+04
  0.17314768E+04  0.17196048E+04  0.17079789E+04  0.16965965E+04  0.16854544E+04
  0.16745484E+04  0.16638727E+04  0.16534211E+04  0.16431862E+04  0.16331621E+04
  0.16233384E+04  0.16137197E+04  0.16042705E+04  0.15950735E+04  0.15859410E+04
  0.15773042E+04  0.15666845E+04  0.15600719E+04  0.32154392E+04  0.32159800E+04
  0.32178737E+04  0.32198153E+04  0.32207010E+04  0.32211727E+04  0.32214597E+04
  0.32216457E+04  0.32217591E+04  0.32218066E+04  0.32217888E+04  0.32217015E+04
  0.32215351E+04  0.32212783E+04  0.32209135E+04  0.32204029E+04  0.32196883E+04
  0.32186966E+04  0.32173402E+04  0.32154928E+04  0.32129763E+04  0.32095717E+04
  0.32050049E+04  0.31989179E+04  0.31906769E+04  0.31799897E+04  0.31664430E+04
  0.31493184E+04  0.31283443E+04  0.31037244E+04  0.30762067E+04  0.30477178E+04
  0.30216076E+04  0.30002440E+04  0.29823856E+04  0.29635584E+04  0.29394657E+04
  0.29090738E+04  0.28733628E+04  0.28327607E+04  0.27881393E+04  0.27410655E+04
  0.26926165E+04  0.26437750E+04  0.25951062E+04  0.25467753E+04  0.24996479E+04
  0.24543496E+04  0.24107410E+04  0.23685802E+04  0.23277611E+04  0.22885861E+04
  0.22517939E+04  0.22183157E+04  0.21886545E+04  0.21627955E+04  0.21404718E+04
  0.21206250E+04  0.21020347E+04  0.20841209E+04  0.20665139E+04  0.20490356E+04
  0.20316772E+04  0.20144903E+04  0.19975163E+04  0.19807832E+04  0.19643064E+04
  0.19480926E+04  0.19321462E+04  0.19164656E+04  0.19010477E+04  0.18858905E+04
  0.18709939E+04  0.18563612E+04  0.18419976E+04  0.18279078E+04  0.18140935E+04
  0.18005541E+04  0.17872872E+04  0.17742890E+04  0.17615549E+04  0.17490802E+04
  0.17368603E+04  0.17248899E+04  0.17131634E+04  0.17016764E+04  0.16904250E+04
  0.16794050E+04  0.16686123E+04  0.16580422E+04  0.16476898E+04  0.16375486E+04
  0.16276134E+04  0.16178745E+04  0.16083361E+04  0.15989619E+04  0.15898311E+04
  0.15807558E+04  0.15721639E+04  0.15615753E+04  0.15549759E+04  0.32153354E+04
  0.32158100E+04  0.32174656E+04  0.32192169E+04  0.32201109E+04  0.32206454E+04
  0.32210046E+04  0.32212591E+04  0.32214345E+04  0.32215375E+04  0.32215687E+04
  0.32215231E+04  0.32213903E+04  0.32211548E+04  0.32208000E+04  0.32202980E+04
  0.32195932E+04  0.32186076E+04  0.32172499E+04  0.32153925E+04  0.32128553E+04
  0.32094163E+04  0.32047983E+04  0.31986387E+04  0.31902952E+04  0.31794729E+04
  0.31657719E+04  0.31484697E+04  0.31272994E+04  0.31025239E+04  0.30749235E+04
  0.30465217E+04  0.30207468E+04  0.29994185E+04  0.29797065E+04  0.29566906E+04
  0.29281380E+04  0.28942092E+04  0.28553562E+04  0.28124473E+04  0.27668297E+04
  0.27195637E+04  0.26715691E+04  0.26234588E+04  0.25750691E+04  0.25268014E+04
  0.24799269E+04  0.24349487E+04  0.23916061E+04  0.23496156E+04  0.23090120E+04
  0.22703561E+04  0.22346404E+04  0.22026752E+04  0.21747638E+04  0.21508084E+04
  0.21299676E+04  0.21108800E+04  0.20926545E+04  0.20748892E+04  0.20573028E+04
  0.20398400E+04  0.20225422E+04  0.20054567E+04  0.19886225E+04  0.19720541E+04
  0.19557530E+04  0.19397172E+04  0.19239474E+04  0.19084450E+04  0.18932102E+04
  0.18782412E+04  0.18635359E+04  0.18490936E+04  0.18349153E+04  0.18210034E+04
  0.18073595E+04  0.17939839E+04  0.17808756E+04  0.17680318E+04  0.17554486E+04
  0.17431219E+04  0.17310469E+04  0.17192175E+04  0.17076273E+04  0.16962711E+04
  0.16851434E+04  0.16742387E+04  0.16635530E+04  0.16530819E+04  0.16428196E+04
  0.16327599E+04  0.16228989E+04  0.16132283E+04  0.16037529E+04  0.15944378E+04
  0.15853621E+04  0.15763378E+04  0.15677896E+04  0.15572356E+04  0.15506517E+04
  0.32152405E+04  0.32156712E+04  0.32171274E+04  0.32186833E+04  0.32195360E+04
  0.32200878E+04  0.32204935E+04  0.32208038E+04  0.32210365E+04  0.32211966E+04
  0.32212813E+04  0.32212838E+04  0.32211919E+04  0.32209882E+04  0.32206522E+04
  0.32201612E+04  0.32194650E+04  0.32184839E+04  0.32171243E+04  0.32152561E+04
  0.32126960E+04  0.32092187E+04  0.32045435E+04  0.31983029E+04  0.31898484E+04
  0.31788790E+04  0.31650081E+04  0.31475172E+04  0.31261658E+04  0.31012832E+04
  0.30736770E+04  0.30452590E+04  0.30192773E+04  0.29965870E+04  0.29733895E+04
  0.29461354E+04  0.29143556E+04  0.28778718E+04  0.28369664E+04  0.27929552E+04
  0.27469437E+04  0.26998789E+04  0.26523816E+04  0.26043807E+04  0.25559175E+04
  0.25078730E+04  0.24613426E+04  0.24166559E+04  0.23735009E+04  0.23316454E+04
  0.22913329E+04  0.22534240E+04  0.22190813E+04  0.21888588E+04  0.21628543E+04
  0.21406197E+04  0.21208410E+04  0.21022910E+04  0.20842946E+04  0.20665616E+04
  0.20489717E+04  0.20315415E+04  0.20143265E+04  0.19973649E+04  0.19806801E+04
  0.19642752E+04  0.19481443E+04  0.19322811E+04  0.19166841E+04  0.19013552E+04
  0.18862967E+04  0.18715080E+04  0.18569868E+04  0.18427291E+04  0.18287323E+04
  0.18149953E+04  0.18015179E+04  0.17883008E+04  0.17753441E+04  0.17626460E+04
  0.17502038E+04  0.17380141E+04  0.17260718E+04  0.17143712E+04  0.17029063E+04
  0.16916691E+04  0.16806519E+04  0.16698487E+04  0.16592574E+04  0.16488743E+04
  0.16386935E+04  0.16287088E+04  0.16189159E+04  0.16093058E+04  0.15998836E+04
  0.15906160E+04  0.15815825E+04  0.15725971E+04  0.15640834E+04  0.15535626E+04
  0.15469967E+04  0.32151669E+04  0.32155719E+04  0.32168680E+04  0.32182330E+04
  0.32190079E+04  0.32195399E+04  0.32199599E+04  0.32203038E+04  0.32205804E+04
  0.32207895E+04  0.32209257E+04  0.32209782E+04  0.32209322E+04  0.32207679E+04
  0.32204613E+04  0.32199864E+04  0.32192980E+04  0.32183206E+04  0.32169591E+04
  0.32150804E+04  0.32124963E+04  0.32089777E+04  0.32042397E+04  0.31979105E+04
  0.31893393E+04  0.31782114E+04  0.31641574E+04  0.31464822E+04  0.31249919E+04
  0.31000629E+04  0.30725419E+04  0.30436671E+04  0.30161917E+04  0.29903305E+04
  0.29635075E+04  0.29336012E+04  0.28994674E+04  0.28610815E+04  0.28189725E+04
  0.27743823E+04  0.27283433E+04  0.26815729E+04  0.26340899E+04  0.25859493E+04
  0.25376519E+04  0.24899594E+04  0.24437726E+04  0.23993363E+04  0.23563074E+04
  0.23145797E+04  0.22747161E+04  0.22378628E+04  0.22051695E+04  0.21769245E+04
  0.21528907E+04  0.21320602E+04  0.21129333E+04  0.20946674E+04  0.20767751E+04
  0.20590445E+04  0.20414631E+04  0.20240915E+04  0.20069838E+04  0.19901634E+04
  0.19736335E+04  0.19573889E+04  0.19414227E+04  0.19257280E+04  0.19103018E+04
  0.18951446E+04  0.18802579E+04  0.18656423E+04  0.18512956E+04  0.18372125E+04
  0.18233878E+04  0.18098175E+04  0.17964989E+04  0.17834321E+04  0.17706175E+04
  0.17580550E+04  0.17457429E+04  0.17336763E+04  0.17218489E+04  0.17102588E+04
  0.16989023E+04  0.16877708E+04  0.16768549E+04  0.16661469E+04  0.16556397E+04
  0.16453289E+04  0.16352133E+04  0.16252897E+04  0.16155542E+04  0.16059974E+04
  0.15966246E+04  0.15874019E+04  0.15784076E+04  0.15694569E+04  0.15609720E+04
  0.15504779E+04  0.15439265E+04  0.32150998E+04  0.32154883E+04  0.32166539E+04
  0.32178505E+04  0.32185411E+04  0.32190307E+04  0.32194383E+04  0.32197911E+04
  0.32200912E+04  0.32203332E+04  0.32205094E+04  0.32206069E+04  0.32206063E+04
  0.32204849E+04  0.32202145E+04  0.32197613E+04  0.32190834E+04  0.32181117E+04
  0.32167491E+04  0.32148609E+04  0.32122529E+04  0.32086911E+04  0.32038858E+04
  0.31974622E+04  0.31887729E+04  0.31774770E+04  0.31632346E+04  0.31454062E+04
  0.31238437E+04  0.30989100E+04  0.30710871E+04  0.30404567E+04  0.30093232E+04
  0.29795099E+04  0.29503162E+04  0.29191693E+04  0.28837306E+04  0.28441738E+04
  0.28013529E+04  0.27566026E+04  0.27107365E+04  0.26639411E+04  0.26163128E+04
  0.25683095E+04  0.25203419E+04  0.24730171E+04  0.24271638E+04  0.23829303E+04
  0.23399849E+04  0.22984463E+04  0.22592637E+04  0.22238256E+04  0.21929479E+04
  0.21667184E+04  0.21444474E+04  0.21246524E+04  0.21060234E+04  0.20879065E+04
  0.20700298E+04  0.20523014E+04  0.20347651E+04  0.20174878E+04  0.20005081E+04
  0.19838333E+04  0.19674557E+04  0.19513664E+04  0.19355583E+04  0.19200253E+04
  0.19047639E+04  0.18897722E+04  0.18750498E+04  0.18605966E+04  0.18464102E+04
  0.18324855E+04  0.18188166E+04  0.18053980E+04  0.17922263E+04  0.17792980E+04
  0.17666110E+04  0.17541686E+04  0.17419729E+04  0.17300182E+04  0.17182980E+04
  0.17068050E+04  0.16955343E+04  0.16844834E+04  0.16736475E+04  0.16630184E+04
  0.16525857E+04  0.16423410E+04  0.16322819E+04  0.16224066E+04  0.16127139E+04
  0.16031969E+04  0.15938617E+04  0.15846756E+04  0.15757167E+04  0.15667992E+04
  0.15583430E+04  0.15478757E+04  0.15413388E+04  0.32150445E+04  0.32154229E+04
  0.32164810E+04  0.32175300E+04  0.32181387E+04  0.32185792E+04  0.32189610E+04
  0.32193021E+04  0.32196014E+04  0.32198534E+04  0.32200499E+04  0.32201781E+04
  0.32202153E+04  0.32201339E+04  0.32199010E+04  0.32194755E+04  0.32188136E+04
  0.32178500E+04  0.32164881E+04  0.32145917E+04  0.32119600E+04  0.32083539E+04
  0.32034781E+04  0.31969541E+04  0.31881475E+04  0.31766793E+04  0.31622619E+04
  0.31443445E+04  0.31227784E+04  0.30976545E+04  0.30683735E+04  0.30340468E+04
  0.29977881E+04  0.29648979E+04  0.29348442E+04  0.29030581E+04  0.28672027E+04
  0.28272142E+04  0.27842400E+04  0.27396190E+04  0.26937395E+04  0.26468310E+04
  0.25993312E+04  0.25516333E+04  0.25040165E+04  0.24570651E+04  0.24115111E+04
  0.23674148E+04  0.23245208E+04  0.22833174E+04  0.22451378E+04  0.22114332E+04
  0.21825283E+04  0.21582280E+04  0.21373926E+04  0.21182763E+04  0.20999683E+04
  0.20819336E+04  0.20640514E+04  0.20463474E+04  0.20288918E+04  0.20117320E+04
  0.19948858E+04  0.19783504E+04  0.19621156E+04  0.19461719E+04  0.19305115E+04
  0.19151288E+04  0.19000197E+04  0.18851806E+04  0.18706087E+04  0.18563025E+04
  0.18422591E+04  0.18284746E+04  0.18149406E+04  0.18016512E+04  0.17886069E+04
  0.17758052E+04  0.17632396E+04  0.17509054E+04  0.17388037E+04  0.17269377E+04
  0.17153050E+04  0.17038954E+04  0.16926991E+04  0.16817133E+04  0.16709355E+04
  0.16603614E+04  0.16499850E+04  0.16397985E+04  0.16297939E+04  0.16199658E+04
  0.16103134E+04  0.16008317E+04  0.15915284E+04  0.15823716E+04  0.15734398E+04
  0.15645480E+04  0.15561148E+04  0.15456715E+04  0.15391481E+04  0.32150085E+04
  0.32153814E+04  0.32163478E+04  0.32172641E+04  0.32178012E+04  0.32181994E+04
  0.32185508E+04  0.32188668E+04  0.32191454E+04  0.32193843E+04  0.32195771E+04
  0.32197126E+04  0.32197697E+04  0.32197173E+04  0.32195175E+04  0.32191233E+04
  0.32184830E+04  0.32175301E+04  0.32161709E+04  0.32142664E+04  0.32116103E+04
  0.32079577E+04  0.32030083E+04  0.31963797E+04  0.31874614E+04  0.31758298E+04
  0.31612838E+04  0.31433594E+04  0.31217097E+04  0.30955867E+04  0.30631405E+04
  0.30238450E+04  0.29835305E+04  0.29492355E+04  0.29190076E+04  0.28869508E+04
  0.28508774E+04  0.28108578E+04  0.27679878E+04  0.27233607E+04  0.26773885E+04
  0.26305946E+04  0.25833749E+04  0.25359928E+04  0.24887228E+04  0.24421150E+04
  0.23967907E+04  0.23527462E+04  0.23099164E+04  0.22692699E+04  0.22324849E+04
  0.22007283E+04  0.21740262E+04  0.21515441E+04  0.21316691E+04  0.21129595E+04
  0.20947579E+04  0.20767251E+04  0.20588409E+04  0.20411886E+04  0.20238314E+04
  0.20067928E+04  0.19900734E+04  0.19736652E+04  0.19575592E+04  0.19417462E+04
  0.19262178E+04  0.19109686E+04  0.18959944E+04  0.18812907E+04  0.18668528E+04
  0.18526731E+04  0.18387493E+04  0.18250834E+04  0.18116687E+04  0.17984948E+04
  0.17855562E+04  0.17728542E+04  0.17603886E+04  0.17481500E+04  0.17361318E+04
  0.17243370E+04  0.17127671E+04  0.17014200E+04  0.16902885E+04  0.16793634E+04
  0.16686392E+04  0.16581124E+04  0.16477799E+04  0.16376366E+04  0.16276759E+04
  0.16178906E+04  0.16082774E+04  0.15988304E+04  0.15895577E+04  0.15804284E+04
  0.15715208E+04  0.15626515E+04  0.15542390E+04  0.15438173E+04  0.15373066E+04
  0.32149918E+04  0.32153607E+04  0.32162472E+04  0.32170529E+04  0.32175386E+04
  0.32179046E+04  0.32182231E+04  0.32185034E+04  0.32187475E+04  0.32189571E+04
  0.32191258E+04  0.32192443E+04  0.32192966E+04  0.32192531E+04  0.32190733E+04
  0.32187062E+04  0.32180907E+04  0.32171521E+04  0.32157948E+04  0.32138792E+04
  0.32111948E+04  0.32074921E+04  0.32024642E+04  0.31957254E+04  0.31867196E+04
  0.31749698E+04  0.31603644E+04  0.31424077E+04  0.31200889E+04  0.30915115E+04
  0.30545005E+04  0.30104679E+04  0.29681483E+04  0.29339633E+04  0.29040143E+04
  0.28720374E+04  0.28358001E+04  0.27957216E+04  0.27527361E+04  0.27079536E+04
  0.26620334E+04  0.26154589E+04  0.25685065E+04  0.25214131E+04  0.24744480E+04
  0.24281159E+04  0.23829204E+04  0.23388393E+04  0.22961748E+04  0.22564092E+04
  0.22213914E+04  0.21917088E+04  0.21671174E+04  0.21461994E+04  0.21269505E+04
  0.21084568E+04  0.20902553E+04  0.20722062E+04  0.20543539E+04  0.20367803E+04
  0.20195276E+04  0.20026025E+04  0.19859965E+04  0.19697003E+04  0.19537061E+04
  0.19380057E+04  0.19225917E+04  0.19074577E+04  0.18925951E+04  0.18780023E+04
  0.18636786E+04  0.18496133E+04  0.18357951E+04  0.18222216E+04  0.18088969E+04
  0.17958167E+04  0.17829686E+04  0.17703480E+04  0.17579571E+04  0.17457951E+04
  0.17338549E+04  0.17221299E+04  0.17106195E+04  0.16993243E+04  0.16882420E+04
  0.16773658E+04  0.16666886E+04  0.16562050E+04  0.16459115E+04  0.16358047E+04
  0.16258805E+04  0.16161329E+04  0.16065573E+04  0.15971458E+04  0.15879050E+04
  0.15788046E+04  0.15699216E+04  0.15610749E+04  0.15526830E+04  0.15422824E+04
  0.15357839E+04  0.32149847E+04  0.32153530E+04  0.32161813E+04  0.32169107E+04
  0.32173672E+04  0.32177038E+04  0.32179820E+04  0.32182190E+04  0.32184209E+04
  0.32185915E+04  0.32187248E+04  0.32188109E+04  0.32188369E+04  0.32187796E+04
  0.32185996E+04  0.32182456E+04  0.32176489E+04  0.32167211E+04  0.32153593E+04
  0.32134256E+04  0.32107062E+04  0.32069482E+04  0.32018429E+04  0.31950130E+04
  0.31859726E+04  0.31741590E+04  0.31594581E+04  0.31410132E+04  0.31167961E+04
  0.30844870E+04  0.30429169E+04  0.29954486E+04  0.29523807E+04  0.29193190E+04
  0.28902550E+04  0.28584601E+04  0.28221453E+04  0.27818148E+04  0.27385216E+04
  0.26936416E+04  0.26478256E+04  0.26014324E+04  0.25546956E+04  0.25078304E+04
  0.24611022E+04  0.24149533E+04  0.23697674E+04  0.23255982E+04  0.22832962E+04
  0.22448468E+04  0.22118678E+04  0.21844761E+04  0.21617327E+04  0.21418202E+04
  0.21229954E+04  0.21045830E+04  0.20863509E+04  0.20683097E+04  0.20505260E+04
  0.20330490E+04  0.20158981E+04  0.19990729E+04  0.19825649E+04  0.19663649E+04
  0.19504622E+04  0.19348495E+04  0.19195272E+04  0.19044917E+04  0.18897305E+04
  0.18752318E+04  0.18609925E+04  0.18470133E+04  0.18332829E+04  0.18197890E+04
  0.18065336E+04  0.17935215E+04  0.17807487E+04  0.17682051E+04  0.17558852E+04
  0.17437890E+04  0.17319134E+04  0.17202515E+04  0.17087984E+04  0.16975529E+04
  0.16865145E+04  0.16756803E+04  0.16650448E+04  0.16546016E+04  0.16443459E+04
  0.16342743E+04  0.16243839E+04  0.16146707E+04  0.16051305E+04  0.15957544E+04
  0.15865472E+04  0.15774777E+04  0.15686214E+04  0.15597988E+04  0.15514282E+04
  0.15410493E+04  0.15345633E+04  0.32149764E+04  0.32153537E+04  0.32161588E+04
  0.32168468E+04  0.32172834E+04  0.32175887E+04  0.32178195E+04  0.32180104E+04
  0.32181719E+04  0.32182999E+04  0.32183925E+04  0.32184392E+04  0.32184290E+04
  0.32183424E+04  0.32181426E+04  0.32177812E+04  0.32171818E+04  0.32162460E+04
  0.32148670E+04  0.32129051E+04  0.32101453E+04  0.32063369E+04  0.32011750E+04
  0.31942946E+04  0.31852820E+04  0.31733321E+04  0.31580861E+04  0.31381314E+04
  0.31108817E+04  0.30747632E+04  0.30297292E+04  0.29800402E+04  0.29368965E+04
  0.29055034E+04  0.28776653E+04  0.28460875E+04  0.28096568E+04  0.27689326E+04
  0.27253491E+04  0.26804190E+04  0.26346714E+04  0.25884058E+04  0.25418212E+04
  0.24951173E+04  0.24485534E+04  0.24024878E+04  0.23571914E+04  0.23129866E+04
  0.22713738E+04  0.22346789E+04  0.22039213E+04  0.21788616E+04  0.21577540E+04
  0.21383738E+04  0.21197021E+04  0.21012645E+04  0.20830032E+04  0.20649955E+04
  0.20472953E+04  0.20299155E+04  0.20128530E+04  0.19961045E+04  0.19796705E+04
  0.19635488E+04  0.19477267E+04  0.19321936E+04  0.19169437E+04  0.19019772E+04
  0.18872928E+04  0.18728735E+04  0.18587044E+04  0.18447868E+04  0.18311213E+04
  0.18176997E+04  0.18045142E+04  0.17915659E+04  0.17788563E+04  0.17663790E+04
  0.17541256E+04  0.17420918E+04  0.17302756E+04  0.17186721E+04  0.17072750E+04
  0.16960803E+04  0.16850868E+04  0.16742931E+04  0.16636963E+04  0.16532914E+04
  0.16430730E+04  0.16330370E+04  0.16231806E+04  0.16135004E+04  0.16039933E+04
  0.15946507E+04  0.15854765E+04  0.15764386E+04  0.15676108E+04  0.15588143E+04
  0.15504671E+04  0.15401118E+04  0.15336394E+04  0.32149597E+04  0.32153605E+04
  0.32161906E+04  0.32168642E+04  0.32172671E+04  0.32175369E+04  0.32177286E+04
  0.32178758E+04  0.32179964E+04  0.32180862E+04  0.32181388E+04  0.32181466E+04
  0.32180973E+04  0.32179717E+04  0.32177368E+04  0.32173431E+04  0.32167104E+04
  0.32157411E+04  0.32143289E+04  0.32123319E+04  0.32095412E+04  0.32057030E+04
  0.32004981E+04  0.31936224E+04  0.31845579E+04  0.31719912E+04  0.31553210E+04
  0.31329642E+04  0.31026033E+04  0.30635663E+04  0.30161092E+04  0.29648704E+04
  0.29221487E+04  0.28924898E+04  0.28658225E+04  0.28345736E+04  0.27979554E+04
  0.27568618E+04  0.27130758E+04  0.26681108E+04  0.26224102E+04  0.25762302E+04
  0.25297445E+04  0.24831453E+04  0.24366783E+04  0.23905939E+04  0.23450921E+04
  0.23010161E+04  0.22605593E+04  0.22259747E+04  0.21976981E+04  0.21746375E+04
  0.21545819E+04  0.21355593E+04  0.21169128E+04  0.20984346E+04  0.20801724E+04
  0.20622078E+04  0.20445751E+04  0.20272737E+04  0.20102898E+04  0.19936142E+04
  0.19772413E+04  0.19611714E+04  0.19454056E+04  0.19299376E+04  0.19147515E+04
  0.18998404E+04  0.18852074E+04  0.18708476E+04  0.18567459E+04  0.18428920E+04
  0.18292862E+04  0.18159275E+04  0.18028083E+04  0.17899245E+04  0.17772759E+04
  0.17648602E+04  0.17526701E+04  0.17406984E+04  0.17289409E+04  0.17173936E+04
  0.17060511E+04  0.16949080E+04  0.16839610E+04  0.16732086E+04  0.16626494E+04
  0.16522804E+04  0.16420977E+04  0.16320968E+04  0.16222739E+04  0.16126253E+04
  0.16031484E+04  0.15938360E+04  0.15846920E+04  0.15756846E+04  0.15668858E+04
  0.15581177E+04  0.15497970E+04  0.15394683E+04  0.15330108E+04  0.32149401E+04
  0.32153786E+04  0.32162758E+04  0.32169569E+04  0.32173126E+04  0.32175387E+04
  0.32177013E+04  0.32178153E+04  0.32178936E+04  0.32179457E+04  0.32179614E+04
  0.32179319E+04  0.32178432E+04  0.32176750E+04  0.32173926E+04  0.32169410E+04
  0.32162481E+04  0.32152256E+04  0.32137689E+04  0.32117429E+04  0.32089439E+04
  0.32050689E+04  0.31998232E+04  0.31927844E+04  0.31831948E+04  0.31693368E+04
  0.31506287E+04  0.31258857E+04  0.30931167E+04  0.30519652E+04  0.30026109E+04
  0.29501930E+04  0.29083469E+04  0.28805615E+04  0.28549101E+04  0.28238018E+04
  0.27868805E+04  0.27455185E+04  0.27015998E+04  0.26566139E+04  0.26109401E+04
  0.25648073E+04  0.25183718E+04  0.24718256E+04  0.24253876E+04  0.23791709E+04
  0.23334417E+04  0.22897742E+04  0.22509823E+04  0.22188191E+04  0.21930957E+04
  0.21716802E+04  0.21521124E+04  0.21332099E+04  0.21145180E+04  0.20960149E+04
  0.20777838E+04  0.20598776E+04  0.20423036E+04  0.20250539E+04  0.20081245E+04
  0.19915097E+04  0.19751943E+04  0.19591706E+04  0.19434448E+04  0.19280204E+04
  0.19128896E+04  0.18980389E+04  0.18834608E+04  0.18691547E+04  0.18551124E+04
  0.18413218E+04  0.18277786E+04  0.18144826E+04  0.18014292E+04  0.17886114E+04
  0.17760258E+04  0.17636705E+04  0.17515406E+04  0.17396287E+04  0.17279284E+04
  0.17164348E+04  0.17051433E+04  0.16940488E+04  0.16831470E+04  0.16724352E+04
  0.16619122E+04  0.16515767E+04  0.16414261E+04  0.16314563E+04  0.16216631E+04
  0.16120429E+04  0.16025935E+04  0.15933082E+04  0.15841914E+04  0.15752124E+04
  0.15664421E+04  0.15577030E+04  0.15494090E+04  0.15391066E+04  0.15326639E+04
  0.32149272E+04  0.32154121E+04  0.32164013E+04  0.32171130E+04  0.32174271E+04
  0.32176035E+04  0.32177275E+04  0.32178132E+04  0.32178584E+04  0.32178699E+04
  0.32178481E+04  0.32177823E+04  0.32176533E+04  0.32174380E+04  0.32170957E+04
  0.32165712E+04  0.32158048E+04  0.32147162E+04  0.32132065E+04  0.32111650E+04
  0.32083458E+04  0.32043870E+04  0.31988965E+04  0.31912146E+04  0.31805762E+04
  0.31651430E+04  0.31445400E+04  0.31179404E+04  0.30833374E+04  0.30404597E+04
  0.29894108E+04  0.29360212E+04  0.28954668E+04  0.28699392E+04  0.28452563E+04
  0.28140529E+04  0.27767296E+04  0.27350615E+04  0.26909842E+04  0.26459375E+04
  0.26002392E+04  0.25540968E+04  0.25076520E+04  0.24610993E+04  0.24146099E+04
  0.23681352E+04  0.23222638E+04  0.22794466E+04  0.22427985E+04  0.22133482E+04
  0.21897962E+04  0.21694810E+04  0.21502102E+04  0.21312718E+04  0.21125050E+04
  0.20939820E+04  0.20757804E+04  0.20579266E+04  0.20404091E+04  0.20232099E+04
  0.20063244E+04  0.19897510E+04  0.19734837E+04  0.19575137E+04  0.19418388E+04
  0.19264625E+04  0.19113837E+04  0.18965910E+04  0.18820723E+04  0.18678237E+04
  0.18538412E+04  0.18401154E+04  0.18266380E+04  0.18134061E+04  0.18004163E+04
  0.17876621E+04  0.17751375E+04  0.17628392E+04  0.17507635E+04  0.17389043E+04
  0.17272543E+04  0.17158076E+04  0.17045599E+04  0.16935074E+04  0.16826454E+04
  0.16719704E+04  0.16614804E+04  0.16511740E+04  0.16410495E+04  0.16311035E+04
  0.16213338E+04  0.16117384E+04  0.16023145E+04  0.15930551E+04  0.15839637E+04
  0.15750091E+04  0.15662587E+04  0.15575382E+04  0.15492652E+04  0.15389857E+04
  0.15325559E+04  0.32149220E+04  0.32154574E+04  0.32165544E+04  0.32173233E+04
  0.32176139E+04  0.32177407E+04  0.32178133E+04  0.32178586E+04  0.32178722E+04
  0.32178466E+04  0.32177863E+04  0.32176842E+04  0.32175102E+04  0.32172343E+04
  0.32168208E+04  0.32162224E+04  0.32153824E+04  0.32142173E+04  0.32126359E+04
  0.32105773E+04  0.32076389E+04  0.32033615E+04  0.31972650E+04  0.31886437E+04
  0.31768647E+04  0.31600453E+04  0.31379410E+04  0.31098180E+04  0.30736462E+04
  0.30291969E+04  0.29764895E+04  0.29222681E+04  0.28834011E+04  0.28604482E+04
  0.28367469E+04  0.28053996E+04  0.27676223E+04  0.27255681E+04  0.26812763E+04
  0.26360879E+04  0.25902844E+04  0.25440561E+04  0.24975290E+04  0.24508998E+04
  0.24042604E+04  0.23574162E+04  0.23115948E+04  0.22702031E+04  0.22361596E+04
  0.22094998E+04  0.21876363E+04  0.21678053E+04  0.21486044E+04  0.21296011E+04
  0.21108099E+04  0.20923147E+04  0.20741573E+04  0.20563472E+04  0.20388787E+04
  0.20217376E+04  0.20049081E+04  0.19883832E+04  0.19721642E+04  0.19562486E+04
  0.19406316E+04  0.19253121E+04  0.19102894E+04  0.18955560E+04  0.18810999E+04
  0.18669128E+04  0.18529900E+04  0.18393244E+04  0.18259071E+04  0.18127328E+04
  0.17997978E+04  0.17870970E+04  0.17746239E+04  0.17623732E+04  0.17503407E+04
  0.17385216E+04  0.17269097E+04  0.17154992E+04  0.17042860E+04  0.16932664E+04
  0.16824357E+04  0.16717896E+04  0.16613253E+04  0.16510412E+04  0.16409364E+04
  0.16310096E+04  0.16212582E+04  0.16116779E+04  0.16022666E+04  0.15930181E+04
  0.15839362E+04  0.15749916E+04  0.15662482E+04  0.15575358E+04  0.15492767E+04
  0.15390163E+04  0.15325981E+04  0.32149247E+04  0.32155114E+04  0.32167237E+04
  0.32175742E+04  0.32178676E+04  0.32179539E+04  0.32179729E+04  0.32179654E+04
  0.32179353E+04  0.32178742E+04  0.32177749E+04  0.32176278E+04  0.32173961E+04
  0.32170444E+04  0.32165523E+04  0.32158830E+04  0.32149720E+04  0.32137153E+04
  0.32120032E+04  0.32097540E+04  0.32064945E+04  0.32016878E+04  0.31948809E+04
  0.31854068E+04  0.31726420E+04  0.31546806E+04  0.31312685E+04  0.31017551E+04
  0.30641296E+04  0.30181338E+04  0.29637131E+04  0.29088174E+04  0.28720716E+04
  0.28518777E+04  0.28291035E+04  0.27975907E+04  0.27593290E+04  0.27168831E+04
  0.26723633E+04  0.26269693E+04  0.25809859E+04  0.25345967E+04  0.24879143E+04
  0.24411359E+04  0.23942329E+04  0.23469935E+04  0.23015762E+04  0.22622485E+04
  0.22311507E+04  0.22068826E+04  0.21861691E+04  0.21665683E+04  0.21473036E+04
  0.21282494E+04  0.21094855E+04  0.20910616E+04  0.20729777E+04  0.20552276E+04
  0.20378114E+04  0.20207221E+04  0.20039455E+04  0.19874746E+04  0.19713113E+04
  0.19554545E+04  0.19398985E+04  0.19246373E+04  0.19096679E+04  0.18949871E+04
  0.18805854E+04  0.18664506E+04  0.18525748E+04  0.18389536E+04  0.18255809E+04
  0.18124502E+04  0.17995559E+04  0.17868931E+04  0.17744560E+04  0.17622384E+04
  0.17502354E+04  0.17384431E+04  0.17268567E+04  0.17154710E+04  0.17042807E+04
  0.16932808E+04  0.16824668E+04  0.16718354E+04  0.16613837E+04  0.16511104E+04
  0.16410146E+04  0.16310963E+04  0.16213508E+04  0.16117719E+04  0.16023570E+04
  0.15931007E+04  0.15840102E+04  0.15750611E+04  0.15663186E+04  0.15576132E+04
  0.15493635E+04  0.15391176E+04  0.15327101E+04  0.32149329E+04  0.32155694E+04
  0.32169015E+04  0.32178552E+04  0.32181793E+04  0.32182427E+04  0.32182144E+04
  0.32181517E+04  0.32180694E+04  0.32179686E+04  0.32178266E+04  0.32176194E+04
  0.32173063E+04  0.32168618E+04  0.32162881E+04  0.32155499E+04  0.32145667E+04
  0.32132009E+04  0.32112822E+04  0.32085821E+04  0.32048144E+04  0.31995372E+04
  0.31921334E+04  0.31819248E+04  0.31682645E+04  0.31492650E+04  0.31246384E+04
  0.30937855E+04  0.30547158E+04  0.30071191E+04  0.29509220E+04  0.28954822E+04
  0.28613273E+04  0.28441077E+04  0.28221118E+04  0.27903884E+04  0.27516494E+04
  0.27088295E+04  0.26640794E+04  0.26184431E+04  0.25722263E+04  0.25256150E+04
  0.24787126E+04  0.24317169E+04  0.23844357E+04  0.23369057E+04  0.22924717E+04
  0.22558469E+04  0.22278005E+04  0.22053659E+04  0.21852417E+04  0.21657326E+04
  0.21464466E+04  0.21274118E+04  0.21087104E+04  0.20903584E+04  0.20723410E+04
  0.20546490E+04  0.20372850E+04  0.20202486E+04  0.20035303E+04  0.19871160E+04
  0.19710012E+04  0.19551887E+04  0.19396740E+04  0.19244489E+04  0.19095086E+04
  0.18948514E+04  0.18804711E+04  0.18663562E+04  0.18524993E+04  0.18388981E+04
  0.18255489E+04  0.18124439E+04  0.17995741E+04  0.17869334E+04  0.17745169E+04
  0.17623184E+04  0.17503325E+04  0.17385550E+04  0.17269819E+04  0.17156080E+04
  0.17044275E+04  0.16934347E+04  0.16826256E+04  0.16719978E+04  0.16615488E+04
  0.16512767E+04  0.16411792E+04  0.16312550E+04  0.16215020E+04  0.16119170E+04
  0.16024968E+04  0.15932357E+04  0.15841412E+04  0.15751896E+04  0.15664471E+04
  0.15577455E+04  0.15495025E+04  0.15392673E+04  0.15328673E+04  0.32149403E+04
  0.32156257E+04  0.32170837E+04  0.32181603E+04  0.32185412E+04  0.32186028E+04
  0.32185398E+04  0.32184306E+04  0.32183006E+04  0.32181520E+04  0.32179598E+04
  0.32176779E+04  0.32172554E+04  0.32167113E+04  0.32160714E+04  0.32152730E+04
  0.32142080E+04  0.32127045E+04  0.32105285E+04  0.32073102E+04  0.32030042E+04
  0.31972903E+04  0.31893311E+04  0.31784109E+04  0.31638848E+04  0.31439183E+04
  0.31181228E+04  0.30859111E+04  0.30453409E+04  0.29960377E+04  0.29379740E+04
  0.28821131E+04  0.28511308E+04  0.28372157E+04  0.28158247E+04  0.27838179E+04
  0.27446139E+04  0.27014232E+04  0.26564126E+04  0.26104886E+04  0.25639867E+04
  0.25170965E+04  0.24699176E+04  0.24226413E+04  0.23748899E+04  0.23273306E+04
  0.22846557E+04  0.22512725E+04  0.22260535E+04  0.22049281E+04  0.21850584E+04
  0.21655108E+04  0.21461982E+04  0.21271908E+04  0.21085341E+04  0.20902226E+04
  0.20722428E+04  0.20545878E+04  0.20372594E+04  0.20202598E+04  0.20035824E+04
  0.19872068E+04  0.19711213E+04  0.19553295E+04  0.19398289E+04  0.19246133E+04
  0.19096772E+04  0.18950173E+04  0.18806288E+04  0.18665054E+04  0.18526434E+04
  0.18390404E+04  0.18256922E+04  0.18125907E+04  0.17997264E+04  0.17870924E+04
  0.17746827E+04  0.17624909E+04  0.17505107E+04  0.17387364E+04  0.17271637E+04
  0.17157885E+04  0.17046059E+04  0.16936117E+04  0.16828024E+04  0.16721749E+04
  0.16617263E+04  0.16514535E+04  0.16413534E+04  0.16314235E+04  0.16216638E+04
  0.16120729E+04  0.16026499E+04  0.15933899E+04  0.15842975E+04  0.15753486E+04
  0.15666073E+04  0.15579073E+04  0.15496697E+04  0.15394436E+04  0.15330491E+04
  0.32149424E+04  0.32156769E+04  0.32172694E+04  0.32184891E+04  0.32189510E+04
  0.32190334E+04  0.32189531E+04  0.32188089E+04  0.32186366E+04  0.32184409E+04
  0.32181902E+04  0.32178276E+04  0.32173162E+04  0.32167150E+04  0.32160448E+04
  0.32151877E+04  0.32140089E+04  0.32123222E+04  0.32098709E+04  0.32063050E+04
  0.32015111E+04  0.31952463E+04  0.31866980E+04  0.31750596E+04  0.31597024E+04
  0.31387782E+04  0.31117832E+04  0.30781576E+04  0.30360357E+04  0.29849699E+04
  0.29250159E+04  0.28692129E+04  0.28420637E+04  0.28314932E+04  0.28105042E+04
  0.27781525E+04  0.27384893E+04  0.26948948E+04  0.26495449E+04  0.26032641E+04
  0.25564137E+04  0.25091755E+04  0.24616542E+04  0.24140354E+04  0.23657911E+04
  0.23185917E+04  0.22785089E+04  0.22486797E+04  0.22257215E+04  0.22053062E+04
  0.21855066E+04  0.21659019E+04  0.21465413E+04  0.21275279E+04  0.21088735E+04
  0.20905637E+04  0.20725865E+04  0.20549347E+04  0.20376054E+04  0.20205984E+04
  0.20039106E+04  0.19875326E+04  0.19714522E+04  0.19556623E+04  0.19401604E+04
  0.19249416E+04  0.19099999E+04  0.18953315E+04  0.18809324E+04  0.18667984E+04
  0.18529270E+04  0.18393145E+04  0.18259556E+04  0.18128435E+04  0.17999711E+04
  0.17873312E+04  0.17749162E+04  0.17627192E+04  0.17507333E+04  0.17389523E+04
  0.17273721E+04  0.17159891E+04  0.17047990E+04  0.16937981E+04  0.16829839E+04
  0.16723532E+04  0.16619025E+04  0.16516278E+04  0.16415256E+04  0.16315932E+04
  0.16218304E+04  0.16122359E+04  0.16028091E+04  0.15935457E+04  0.15844512E+04
  0.15755019E+04  0.15667605E+04  0.15580614E+04  0.15498272E+04  0.15396091E+04
  0.15332207E+04  0.32149406E+04  0.32157260E+04  0.32174642E+04  0.32188485E+04
  0.32194170E+04  0.32195460E+04  0.32194677E+04  0.32192970E+04  0.32190745E+04
  0.32188103E+04  0.32184820E+04  0.32181037E+04  0.32176749E+04  0.32171457E+04
  0.32164494E+04  0.32154701E+04  0.32140878E+04  0.32121452E+04  0.32094224E+04
  0.32056354E+04  0.32004679E+04  0.31935416E+04  0.31843496E+04  0.31721529E+04
  0.31561364E+04  0.31344041E+04  0.31062578E+04  0.30712022E+04  0.30275176E+04
  0.29746847E+04  0.29129823E+04  0.28580201E+04  0.28349765E+04  0.28272497E+04
  0.28064947E+04  0.27737193E+04  0.27335788E+04  0.26895568E+04  0.26438043E+04
  0.25971216E+04  0.25498869E+04  0.25022801E+04  0.24543891E+04  0.24063607E+04
  0.23576896E+04  0.23113783E+04  0.22745497E+04  0.22480908E+04  0.22266128E+04
  0.22063891E+04  0.21864337E+04  0.21667202E+04  0.21473100E+04  0.21282596E+04
  0.21095645E+04  0.20912161E+04  0.20732057E+04  0.20555235E+04  0.20381601E+04
  0.20211120E+04  0.20043782E+04  0.19879594E+04  0.19718484E+04  0.19560336E+04
  0.19405093E+04  0.19252693E+04  0.19103077E+04  0.18956206E+04  0.18812053E+04
  0.18670601E+04  0.18531810E+04  0.18395615E+04  0.18261948E+04  0.18130744E+04
  0.18001940E+04  0.17875463E+04  0.17751231E+04  0.17629173E+04  0.17509225E+04
  0.17391329E+04  0.17275449E+04  0.17161546E+04  0.17049580E+04  0.16939518E+04
  0.16831333E+04  0.16724987E+04  0.16620445E+04  0.16517664E+04  0.16416613E+04
  0.16317265E+04  0.16219602E+04  0.16123606E+04  0.16029272E+04  0.15936571E+04
  0.15845574E+04  0.15756047E+04  0.15668604E+04  0.15581604E+04  0.15499280E+04
  0.15397164E+04  0.15333334E+04  0.32149323E+04  0.32157534E+04  0.32176041E+04
  0.32191219E+04  0.32197785E+04  0.32199502E+04  0.32198777E+04  0.32196852E+04
  0.32194121E+04  0.32190633E+04  0.32186570E+04  0.32183179E+04  0.32180651E+04
  0.32176600E+04  0.32169118E+04  0.32157574E+04  0.32141167E+04  0.32118920E+04
  0.32089247E+04  0.32049216E+04  0.31994952E+04  0.31921307E+04  0.31823302E+04
  0.31694239E+04  0.31525759E+04  0.31299145E+04  0.31004352E+04  0.30639771E+04
  0.30191256E+04  0.29650726E+04  0.29022024E+04  0.28486797E+04  0.28296644E+04
  0.28241215E+04  0.28032854E+04  0.27699385E+04  0.27292636E+04  0.26848499E+04
  0.26387073E+04  0.25916311E+04  0.25440184E+04  0.24960600E+04  0.24478078E+04
  0.23993369E+04  0.23503440E+04  0.23055085E+04  0.22725016E+04  0.22489653E+04
  0.22280749E+04  0.22076398E+04  0.21874363E+04  0.21676024E+04  0.21481604E+04
  0.21290813E+04  0.21103456E+04  0.20919546E+04  0.20739084E+04  0.20561974E+04
  0.20388058E+04  0.20217242E+04  0.20049523E+04  0.19884951E+04  0.19723514E+04
  0.19565102E+04  0.19409608E+04  0.19256967E+04  0.19107136E+04  0.18960063E+04
  0.18815729E+04  0.18674146E+04  0.18535276E+04  0.18399038E+04  0.18265344E+04
  0.18134118E+04  0.18005294E+04  0.17878794E+04  0.17754533E+04  0.17632443E+04
  0.17512458E+04  0.17394527E+04  0.17278611E+04  0.17164663E+04  0.17052651E+04
  0.16942554E+04  0.16834344E+04  0.16727971E+04  0.16623399E+04  0.16520587E+04
  0.16419507E+04  0.16320133E+04  0.16222431E+04  0.16126380E+04  0.16031984E+04
  0.15939224E+04  0.15848177E+04  0.15758604E+04  0.15671112E+04  0.15584080E+04
  0.15501742E+04  0.15399626E+04  0.15335804E+04  0.32149252E+04  0.32157558E+04
  0.32176432E+04  0.32192066E+04  0.32198912E+04  0.32200753E+04  0.32200027E+04
  0.32197999E+04  0.32195048E+04  0.32191186E+04  0.32186807E+04  0.32183569E+04
  0.32181698E+04  0.32178082E+04  0.32170291E+04  0.32157891E+04  0.32140250E+04
  0.32116702E+04  0.32085937E+04  0.32044933E+04  0.31989476E+04  0.31914877E+04
  0.31814235E+04  0.31679966E+04  0.31505645E+04  0.31272960E+04  0.30970160E+04
  0.30598600E+04  0.30146242E+04  0.29602399E+04  0.28970296E+04  0.28443397E+04
  0.28273217E+04  0.28227125E+04  0.28017039E+04  0.27680284E+04  0.27270676E+04
  0.26824744E+04  0.26361489E+04  0.25888827E+04  0.25410847E+04  0.24929496E+04
  0.24445149E+04  0.23958243E+04  0.23466969E+04  0.23027351E+04  0.22717935E+04
  0.22496296E+04  0.22288019E+04  0.22081714E+04  0.21878709E+04  0.21679988E+04
  0.21485476E+04  0.21294636E+04  0.21107193E+04  0.20923172E+04  0.20742619E+04
  0.20565449E+04  0.20391482E+04  0.20220587E+04  0.20052763E+04  0.19888088E+04
  0.19726573E+04  0.19568098E+04  0.19412536E+04  0.19259825E+04  0.19109930E+04
  0.18962797E+04  0.18818402E+04  0.18676764E+04  0.18537858E+04  0.18401602E+04
  0.18267901E+04  0.18136671E+04  0.18007849E+04  0.17881354E+04  0.17757095E+04
  0.17635004E+04  0.17515016E+04  0.17397083E+04  0.17281162E+04  0.17167199E+04
  0.17055165E+04  0.16945049E+04  0.16836824E+04  0.16730437E+04  0.16625850E+04
  0.16523023E+04  0.16421927E+04  0.16322535E+04  0.16224812E+04  0.16128741E+04
  0.16034320E+04  0.15941535E+04  0.15850463E+04  0.15760862E+04  0.15673336E+04
  0.15586277E+04  0.15503920E+04  0.15401776E+04  0.15337939E+04
