  0.33047958E+04  0.32663008E+04  0.32220603E+04  0.32164352E+04  0.32166867E+04
  0.32169095E+04  0.32170601E+04  0.32171522E+04  0.32172006E+04  0.32172108E+04
  0.32171872E+04  0.32171326E+04  0.32170409E+04  0.32169055E+04  0.32167176E+04
  0.32164645E+04  0.32161292E+04  0.32156890E+04  0.32151134E+04  0.32143620E+04
  0.32133825E+04  0.32121056E+04  0.32104404E+04  0.32082696E+04  0.32054483E+04
  0.32018065E+04  0.31971579E+04  0.31913104E+04  0.31841086E+04  0.31755007E+04
  0.31656518E+04  0.31550354E+04  0.31440408E+04  0.31327849E+04  0.31213691E+04
  0.31099134E+04  0.30985473E+04  0.30873693E+04  0.30764190E+04  0.30657009E+04
  0.30552066E+04  0.30449268E+04  0.30348609E+04  0.30250189E+04  0.30154276E+04
  0.30061269E+04  0.29971253E+04  0.29883880E+04  0.29798798E+04  0.29715827E+04
  0.29634876E+04  0.29555889E+04  0.29478825E+04  0.29403653E+04  0.29330345E+04
  0.29258870E+04  0.29189200E+04  0.29121302E+04  0.29055137E+04  0.28990664E+04
  0.28927839E+04  0.28866619E+04  0.28806963E+04  0.28748829E+04  0.28692185E+04
  0.28637006E+04  0.28583278E+04  0.28530989E+04  0.28480102E+04  0.28430600E+04
  0.28382516E+04  0.28335892E+04  0.28290754E+04  0.28247105E+04  0.28204940E+04
  0.28164244E+04  0.28125003E+04  0.28087194E+04  0.28050780E+04  0.28015696E+04
  0.27981841E+04  0.27949085E+04  0.27917290E+04  0.27886331E+04  0.27856104E+04
  0.27826521E+04  0.27797513E+04  0.27769027E+04  0.27741017E+04  0.27713445E+04
  0.27686273E+04  0.27659466E+04  0.27632995E+04  0.27606827E+04  0.27580944E+04
  0.27555294E+04  0.27529930E+04  0.27504474E+04  0.27480169E+04  0.27449713E+04
  0.27430689E+04  0.33046413E+04  0.32660293E+04  0.32218677E+04  0.32164389E+04
  0.32166910E+04  0.32169141E+04  0.32170647E+04  0.32171571E+04  0.32172058E+04
  0.32172160E+04  0.32171922E+04  0.32171372E+04  0.32170450E+04  0.32169093E+04
  0.32167209E+04  0.32164674E+04  0.32161317E+04  0.32156913E+04  0.32151155E+04
  0.32143641E+04  0.32133845E+04  0.32121074E+04  0.32104420E+04  0.32082713E+04
  0.32054503E+04  0.32018100E+04  0.31971631E+04  0.31913195E+04  0.31841249E+04
  0.31755268E+04  0.31656865E+04  0.31550782E+04  0.31441001E+04  0.31328607E+04
  0.31214537E+04  0.31100032E+04  0.30986403E+04  0.30874644E+04  0.30765151E+04
  0.30657973E+04  0.30553022E+04  0.30450204E+04  0.30349519E+04  0.30251067E+04
  0.30155113E+04  0.30062055E+04  0.29971973E+04  0.29884528E+04  0.29799382E+04
  0.29716355E+04  0.29635354E+04  0.29556321E+04  0.29479214E+04  0.29404000E+04
  0.29330648E+04  0.29259131E+04  0.29189418E+04  0.29121477E+04  0.29055271E+04
  0.28990757E+04  0.28927892E+04  0.28866635E+04  0.28806942E+04  0.28748774E+04
  0.28692097E+04  0.28636889E+04  0.28583136E+04  0.28530824E+04  0.28479919E+04
  0.28430407E+04  0.28382320E+04  0.28335700E+04  0.28290569E+04  0.28246930E+04
  0.28204781E+04  0.28164104E+04  0.28124881E+04  0.28087089E+04  0.28050685E+04
  0.28015602E+04  0.27981740E+04  0.27948971E+04  0.27917162E+04  0.27886191E+04
  0.27855954E+04  0.27826366E+04  0.27797357E+04  0.27768875E+04  0.27740873E+04
  0.27713313E+04  0.27686156E+04  0.27659368E+04  0.27632919E+04  0.27606776E+04
  0.27580921E+04  0.27555304E+04  0.27529976E+04  0.27504557E+04  0.27480296E+04
  0.27449884E+04  0.27430879E+04  0.33040929E+04  0.32653559E+04  0.32214759E+04
  0.32164551E+04  0.32167095E+04  0.32169337E+04  0.32170845E+04  0.32171773E+04
  0.32172265E+04  0.32172367E+04  0.32172122E+04  0.32171560E+04  0.32170625E+04
  0.32169252E+04  0.32167353E+04  0.32164803E+04  0.32161434E+04  0.32157017E+04
  0.32151250E+04  0.32143730E+04  0.32133928E+04  0.32121149E+04  0.32104488E+04
  0.32082778E+04  0.32054573E+04  0.32018191E+04  0.31971759E+04  0.31913396E+04
  0.31841568E+04  0.31755743E+04  0.31657496E+04  0.31551566E+04  0.31442002E+04
  0.31329813E+04  0.31215864E+04  0.31101437E+04  0.30987856E+04  0.30876123E+04
  0.30766633E+04  0.30659434E+04  0.30554435E+04  0.30451548E+04  0.30350782E+04
  0.30252238E+04  0.30156174E+04  0.30062979E+04  0.29972739E+04  0.29885123E+04
  0.29799793E+04  0.29716568E+04  0.29635355E+04  0.29556099E+04  0.29478757E+04
  0.29403301E+04  0.29329702E+04  0.29257934E+04  0.29187970E+04  0.29119778E+04
  0.29053321E+04  0.28988559E+04  0.28925448E+04  0.28863947E+04  0.28804016E+04
  0.28745617E+04  0.28688719E+04  0.28633302E+04  0.28579350E+04  0.28526848E+04
  0.28475769E+04  0.28426111E+04  0.28377902E+04  0.28331181E+04  0.28285962E+04
  0.28242248E+04  0.28200037E+04  0.28159307E+04  0.28120033E+04  0.28082180E+04
  0.28045698E+04  0.28010513E+04  0.27976528E+04  0.27943627E+04  0.27911688E+04
  0.27880598E+04  0.27850255E+04  0.27820576E+04  0.27791494E+04  0.27762951E+04
  0.27734903E+04  0.27707305E+04  0.27680123E+04  0.27653319E+04  0.27626865E+04
  0.27600728E+04  0.27574889E+04  0.27549296E+04  0.27524003E+04  0.27498628E+04
  0.27474419E+04  0.27444082E+04  0.27425122E+04  0.33030619E+04  0.32644143E+04
  0.32210671E+04  0.32164924E+04  0.32167511E+04  0.32169771E+04  0.32171281E+04
  0.32172208E+04  0.32172696E+04  0.32172790E+04  0.32172531E+04  0.32171949E+04
  0.32170989E+04  0.32169590E+04  0.32167664E+04  0.32165088E+04  0.32161692E+04
  0.32157251E+04  0.32151461E+04  0.32143921E+04  0.32134100E+04  0.32121301E+04
  0.32104621E+04  0.32082895E+04  0.32054679E+04  0.32018293E+04  0.31971875E+04
  0.31913545E+04  0.31841773E+04  0.31756007E+04  0.31657862E+04  0.31552039E+04
  0.31442511E+04  0.31330344E+04  0.31216415E+04  0.31102007E+04  0.30988439E+04
  0.30876706E+04  0.30767192E+04  0.30659940E+04  0.30554855E+04  0.30451843E+04
  0.30350908E+04  0.30252143E+04  0.30155801E+04  0.30062263E+04  0.29971641E+04
  0.29883621E+04  0.29797858E+04  0.29714174E+04  0.29632478E+04  0.29552715E+04
  0.29474854E+04  0.29398874E+04  0.29324751E+04  0.29252463E+04  0.29181987E+04
  0.29113299E+04  0.29046363E+04  0.28981142E+04  0.28917594E+04  0.28855678E+04
  0.28795351E+04  0.28736575E+04  0.28679322E+04  0.28623572E+04  0.28569313E+04
  0.28516534E+04  0.28465219E+04  0.28415378E+04  0.28367035E+04  0.28320211E+04
  0.28274915E+04  0.28231149E+04  0.28188902E+04  0.28148142E+04  0.28108838E+04
  0.28070947E+04  0.28034410E+04  0.27999152E+04  0.27965082E+04  0.27932098E+04
  0.27900084E+04  0.27868931E+04  0.27838543E+04  0.27808833E+04  0.27779733E+04
  0.27751185E+04  0.27723139E+04  0.27695551E+04  0.27668382E+04  0.27641596E+04
  0.27615161E+04  0.27589043E+04  0.27563225E+04  0.27537655E+04  0.27512385E+04
  0.27487034E+04  0.27462846E+04  0.27432539E+04  0.27413602E+04  0.33015459E+04
  0.32631934E+04  0.32206335E+04  0.32165552E+04  0.32168206E+04  0.32170493E+04
  0.32172001E+04  0.32172915E+04  0.32173382E+04  0.32173455E+04  0.32173174E+04
  0.32172561E+04  0.32171566E+04  0.32170131E+04  0.32168168E+04  0.32165553E+04
  0.32162119E+04  0.32157639E+04  0.32151810E+04  0.32144233E+04  0.32134374E+04
  0.32121540E+04  0.32104823E+04  0.32083061E+04  0.32054806E+04  0.32018383E+04
  0.31971933E+04  0.31913575E+04  0.31841784E+04  0.31755994E+04  0.31657844E+04
  0.31551990E+04  0.31442373E+04  0.31330120E+04  0.31216117E+04  0.31101646E+04
  0.30988020E+04  0.30876214E+04  0.30766602E+04  0.30659213E+04  0.30553943E+04
  0.30450684E+04  0.30349425E+04  0.30250256E+04  0.30153409E+04  0.30059259E+04
  0.29967959E+04  0.29879249E+04  0.29792797E+04  0.29708435E+04  0.29626090E+04
  0.29545724E+04  0.29467310E+04  0.29390818E+04  0.29316216E+04  0.29243497E+04
  0.29172657E+04  0.29103662E+04  0.29036470E+04  0.28971035E+04  0.28907313E+04
  0.28845262E+04  0.28784840E+04  0.28726011E+04  0.28668748E+04  0.28613033E+04
  0.28558844E+04  0.28506149E+04  0.28454942E+04  0.28405247E+04  0.28357081E+04
  0.28310448E+04  0.28265351E+04  0.28221798E+04  0.28179776E+04  0.28139260E+04
  0.28100214E+04  0.28062587E+04  0.28026305E+04  0.27991281E+04  0.27957423E+04
  0.27924631E+04  0.27892799E+04  0.27861822E+04  0.27831610E+04  0.27802077E+04
  0.27773156E+04  0.27744787E+04  0.27716918E+04  0.27689502E+04  0.27662498E+04
  0.27635870E+04  0.27609586E+04  0.27583610E+04  0.27557926E+04  0.27532482E+04
  0.27507326E+04  0.27482078E+04  0.27457973E+04  0.27427740E+04  0.27408842E+04
  0.32995499E+04  0.32616920E+04  0.32201716E+04  0.32166444E+04  0.32169197E+04
  0.32171528E+04  0.32173034E+04  0.32173928E+04  0.32174358E+04  0.32174393E+04
  0.32174078E+04  0.32173423E+04  0.32172384E+04  0.32170902E+04  0.32168890E+04
  0.32166224E+04  0.32162737E+04  0.32158203E+04  0.32152320E+04  0.32144688E+04
  0.32134775E+04  0.32121885E+04  0.32105113E+04  0.32083292E+04  0.32054974E+04
  0.32018484E+04  0.31971963E+04  0.31913533E+04  0.31841659E+04  0.31755800E+04
  0.31657517E+04  0.31551465E+04  0.31441679E+04  0.31329265E+04  0.31215108E+04
  0.31100489E+04  0.30986712E+04  0.30874734E+04  0.30764908E+04  0.30657247E+04
  0.30551637E+04  0.30447966E+04  0.30346215E+04  0.30246474E+04  0.30148969E+04
  0.30054096E+04  0.29962106E+04  0.29872796E+04  0.29785827E+04  0.29701050E+04
  0.29618415E+04  0.29537875E+04  0.29459387E+04  0.29382918E+04  0.29308445E+04
  0.29235932E+04  0.29165317E+04  0.29096549E+04  0.29029581E+04  0.28964385E+04
  0.28900938E+04  0.28839196E+04  0.28779120E+04  0.28720676E+04  0.28663836E+04
  0.28608579E+04  0.28554878E+04  0.28502702E+04  0.28452064E+04  0.28402997E+04
  0.28355508E+04  0.28309595E+04  0.28265253E+04  0.28222479E+04  0.28181260E+04
  0.28141574E+04  0.28103371E+04  0.28066581E+04  0.28031113E+04  0.27996862E+04
  0.27963720E+04  0.27931586E+04  0.27900369E+04  0.27869978E+04  0.27840332E+04
  0.27811352E+04  0.27782966E+04  0.27755115E+04  0.27727744E+04  0.27700805E+04
  0.27674256E+04  0.27648061E+04  0.27622186E+04  0.27596597E+04  0.27571273E+04
  0.27546162E+04  0.27521306E+04  0.27496325E+04  0.27472445E+04  0.27442405E+04
  0.27423606E+04  0.32970792E+04  0.32599158E+04  0.32196847E+04  0.32167602E+04
  0.32170487E+04  0.32172882E+04  0.32174386E+04  0.32175261E+04  0.32175636E+04
  0.32175607E+04  0.32175252E+04  0.32174547E+04  0.32173454E+04  0.32171916E+04
  0.32169845E+04  0.32167117E+04  0.32163565E+04  0.32158963E+04  0.32153010E+04
  0.32145306E+04  0.32135320E+04  0.32122356E+04  0.32105508E+04  0.32083609E+04
  0.32055205E+04  0.32018620E+04  0.31971998E+04  0.31913460E+04  0.31841463E+04
  0.31755477E+04  0.31657010E+04  0.31550715E+04  0.31440694E+04  0.31328038E+04
  0.31213642E+04  0.31098786E+04  0.30984763E+04  0.30872513E+04  0.30762366E+04
  0.30654323E+04  0.30548266E+04  0.30444091E+04  0.30341795E+04  0.30241509E+04
  0.30143497E+04  0.30048238E+04  0.29956058E+04  0.29866741E+04  0.29779958E+04
  0.29695519E+04  0.29613264E+04  0.29533113E+04  0.29455072E+04  0.29379139E+04
  0.29305291E+04  0.29233482E+04  0.29163648E+04  0.29095742E+04  0.29029717E+04
  0.28965524E+04  0.28903110E+04  0.28842422E+04  0.28783410E+04  0.28726037E+04
  0.28670276E+04  0.28616098E+04  0.28563479E+04  0.28512418E+04  0.28462944E+04
  0.28415085E+04  0.28368844E+04  0.28324212E+04  0.28281178E+04  0.28239725E+04
  0.28199826E+04  0.28161437E+04  0.28124493E+04  0.28088913E+04  0.28054599E+04
  0.28021445E+04  0.27989347E+04  0.27958205E+04  0.27927935E+04  0.27898455E+04
  0.27869689E+04  0.27841562E+04  0.27814004E+04  0.27786951E+04  0.27760348E+04
  0.27734146E+04  0.27708302E+04  0.27682777E+04  0.27657536E+04  0.27632544E+04
  0.27607779E+04  0.27583188E+04  0.27558803E+04  0.27534251E+04  0.27510740E+04
  0.27481045E+04  0.27462428E+04  0.32941395E+04  0.32578748E+04  0.32191795E+04
  0.32169018E+04  0.32172066E+04  0.32174542E+04  0.32176047E+04  0.32176895E+04
  0.32177204E+04  0.32177098E+04  0.32176694E+04  0.32175935E+04  0.32174785E+04
  0.32173184E+04  0.32171045E+04  0.32168243E+04  0.32164613E+04  0.32159929E+04
  0.32153892E+04  0.32146100E+04  0.32136024E+04  0.32122968E+04  0.32106024E+04
  0.32084026E+04  0.32055513E+04  0.32018809E+04  0.31972060E+04  0.31913380E+04
  0.31841230E+04  0.31755063E+04  0.31656388E+04  0.31549841E+04  0.31439506E+04
  0.31326516E+04  0.31211784E+04  0.31096597E+04  0.30982242E+04  0.30869644E+04
  0.30759128E+04  0.30650696E+04  0.30544260E+04  0.30439734E+04  0.30337170E+04
  0.30236756E+04  0.30138845E+04  0.30043983E+04  0.29952320E+04  0.29863565E+04
  0.29777472E+04  0.29693856E+04  0.29612589E+04  0.29533605E+04  0.29456854E+04
  0.29382282E+04  0.29309830E+04  0.29239451E+04  0.29171105E+04  0.29104732E+04
  0.29040268E+04  0.28977628E+04  0.28916729E+04  0.28857513E+04  0.28799932E+04
  0.28743956E+04  0.28689560E+04  0.28636718E+04  0.28585412E+04  0.28535658E+04
  0.28487497E+04  0.28440949E+04  0.28396015E+04  0.28352685E+04  0.28310949E+04
  0.28270781E+04  0.28232141E+04  0.28194967E+04  0.28159185E+04  0.28124700E+04
  0.28091412E+04  0.28059224E+04  0.28028041E+04  0.27997777E+04  0.27968352E+04
  0.27939689E+04  0.27911715E+04  0.27884361E+04  0.27857556E+04  0.27831240E+04
  0.27805357E+04  0.27779856E+04  0.27754694E+04  0.27729831E+04  0.27705232E+04
  0.27680863E+04  0.27656698E+04  0.27632683E+04  0.27608848E+04  0.27584823E+04
  0.27561794E+04  0.27532640E+04  0.27514344E+04  0.32907581E+04  0.32555920E+04
  0.32186648E+04  0.32170679E+04  0.32173914E+04  0.32176486E+04  0.32177995E+04
  0.32178793E+04  0.32179034E+04  0.32178865E+04  0.32178405E+04  0.32177589E+04
  0.32176377E+04  0.32174708E+04  0.32172491E+04  0.32169606E+04  0.32165886E+04
  0.32161108E+04  0.32154973E+04  0.32147079E+04  0.32136898E+04  0.32123731E+04
  0.32106673E+04  0.32084555E+04  0.32055910E+04  0.32019062E+04  0.31972158E+04
  0.31913309E+04  0.31840972E+04  0.31754583E+04  0.31655651E+04  0.31548792E+04
  0.31438076E+04  0.31324684E+04  0.31209560E+04  0.31094012E+04  0.30979338E+04
  0.30866466E+04  0.30755727E+04  0.30647144E+04  0.30540660E+04  0.30436240E+04
  0.30333965E+04  0.30233960E+04  0.30136621E+04  0.30042593E+04  0.29952062E+04
  0.29864692E+04  0.29780104E+04  0.29698091E+04  0.29618559E+04  0.29541404E+04
  0.29466484E+04  0.29393688E+04  0.29322935E+04  0.29254154E+04  0.29187275E+04
  0.29122233E+04  0.29058967E+04  0.28997416E+04  0.28937532E+04  0.28879270E+04
  0.28822603E+04  0.28767512E+04  0.28713981E+04  0.28661997E+04  0.28611560E+04
  0.28562719E+04  0.28515518E+04  0.28469965E+04  0.28426058E+04  0.28383788E+04
  0.28343134E+04  0.28304056E+04  0.28266497E+04  0.28230384E+04  0.28195621E+04
  0.28162105E+04  0.28129731E+04  0.28098402E+04  0.28068031E+04  0.28038540E+04
  0.28009856E+04  0.27981911E+04  0.27954637E+04  0.27927967E+04  0.27901838E+04
  0.27876189E+04  0.27850967E+04  0.27826121E+04  0.27801607E+04  0.27777385E+04
  0.27753421E+04  0.27729675E+04  0.27706122E+04  0.27682708E+04  0.27659457E+04
  0.27636009E+04  0.27613519E+04  0.27585017E+04  0.27567123E+04  0.32869856E+04
  0.32531049E+04  0.32181527E+04  0.32172567E+04  0.32176003E+04  0.32178681E+04
  0.32180198E+04  0.32180934E+04  0.32181112E+04  0.32180899E+04  0.32180385E+04
  0.32179512E+04  0.32178233E+04  0.32176486E+04  0.32174183E+04  0.32171203E+04
  0.32167383E+04  0.32162501E+04  0.32156257E+04  0.32148250E+04  0.32137948E+04
  0.32124656E+04  0.32107465E+04  0.32085207E+04  0.32056407E+04  0.32019389E+04
  0.31972303E+04  0.31913252E+04  0.31840691E+04  0.31754037E+04  0.31654804E+04
  0.31547591E+04  0.31436461E+04  0.31322663E+04  0.31207188E+04  0.31091380E+04
  0.30976563E+04  0.30863677E+04  0.30753065E+04  0.30644746E+04  0.30538602E+04
  0.30434620E+04  0.30332963E+04  0.30233872E+04  0.30137811E+04  0.30045378E+04
  0.29956717E+04  0.29871336E+04  0.29788690E+04  0.29708487E+04  0.29630537E+04
  0.29554715E+04  0.29480929E+04  0.29409113E+04  0.29339209E+04  0.29271168E+04
  0.29204947E+04  0.29140506E+04  0.29077803E+04  0.29016798E+04  0.28957453E+04
  0.28899741E+04  0.28843646E+04  0.28789163E+04  0.28736283E+04  0.28684998E+04
  0.28635335E+04  0.28587351E+04  0.28541079E+04  0.28496515E+04  0.28453646E+04
  0.28412455E+04  0.28372904E+04  0.28334933E+04  0.28298471E+04  0.28263423E+04
  0.28229684E+04  0.28197145E+04  0.28165702E+04  0.28135262E+04  0.28105742E+04
  0.28077069E+04  0.28049173E+04  0.28021991E+04  0.27995459E+04  0.27969517E+04
  0.27944105E+04  0.27919167E+04  0.27894648E+04  0.27870498E+04  0.27846672E+04
  0.27823129E+04  0.27799831E+04  0.27776737E+04  0.27753818E+04  0.27731019E+04
  0.27708360E+04  0.27685490E+04  0.27663535E+04  0.27635674E+04  0.27618175E+04
  0.32828732E+04  0.32504530E+04  0.32176504E+04  0.32174580E+04  0.32178270E+04
  0.32181087E+04  0.32182621E+04  0.32183321E+04  0.32183463E+04  0.32183217E+04
  0.32182652E+04  0.32181714E+04  0.32180355E+04  0.32178518E+04  0.32176117E+04
  0.32173033E+04  0.32169104E+04  0.32164108E+04  0.32157746E+04  0.32149615E+04
  0.32139182E+04  0.32125750E+04  0.32108410E+04  0.32085992E+04  0.32057014E+04
  0.32019800E+04  0.31972502E+04  0.31913218E+04  0.31840399E+04  0.31753447E+04
  0.31653886E+04  0.31546319E+04  0.31434829E+04  0.31320740E+04  0.31205084E+04
  0.31089247E+04  0.30974609E+04  0.30862033E+04  0.30751805E+04  0.30643997E+04
  0.30538575E+04  0.30435554E+04  0.30335092E+04  0.30237498E+04  0.30143226E+04
  0.30052695E+04  0.29965726E+04  0.29881675E+04  0.29800073E+04  0.29720667E+04
  0.29643318E+04  0.29567959E+04  0.29494547E+04  0.29423057E+04  0.29353467E+04
  0.29285754E+04  0.29219890E+04  0.29155847E+04  0.29093590E+04  0.29033081E+04
  0.28974287E+04  0.28917186E+04  0.28861765E+04  0.28808019E+04  0.28755937E+04
  0.28705519E+04  0.28656816E+04  0.28609882E+04  0.28564721E+04  0.28521321E+04
  0.28479664E+04  0.28439716E+04  0.28401421E+04  0.28364704E+04  0.28329475E+04
  0.28295626E+04  0.28263045E+04  0.28231621E+04  0.28201254E+04  0.28171855E+04
  0.28143346E+04  0.28115653E+04  0.28088708E+04  0.28062451E+04  0.28036821E+04
  0.28011760E+04  0.27987209E+04  0.27963110E+04  0.27939408E+04  0.27916050E+04
  0.27892989E+04  0.27870180E+04  0.27847581E+04  0.27825150E+04  0.27802856E+04
  0.27780644E+04  0.27758528E+04  0.27736165E+04  0.27714662E+04  0.27687309E+04
  0.27670115E+04  0.32784574E+04  0.32477350E+04  0.32171561E+04  0.32175835E+04
  0.32180663E+04  0.32183700E+04  0.32185259E+04  0.32185969E+04  0.32186114E+04
  0.32185837E+04  0.32185209E+04  0.32184187E+04  0.32182734E+04  0.32180797E+04
  0.32178290E+04  0.32175095E+04  0.32171049E+04  0.32165932E+04  0.32159444E+04
  0.32151181E+04  0.32140608E+04  0.32127025E+04  0.32109523E+04  0.32086930E+04
  0.32057755E+04  0.32020322E+04  0.31972787E+04  0.31913242E+04  0.31840142E+04
  0.31752879E+04  0.31653022E+04  0.31545195E+04  0.31433487E+04  0.31319299E+04
  0.31203704E+04  0.31088092E+04  0.30973825E+04  0.30861801E+04  0.30752336E+04
  0.30645479E+04  0.30541231E+04  0.30439582E+04  0.30340587E+04  0.30244390E+04
  0.30151328E+04  0.30061756E+04  0.29975442E+04  0.29891793E+04  0.29810418E+04
  0.29731142E+04  0.29653893E+04  0.29578644E+04  0.29505391E+04  0.29434134E+04
  0.29364866E+04  0.29297567E+04  0.29232211E+04  0.29168761E+04  0.29107177E+04
  0.29047417E+04  0.28989447E+04  0.28933242E+04  0.28878786E+04  0.28826069E+04
  0.28775075E+04  0.28725819E+04  0.28678371E+04  0.28632765E+04  0.28588986E+04
  0.28547023E+04  0.28506848E+04  0.28468412E+04  0.28431644E+04  0.28396456E+04
  0.28362739E+04  0.28330372E+04  0.28299230E+04  0.28269196E+04  0.28240167E+04
  0.28212047E+04  0.28184752E+04  0.28158210E+04  0.28132356E+04  0.28107128E+04
  0.28082464E+04  0.28058305E+04  0.28034593E+04  0.28011270E+04  0.27988283E+04
  0.27965578E+04  0.27943110E+04  0.27920837E+04  0.27898722E+04  0.27876726E+04
  0.27854820E+04  0.27832958E+04  0.27811152E+04  0.27789067E+04  0.27767805E+04
  0.27740714E+04  0.27723677E+04  0.32736577E+04  0.32449814E+04  0.32167670E+04
  0.32176559E+04  0.32183079E+04  0.32186429E+04  0.32188058E+04  0.32188825E+04
  0.32188996E+04  0.32188683E+04  0.32187985E+04  0.32186876E+04  0.32185330E+04
  0.32183295E+04  0.32180685E+04  0.32177380E+04  0.32173217E+04  0.32167975E+04
  0.32161355E+04  0.32152953E+04  0.32142234E+04  0.32128494E+04  0.32110822E+04
  0.32088043E+04  0.32058662E+04  0.32020998E+04  0.31973211E+04  0.31913396E+04
  0.31840011E+04  0.31752465E+04  0.31652393E+04  0.31544459E+04  0.31432708E+04
  0.31318581E+04  0.31203210E+04  0.31088051E+04  0.30974472E+04  0.30863353E+04
  0.30754990E+04  0.30649323E+04  0.30546218E+04  0.30445582E+04  0.30347454E+04
  0.30251944E+04  0.30159337E+04  0.30069960E+04  0.29983646E+04  0.29899910E+04
  0.29818443E+04  0.29739136E+04  0.29661964E+04  0.29586926E+04  0.29514029E+04
  0.29443272E+04  0.29374644E+04  0.29308121E+04  0.29243659E+04  0.29181207E+04
  0.29120708E+04  0.29062107E+04  0.29005362E+04  0.28950441E+04  0.28897325E+04
  0.28845997E+04  0.28796433E+04  0.28748688E+04  0.28702838E+04  0.28658896E+04
  0.28616853E+04  0.28576689E+04  0.28538353E+04  0.28501769E+04  0.28466832E+04
  0.28433417E+04  0.28401383E+04  0.28370572E+04  0.28340839E+04  0.28312053E+04
  0.28284103E+04  0.28256893E+04  0.28230355E+04  0.28204443E+04  0.28179108E+04
  0.28154290E+04  0.28129938E+04  0.28106004E+04  0.28082427E+04  0.28059151E+04
  0.28036136E+04  0.28013345E+04  0.27990750E+04  0.27968321E+04  0.27946033E+04
  0.27923858E+04  0.27901778E+04  0.27879753E+04  0.27857810E+04  0.27835619E+04
  0.27814291E+04  0.27787193E+04  0.27770166E+04  0.32679892E+04  0.32420287E+04
  0.32166889E+04  0.32178088E+04  0.32185540E+04  0.32189173E+04  0.32190925E+04
  0.32191762E+04  0.32191951E+04  0.32191610E+04  0.32190864E+04  0.32189691E+04
  0.32188072E+04  0.32185954E+04  0.32183254E+04  0.32179851E+04  0.32175579E+04
  0.32170219E+04  0.32163471E+04  0.32154931E+04  0.32144064E+04  0.32130165E+04
  0.32112321E+04  0.32089358E+04  0.32059769E+04  0.32021872E+04  0.31973837E+04
  0.31913762E+04  0.31840113E+04  0.31752333E+04  0.31652120E+04  0.31544179E+04
  0.31432534E+04  0.31318674E+04  0.31203782E+04  0.31089321E+04  0.30976654E+04
  0.30866497E+04  0.30759025E+04  0.30654152E+04  0.30551719E+04  0.30451618E+04
  0.30353864E+04  0.30258546E+04  0.30165917E+04  0.30076335E+04  0.29989769E+04
  0.29905870E+04  0.29824405E+04  0.29745297E+04  0.29668525E+04  0.29594092E+04
  0.29521998E+04  0.29452227E+04  0.29384750E+04  0.29319517E+04  0.29256459E+04
  0.29195501E+04  0.29136552E+04  0.29079540E+04  0.29024414E+04  0.28971136E+04
  0.28919675E+04  0.28869991E+04  0.28822082E+04  0.28776059E+04  0.28731976E+04
  0.28689807E+04  0.28649528E+04  0.28611069E+04  0.28574322E+04  0.28539167E+04
  0.28505462E+04  0.28473066E+04  0.28441797E+04  0.28411450E+04  0.28381895E+04
  0.28353040E+04  0.28324808E+04  0.28297137E+04  0.28269980E+04  0.28243296E+04
  0.28217054E+04  0.28191227E+04  0.28165786E+04  0.28140710E+04  0.28116000E+04
  0.28091638E+04  0.28067592E+04  0.28043830E+04  0.28020328E+04  0.27997055E+04
  0.27973983E+04  0.27951085E+04  0.27928344E+04  0.27905720E+04  0.27883253E+04
  0.27860607E+04  0.27838918E+04  0.27811525E+04  0.27794352E+04  0.32618823E+04
  0.32390173E+04  0.32168216E+04  0.32180219E+04  0.32188137E+04  0.32191990E+04
  0.32193836E+04  0.32194694E+04  0.32194876E+04  0.32194528E+04  0.32193763E+04
  0.32192557E+04  0.32190888E+04  0.32188709E+04  0.32185938E+04  0.32182452E+04
  0.32178088E+04  0.32172624E+04  0.32165761E+04  0.32157095E+04  0.32146090E+04
  0.32132039E+04  0.32114031E+04  0.32090890E+04  0.32061100E+04  0.32022981E+04
  0.31974715E+04  0.31914408E+04  0.31840548E+04  0.31752614E+04  0.31652373E+04
  0.31544551E+04  0.31433158E+04  0.31319701E+04  0.31205356E+04  0.31091524E+04
  0.30979501E+04  0.30869966E+04  0.30763058E+04  0.30658661E+04  0.30556589E+04
  0.30456712E+04  0.30359014E+04  0.30263578E+04  0.30170697E+04  0.30080847E+04
  0.29994172E+04  0.29910412E+04  0.29829351E+04  0.29750916E+04  0.29675076E+04
  0.29601815E+04  0.29531108E+04  0.29462912E+04  0.29397152E+04  0.29333723E+04
  0.29272519E+04  0.29213420E+04  0.29156274E+04  0.29100982E+04  0.29047481E+04
  0.28995699E+04  0.28945583E+04  0.28897098E+04  0.28850369E+04  0.28805540E+04
  0.28762506E+04  0.28721160E+04  0.28681466E+04  0.28643311E+04  0.28606552E+04
  0.28571049E+04  0.28536652E+04  0.28503192E+04  0.28470580E+04  0.28438790E+04
  0.28407764E+04  0.28377438E+04  0.28347753E+04  0.28318650E+04  0.28290062E+04
  0.28261906E+04  0.28234143E+04  0.28206705E+04  0.28179477E+04  0.28152419E+04
  0.28125528E+04  0.28098797E+04  0.28072208E+04  0.28045749E+04  0.28019420E+04
  0.27993223E+04  0.27967172E+04  0.27941291E+04  0.27915625E+04  0.27890181E+04
  0.27865103E+04  0.27840076E+04  0.27816404E+04  0.27787260E+04  0.27769164E+04
  0.32571711E+04  0.32367058E+04  0.32169614E+04  0.32182476E+04  0.32190871E+04
  0.32194892E+04  0.32196769E+04  0.32197610E+04  0.32197778E+04  0.32197428E+04
  0.32196657E+04  0.32195436E+04  0.32193739E+04  0.32191517E+04  0.32188689E+04
  0.32185136E+04  0.32180692E+04  0.32175139E+04  0.32168177E+04  0.32159401E+04
  0.32148273E+04  0.32134086E+04  0.32115928E+04  0.32092625E+04  0.32062652E+04
  0.32024332E+04  0.31975863E+04  0.31915365E+04  0.31841355E+04  0.31753341E+04
  0.31653165E+04  0.31545520E+04  0.31434359E+04  0.31321181E+04  0.31207129E+04
  0.31093644E+04  0.30982027E+04  0.30872915E+04  0.30766390E+04  0.30662282E+04
  0.30560366E+04  0.30460488E+04  0.30362647E+04  0.30266994E+04  0.30173948E+04
  0.30084126E+04  0.29997776E+04  0.29914673E+04  0.29834594E+04  0.29757441E+04
  0.29683154E+04  0.29611671E+04  0.29542901E+04  0.29476750E+04  0.29413036E+04
  0.29351557E+04  0.29292138E+04  0.29234547E+04  0.29178583E+04  0.29124220E+04
  0.29071361E+04  0.29019871E+04  0.28969746E+04  0.28921064E+04  0.28873961E+04
  0.28828424E+04  0.28784426E+04  0.28741965E+04  0.28701010E+04  0.28661496E+04
  0.28623318E+04  0.28586285E+04  0.28550086E+04  0.28514453E+04  0.28479246E+04
  0.28444402E+04  0.28409825E+04  0.28375396E+04  0.28341012E+04  0.28306585E+04
  0.28272033E+04  0.28237281E+04  0.28202276E+04  0.28166997E+04  0.28131446E+04
  0.28095631E+04  0.28059558E+04  0.28023262E+04  0.27986811E+04  0.27950283E+04
  0.27913774E+04  0.27877399E+04  0.27841294E+04  0.27805602E+04  0.27770509E+04
  0.27736127E+04  0.27702836E+04  0.27670326E+04  0.27640411E+04  0.27605873E+04
  0.27585013E+04  0.32541819E+04  0.32352557E+04  0.32171043E+04  0.32184796E+04
  0.32193664E+04  0.32197821E+04  0.32199710E+04  0.32200537E+04  0.32200691E+04
  0.32200333E+04  0.32199556E+04  0.32198325E+04  0.32196609E+04  0.32194355E+04
  0.32191483E+04  0.32187872E+04  0.32183360E+04  0.32177728E+04  0.32170677E+04
  0.32161802E+04  0.32150565E+04  0.32136256E+04  0.32117965E+04  0.32094517E+04
  0.32064383E+04  0.32025887E+04  0.31977245E+04  0.31916592E+04  0.31842467E+04
  0.31754402E+04  0.31654276E+04  0.31546672E+04  0.31435516E+04  0.31322400E+04
  0.31208459E+04  0.31095180E+04  0.30983859E+04  0.30875057E+04  0.30768779E+04
  0.30664805E+04  0.30562892E+04  0.30462906E+04  0.30364930E+04  0.30269249E+04
  0.30176404E+04  0.30087116E+04  0.30001681E+04  0.29919854E+04  0.29841378E+04
  0.29766086E+04  0.29693856E+04  0.29624533E+04  0.29557892E+04  0.29493659E+04
  0.29431454E+04  0.29371058E+04  0.29312232E+04  0.29254629E+04  0.29198194E+04
  0.29142835E+04  0.29088520E+04  0.29035518E+04  0.28983961E+04  0.28933815E+04
  0.28884858E+04  0.28836790E+04  0.28789513E+04  0.28742889E+04  0.28696787E+04
  0.28651143E+04  0.28605810E+04  0.28560598E+04  0.28515310E+04  0.28469778E+04
  0.28423770E+04  0.28377038E+04  0.28329420E+04  0.28280795E+04  0.28231087E+04
  0.28180263E+04  0.28128308E+04  0.28075216E+04  0.28021036E+04  0.27965960E+04
  0.27910162E+04  0.27853739E+04  0.27796841E+04  0.27739644E+04  0.27682342E+04
  0.27625141E+04  0.27568271E+04  0.27511974E+04  0.27456517E+04  0.27402169E+04
  0.27349265E+04  0.27298039E+04  0.27249111E+04  0.27202206E+04  0.27159802E+04
  0.27113646E+04  0.27086730E+04  0.32521223E+04  0.32342695E+04  0.32172440E+04
  0.32187073E+04  0.32196427E+04  0.32200750E+04  0.32202678E+04  0.32203500E+04
  0.32203638E+04  0.32203267E+04  0.32202475E+04  0.32201228E+04  0.32199493E+04
  0.32197212E+04  0.32194302E+04  0.32190643E+04  0.32186071E+04  0.32180367E+04
  0.32173235E+04  0.32164269E+04  0.32152929E+04  0.32138507E+04  0.32120090E+04
  0.32096507E+04  0.32066223E+04  0.32027568E+04  0.31978771E+04  0.31917979E+04
  0.31843744E+04  0.31755617E+04  0.31655447E+04  0.31547721E+04  0.31436386E+04
  0.31323141E+04  0.31209179E+04  0.31096014E+04  0.30984902E+04  0.30876305E+04
  0.30770152E+04  0.30666216E+04  0.30564275E+04  0.30464267E+04  0.30366403E+04
  0.30271093E+04  0.30178968E+04  0.30090805E+04  0.30006885E+04  0.29926876E+04
  0.29850460E+04  0.29777360E+04  0.29707283E+04  0.29639795E+04  0.29574450E+04
  0.29510771E+04  0.29448388E+04  0.29387052E+04  0.29326555E+04  0.29267066E+04
  0.29208737E+04  0.29150984E+04  0.29093166E+04  0.29035164E+04  0.28976822E+04
  0.28917951E+04  0.28858534E+04  0.28798678E+04  0.28738345E+04  0.28677353E+04
  0.28615479E+04  0.28552518E+04  0.28488224E+04  0.28422392E+04  0.28354958E+04
  0.28285940E+04  0.28215259E+04  0.28142779E+04  0.28068466E+04  0.27992332E+04
  0.27914408E+04  0.27834738E+04  0.27753357E+04  0.27670270E+04  0.27585776E+04
  0.27500471E+04  0.27415060E+04  0.27330154E+04  0.27246085E+04  0.27163106E+04
  0.27081442E+04  0.27001317E+04  0.26922947E+04  0.26846534E+04  0.26772292E+04
  0.26700429E+04  0.26631204E+04  0.26564763E+04  0.26501677E+04  0.26441481E+04
  0.26387030E+04  0.26327029E+04  0.26291839E+04  0.32506373E+04  0.32335703E+04
  0.32173826E+04  0.32189328E+04  0.32199173E+04  0.32203690E+04  0.32205681E+04
  0.32206507E+04  0.32206629E+04  0.32206235E+04  0.32205415E+04  0.32204139E+04
  0.32202375E+04  0.32200066E+04  0.32197124E+04  0.32193425E+04  0.32188802E+04
  0.32183036E+04  0.32175829E+04  0.32166778E+04  0.32155340E+04  0.32140806E+04
  0.32122265E+04  0.32098548E+04  0.32068115E+04  0.32029300E+04  0.31980345E+04
  0.31919401E+04  0.31845028E+04  0.31756771E+04  0.31656420E+04  0.31548430E+04
  0.31436825E+04  0.31323394E+04  0.31209370E+04  0.31096264E+04  0.30985268E+04
  0.30876767E+04  0.30770658E+04  0.30666737E+04  0.30564869E+04  0.30465108E+04
  0.30367779E+04  0.30273355E+04  0.30182475E+04  0.30095926E+04  0.30013935E+04
  0.29936066E+04  0.29861826E+04  0.29790592E+04  0.29721705E+04  0.29654487E+04
  0.29588311E+04  0.29522841E+04  0.29458434E+04  0.29394658E+04  0.29330268E+04
  0.29264632E+04  0.29197203E+04  0.29127636E+04  0.29055621E+04  0.28980816E+04
  0.28903123E+04  0.28822675E+04  0.28739781E+04  0.28654640E+04  0.28567445E+04
  0.28478304E+04  0.28387053E+04  0.28293549E+04  0.28197623E+04  0.28099026E+04
  0.27997651E+04  0.27894110E+04  0.27789616E+04  0.27685112E+04  0.27581050E+04
  0.27477692E+04  0.27375221E+04  0.27273757E+04  0.27173355E+04  0.27074000E+04
  0.26975864E+04  0.26879305E+04  0.26784821E+04  0.26692817E+04  0.26603362E+04
  0.26516444E+04  0.26432035E+04  0.26350109E+04  0.26270643E+04  0.26193626E+04
  0.26119074E+04  0.26047002E+04  0.25977493E+04  0.25910499E+04  0.25846438E+04
  0.25784543E+04  0.25727731E+04  0.25662031E+04  0.25622406E+04  0.32495109E+04
  0.32330526E+04  0.32175248E+04  0.32191602E+04  0.32201933E+04  0.32206653E+04
  0.32208712E+04  0.32209539E+04  0.32209636E+04  0.32209207E+04  0.32208341E+04
  0.32207021E+04  0.32205219E+04  0.32202877E+04  0.32199907E+04  0.32196178E+04
  0.32191519E+04  0.32185705E+04  0.32178435E+04  0.32169306E+04  0.32157775E+04
  0.32143132E+04  0.32124465E+04  0.32100610E+04  0.32070019E+04  0.32031029E+04
  0.31981892E+04  0.31920762E+04  0.31846195E+04  0.31757720E+04  0.31657069E+04
  0.31548711E+04  0.31436744E+04  0.31322993E+04  0.31208755E+04  0.31095573E+04
  0.30984604E+04  0.30876191E+04  0.30770243E+04  0.30666588E+04  0.30565154E+04
  0.30466101E+04  0.30369799E+04  0.30276682E+04  0.30187363E+04  0.30102720E+04
  0.30022869E+04  0.29947016E+04  0.29874144E+04  0.29803245E+04  0.29733256E+04
  0.29663984E+04  0.29595268E+04  0.29525757E+04  0.29454070E+04  0.29379111E+04
  0.29299958E+04  0.29215646E+04  0.29125542E+04  0.29029816E+04  0.28928818E+04
  0.28822850E+04  0.28712312E+04  0.28597634E+04  0.28479192E+04  0.28356979E+04
  0.28231630E+04  0.28105231E+04  0.27979703E+04  0.27855842E+04  0.27733940E+04
  0.27614016E+04  0.27496059E+04  0.27380505E+04  0.27268254E+04  0.27159857E+04
  0.27055270E+04  0.26954272E+04  0.26856621E+04  0.26762098E+04  0.26670503E+04
  0.26581648E+04  0.26495354E+04  0.26411437E+04  0.26329714E+04  0.26250009E+04
  0.26172168E+04  0.26096060E+04  0.26021576E+04  0.25948637E+04  0.25877193E+04
  0.25807215E+04  0.25738716E+04  0.25671712E+04  0.25606301E+04  0.25542440E+04
  0.25480567E+04  0.25419856E+04  0.25363331E+04  0.25295990E+04  0.25254755E+04
  0.32487732E+04  0.32327323E+04  0.32176740E+04  0.32193944E+04  0.32204743E+04
  0.32209639E+04  0.32211737E+04  0.32212536E+04  0.32212587E+04  0.32212109E+04
  0.32211185E+04  0.32209812E+04  0.32207967E+04  0.32205595E+04  0.32202603E+04
  0.32198856E+04  0.32194176E+04  0.32188331E+04  0.32181016E+04  0.32171822E+04
  0.32160207E+04  0.32145459E+04  0.32126666E+04  0.32102666E+04  0.32071904E+04
  0.32032715E+04  0.31983362E+04  0.31922000E+04  0.31847174E+04  0.31758385E+04
  0.31657339E+04  0.31548525E+04  0.31436060E+04  0.31321822E+04  0.31207251E+04
  0.31093958E+04  0.30983074E+04  0.30874914E+04  0.30769420E+04  0.30666414E+04
  0.30565835E+04  0.30467886E+04  0.30372887E+04  0.30281213E+04  0.30193635E+04
  0.30111070E+04  0.30032999E+04  0.29957976E+04  0.29884356E+04  0.29811510E+04
  0.29738668E+04  0.29663804E+04  0.29585114E+04  0.29500844E+04  0.29409077E+04
  0.29308774E+04  0.29199883E+04  0.29082174E+04  0.28955768E+04  0.28820990E+04
  0.28678200E+04  0.28528692E+04  0.28375873E+04  0.28223748E+04  0.28074649E+04
  0.27929476E+04  0.27788971E+04  0.27654721E+04  0.27527863E+04  0.27408173E+04
  0.27294999E+04  0.27187634E+04  0.27085416E+04  0.26987717E+04  0.26893883E+04
  0.26803273E+04  0.26715305E+04  0.26629471E+04  0.26545358E+04  0.26462649E+04
  0.26381106E+04  0.26300562E+04  0.26220913E+04  0.26142102E+04  0.26064117E+04
  0.25986978E+04  0.25910716E+04  0.25835370E+04  0.25760991E+04  0.25687642E+04
  0.25615390E+04  0.25544299E+04  0.25474450E+04  0.25405909E+04  0.25338807E+04
  0.25273121E+04  0.25209288E+04  0.25146449E+04  0.25087758E+04  0.25017279E+04
  0.24973961E+04  0.32483809E+04  0.32325872E+04  0.32178305E+04  0.32196368E+04
  0.32207587E+04  0.32212597E+04  0.32214706E+04  0.32215422E+04  0.32215364E+04
  0.32214837E+04  0.32213859E+04  0.32212439E+04  0.32210560E+04  0.32208167E+04
  0.32205164E+04  0.32201413E+04  0.32196727E+04  0.32190870E+04  0.32183529E+04
  0.32174289E+04  0.32162603E+04  0.32147757E+04  0.32128840E+04  0.32104691E+04
  0.32073742E+04  0.32034328E+04  0.31984723E+04  0.31923076E+04  0.31847922E+04
  0.31758753E+04  0.31657237E+04  0.31547838E+04  0.31434768E+04  0.31320023E+04
  0.31205167E+04  0.31091878E+04  0.30981274E+04  0.30873648E+04  0.30768861E+04
  0.30666754E+04  0.30567294E+04  0.30470587E+04  0.30376913E+04  0.30286791E+04
  0.30201164E+04  0.30120214E+04  0.30042355E+04  0.29965988E+04  0.29889599E+04
  0.29810707E+04  0.29726784E+04  0.29635050E+04  0.29532974E+04  0.29419355E+04
  0.29293282E+04  0.29154143E+04  0.29001618E+04  0.28836072E+04  0.28660933E+04
  0.28482427E+04  0.28305910E+04  0.28134752E+04  0.27972455E+04  0.27821741E+04
  0.27682912E+04  0.27554996E+04  0.27436693E+04  0.27326511E+04  0.27222875E+04
  0.27124286E+04  0.27029464E+04  0.26937396E+04  0.26847327E+04  0.26758726E+04
  0.26671236E+04  0.26584646E+04  0.26498850E+04  0.26413787E+04  0.26329440E+04
  0.26245815E+04  0.26162931E+04  0.26080821E+04  0.25999524E+04  0.25919086E+04
  0.25839560E+04  0.25760996E+04  0.25683441E+04  0.25606937E+04  0.25531529E+04
  0.25457264E+04  0.25384189E+04  0.25312346E+04  0.25241790E+04  0.25172560E+04
  0.25104758E+04  0.25038335E+04  0.24973687E+04  0.24909916E+04  0.24850201E+04
  0.24778065E+04  0.24733619E+04  0.32481091E+04  0.32324929E+04  0.32179747E+04
  0.32198729E+04  0.32210338E+04  0.32215407E+04  0.32217479E+04  0.32218083E+04
  0.32217899E+04  0.32217314E+04  0.32216288E+04  0.32214837E+04  0.32212940E+04
  0.32210541E+04  0.32207542E+04  0.32203802E+04  0.32199129E+04  0.32193278E+04
  0.32185930E+04  0.32176663E+04  0.32164924E+04  0.32149993E+04  0.32130957E+04
  0.32106655E+04  0.32075507E+04  0.32035843E+04  0.31985949E+04  0.31923969E+04
  0.31848422E+04  0.31758796E+04  0.31656710E+04  0.31546648E+04  0.31432940E+04
  0.31317681E+04  0.31202595E+04  0.31089468E+04  0.30979398E+04  0.30872563E+04
  0.30768719E+04  0.30667708E+04  0.30569432E+04  0.30473946E+04  0.30381699E+04
  0.30293371E+04  0.30209297E+04  0.30128095E+04  0.30048207E+04  0.29967102E+04
  0.29880803E+04  0.29785284E+04  0.29677187E+04  0.29554575E+04  0.29415472E+04
  0.29258000E+04  0.29081140E+04  0.28888006E+04  0.28686803E+04  0.28486416E+04
  0.28294155E+04  0.28115760E+04  0.27953675E+04  0.27807260E+04  0.27674612E+04
  0.27553157E+04  0.27440238E+04  0.27333562E+04  0.27231361E+04  0.27132361E+04
  0.27035683E+04  0.26940752E+04  0.26847219E+04  0.26754863E+04  0.26663547E+04
  0.26573196E+04  0.26483771E+04  0.26395267E+04  0.26307694E+04  0.26221065E+04
  0.26135395E+04  0.26050699E+04  0.25966991E+04  0.25884288E+04  0.25802608E+04
  0.25721973E+04  0.25642405E+04  0.25563925E+04  0.25486551E+04  0.25410303E+04
  0.25335204E+04  0.25261276E+04  0.25188544E+04  0.25117031E+04  0.25046772E+04
  0.24977786E+04  0.24910152E+04  0.24843806E+04  0.24779105E+04  0.24715133E+04
  0.24655073E+04  0.24582108E+04  0.24537045E+04  0.32478850E+04  0.32324109E+04
  0.32180939E+04  0.32200833E+04  0.32212816E+04  0.32217907E+04  0.32219886E+04
  0.32220394E+04  0.32220132E+04  0.32219481E+04  0.32218420E+04  0.32216955E+04
  0.32215062E+04  0.32212678E+04  0.32209701E+04  0.32205987E+04  0.32201342E+04
  0.32195515E+04  0.32188179E+04  0.32178905E+04  0.32167131E+04  0.32152130E+04
  0.32132983E+04  0.32108529E+04  0.32077171E+04  0.32037237E+04  0.31987021E+04
  0.31924658E+04  0.31848659E+04  0.31758492E+04  0.31655757E+04  0.31544988E+04
  0.31430632E+04  0.31314915E+04  0.31199749E+04  0.31087034E+04  0.30977722E+04
  0.30871803E+04  0.30769019E+04  0.30669139E+04  0.30571985E+04  0.30477847E+04
  0.30387284E+04  0.30300428E+04  0.30216119E+04  0.30132437E+04  0.30045780E+04
  0.29950644E+04  0.29842176E+04  0.29716746E+04  0.29571001E+04  0.29401379E+04
  0.29206151E+04  0.28990425E+04  0.28766904E+04  0.28549860E+04  0.28349587E+04
  0.28170254E+04  0.28010992E+04  0.27868268E+04  0.27737835E+04  0.27616108E+04
  0.27500555E+04  0.27389496E+04  0.27281907E+04  0.27177161E+04  0.27074820E+04
  0.26974555E+04  0.26876102E+04  0.26779276E+04  0.26683951E+04  0.26590021E+04
  0.26497404E+04  0.26406040E+04  0.26315882E+04  0.26226897E+04  0.26139065E+04
  0.26052371E+04  0.25966804E+04  0.25882356E+04  0.25799024E+04  0.25716804E+04
  0.25635698E+04  0.25555711E+04  0.25476847E+04  0.25399110E+04  0.25322506E+04
  0.25247041E+04  0.25172722E+04  0.25099561E+04  0.25027565E+04  0.24956746E+04
  0.24887125E+04  0.24818708E+04  0.24751557E+04  0.24685597E+04  0.24621153E+04
  0.24557301E+04  0.24497216E+04  0.24423859E+04  0.24378462E+04  0.32478664E+04
  0.32324308E+04  0.32181957E+04  0.32202554E+04  0.32214847E+04  0.32219942E+04
  0.32221829E+04  0.32222264E+04  0.32221960E+04  0.32221274E+04  0.32220205E+04
  0.32218754E+04  0.32216889E+04  0.32214543E+04  0.32211609E+04  0.32207939E+04
  0.32203338E+04  0.32197550E+04  0.32190243E+04  0.32180980E+04  0.32169188E+04
  0.32154131E+04  0.32134883E+04  0.32110281E+04  0.32078707E+04  0.32038485E+04
  0.31987916E+04  0.31925127E+04  0.31848621E+04  0.31757858E+04  0.31654434E+04
  0.31542927E+04  0.31427944E+04  0.31311887E+04  0.31196839E+04  0.31084719E+04
  0.30976227E+04  0.30871253E+04  0.30769512E+04  0.30670711E+04  0.30574882E+04
  0.30482415E+04  0.30393223E+04  0.30306263E+04  0.30218980E+04  0.30126587E+04
  0.30022476E+04  0.29900932E+04  0.29757256E+04  0.29585151E+04  0.29380570E+04
  0.29147844E+04  0.28904434E+04  0.28672698E+04  0.28465260E+04  0.28284438E+04
  0.28125985E+04  0.27982841E+04  0.27849195E+04  0.27721589E+04  0.27598473E+04
  0.27479311E+04  0.27363799E+04  0.27251658E+04  0.27142638E+04  0.27036487E+04
  0.26932919E+04  0.26831654E+04  0.26732442E+04  0.26635085E+04  0.26539427E+04
  0.26445342E+04  0.26352732E+04  0.26261519E+04  0.26171642E+04  0.26083056E+04
  0.25995723E+04  0.25909617E+04  0.25824716E+04  0.25741000E+04  0.25658456E+04
  0.25577072E+04  0.25496840E+04  0.25417753E+04  0.25339804E+04  0.25262990E+04
  0.25187305E+04  0.25112748E+04  0.25039317E+04  0.24967013E+04  0.24895838E+04
  0.24825791E+04  0.24756884E+04  0.24689116E+04  0.24622536E+04  0.24557062E+04
  0.24492993E+04  0.24429403E+04  0.24369453E+04  0.24295970E+04  0.24250420E+04
  0.32480763E+04  0.32325616E+04  0.32182721E+04  0.32203747E+04  0.32216266E+04
  0.32221391E+04  0.32223233E+04  0.32223630E+04  0.32223319E+04  0.32222643E+04
  0.32221605E+04  0.32220201E+04  0.32218394E+04  0.32216112E+04  0.32213243E+04
  0.32209638E+04  0.32205096E+04  0.32199360E+04  0.32192097E+04  0.32182860E+04
  0.32171067E+04  0.32155968E+04  0.32136630E+04  0.32111882E+04  0.32080087E+04
  0.32039563E+04  0.31988616E+04  0.31925364E+04  0.31848306E+04  0.31756906E+04
  0.31652764E+04  0.31540529E+04  0.31424984E+04  0.31308724E+04  0.31193937E+04
  0.31082420E+04  0.30974688E+04  0.30870642E+04  0.30769994E+04  0.30672541E+04
  0.30578407E+04  0.30487281E+04  0.30398001E+04  0.30307446E+04  0.30210057E+04
  0.30097890E+04  0.29964336E+04  0.29801630E+04  0.29602003E+04  0.29361569E+04
  0.29101132E+04  0.28853294E+04  0.28633527E+04  0.28446526E+04  0.28284786E+04
  0.28137089E+04  0.27996587E+04  0.27860522E+04  0.27728216E+04  0.27599723E+04
  0.27475304E+04  0.27355077E+04  0.27238881E+04  0.27126406E+04  0.27017310E+04
  0.26911236E+04  0.26807832E+04  0.26706789E+04  0.26607856E+04  0.26510833E+04
  0.26415565E+04  0.26321929E+04  0.26229825E+04  0.26139176E+04  0.26049918E+04
  0.25962001E+04  0.25875383E+04  0.25790032E+04  0.25705920E+04  0.25623025E+04
  0.25541326E+04  0.25460807E+04  0.25381454E+04  0.25303256E+04  0.25226199E+04
  0.25150274E+04  0.25075470E+04  0.25001777E+04  0.24929189E+04  0.24857699E+04
  0.24787303E+04  0.24717995E+04  0.24649778E+04  0.24582643E+04  0.24516630E+04
  0.24451657E+04  0.24387999E+04  0.24324731E+04  0.24264998E+04  0.24191556E+04
  0.24145974E+04  0.32484367E+04  0.32327573E+04  0.32183114E+04  0.32204318E+04
  0.32216982E+04  0.32222177E+04  0.32224051E+04  0.32224470E+04  0.32224190E+04
  0.32223567E+04  0.32222596E+04  0.32221273E+04  0.32219555E+04  0.32217364E+04
  0.32214587E+04  0.32211066E+04  0.32206602E+04  0.32200934E+04  0.32193726E+04
  0.32184527E+04  0.32172744E+04  0.32157616E+04  0.32138195E+04  0.32113307E+04
  0.32081289E+04  0.32040451E+04  0.31989103E+04  0.31925360E+04  0.31847721E+04
  0.31755665E+04  0.31650797E+04  0.31537865E+04  0.31421819E+04  0.31305411E+04
  0.31190845E+04  0.31079795E+04  0.30972821E+04  0.30869841E+04  0.30770621E+04
  0.30674953E+04  0.30582204E+04  0.30491033E+04  0.30397925E+04  0.30296543E+04
  0.30178527E+04  0.30034208E+04  0.29855299E+04  0.29625748E+04  0.29357980E+04
  0.29089607E+04  0.28848935E+04  0.28649417E+04  0.28479411E+04  0.28323796E+04
  0.28174560E+04  0.28029118E+04  0.27887246E+04  0.27749399E+04  0.27615971E+04
  0.27487198E+04  0.27363157E+04  0.27243645E+04  0.27128291E+04  0.27016681E+04
  0.26908406E+04  0.26803075E+04  0.26700340E+04  0.26599910E+04  0.26501556E+04
  0.26405095E+04  0.26310389E+04  0.26217325E+04  0.26125814E+04  0.26035781E+04
  0.25947168E+04  0.25859927E+04  0.25774013E+04  0.25689394E+04  0.25606038E+04
  0.25523921E+04  0.25443016E+04  0.25363303E+04  0.25284763E+04  0.25207381E+04
  0.25131138E+04  0.25056019E+04  0.24982009E+04  0.24909093E+04  0.24837261E+04
  0.24766502E+04  0.24696807E+04  0.24628167E+04  0.24560578E+04  0.24494026E+04
  0.24428545E+04  0.24364048E+04  0.24300798E+04  0.24237868E+04  0.24178390E+04
  0.24105084E+04  0.24059539E+04  0.32489459E+04  0.32330149E+04  0.32183142E+04
  0.32204339E+04  0.32217069E+04  0.32222334E+04  0.32224280E+04  0.32224764E+04
  0.32224554E+04  0.32224029E+04  0.32223170E+04  0.32221965E+04  0.32220364E+04
  0.32218290E+04  0.32215624E+04  0.32212211E+04  0.32207843E+04  0.32202259E+04
  0.32195119E+04  0.32185969E+04  0.32174205E+04  0.32159056E+04  0.32139560E+04
  0.32114536E+04  0.32082294E+04  0.32041134E+04  0.31989372E+04  0.31925122E+04
  0.31846883E+04  0.31754160E+04  0.31648571E+04  0.31534953E+04  0.31418398E+04
  0.31301731E+04  0.31187177E+04  0.31076568E+04  0.30970626E+04  0.30869191E+04
  0.30771872E+04  0.30677677E+04  0.30584962E+04  0.30489833E+04  0.30385306E+04
  0.30263290E+04  0.30111735E+04  0.29916201E+04  0.29668445E+04  0.29384582E+04
  0.29113455E+04  0.28889383E+04  0.28704082E+04  0.28537834E+04  0.28379340E+04
  0.28224847E+04  0.28073929E+04  0.27927039E+04  0.27784693E+04  0.27647228E+04
  0.27514772E+04  0.27387334E+04  0.27264749E+04  0.27146644E+04  0.27032569E+04
  0.26922079E+04  0.26814757E+04  0.26710231E+04  0.26608188E+04  0.26508374E+04
  0.26410593E+04  0.26314688E+04  0.26220535E+04  0.26128034E+04  0.26037103E+04
  0.25947672E+04  0.25859685E+04  0.25773090E+04  0.25687843E+04  0.25603908E+04
  0.25521253E+04  0.25439846E+04  0.25359659E+04  0.25280668E+04  0.25202851E+04
  0.25126188E+04  0.25050661E+04  0.24976248E+04  0.24902931E+04  0.24830694E+04
  0.24759522E+04  0.24689401E+04  0.24620319E+04  0.24552262E+04  0.24485225E+04
  0.24419190E+04  0.24354186E+04  0.24290122E+04  0.24227253E+04  0.24164650E+04
  0.24105434E+04  0.24032312E+04  0.23986841E+04  0.32497605E+04  0.32334161E+04
  0.32182910E+04  0.32203982E+04  0.32216722E+04  0.32222040E+04  0.32224066E+04
  0.32224636E+04  0.32224508E+04  0.32224081E+04  0.32223331E+04  0.32222252E+04
  0.32220797E+04  0.32218872E+04  0.32216346E+04  0.32213059E+04  0.32208806E+04
  0.32203321E+04  0.32196262E+04  0.32187171E+04  0.32175435E+04  0.32160272E+04
  0.32140708E+04  0.32115551E+04  0.32083085E+04  0.32041596E+04  0.31989412E+04
  0.31924644E+04  0.31845793E+04  0.31752398E+04  0.31646075E+04  0.31531711E+04
  0.31414495E+04  0.31297301E+04  0.31182689E+04  0.31072911E+04  0.30968585E+04
  0.30869207E+04  0.30773548E+04  0.30679541E+04  0.30582737E+04  0.30475670E+04
  0.30350210E+04  0.30194485E+04  0.29987576E+04  0.29722191E+04  0.29433543E+04
  0.29172989E+04  0.28959597E+04  0.28778019E+04  0.28609536E+04  0.28446321E+04
  0.28286735E+04  0.28131108E+04  0.27979971E+04  0.27833696E+04  0.27692544E+04
  0.27556591E+04  0.27425818E+04  0.27300115E+04  0.27179146E+04  0.27062465E+04
  0.26949612E+04  0.26840154E+04  0.26733695E+04  0.26629900E+04  0.26528497E+04
  0.26429270E+04  0.26332046E+04  0.26236688E+04  0.26143082E+04  0.26051136E+04
  0.25960767E+04  0.25871911E+04  0.25784511E+04  0.25698512E+04  0.25613870E+04
  0.25530549E+04  0.25448515E+04  0.25367735E+04  0.25288178E+04  0.25209817E+04
  0.25132628E+04  0.25056588E+04  0.24981675E+04  0.24907868E+04  0.24835146E+04
  0.24763491E+04  0.24692884E+04  0.24623310E+04  0.24554754E+04  0.24487199E+04
  0.24420639E+04  0.24355053E+04  0.24290468E+04  0.24226790E+04  0.24164265E+04
  0.24101966E+04  0.24043006E+04  0.23970088E+04  0.23924710E+04  0.32509651E+04
  0.32340037E+04  0.32182438E+04  0.32203286E+04  0.32216003E+04  0.32221391E+04
  0.32223497E+04  0.32224190E+04  0.32224184E+04  0.32223832E+04  0.32223172E+04
  0.32222200E+04  0.32220870E+04  0.32219086E+04  0.32216717E+04  0.32213588E+04
  0.32209474E+04  0.32204104E+04  0.32197138E+04  0.32188115E+04  0.32176415E+04
  0.32161245E+04  0.32141618E+04  0.32116331E+04  0.32083640E+04  0.32041820E+04
  0.31989206E+04  0.31923902E+04  0.31844429E+04  0.31750341E+04  0.31643214E+04
  0.31527942E+04  0.31409758E+04  0.31291874E+04  0.31177626E+04  0.31069405E+04
  0.30967162E+04  0.30869722E+04  0.30774442E+04  0.30676104E+04  0.30567016E+04
  0.30438777E+04  0.30279633E+04  0.30067487E+04  0.29795071E+04  0.29504056E+04
  0.29251105E+04  0.29045935E+04  0.28864938E+04  0.28692644E+04  0.28524430E+04
  0.28360061E+04  0.28200114E+04  0.28045032E+04  0.27895045E+04  0.27750304E+04
  0.27610874E+04  0.27476717E+04  0.27347748E+04  0.27223742E+04  0.27104284E+04
  0.26988906E+04  0.26877159E+04  0.26768627E+04  0.26662951E+04  0.26559831E+04
  0.26459034E+04  0.26360371E+04  0.26263685E+04  0.26168852E+04  0.26075766E+04
  0.25984336E+04  0.25894486E+04  0.25806152E+04  0.25719278E+04  0.25633811E+04
  0.25549706E+04  0.25466927E+04  0.25385437E+04  0.25305202E+04  0.25226190E+04
  0.25148373E+04  0.25071724E+04  0.24996217E+04  0.24921830E+04  0.24848539E+04
  0.24776324E+04  0.24705164E+04  0.24635041E+04  0.24565937E+04  0.24497836E+04
  0.24430722E+04  0.24364585E+04  0.24299402E+04  0.24235198E+04  0.24171877E+04
  0.24109679E+04  0.24047674E+04  0.23988970E+04  0.23916271E+04  0.23870995E+04
  0.32525772E+04  0.32347753E+04  0.32181487E+04  0.32201995E+04  0.32214663E+04
  0.32220166E+04  0.32222412E+04  0.32223315E+04  0.32223515E+04  0.32223286E+04
  0.32222757E+04  0.32221894E+04  0.32220666E+04  0.32218998E+04  0.32216762E+04
  0.32213778E+04  0.32209813E+04  0.32204584E+04  0.32197731E+04  0.32188788E+04
  0.32177130E+04  0.32161955E+04  0.32142266E+04  0.32116849E+04  0.32083930E+04
  0.32041774E+04  0.31988714E+04  0.31922857E+04  0.31842735E+04  0.31747873E+04
  0.31639809E+04  0.31523360E+04  0.31403933E+04  0.31285688E+04  0.31172630E+04
  0.31066508E+04  0.30966400E+04  0.30869200E+04  0.30769344E+04  0.30658855E+04
  0.30528624E+04  0.30366664E+04  0.30151006E+04  0.29878653E+04  0.29594663E+04
  0.29349578E+04  0.29146880E+04  0.28963232E+04  0.28786054E+04  0.28612757E+04
  0.28443812E+04  0.28279845E+04  0.28121093E+04  0.27967561E+04  0.27819265E+04
  0.27676284E+04  0.27538618E+04  0.27406222E+04  0.27278974E+04  0.27156530E+04
  0.27038432E+04  0.26924221E+04  0.26813458E+04  0.26705754E+04  0.26600785E+04
  0.26498287E+04  0.26398054E+04  0.26299914E+04  0.26203725E+04  0.26109374E+04
  0.26016762E+04  0.25925802E+04  0.25836421E+04  0.25748557E+04  0.25662154E+04
  0.25577161E+04  0.25493532E+04  0.25411229E+04  0.25330214E+04  0.25250452E+04
  0.25171912E+04  0.25094564E+04  0.25018381E+04  0.24943337E+04  0.24869408E+04
  0.24796572E+04  0.24724807E+04  0.24654091E+04  0.24584406E+04  0.24515734E+04
  0.24448057E+04  0.24381357E+04  0.24315623E+04  0.24250830E+04  0.24187000E+04
  0.24124034E+04  0.24062166E+04  0.24000466E+04  0.23942032E+04  0.23869572E+04
  0.23824409E+04  0.32547722E+04  0.32358198E+04  0.32179921E+04  0.32199738E+04
  0.32212283E+04  0.32218005E+04  0.32220572E+04  0.32221816E+04  0.32222351E+04
  0.32222374E+04  0.32222029E+04  0.32221321E+04  0.32220217E+04  0.32218666E+04
  0.32216549E+04  0.32213688E+04  0.32209850E+04  0.32204740E+04  0.32197996E+04
  0.32189143E+04  0.32177541E+04  0.32162370E+04  0.32142618E+04  0.32117061E+04
  0.32083906E+04  0.32041396E+04  0.31987868E+04  0.31921433E+04  0.31840575E+04
  0.31744824E+04  0.31635653E+04  0.31517723E+04  0.31397189E+04  0.31279418E+04
  0.31168227E+04  0.31064194E+04  0.30964348E+04  0.30862731E+04  0.30751240E+04
  0.30619889E+04  0.30455074E+04  0.30236408E+04  0.29967096E+04  0.29694563E+04
  0.29460031E+04  0.29259098E+04  0.29071429E+04  0.28888935E+04  0.28710584E+04
  0.28537248E+04  0.28369436E+04  0.28207128E+04  0.28050130E+04  0.27898313E+04
  0.27751712E+04  0.27610408E+04  0.27474420E+04  0.27343701E+04  0.27218040E+04
  0.27097017E+04  0.26980153E+04  0.26866988E+04  0.26757101E+04  0.26650139E+04
  0.26545808E+04  0.26443875E+04  0.26344156E+04  0.26246494E+04  0.26150764E+04
  0.26056857E+04  0.25964680E+04  0.25874152E+04  0.25785200E+04  0.25697763E+04
  0.25611783E+04  0.25527213E+04  0.25444007E+04  0.25362125E+04  0.25281533E+04
  0.25202194E+04  0.25124078E+04  0.25047156E+04  0.24971400E+04  0.24896785E+04
  0.24823288E+04  0.24750884E+04  0.24679551E+04  0.24609268E+04  0.24540014E+04
  0.24471770E+04  0.24404518E+04  0.24338237E+04  0.24272914E+04  0.24208522E+04
  0.24145080E+04  0.24082486E+04  0.24020969E+04  0.23959594E+04  0.23901451E+04
  0.23829259E+04  0.23784229E+04  0.32579196E+04  0.32373242E+04  0.32177614E+04
  0.32196157E+04  0.32208483E+04  0.32214621E+04  0.32217756E+04  0.32219518E+04
  0.32220532E+04  0.32220971E+04  0.32220914E+04  0.32220430E+04  0.32219503E+04
  0.32218084E+04  0.32216089E+04  0.32213354E+04  0.32209635E+04  0.32204626E+04
  0.32197969E+04  0.32189185E+04  0.32177619E+04  0.32162439E+04  0.32142617E+04
  0.32116913E+04  0.32083512E+04  0.32040615E+04  0.31986588E+04  0.31919505E+04
  0.31837799E+04  0.31741061E+04  0.31630531E+04  0.31511071E+04  0.31390181E+04
  0.31273729E+04  0.31164441E+04  0.31060727E+04  0.30956735E+04  0.30844437E+04
  0.30712422E+04  0.30544478E+04  0.30323086E+04  0.30058877E+04  0.29799599E+04
  0.29576817E+04  0.29379565E+04  0.29188934E+04  0.29000921E+04  0.28817437E+04
  0.28639711E+04  0.28468069E+04  0.28302236E+04  0.28141789E+04  0.27986442E+04
  0.27836178E+04  0.27691135E+04  0.27551410E+04  0.27417047E+04  0.27287950E+04
  0.27163782E+04  0.27044065E+04  0.26928321E+04  0.26816097E+04  0.26706994E+04
  0.26600696E+04  0.26496943E+04  0.26395530E+04  0.26296288E+04  0.26199077E+04
  0.26103779E+04  0.26010290E+04  0.25918520E+04  0.25828391E+04  0.25739833E+04
  0.25652786E+04  0.25567196E+04  0.25483016E+04  0.25400202E+04  0.25318716E+04
  0.25238524E+04  0.25159592E+04  0.25081888E+04  0.25005384E+04  0.24930053E+04
  0.24855869E+04  0.24782808E+04  0.24710844E+04  0.24639954E+04  0.24570116E+04
  0.24501308E+04  0.24433508E+04  0.24366696E+04  0.24300850E+04  0.24235955E+04
  0.24171979E+04  0.24108939E+04  0.24046733E+04  0.23985579E+04  0.23924543E+04
  0.23866701E+04  0.23794804E+04  0.23749934E+04  0.32628473E+04  0.32396875E+04
  0.32174326E+04  0.32191132E+04  0.32203213E+04  0.32209962E+04  0.32213876E+04
  0.32216340E+04  0.32217947E+04  0.32218913E+04  0.32219291E+04  0.32219128E+04
  0.32218458E+04  0.32217229E+04  0.32215371E+04  0.32212754E+04  0.32209154E+04
  0.32204262E+04  0.32197693E+04  0.32188958E+04  0.32177401E+04  0.32162184E+04
  0.32142265E+04  0.32116388E+04  0.32082700E+04  0.32039388E+04  0.31984796E+04
  0.31916957E+04  0.31834342E+04  0.31736455E+04  0.31624348E+04  0.31503909E+04
  0.31383620E+04  0.31268690E+04  0.31159792E+04  0.31052409E+04  0.30938500E+04
  0.30806113E+04  0.30635193E+04  0.30410257E+04  0.30152284E+04  0.29908005E+04
  0.29696920E+04  0.29504027E+04  0.29313301E+04  0.29121590E+04  0.28932963E+04
  0.28750726E+04  0.28575162E+04  0.28405739E+04  0.28241825E+04  0.28082967E+04
  0.27929032E+04  0.27780174E+04  0.27636592E+04  0.27498419E+04  0.27365668E+04
  0.27238126E+04  0.27115356E+04  0.26996848E+04  0.26882117E+04  0.26770732E+04
  0.26662335E+04  0.26556643E+04  0.26453430E+04  0.26352510E+04  0.26253726E+04
  0.26156946E+04  0.26062058E+04  0.25968962E+04  0.25877574E+04  0.25787822E+04
  0.25699638E+04  0.25612965E+04  0.25527753E+04  0.25443957E+04  0.25361535E+04
  0.25280449E+04  0.25200666E+04  0.25122152E+04  0.25044876E+04  0.24968808E+04
  0.24893920E+04  0.24820186E+04  0.24747579E+04  0.24676071E+04  0.24605640E+04
  0.24536259E+04  0.24467905E+04  0.24400555E+04  0.24334187E+04  0.24268776E+04
  0.24204306E+04  0.24140743E+04  0.24078101E+04  0.24016276E+04  0.23955479E+04
  0.23894781E+04  0.23837234E+04  0.23765644E+04  0.23720952E+04  0.32685876E+04
  0.32424405E+04  0.32170564E+04  0.32185435E+04  0.32197152E+04  0.32204417E+04
  0.32209083E+04  0.32212293E+04  0.32214566E+04  0.32216115E+04  0.32217048E+04
  0.32217309E+04  0.32216947E+04  0.32216007E+04  0.32214348E+04  0.32211871E+04
  0.32208389E+04  0.32203601E+04  0.32197119E+04  0.32188437E+04  0.32176887E+04
  0.32161616E+04  0.32141567E+04  0.32115471E+04  0.32081440E+04  0.32037661E+04
  0.31982408E+04  0.31913724E+04  0.31830110E+04  0.31730830E+04  0.31617399E+04
  0.31496885E+04  0.31377656E+04  0.31263102E+04  0.31151085E+04  0.31034419E+04
  0.30900641E+04  0.30728248E+04  0.30502818E+04  0.30250126E+04  0.30018124E+04
  0.29817951E+04  0.29629668E+04  0.29440747E+04  0.29248810E+04  0.29056897E+04
  0.28869995E+04  0.28690287E+04  0.28517145E+04  0.28349715E+04  0.28187373E+04
  0.28029816E+04  0.27877139E+04  0.27729614E+04  0.27587480E+04  0.27450880E+04
  0.27319732E+04  0.27193674E+04  0.27072192E+04  0.26954773E+04  0.26840949E+04
  0.26730323E+04  0.26622579E+04  0.26517462E+04  0.26414764E+04  0.26314313E+04
  0.26215964E+04  0.26119593E+04  0.26025094E+04  0.25932376E+04  0.25841361E+04
  0.25751981E+04  0.25664173E+04  0.25577883E+04  0.25493065E+04  0.25409672E+04
  0.25327663E+04  0.25247002E+04  0.25167653E+04  0.25089581E+04  0.25012753E+04
  0.24937137E+04  0.24862705E+04  0.24789428E+04  0.24717276E+04  0.24646222E+04
  0.24576240E+04  0.24507304E+04  0.24439389E+04  0.24372470E+04  0.24306524E+04
  0.24241526E+04  0.24177456E+04  0.24114282E+04  0.24052013E+04  0.23990546E+04
  0.23930085E+04  0.23869705E+04  0.23812440E+04  0.23741148E+04  0.23696633E+04
  0.32753781E+04  0.32460717E+04  0.32171921E+04  0.32181730E+04  0.32191462E+04
  0.32198602E+04  0.32203725E+04  0.32207545E+04  0.32210442E+04  0.32212582E+04
  0.32214085E+04  0.32214876E+04  0.32214914E+04  0.32214296E+04  0.32212918E+04
  0.32210642E+04  0.32207304E+04  0.32202625E+04  0.32196221E+04  0.32187582E+04
  0.32176025E+04  0.32160682E+04  0.32140478E+04  0.32114123E+04  0.32079705E+04
  0.32035374E+04  0.31979377E+04  0.31909771E+04  0.31824969E+04  0.31724248E+04
  0.31610278E+04  0.31490399E+04  0.31371462E+04  0.31254355E+04  0.31133759E+04
  0.30997302E+04  0.30821905E+04  0.30596658E+04  0.30352087E+04  0.30131491E+04
  0.29939456E+04  0.29755530E+04  0.29569272E+04  0.29379255E+04  0.29187342E+04
  0.28997303E+04  0.28813201E+04  0.28636112E+04  0.28465073E+04  0.28299254E+04
  0.28138167E+04  0.27981730E+04  0.27830246E+04  0.27684061E+04  0.27543431E+04
  0.27408437E+04  0.27278829E+04  0.27154146E+04  0.27033840E+04  0.26917407E+04
  0.26804410E+04  0.26694490E+04  0.26587356E+04  0.26482776E+04  0.26380561E+04
  0.26280552E+04  0.26182617E+04  0.26086641E+04  0.25992528E+04  0.25900192E+04
  0.25809562E+04  0.25720574E+04  0.25633167E+04  0.25547290E+04  0.25462893E+04
  0.25379930E+04  0.25298359E+04  0.25218141E+04  0.25139237E+04  0.25061610E+04
  0.24985227E+04  0.24910054E+04  0.24836061E+04  0.24763217E+04  0.24691494E+04
  0.24620863E+04  0.24551297E+04  0.24482769E+04  0.24415254E+04  0.24348727E+04
  0.24283163E+04  0.24218537E+04  0.24154829E+04  0.24092006E+04  0.24030075E+04
  0.23968933E+04  0.23908779E+04  0.23848693E+04  0.23791689E+04  0.23720678E+04
  0.23676330E+04  0.32832128E+04  0.32508167E+04  0.32180306E+04  0.32179735E+04
  0.32186602E+04  0.32193021E+04  0.32198206E+04  0.32202376E+04  0.32205743E+04
  0.32208400E+04  0.32210403E+04  0.32211745E+04  0.32212291E+04  0.32212038E+04
  0.32210988E+04  0.32208977E+04  0.32205828E+04  0.32201278E+04  0.32194955E+04
  0.32186353E+04  0.32174778E+04  0.32159344E+04  0.32138955E+04  0.32112299E+04
  0.32077446E+04  0.32032495E+04  0.31975675E+04  0.31905020E+04  0.31818888E+04
  0.31717146E+04  0.31603361E+04  0.31483988E+04  0.31363163E+04  0.31238120E+04
  0.31097628E+04  0.30917677E+04  0.30691098E+04  0.30453898E+04  0.30244147E+04
  0.30059949E+04  0.29880906E+04  0.29698136E+04  0.29510884E+04  0.29321029E+04
  0.29130948E+04  0.28943747E+04  0.28762457E+04  0.28587627E+04  0.28418287E+04
  0.28253738E+04  0.28093677E+04  0.27938278E+04  0.27787992E+04  0.27643200E+04
  0.27504136E+04  0.27370728E+04  0.27242577E+04  0.27119161E+04  0.26999937E+04
  0.26884414E+04  0.26772180E+04  0.26662907E+04  0.26556335E+04  0.26452255E+04
  0.26350496E+04  0.26250915E+04  0.26153392E+04  0.26057822E+04  0.25964114E+04
  0.25872189E+04  0.25781976E+04  0.25693411E+04  0.25606435E+04  0.25520991E+04
  0.25437029E+04  0.25354501E+04  0.25273362E+04  0.25193571E+04  0.25115089E+04
  0.25037877E+04  0.24961902E+04  0.24887131E+04  0.24813533E+04  0.24741078E+04
  0.24669735E+04  0.24599478E+04  0.24530277E+04  0.24462107E+04  0.24394943E+04
  0.24328758E+04  0.24263530E+04  0.24199232E+04  0.24135845E+04  0.24073336E+04
  0.24011710E+04  0.23950865E+04  0.23890996E+04  0.23831185E+04  0.23774430E+04
  0.23703687E+04  0.23659493E+04  0.32905811E+04  0.32557174E+04  0.32191661E+04
  0.32177118E+04  0.32182417E+04  0.32188037E+04  0.32192945E+04  0.32197141E+04
  0.32200733E+04  0.32203741E+04  0.32206148E+04  0.32207931E+04  0.32208997E+04
  0.32209180E+04  0.32208461E+04  0.32206766E+04  0.32203853E+04  0.32199467E+04
  0.32193244E+04  0.32184684E+04  0.32173085E+04  0.32157545E+04  0.32136945E+04
  0.32109944E+04  0.32074607E+04  0.32028966E+04  0.31971210E+04  0.31899356E+04
  0.31812038E+04  0.31710011E+04  0.31596618E+04  0.31476185E+04  0.31348729E+04
  0.31204043E+04  0.31018254E+04  0.30788826E+04  0.30557108E+04  0.30356694E+04
  0.30179536E+04  0.30005413E+04  0.29826652E+04  0.29642878E+04  0.29455901E+04
  0.29267821E+04  0.29080432E+04  0.28896092E+04  0.28717219E+04  0.28544213E+04
  0.28376211E+04  0.28212664E+04  0.28053492E+04  0.27899129E+04  0.27750090E+04
  0.27606749E+04  0.27469267E+04  0.27337396E+04  0.27210637E+04  0.27088418E+04
  0.26970190E+04  0.26855490E+04  0.26743945E+04  0.26635263E+04  0.26529216E+04
  0.26425618E+04  0.26324316E+04  0.26225178E+04  0.26128093E+04  0.26032961E+04
  0.25939692E+04  0.25848207E+04  0.25758433E+04  0.25670301E+04  0.25583751E+04
  0.25498726E+04  0.25415171E+04  0.25333041E+04  0.25252290E+04  0.25172877E+04
  0.25094765E+04  0.25017915E+04  0.24942294E+04  0.24867869E+04  0.24794610E+04
  0.24722487E+04  0.24651469E+04  0.24581531E+04  0.24512644E+04  0.24444783E+04
  0.24377923E+04  0.24312039E+04  0.24247108E+04  0.24183104E+04  0.24120008E+04
  0.24057786E+04  0.23996444E+04  0.23935877E+04  0.23876279E+04  0.23816731E+04
  0.23760219E+04  0.23689738E+04  0.23645693E+04  0.32979132E+04  0.32608806E+04
  0.32205361E+04  0.32174238E+04  0.32178801E+04  0.32183741E+04  0.32188218E+04
  0.32192200E+04  0.32195750E+04  0.32198867E+04  0.32201502E+04  0.32203578E+04
  0.32205074E+04  0.32205664E+04  0.32205260E+04  0.32203906E+04  0.32201268E+04
  0.32197078E+04  0.32190978E+04  0.32182472E+04  0.32170850E+04  0.32155191E+04
  0.32134352E+04  0.32106957E+04  0.32071076E+04  0.32024649E+04  0.31965821E+04
  0.31892760E+04  0.31804795E+04  0.31702872E+04  0.31589054E+04  0.31464168E+04
  0.31319568E+04  0.31129289E+04  0.30894409E+04  0.30664248E+04  0.30469958E+04
  0.30298134E+04  0.30128574E+04  0.29954179E+04  0.29774526E+04  0.29591173E+04
  0.29405970E+04  0.29220398E+04  0.29035687E+04  0.28853791E+04  0.28676872E+04
  0.28505308E+04  0.28338350E+04  0.28175608E+04  0.28017285E+04  0.27863999E+04
  0.27716278E+04  0.27574472E+04  0.27438592E+04  0.27308218E+04  0.27182763E+04
  0.27061629E+04  0.26944290E+04  0.26830328E+04  0.26719415E+04  0.26611298E+04
  0.26505774E+04  0.26402677E+04  0.26301861E+04  0.26203202E+04  0.26106587E+04
  0.26011914E+04  0.25919091E+04  0.25828036E+04  0.25738674E+04  0.25650937E+04
  0.25564764E+04  0.25480099E+04  0.25396892E+04  0.25315098E+04  0.25234673E+04
  0.25155578E+04  0.25077774E+04  0.25001226E+04  0.24925901E+04  0.24851766E+04
  0.24778792E+04  0.24706949E+04  0.24636210E+04  0.24566547E+04  0.24497935E+04
  0.24430347E+04  0.24363760E+04  0.24298147E+04  0.24233487E+04  0.24169753E+04
  0.24106925E+04  0.24044969E+04  0.23983889E+04  0.23923581E+04  0.23864236E+04
  0.23804935E+04  0.23748656E+04  0.23678423E+04  0.23634519E+04  0.33053401E+04
  0.32663737E+04  0.32222008E+04  0.32171687E+04  0.32175696E+04  0.32180087E+04
  0.32184134E+04  0.32187797E+04  0.32191121E+04  0.32194112E+04  0.32196739E+04
  0.32198908E+04  0.32200606E+04  0.32201516E+04  0.32201430E+04  0.32200352E+04
  0.32197981E+04  0.32194002E+04  0.32188042E+04  0.32179598E+04  0.32167947E+04
  0.32152147E+04  0.32131028E+04  0.32103175E+04  0.32066671E+04  0.32019346E+04
  0.31959390E+04  0.31885511E+04  0.31797481E+04  0.31695349E+04  0.31578773E+04
  0.31440816E+04  0.31254618E+04  0.31015495E+04  0.30779564E+04  0.30585386E+04
  0.30416072E+04  0.30250345E+04  0.30080400E+04  0.29905330E+04  0.29726227E+04
  0.29544597E+04  0.29361721E+04  0.29178589E+04  0.28996159E+04  0.28816231E+04
  0.28640862E+04  0.28470434E+04  0.28304282E+04  0.28142229E+04  0.27984775E+04
  0.27832632E+04  0.27686349E+04  0.27546181E+04  0.27411895E+04  0.27282928E+04
  0.27158652E+04  0.27038484E+04  0.26921949E+04  0.26808679E+04  0.26698390E+04
  0.26590855E+04  0.26485887E+04  0.26383324E+04  0.26283020E+04  0.26184846E+04
  0.26088686E+04  0.25994438E+04  0.25902011E+04  0.25811323E+04  0.25722303E+04
  0.25634888E+04  0.25549020E+04  0.25464647E+04  0.25381722E+04  0.25300199E+04
  0.25220039E+04  0.25141202E+04  0.25063652E+04  0.24987354E+04  0.24912276E+04
  0.24838388E+04  0.24765659E+04  0.24694063E+04  0.24623570E+04  0.24554153E+04
  0.24485788E+04  0.24418447E+04  0.24352105E+04  0.24286739E+04  0.24222323E+04
  0.24158834E+04  0.24096249E+04  0.24034536E+04  0.23973698E+04  0.23913630E+04
  0.23854522E+04  0.23795454E+04  0.23739397E+04  0.23669403E+04  0.23625631E+04
  0.33127990E+04  0.32722035E+04  0.32242048E+04  0.32169551E+04  0.32173126E+04
  0.32177098E+04  0.32180766E+04  0.32184071E+04  0.32187066E+04  0.32189777E+04
  0.32192188E+04  0.32194233E+04  0.32195858E+04  0.32196895E+04  0.32197036E+04
  0.32196129E+04  0.32193971E+04  0.32190182E+04  0.32184351E+04  0.32175951E+04
  0.32164244E+04  0.32148259E+04  0.32126789E+04  0.32098386E+04  0.32061194E+04
  0.32012938E+04  0.31952109E+04  0.31878083E+04  0.31789886E+04  0.31685726E+04
  0.31559630E+04  0.31387451E+04  0.31152839E+04  0.30908108E+04  0.30706152E+04
  0.30535012E+04  0.30371333E+04  0.30205327E+04  0.30034942E+04  0.29860519E+04
  0.29683063E+04  0.29503570E+04  0.29322904E+04  0.29141838E+04  0.28961234E+04
  0.28782859E+04  0.28608730E+04  0.28439186E+04  0.28273652E+04  0.28112251E+04
  0.27955743E+04  0.27804874E+04  0.27660157E+04  0.27521650E+04  0.27388883E+04
  0.27261214E+04  0.27138011E+04  0.27018742E+04  0.26902985E+04  0.26790417E+04
  0.26680780E+04  0.26573857E+04  0.26469458E+04  0.26367417E+04  0.26267586E+04
  0.26169836E+04  0.26074054E+04  0.25980145E+04  0.25888025E+04  0.25797619E+04
  0.25708862E+04  0.25621695E+04  0.25536065E+04  0.25451922E+04  0.25369219E+04
  0.25287915E+04  0.25207970E+04  0.25129347E+04  0.25052012E+04  0.24975929E+04
  0.24901067E+04  0.24827397E+04  0.24754888E+04  0.24683510E+04  0.24613238E+04
  0.24544043E+04  0.24475899E+04  0.24408780E+04  0.24342663E+04  0.24277520E+04
  0.24213330E+04  0.24150066E+04  0.24087709E+04  0.24026224E+04  0.23965616E+04
  0.23905778E+04  0.23846900E+04  0.23788061E+04  0.23732224E+04  0.23662467E+04
  0.23618826E+04  0.33201844E+04  0.32782700E+04  0.32265590E+04  0.32168713E+04
  0.32171514E+04  0.32174935E+04  0.32178183E+04  0.32181093E+04  0.32183697E+04
  0.32186040E+04  0.32188115E+04  0.32189873E+04  0.32191239E+04  0.32192125E+04
  0.32192260E+04  0.32191407E+04  0.32189351E+04  0.32185669E+04  0.32179901E+04
  0.32171486E+04  0.32159650E+04  0.32143396E+04  0.32121500E+04  0.32092510E+04
  0.32054643E+04  0.32005664E+04  0.31944544E+04  0.31870318E+04  0.31780219E+04
  0.31668625E+04  0.31516451E+04  0.31297780E+04  0.31049654E+04  0.30835790E+04
  0.30657932E+04  0.30493060E+04  0.30329369E+04  0.30163168E+04  0.29993575E+04
  0.29820762E+04  0.29645282E+04  0.29467790E+04  0.29288976E+04  0.29109546E+04
  0.28930365E+04  0.28753237E+04  0.28580109E+04  0.28411221E+04  0.28246188E+04
  0.28085504E+04  0.27930073E+04  0.27780646E+04  0.27637587E+04  0.27500690E+04
  0.27369347E+04  0.27242883E+04  0.27120697E+04  0.27002310E+04  0.26887344E+04
  0.26775494E+04  0.26666506E+04  0.26560160E+04  0.26456263E+04  0.26354652E+04
  0.26255187E+04  0.26157751E+04  0.26062244E+04  0.25968580E+04  0.25876682E+04
  0.25786484E+04  0.25697924E+04  0.25610948E+04  0.25525503E+04  0.25441543E+04
  0.25359022E+04  0.25277902E+04  0.25198142E+04  0.25119706E+04  0.25042560E+04
  0.24966668E+04  0.24892001E+04  0.24818527E+04  0.24746216E+04  0.24675039E+04
  0.24604968E+04  0.24535977E+04  0.24468039E+04  0.24401128E+04  0.24335219E+04
  0.24270287E+04  0.24206309E+04  0.24143259E+04  0.24081116E+04  0.24019846E+04
  0.23959454E+04  0.23899834E+04  0.23841173E+04  0.23782550E+04  0.23726924E+04
  0.23657398E+04  0.23613886E+04  0.33274532E+04  0.32842409E+04  0.32291882E+04
  0.32171728E+04  0.32171141E+04  0.32173700E+04  0.32176398E+04  0.32178863E+04
  0.32181060E+04  0.32182999E+04  0.32184682E+04  0.32186062E+04  0.32187097E+04
  0.32187636E+04  0.32187504E+04  0.32186541E+04  0.32184410E+04  0.32180675E+04
  0.32174830E+04  0.32166271E+04  0.32154194E+04  0.32137592E+04  0.32115253E+04
  0.32085719E+04  0.32047309E+04  0.31998101E+04  0.31936641E+04  0.31860435E+04
  0.31763705E+04  0.31631375E+04  0.31438001E+04  0.31200506E+04  0.30978035E+04
  0.30789589E+04  0.30618415E+04  0.30453635E+04  0.30290117E+04  0.30125034E+04
  0.29957140E+04  0.29786211E+04  0.29612564E+04  0.29436739E+04  0.29259378E+04
  0.29081194E+04  0.28903140E+04  0.28727051E+04  0.28554696E+04  0.28386285E+04
  0.28221763E+04  0.28061921E+04  0.27907712E+04  0.27759854E+04  0.27618496E+04
  0.27483160E+04  0.27353168E+04  0.27227858E+04  0.27106670E+04  0.26989156E+04
  0.26874954E+04  0.26763762E+04  0.26655326E+04  0.26549429E+04  0.26445896E+04
  0.26344581E+04  0.26245363E+04  0.26148139E+04  0.26052820E+04  0.25959327E+04
  0.25867591E+04  0.25777549E+04  0.25689143E+04  0.25602319E+04  0.25517028E+04
  0.25433224E+04  0.25350864E+04  0.25269907E+04  0.25190315E+04  0.25112050E+04
  0.25035078E+04  0.24959364E+04  0.24884876E+04  0.24811584E+04  0.24739457E+04
  0.24668466E+04  0.24598583E+04  0.24529779E+04  0.24462029E+04  0.24395306E+04
  0.24329586E+04  0.24264843E+04  0.24201053E+04  0.24138192E+04  0.24076238E+04
  0.24015159E+04  0.23954957E+04  0.23895530E+04  0.23837063E+04  0.23778637E+04
  0.23723204E+04  0.23653896E+04  0.23610506E+04  0.33345312E+04  0.32899846E+04
  0.32321475E+04  0.32179626E+04  0.32171426E+04  0.32173254E+04  0.32175382E+04
  0.32177366E+04  0.32179140E+04  0.32180682E+04  0.32181971E+04  0.32182957E+04
  0.32183606E+04  0.32183750E+04  0.32183255E+04  0.32181988E+04  0.32179573E+04
  0.32175568E+04  0.32169447E+04  0.32160580E+04  0.32148159E+04  0.32131179E+04
  0.32108422E+04  0.32078395E+04  0.32039732E+04  0.31990161E+04  0.31926514E+04
  0.31843942E+04  0.31728852E+04  0.31563102E+04  0.31351850E+04  0.31134758E+04
  0.30936171E+04  0.30752608E+04  0.30580920E+04  0.30416700E+04  0.30254886E+04
  0.30091764E+04  0.29925770E+04  0.29756573E+04  0.29584448E+04  0.29409919E+04
  0.29233643E+04  0.29056413E+04  0.28879293E+04  0.28704048E+04  0.28532266E+04
  0.28364268E+04  0.28200330E+04  0.28041443E+04  0.27888629E+04  0.27742458E+04
  0.27602783E+04  0.27468968E+04  0.27340290E+04  0.27216100E+04  0.27095856E+04
  0.26979126E+04  0.26865556E+04  0.26754859E+04  0.26646800E+04  0.26541193E+04
  0.26437888E+04  0.26336758E+04  0.26237698E+04  0.26140615E+04  0.26045427E+04
  0.25952063E+04  0.25860455E+04  0.25770542E+04  0.25682268E+04  0.25595580E+04
  0.25510429E+04  0.25426770E+04  0.25344558E+04  0.25263752E+04  0.25184315E+04
  0.25106208E+04  0.25029395E+04  0.24953842E+04  0.24879516E+04  0.24806385E+04
  0.24734419E+04  0.24663587E+04  0.24593863E+04  0.24525217E+04  0.24457624E+04
  0.24391058E+04  0.24325493E+04  0.24260906E+04  0.24197273E+04  0.24134569E+04
  0.24072774E+04  0.24011855E+04  0.23951817E+04  0.23892554E+04  0.23834257E+04
  0.23776005E+04  0.23720747E+04  0.23651643E+04  0.23608368E+04  0.33412412E+04
  0.32956050E+04  0.32355600E+04  0.32191458E+04  0.32171970E+04  0.32173382E+04
  0.32175080E+04  0.32176633E+04  0.32177954E+04  0.32179089E+04  0.32179993E+04
  0.32180608E+04  0.32180846E+04  0.32180605E+04  0.32179752E+04  0.32178059E+04
  0.32175195E+04  0.32170732E+04  0.32164150E+04  0.32154830E+04  0.32141970E+04
  0.32124587E+04  0.32101420E+04  0.32070947E+04  0.32031652E+04  0.31979670E+04
  0.31909575E+04  0.31810177E+04  0.31669450E+04  0.31491574E+04  0.31297145E+04
  0.31098767E+04  0.30901746E+04  0.30716533E+04  0.30545773E+04  0.30383950E+04
  0.30224542E+04  0.30063493E+04  0.29899237E+04  0.29731484E+04  0.29560525E+04
  0.29386921E+04  0.29211433E+04  0.29034971E+04  0.28858620E+04  0.28684040E+04
  0.28512718E+04  0.28345110E+04  0.28181824E+04  0.28024052E+04  0.27872824E+04
  0.27728441E+04  0.27590445E+04  0.27458098E+04  0.27330649E+04  0.27207451E+04
  0.27087981E+04  0.26971830E+04  0.26858682E+04  0.26748285E+04  0.26640446E+04
  0.26535008E+04  0.26431841E+04  0.26330833E+04  0.26231885E+04  0.26134909E+04
  0.26039829E+04  0.25946574E+04  0.25855078E+04  0.25765280E+04  0.25677126E+04
  0.25590561E+04  0.25505536E+04  0.25422006E+04  0.25339924E+04  0.25259250E+04
  0.25179945E+04  0.25101968E+04  0.25025286E+04  0.24949861E+04  0.24875663E+04
  0.24802658E+04  0.24730817E+04  0.24660110E+04  0.24590509E+04  0.24521986E+04
  0.24454515E+04  0.24388072E+04  0.24322631E+04  0.24258167E+04  0.24194659E+04
  0.24132082E+04  0.24070415E+04  0.24009626E+04  0.23949721E+04  0.23890596E+04
  0.23832442E+04  0.23774338E+04  0.23719234E+04  0.23650313E+04  0.23607144E+04
  0.33476858E+04  0.33011775E+04  0.32393432E+04  0.32206540E+04  0.32173234E+04
  0.32174139E+04  0.32175366E+04  0.32176551E+04  0.32177506E+04  0.32178225E+04
  0.32178728E+04  0.32178966E+04  0.32178829E+04  0.32178214E+04  0.32176953E+04
  0.32174783E+04  0.32171381E+04  0.32166337E+04  0.32159120E+04  0.32149213E+04
  0.32135871E+04  0.32118070E+04  0.32094427E+04  0.32062928E+04  0.32020748E+04
  0.31961638E+04  0.31876961E+04  0.31759951E+04  0.31613824E+04  0.31449147E+04
  0.31266531E+04  0.31066865E+04  0.30866921E+04  0.30682682E+04  0.30514989E+04
  0.30356201E+04  0.30199217E+04  0.30040078E+04  0.29877286E+04  0.29710616E+04
  0.29540432E+04  0.29367435E+04  0.29192539E+04  0.29016689E+04  0.28840959E+04
  0.28666928E+04  0.28495962E+04  0.28328727E+04  0.28166216E+04  0.28009806E+04
  0.27860347E+04  0.27717779E+04  0.27581408E+04  0.27450393E+04  0.27323965E+04
  0.27201508E+04  0.27082554E+04  0.26966753E+04  0.26853840E+04  0.26743611E+04
  0.26635900E+04  0.26530568E+04  0.26427495E+04  0.26326574E+04  0.26227711E+04
  0.26130822E+04  0.26035831E+04  0.25942666E+04  0.25851264E+04  0.25761562E+04
  0.25673505E+04  0.25587038E+04  0.25502113E+04  0.25418681E+04  0.25336698E+04
  0.25256121E+04  0.25176912E+04  0.25099030E+04  0.25022441E+04  0.24947109E+04
  0.24873001E+04  0.24800087E+04  0.24728335E+04  0.24657717E+04  0.24588205E+04
  0.24519771E+04  0.24452390E+04  0.24386037E+04  0.24320687E+04  0.24256316E+04
  0.24192901E+04  0.24130418E+04  0.24068848E+04  0.24008159E+04  0.23948357E+04
  0.23889339E+04  0.23831297E+04  0.23773312E+04  0.23718333E+04  0.23649570E+04
  0.23606495E+04  0.33539471E+04  0.33067649E+04  0.32432406E+04  0.32224101E+04
  0.32177330E+04  0.32175699E+04  0.32176310E+04  0.32177024E+04  0.32177640E+04
  0.32178016E+04  0.32178146E+04  0.32178005E+04  0.32177496E+04  0.32176479E+04
  0.32174748E+04  0.32172037E+04  0.32168012E+04  0.32162261E+04  0.32154304E+04
  0.32143824E+04  0.32130048E+04  0.32111567E+04  0.32086493E+04  0.32051727E+04
  0.32001901E+04  0.31931031E+04  0.31836180E+04  0.31719205E+04  0.31582575E+04
  0.31423273E+04  0.31237968E+04  0.31034569E+04  0.30834411E+04  0.30653162E+04
  0.30489095E+04  0.30333436E+04  0.30178787E+04  0.30021312E+04  0.29859614E+04
  0.29693603E+04  0.29523843E+04  0.29351241E+04  0.29176787E+04  0.29001415E+04
  0.28826216E+04  0.28652606E+04  0.28481873E+04  0.28315065E+04  0.28153561E+04
  0.27998772E+04  0.27851201E+04  0.27710380E+04  0.27575431E+04  0.27445462E+04
  0.27319746E+04  0.27197745E+04  0.27079076E+04  0.26963455E+04  0.26850663E+04
  0.26740524E+04  0.26632886E+04  0.26527617E+04  0.26424601E+04  0.26323738E+04
  0.26224933E+04  0.26128104E+04  0.26033175E+04  0.25940074E+04  0.25848736E+04
  0.25759100E+04  0.25671108E+04  0.25584707E+04  0.25499846E+04  0.25416477E+04
  0.25334555E+04  0.25254038E+04  0.25174886E+04  0.25097062E+04  0.25020530E+04
  0.24945254E+04  0.24871203E+04  0.24798344E+04  0.24726649E+04  0.24656088E+04
  0.24586634E+04  0.24518258E+04  0.24450936E+04  0.24384643E+04  0.24319354E+04
  0.24255045E+04  0.24191694E+04  0.24129277E+04  0.24067774E+04  0.24007155E+04
  0.23947426E+04  0.23888485E+04  0.23830526E+04  0.23772630E+04  0.23717750E+04
  0.23649120E+04  0.23606126E+04  0.33598040E+04  0.33122513E+04  0.32471349E+04
  0.32244548E+04  0.32185626E+04  0.32177924E+04  0.32178059E+04  0.32178229E+04
  0.32178375E+04  0.32178391E+04  0.32178184E+04  0.32177695E+04  0.32176796E+04
  0.32175298E+04  0.32172995E+04  0.32169651E+04  0.32164961E+04  0.32158569E+04
  0.32150091E+04  0.32139102E+04  0.32124469E+04  0.32104211E+04  0.32075236E+04
  0.32033848E+04  0.31976844E+04  0.31901647E+04  0.31808559E+04  0.31696286E+04
  0.31560302E+04  0.31397846E+04  0.31209605E+04  0.31005103E+04  0.30806245E+04
  0.30628400E+04  0.30468214E+04  0.30315709E+04  0.30163139E+04  0.30006902E+04
  0.29845816E+04  0.29680070E+04  0.29510503E+04  0.29338150E+04  0.29164009E+04
  0.28989042E+04  0.28814274E+04  0.28640919E+04  0.28470365E+04  0.28304142E+04
  0.28143940E+04  0.27990964E+04  0.27845236E+04  0.27705934E+04  0.27572060E+04
  0.27442767E+04  0.27317441E+04  0.27195654E+04  0.27077100E+04  0.26961546E+04
  0.26848798E+04  0.26738690E+04  0.26631079E+04  0.26525835E+04  0.26422846E+04
  0.26322011E+04  0.26223236E+04  0.26126439E+04  0.26031541E+04  0.25938472E+04
  0.25847165E+04  0.25757559E+04  0.25669596E+04  0.25583222E+04  0.25498387E+04
  0.25415043E+04  0.25333146E+04  0.25252653E+04  0.25173526E+04  0.25095728E+04
  0.25019222E+04  0.24943973E+04  0.24869949E+04  0.24797120E+04  0.24725456E+04
  0.24654927E+04  0.24585504E+04  0.24517162E+04  0.24449875E+04  0.24383617E+04
  0.24318364E+04  0.24254093E+04  0.24190782E+04  0.24128406E+04  0.24066948E+04
  0.24006375E+04  0.23946696E+04  0.23887809E+04  0.23829910E+04  0.23772084E+04
  0.23717284E+04  0.23648768E+04  0.23605845E+04  0.33651365E+04  0.33174766E+04
  0.32510761E+04  0.32267159E+04  0.32196922E+04  0.32181975E+04  0.32180802E+04
  0.32180358E+04  0.32179992E+04  0.32179572E+04  0.32178995E+04  0.32178134E+04
  0.32176788E+04  0.32174734E+04  0.32171804E+04  0.32167874E+04  0.32162763E+04
  0.32156126E+04  0.32147400E+04  0.32135511E+04  0.32118671E+04  0.32094782E+04
  0.32061402E+04  0.32016119E+04  0.31958037E+04  0.31884621E+04  0.31792033E+04
  0.31677522E+04  0.31538593E+04  0.31374006E+04  0.31184772E+04  0.30979983E+04
  0.30782775E+04  0.30608863E+04  0.30452760E+04  0.30303081E+04  0.30152014E+04
  0.29996402E+04  0.29835449E+04  0.29669700E+04  0.29500181E+04  0.29327967E+04
  0.29154072E+04  0.28979442E+04  0.28804963E+04  0.28631726E+04  0.28461387E+04
  0.28295997E+04  0.28137369E+04  0.27986247E+04  0.27842111E+04  0.27703901E+04
  0.27570647E+04  0.27441655E+04  0.27316453E+04  0.27194705E+04  0.27076158E+04
  0.26960603E+04  0.26847850E+04  0.26737737E+04  0.26630120E+04  0.26524873E+04
  0.26421882E+04  0.26321045E+04  0.26222269E+04  0.26125470E+04  0.26030571E+04
  0.25937499E+04  0.25846189E+04  0.25756579E+04  0.25668611E+04  0.25582232E+04
  0.25497392E+04  0.25414046E+04  0.25332148E+04  0.25251656E+04  0.25172532E+04
  0.25094738E+04  0.25018238E+04  0.24942997E+04  0.24868984E+04  0.24796166E+04
  0.24724514E+04  0.24653999E+04  0.24584592E+04  0.24516266E+04  0.24448996E+04
  0.24382757E+04  0.24317525E+04  0.24253277E+04  0.24189990E+04  0.24127642E+04
  0.24066214E+04  0.24005675E+04  0.23946034E+04  0.23887190E+04  0.23829341E+04
  0.23771573E+04  0.23716839E+04  0.23648422E+04  0.23605562E+04  0.33699304E+04
  0.33223723E+04  0.32550485E+04  0.32290257E+04  0.32210081E+04  0.32189207E+04
  0.32185050E+04  0.32183716E+04  0.32182879E+04  0.32182089E+04  0.32181202E+04
  0.32179988E+04  0.32178145E+04  0.32175505E+04  0.32172087E+04  0.32167884E+04
  0.32162748E+04  0.32156074E+04  0.32146653E+04  0.32132842E+04  0.32113167E+04
  0.32086327E+04  0.32050936E+04  0.32005228E+04  0.31946882E+04  0.31871926E+04
  0.31777001E+04  0.31660350E+04  0.31519868E+04  0.31354277E+04  0.31164473E+04
  0.30959668E+04  0.30764744E+04  0.30595242E+04  0.30442832E+04  0.30295149E+04
  0.30144804E+04  0.29989220E+04  0.29828082E+04  0.29662190E+04  0.29492639E+04
  0.29320515E+04  0.29146810E+04  0.28972422E+04  0.28798101E+04  0.28624893E+04
  0.28454888E+04  0.28290604E+04  0.28133669E+04  0.27984136E+04  0.27841038E+04
  0.27703357E+04  0.27570315E+04  0.27441377E+04  0.27316166E+04  0.27194391E+04
  0.27075814E+04  0.26960226E+04  0.26847437E+04  0.26737287E+04  0.26629635E+04
  0.26524357E+04  0.26421336E+04  0.26320472E+04  0.26221669E+04  0.26124845E+04
  0.26029920E+04  0.25936825E+04  0.25845491E+04  0.25755858E+04  0.25667868E+04
  0.25581469E+04  0.25496612E+04  0.25413251E+04  0.25331340E+04  0.25250838E+04
  0.25171706E+04  0.25093907E+04  0.25017404E+04  0.24942163E+04  0.24868150E+04
  0.24795334E+04  0.24723686E+04  0.24653176E+04  0.24583775E+04  0.24515457E+04
  0.24448198E+04  0.24381971E+04  0.24316754E+04  0.24252522E+04  0.24189254E+04
  0.24126927E+04  0.24065524E+04  0.24005013E+04  0.23945404E+04  0.23886595E+04
  0.23828788E+04  0.23771067E+04  0.23716388E+04  0.23648051E+04  0.23605244E+04
  0.33743928E+04  0.33270539E+04  0.32590656E+04  0.32314607E+04  0.32224764E+04
  0.32198959E+04  0.32191768E+04  0.32189300E+04  0.32187898E+04  0.32186716E+04
  0.32185450E+04  0.32183793E+04  0.32181491E+04  0.32178576E+04  0.32175163E+04
  0.32171004E+04  0.32165561E+04  0.32157913E+04  0.32146814E+04  0.32130953E+04
  0.32109402E+04  0.32081262E+04  0.32044812E+04  0.31997750E+04  0.31937809E+04
  0.31861295E+04  0.31764969E+04  0.31647040E+04  0.31505505E+04  0.31339287E+04
  0.31149272E+04  0.30945061E+04  0.30752947E+04  0.30587484E+04  0.30437657E+04
  0.30290884E+04  0.30140573E+04  0.29984684E+04  0.29823260E+04  0.29657198E+04
  0.29487605E+04  0.29315546E+04  0.29141968E+04  0.28967733E+04  0.28793458E+04
  0.28620253E+04  0.28450752E+04  0.28287739E+04  0.28132228E+04  0.27983663E+04
  0.27841035E+04  0.27703494E+04  0.27570438E+04  0.27441441E+04  0.27316173E+04
  0.27194348E+04  0.27075719E+04  0.26960068E+04  0.26847219E+04  0.26737013E+04
  0.26629311E+04  0.26523986E+04  0.26420923E+04  0.26320020E+04  0.26221182E+04
  0.26124324E+04  0.26029368E+04  0.25936244E+04  0.25844883E+04  0.25755226E+04
  0.25667214E+04  0.25580796E+04  0.25495922E+04  0.25412546E+04  0.25330623E+04
  0.25250111E+04  0.25170972E+04  0.25093167E+04  0.25016660E+04  0.24941416E+04
  0.24867403E+04  0.24794588E+04  0.24722941E+04  0.24652434E+04  0.24583039E+04
  0.24514729E+04  0.24447478E+04  0.24381262E+04  0.24316056E+04  0.24251839E+04
  0.24188587E+04  0.24126278E+04  0.24064895E+04  0.24004406E+04  0.23944822E+04
  0.23886041E+04  0.23828265E+04  0.23770581E+04  0.23715943E+04  0.23647668E+04
  0.23604902E+04  0.33786258E+04  0.33314523E+04  0.32629266E+04  0.32339707E+04
  0.32240084E+04  0.32209463E+04  0.32200065E+04  0.32196542E+04  0.32194463E+04
  0.32192587E+04  0.32190468E+04  0.32188014E+04  0.32185394E+04  0.32182609E+04
  0.32179314E+04  0.32174856E+04  0.32168439E+04  0.32159263E+04  0.32146584E+04
  0.32129566E+04  0.32107153E+04  0.32078014E+04  0.32040488E+04  0.31992444E+04
  0.31931554E+04  0.31854140E+04  0.31756876E+04  0.31638003E+04  0.31495863E+04
  0.31329549E+04  0.31139739E+04  0.30936543E+04  0.30747026E+04  0.30584288E+04
  0.30435674E+04  0.30288974E+04  0.30138350E+04  0.29982123E+04  0.29820471E+04
  0.29654299E+04  0.29484686E+04  0.29312669E+04  0.29139171E+04  0.28965017E+04
  0.28790729E+04  0.28617579E+04  0.28448694E+04  0.28286730E+04  0.28132039E+04
  0.27983854E+04  0.27841322E+04  0.27703745E+04  0.27570610E+04  0.27441530E+04
  0.27316181E+04  0.27194283E+04  0.27075586E+04  0.26959879E+04  0.26846982E+04
  0.26736736E+04  0.26628995E+04  0.26523633E+04  0.26420535E+04  0.26319599E+04
  0.26220730E+04  0.26123844E+04  0.26028863E+04  0.25935715E+04  0.25844333E+04
  0.25754657E+04  0.25666631E+04  0.25580201E+04  0.25495317E+04  0.25411933E+04
  0.25330005E+04  0.25249489E+04  0.25170348E+04  0.25092541E+04  0.25016033E+04
  0.24940790E+04  0.24866778E+04  0.24793966E+04  0.24722323E+04  0.24651820E+04
  0.24582431E+04  0.24514128E+04  0.24446885E+04  0.24380677E+04  0.24315482E+04
  0.24251276E+04  0.24188036E+04  0.24125741E+04  0.24064372E+04  0.24003900E+04
  0.23944333E+04  0.23885571E+04  0.23827817E+04  0.23770160E+04  0.23715551E+04
  0.23647318E+04  0.23604581E+04  0.33818659E+04  0.33352385E+04  0.32665128E+04
  0.32361378E+04  0.32251698E+04  0.32216494E+04  0.32205359E+04  0.32201100E+04
  0.32198476E+04  0.32195929E+04  0.32193021E+04  0.32189990E+04  0.32187332E+04
  0.32184765E+04  0.32181401E+04  0.32176451E+04  0.32169254E+04  0.32159272E+04
  0.32145935E+04  0.32128450E+04  0.32105716E+04  0.32076252E+04  0.32038300E+04
  0.31989705E+04  0.31928181E+04  0.31850209E+04  0.31752366E+04  0.31633022E+04
  0.31490855E+04  0.31324876E+04  0.31135449E+04  0.30933061E+04  0.30745071E+04
  0.30583510E+04  0.30435160E+04  0.30288260E+04  0.30137368E+04  0.29980959E+04
  0.29819216E+04  0.29653012E+04  0.29483406E+04  0.29311420E+04  0.29137965E+04
  0.28963847E+04  0.28789549E+04  0.28616492E+04  0.28448045E+04  0.28286593E+04
  0.28132174E+04  0.27984043E+04  0.27841437E+04  0.27703770E+04  0.27570573E+04
  0.27441449E+04  0.27316060E+04  0.27194122E+04  0.27075393E+04  0.26959664E+04
  0.26846750E+04  0.26736486E+04  0.26628729E+04  0.26523349E+04  0.26420233E+04
  0.26319279E+04  0.26220394E+04  0.26123493E+04  0.26028499E+04  0.25935339E+04
  0.25843947E+04  0.25754262E+04  0.25666229E+04  0.25579793E+04  0.25494906E+04
  0.25411520E+04  0.25329590E+04  0.25249075E+04  0.25169933E+04  0.25092128E+04
  0.25015621E+04  0.24940380E+04  0.24866370E+04  0.24793560E+04  0.24721921E+04
  0.24651422E+04  0.24582037E+04  0.24513738E+04  0.24446500E+04  0.24380298E+04
  0.24315109E+04  0.24250909E+04  0.24187677E+04  0.24125389E+04  0.24064029E+04
  0.24003566E+04  0.23944009E+04  0.23885259E+04  0.23827517E+04  0.23769875E+04
  0.23715281E+04  0.23647070E+04  0.23604347E+04  0.33830713E+04  0.33369437E+04
  0.32682629E+04  0.32370653E+04  0.32255695E+04  0.32218351E+04  0.32206493E+04
  0.32201949E+04  0.32199119E+04  0.32196355E+04  0.32193247E+04  0.32190132E+04
  0.32187550E+04  0.32185085E+04  0.32181714E+04  0.32176651E+04  0.32169271E+04
  0.32159077E+04  0.32145582E+04  0.32128024E+04  0.32105241E+04  0.32075775E+04
  0.32037765E+04  0.31988941E+04  0.31927140E+04  0.31848958E+04  0.31750923E+04
  0.31631485E+04  0.31489443E+04  0.31323702E+04  0.31134475E+04  0.30932350E+04
  0.30744763E+04  0.30583435E+04  0.30435072E+04  0.30288077E+04  0.30137105E+04
  0.29980662E+04  0.29818912E+04  0.29652713E+04  0.29483115E+04  0.29311142E+04
  0.29137701E+04  0.28963595E+04  0.28789299E+04  0.28616284E+04  0.28447957E+04
  0.28286621E+04  0.28132227E+04  0.27984064E+04  0.27841426E+04  0.27703731E+04
  0.27570512E+04  0.27441374E+04  0.27315979E+04  0.27194038E+04  0.27075307E+04
  0.26959574E+04  0.26846656E+04  0.26736388E+04  0.26628625E+04  0.26523240E+04
  0.26420119E+04  0.26319161E+04  0.26220273E+04  0.26123369E+04  0.26028372E+04
  0.25935209E+04  0.25843815E+04  0.25754128E+04  0.25666093E+04  0.25579657E+04
  0.25494769E+04  0.25411382E+04  0.25329453E+04  0.25248937E+04  0.25169796E+04
  0.25091991E+04  0.25015485E+04  0.24940245E+04  0.24866236E+04  0.24793427E+04
  0.24721788E+04  0.24651291E+04  0.24581906E+04  0.24513609E+04  0.24446373E+04
  0.24380173E+04  0.24314985E+04  0.24250787E+04  0.24187557E+04  0.24125271E+04
  0.24063914E+04  0.24003453E+04  0.23943899E+04  0.23885152E+04  0.23827414E+04
  0.23769777E+04  0.23715187E+04  0.23646980E+04  0.23604261E+04
