  0.10000000E+01  0.20000000E+01  0.10000000E+01  0.16903085E+01
  0.10000000E+01  0.20000000E+01  0.10000000E+01  0.16903085E+01
  0.10000000E+01  0.20000000E+01  0.10000000E+01  0.16903085E+01
  0.10000000E+01  0.20000000E+01  0.10000000E+01  0.16903085E+01
  0.10000000E+01  0.20000000E+01  0.10000000E+01  0.16903085E+01
  0.10000000E+01  0.20000000E+01  0.10000000E+01  0.16903085E+01
  0.10000000E+01  0.20000000E+01  0.10000000E+01  0.16903085E+01
  0.10000000E+01  0.20000000E+01  0.10000000E+01  0.16903085E+01
  0.10000000E+01  0.20000000E+01  0.10000000E+01  0.16903085E+01
  0.10000000E+01  0.20000000E+01  0.10000000E+01  0.16903085E+01
  0.10000000E+01  0.20000000E+01  0.10000000E+01  0.16903085E+01
  0.10000000E+01  0.20000000E+01  0.10000000E+01  0.16903085E+01
  0.10000000E+01  0.20000000E+01  0.10000000E+01  0.16903085E+01
  0.10000000E+01  0.20000000E+01  0.10000000E+01  0.16903085E+01
  0.10000000E+01  0.20000000E+01  0.10000000E+01  0.16903085E+01
  0.10000000E+01  0.20000000E+01  0.10000000E+01  0.16903085E+01
  0.10000000E+01  0.20000000E+01  0.10000000E+01  0.16903085E+01
  0.10000000E+01  0.20000000E+01  0.10000000E+01  0.16903085E+01
  0.10000000E+01  0.20000000E+01  0.10000000E+01  0.16903085E+01
  0.10000000E+01  0.20000000E+01  0.10000000E+01  0.16903085E+01
  0.10000000E+01  0.20000000E+01  0.10000000E+01  0.16903085E+01
  0.10000000E+01  0.20000000E+01  0.10000000E+01  0.16903085E+01
  0.10000000E+01  0.20000000E+01  0.10000000E+01  0.16903085E+01
  0.10000000E+01  0.20000000E+01  0.10000000E+01  0.16903085E+01
  0.10000000E+01  0.20000000E+01  0.10000000E+01  0.16903085E+01
  0.10000000E+01  0.20000000E+01  0.10000000E+01  0.16903085E+01
  0.10000003E+01  0.19999993E+01  0.10000003E+01  0.16903080E+01
  0.17756774E+01  0.91333990E+00  0.27559546E+01  0.61960430E+00
  0.30685182E+01  0.43929524E-01  0.61288331E+01  0.26270476E-01
  0.32611144E+01  0.75491436E-02  0.67708860E+01  0.44278606E-02
  0.32614253E+01  0.86030066E-03  0.67747058E+01  0.50448091E-03
  0.32590874E+01 -0.10253802E-02  0.67687987E+01 -0.60133036E-03
  0.32600026E+01 -0.84706083E-03  0.67705583E+01 -0.49676080E-03
  0.32612900E+01 -0.31074701E-03  0.67732321E+01 -0.18223831E-03
  0.32618435E+01 -0.18137743E-03  0.67737228E+01 -0.10637439E-03
  0.32621715E+01 -0.17946264E-03  0.67733584E+01 -0.10525953E-03
  0.32623708E+01 -0.27047066E-03  0.67724793E+01 -0.15865325E-03
  0.32626870E+01 -0.35607357E-03  0.67718445E+01 -0.20888629E-03
  0.32631029E+01 -0.33146162E-03  0.67717045E+01 -0.19446239E-03
  0.32634635E+01 -0.24857245E-03  0.67723351E+01 -0.14583412E-03
  0.32633361E+01 -0.15015495E-03  0.67728379E+01 -0.88088902E-04
  0.32619232E+01 -0.13128577E-03  0.67727386E+01 -0.77003124E-04
  0.32581740E+01 -0.12225523E-03  0.67724409E+01 -0.71666789E-04
  0.32505834E+01 -0.11569997E-03  0.67720615E+01 -0.67746901E-04
  0.32375192E+01 -0.70185390E-04  0.67720810E+01 -0.41013592E-04
  0.32203715E+01 -0.17262616E-04  0.67724454E+01 -0.10060575E-04
  0.32055137E+01  0.60899178E-05  0.67726025E+01  0.35409390E-05
  0.31966754E+01  0.28256176E-05  0.67725622E+01  0.16406734E-05
  0.31923129E+01  0.87165998E-05  0.67723028E+01  0.50578697E-05
  0.31908356E+01 -0.23702588E-05  0.67720354E+01 -0.13750686E-05
  0.31908356E+01  0.23702588E-05  0.67720354E+01  0.13750686E-05
  0.31923129E+01 -0.87165998E-05  0.67723028E+01 -0.50578697E-05
  0.31966754E+01 -0.28256176E-05  0.67725622E+01 -0.16406734E-05
  0.32055137E+01 -0.60899178E-05  0.67726025E+01 -0.35409390E-05
  0.32203715E+01  0.17262616E-04  0.67724454E+01  0.10060575E-04
  0.32375192E+01  0.70185390E-04  0.67720810E+01  0.41013592E-04
  0.32505834E+01  0.11569997E-03  0.67720615E+01  0.67746901E-04
  0.32581740E+01  0.12225523E-03  0.67724409E+01  0.71666789E-04
  0.32619232E+01  0.13128577E-03  0.67727386E+01  0.77003124E-04
  0.32633361E+01  0.15015495E-03  0.67728379E+01  0.88088902E-04
  0.32634635E+01  0.24857245E-03  0.67723351E+01  0.14583412E-03
  0.32631029E+01  0.33146162E-03  0.67717045E+01  0.19446239E-03
  0.32626870E+01  0.35607357E-03  0.67718445E+01  0.20888629E-03
  0.32623708E+01  0.27047066E-03  0.67724793E+01  0.15865325E-03
  0.32621715E+01  0.17946264E-03  0.67733584E+01  0.10525953E-03
  0.32618435E+01  0.18137743E-03  0.67737228E+01  0.10637439E-03
  0.32612900E+01  0.31074701E-03  0.67732321E+01  0.18223831E-03
  0.32600026E+01  0.84706083E-03  0.67705583E+01  0.49676080E-03
  0.32590874E+01  0.10253802E-02  0.67687987E+01  0.60133036E-03
  0.32614253E+01 -0.86030066E-03  0.67747058E+01 -0.50448091E-03
  0.32611144E+01 -0.75491436E-02  0.67708860E+01 -0.44278606E-02
  0.30685182E+01 -0.43929524E-01  0.61288331E+01 -0.26270476E-01
  0.17756774E+01 -0.91333990E+00  0.27559546E+01 -0.61960430E+00
  0.10000003E+01 -0.19999993E+01  0.10000003E+01 -0.16903080E+01
  0.10000000E+01 -0.20000000E+01  0.10000000E+01 -0.16903085E+01
  0.10000000E+01 -0.20000000E+01  0.10000000E+01 -0.16903085E+01
  0.10000000E+01 -0.20000000E+01  0.10000000E+01 -0.16903085E+01
  0.10000000E+01 -0.20000000E+01  0.10000000E+01 -0.16903085E+01
  0.10000000E+01 -0.20000000E+01  0.10000000E+01 -0.16903085E+01
  0.10000000E+01 -0.20000000E+01  0.10000000E+01 -0.16903085E+01
  0.10000000E+01 -0.20000000E+01  0.10000000E+01 -0.16903085E+01
  0.10000000E+01 -0.20000000E+01  0.10000000E+01 -0.16903085E+01
  0.10000000E+01 -0.20000000E+01  0.10000000E+01 -0.16903085E+01
  0.10000000E+01 -0.20000000E+01  0.10000000E+01 -0.16903085E+01
  0.10000000E+01 -0.20000000E+01  0.10000000E+01 -0.16903085E+01
  0.10000000E+01 -0.20000000E+01  0.10000000E+01 -0.16903085E+01
  0.10000000E+01 -0.20000000E+01  0.10000000E+01 -0.16903085E+01
  0.10000000E+01 -0.20000000E+01  0.10000000E+01 -0.16903085E+01
  0.10000000E+01 -0.20000000E+01  0.10000000E+01 -0.16903085E+01
  0.10000000E+01 -0.20000000E+01  0.10000000E+01 -0.16903085E+01
  0.10000000E+01 -0.20000000E+01  0.10000000E+01 -0.16903085E+01
  0.10000000E+01 -0.20000000E+01  0.10000000E+01 -0.16903085E+01
  0.10000000E+01 -0.20000000E+01  0.10000000E+01 -0.16903085E+01
  0.10000000E+01 -0.20000000E+01  0.10000000E+01 -0.16903085E+01
  0.10000000E+01 -0.20000000E+01  0.10000000E+01 -0.16903085E+01
  0.10000000E+01 -0.20000000E+01  0.10000000E+01 -0.16903085E+01
  0.10000000E+01 -0.20000000E+01  0.10000000E+01 -0.16903085E+01
  0.10000000E+01 -0.20000000E+01  0.10000000E+01 -0.16903085E+01
  0.10000000E+01 -0.20000000E+01  0.10000000E+01 -0.16903085E+01
  0.10000000E+01 -0.20000000E+01  0.10000000E+01 -0.16903085E+01
