  0.10000000E+01  0.20000000E+01  0.10000000E+01  0.16903085E+01
  0.10000000E+01  0.20000000E+01  0.10000000E+01  0.16903085E+01
  0.10000000E+01  0.20000000E+01  0.10000000E+01  0.16903085E+01
  0.10000000E+01  0.20000000E+01  0.10000000E+01  0.16903085E+01
  0.10000000E+01  0.20000000E+01  0.10000000E+01  0.16903085E+01
  0.10000000E+01  0.20000000E+01  0.10000000E+01  0.16903085E+01
  0.10000000E+01  0.20000000E+01  0.10000000E+01  0.16903085E+01
  0.10000000E+01  0.20000000E+01  0.10000000E+01  0.16903085E+01
  0.10000000E+01  0.20000000E+01  0.10000000E+01  0.16903085E+01
  0.10000000E+01  0.20000000E+01  0.10000000E+01  0.16903085E+01
  0.10000000E+01  0.20000000E+01  0.10000000E+01  0.16903085E+01
  0.10000000E+01  0.20000000E+01  0.10000000E+01  0.16903085E+01
  0.10000000E+01  0.20000000E+01  0.10000000E+01  0.16903085E+01
  0.10000000E+01  0.20000000E+01  0.10000000E+01  0.16903085E+01
  0.10000000E+01  0.20000000E+01  0.10000000E+01  0.16903085E+01
  0.10000000E+01  0.20000000E+01  0.10000000E+01  0.16903085E+01
  0.10000000E+01  0.20000000E+01  0.10000000E+01  0.16903085E+01
  0.10000000E+01  0.20000000E+01  0.10000000E+01  0.16903085E+01
  0.10000000E+01  0.20000000E+01  0.10000000E+01  0.16903085E+01
  0.10000000E+01  0.20000000E+01  0.10000000E+01  0.16903085E+01
  0.10000000E+01  0.20000000E+01  0.10000000E+01  0.16903085E+01
  0.10000000E+01  0.20000000E+01  0.10000000E+01  0.16903085E+01
  0.10000000E+01  0.20000000E+01  0.10000000E+01  0.16903085E+01
  0.10000000E+01  0.20000000E+01  0.10000000E+01  0.16903085E+01
  0.10000000E+01  0.20000000E+01  0.10000000E+01  0.16903085E+01
  0.10000000E+01  0.20000000E+01  0.10000000E+01  0.16903085E+01
  0.10000000E+01  0.20000000E+01  0.10000000E+01  0.16903085E+01
  0.10000000E+01  0.20000000E+01  0.10000000E+01  0.16903085E+01
  0.10000000E+01  0.20000000E+01  0.10000000E+01  0.16903085E+01
  0.10000000E+01  0.20000000E+01  0.10000000E+01  0.16903085E+01
  0.10000000E+01  0.20000000E+01  0.10000000E+01  0.16903085E+01
  0.10000000E+01  0.20000000E+01  0.10000000E+01  0.16903085E+01
  0.10000000E+01  0.20000000E+01  0.10000000E+01  0.16903085E+01
  0.10000000E+01  0.20000000E+01  0.10000000E+01  0.16903085E+01
  0.10000000E+01  0.20000000E+01  0.10000000E+01  0.16903085E+01
  0.10000000E+01  0.20000000E+01  0.10000000E+01  0.16903085E+01
  0.10000000E+01  0.20000000E+01  0.10000000E+01  0.16903085E+01
  0.10000000E+01  0.20000000E+01  0.10000000E+01  0.16903085E+01
  0.10000000E+01  0.20000000E+01  0.10000000E+01  0.16903085E+01
  0.10000000E+01  0.20000000E+01  0.10000000E+01  0.16903085E+01
  0.13593826E+01  0.13333735E+01  0.17982854E+01  0.97978177E+00
  0.29616956E+01  0.14469925E+00  0.57415563E+01  0.87832989E-01
  0.32378218E+01  0.14895255E-01  0.66757083E+01  0.87672167E-02
  0.32487176E+01  0.45406875E-02  0.67507717E+01  0.26621766E-02
  0.32379096E+01  0.67087649E-02  0.67573551E+01  0.39248453E-02
  0.32121489E+01  0.78423518E-02  0.67525700E+01  0.45713618E-02
  0.31897564E+01  0.46927027E-02  0.67502689E+01  0.27263226E-02
  0.31803759E+01  0.62697264E-03  0.67499134E+01  0.36372629E-03
  0.31829956E+01 -0.20058409E-02  0.67571155E+01 -0.11635092E-02
  0.31891960E+01 -0.87593691E-03  0.67704429E+01 -0.50809027E-03
  0.31891960E+01  0.87593691E-03  0.67704429E+01  0.50809027E-03
  0.31829956E+01  0.20058409E-02  0.67571155E+01  0.11635092E-02
  0.31803759E+01 -0.62697264E-03  0.67499134E+01 -0.36372629E-03
  0.31897564E+01 -0.46927027E-02  0.67502689E+01 -0.27263226E-02
  0.32121489E+01 -0.78423518E-02  0.67525700E+01 -0.45713618E-02
  0.32379096E+01 -0.67087649E-02  0.67573551E+01 -0.39248453E-02
  0.32487176E+01 -0.45406875E-02  0.67507717E+01 -0.26621766E-02
  0.32378218E+01 -0.14895255E-01  0.66757083E+01 -0.87672167E-02
  0.29616956E+01 -0.14469925E+00  0.57415563E+01 -0.87832989E-01
  0.13593826E+01 -0.13333735E+01  0.17982854E+01 -0.97978177E+00
  0.10000000E+01 -0.20000000E+01  0.10000000E+01 -0.16903085E+01
  0.10000000E+01 -0.20000000E+01  0.10000000E+01 -0.16903085E+01
  0.10000000E+01 -0.20000000E+01  0.10000000E+01 -0.16903085E+01
  0.10000000E+01 -0.20000000E+01  0.10000000E+01 -0.16903085E+01
  0.10000000E+01 -0.20000000E+01  0.10000000E+01 -0.16903085E+01
  0.10000000E+01 -0.20000000E+01  0.10000000E+01 -0.16903085E+01
  0.10000000E+01 -0.20000000E+01  0.10000000E+01 -0.16903085E+01
  0.10000000E+01 -0.20000000E+01  0.10000000E+01 -0.16903085E+01
  0.10000000E+01 -0.20000000E+01  0.10000000E+01 -0.16903085E+01
  0.10000000E+01 -0.20000000E+01  0.10000000E+01 -0.16903085E+01
  0.10000000E+01 -0.20000000E+01  0.10000000E+01 -0.16903085E+01
  0.10000000E+01 -0.20000000E+01  0.10000000E+01 -0.16903085E+01
  0.10000000E+01 -0.20000000E+01  0.10000000E+01 -0.16903085E+01
  0.10000000E+01 -0.20000000E+01  0.10000000E+01 -0.16903085E+01
  0.10000000E+01 -0.20000000E+01  0.10000000E+01 -0.16903085E+01
  0.10000000E+01 -0.20000000E+01  0.10000000E+01 -0.16903085E+01
  0.10000000E+01 -0.20000000E+01  0.10000000E+01 -0.16903085E+01
  0.10000000E+01 -0.20000000E+01  0.10000000E+01 -0.16903085E+01
  0.10000000E+01 -0.20000000E+01  0.10000000E+01 -0.16903085E+01
  0.10000000E+01 -0.20000000E+01  0.10000000E+01 -0.16903085E+01
  0.10000000E+01 -0.20000000E+01  0.10000000E+01 -0.16903085E+01
  0.10000000E+01 -0.20000000E+01  0.10000000E+01 -0.16903085E+01
  0.10000000E+01 -0.20000000E+01  0.10000000E+01 -0.16903085E+01
  0.10000000E+01 -0.20000000E+01  0.10000000E+01 -0.16903085E+01
  0.10000000E+01 -0.20000000E+01  0.10000000E+01 -0.16903085E+01
  0.10000000E+01 -0.20000000E+01  0.10000000E+01 -0.16903085E+01
  0.10000000E+01 -0.20000000E+01  0.10000000E+01 -0.16903085E+01
  0.10000000E+01 -0.20000000E+01  0.10000000E+01 -0.16903085E+01
  0.10000000E+01 -0.20000000E+01  0.10000000E+01 -0.16903085E+01
  0.10000000E+01 -0.20000000E+01  0.10000000E+01 -0.16903085E+01
  0.10000000E+01 -0.20000000E+01  0.10000000E+01 -0.16903085E+01
  0.10000000E+01 -0.20000000E+01  0.10000000E+01 -0.16903085E+01
  0.10000000E+01 -0.20000000E+01  0.10000000E+01 -0.16903085E+01
  0.10000000E+01 -0.20000000E+01  0.10000000E+01 -0.16903085E+01
  0.10000000E+01 -0.20000000E+01  0.10000000E+01 -0.16903085E+01
  0.10000000E+01 -0.20000000E+01  0.10000000E+01 -0.16903085E+01
  0.10000000E+01 -0.20000000E+01  0.10000000E+01 -0.16903085E+01
  0.10000000E+01 -0.20000000E+01  0.10000000E+01 -0.16903085E+01
  0.10000000E+01 -0.20000000E+01  0.10000000E+01 -0.16903085E+01
  0.10000000E+01 -0.20000000E+01  0.10000000E+01 -0.16903085E+01
