  0.10000000E+01  0.20000000E+01  0.10000000E+01  0.16903085E+01
  0.10000000E+01  0.20000000E+01  0.10000000E+01  0.16903085E+01
  0.10000000E+01  0.20000000E+01  0.10000000E+01  0.16903085E+01
  0.10000000E+01  0.20000000E+01  0.10000000E+01  0.16903085E+01
  0.10000000E+01  0.20000000E+01  0.10000000E+01  0.16903085E+01
  0.10000000E+01  0.20000000E+01  0.10000000E+01  0.16903085E+01
  0.10000000E+01  0.20000000E+01  0.10000000E+01  0.16903085E+01
  0.10000000E+01  0.20000000E+01  0.10000000E+01  0.16903085E+01
  0.10000000E+01  0.20000000E+01  0.10000000E+01  0.16903085E+01
  0.10000000E+01  0.20000000E+01  0.10000000E+01  0.16903085E+01
  0.10000000E+01  0.20000000E+01  0.10000000E+01  0.16903085E+01
  0.10000000E+01  0.20000000E+01  0.10000000E+01  0.16903085E+01
  0.10000000E+01  0.20000000E+01  0.10000000E+01  0.16903085E+01
  0.10000000E+01  0.20000000E+01  0.10000000E+01  0.16903085E+01
  0.10000000E+01  0.20000000E+01  0.10000000E+01  0.16903085E+01
  0.10000000E+01  0.20000000E+01  0.10000000E+01  0.16903085E+01
  0.10000000E+01  0.20000000E+01  0.10000000E+01  0.16903085E+01
  0.10000000E+01  0.20000000E+01  0.10000000E+01  0.16903085E+01
  0.10000000E+01  0.20000000E+01  0.10000000E+01  0.16903085E+01
  0.10000000E+01  0.20000000E+01  0.10000000E+01  0.16903085E+01
  0.10000000E+01  0.20000000E+01  0.10000000E+01  0.16903085E+01
  0.10000000E+01  0.20000000E+01  0.10000000E+01  0.16903085E+01
  0.10000000E+01  0.20000000E+01  0.10000000E+01  0.16903085E+01
  0.10000000E+01  0.20000000E+01  0.10000000E+01  0.16903085E+01
  0.10000000E+01  0.20000000E+01  0.10000000E+01  0.16903085E+01
  0.10000000E+01  0.20000000E+01  0.10000000E+01  0.16903085E+01
  0.10000000E+01  0.20000000E+01  0.10000000E+01  0.16903085E+01
  0.10000000E+01  0.20000000E+01  0.10000000E+01  0.16903085E+01
  0.10000000E+01  0.20000000E+01  0.10000000E+01  0.16903085E+01
  0.10000000E+01  0.20000000E+01  0.10000000E+01  0.16903085E+01
  0.10000000E+01  0.20000000E+01  0.10000000E+01  0.16903085E+01
  0.10000000E+01  0.20000000E+01  0.10000000E+01  0.16903085E+01
  0.10000000E+01  0.20000000E+01  0.10000000E+01  0.16903085E+01
  0.10000000E+01  0.20000000E+01  0.10000000E+01  0.16903085E+01
  0.10000000E+01  0.20000000E+01  0.10000000E+01  0.16903085E+01
  0.10000000E+01  0.20000000E+01  0.10000000E+01  0.16903085E+01
  0.10000000E+01  0.20000000E+01  0.10000000E+01  0.16903085E+01
  0.10000000E+01  0.20000000E+01  0.10000000E+01  0.16903085E+01
  0.10000000E+01  0.20000000E+01  0.10000000E+01  0.16903085E+01
  0.10000000E+01  0.20000000E+01  0.10000000E+01  0.16903085E+01
  0.10000000E+01  0.20000000E+01  0.10000000E+01  0.16903085E+01
  0.10000000E+01  0.20000000E+01  0.10000000E+01  0.16903085E+01
  0.10000000E+01  0.20000000E+01  0.10000000E+01  0.16903085E+01
  0.10000000E+01  0.20000000E+01  0.10000000E+01  0.16903085E+01
  0.10236881E+01  0.19384423E+01  0.10460024E+01  0.16207139E+01
  0.23662211E+01  0.43939005E+00  0.42474512E+01  0.27717220E+00
  0.31034194E+01 -0.17177870E-01  0.64662764E+01 -0.10057694E-01
  0.31848758E+01 -0.64773179E-02  0.68213464E+01 -0.37406097E-02
  0.31767137E+01  0.29452601E-01  0.67385881E+01  0.17090872E-01
  0.31450819E+01  0.15207340E-01  0.66187481E+01  0.88596652E-02
  0.31450819E+01 -0.15207340E-01  0.66187481E+01 -0.88596652E-02
  0.31767137E+01 -0.29452601E-01  0.67385881E+01 -0.17090872E-01
  0.31848758E+01  0.64773179E-02  0.68213464E+01  0.37406097E-02
  0.31034194E+01  0.17177870E-01  0.64662764E+01  0.10057694E-01
  0.23662211E+01 -0.43939005E+00  0.42474512E+01 -0.27717220E+00
  0.10236881E+01 -0.19384423E+01  0.10460024E+01 -0.16207139E+01
  0.10000000E+01 -0.20000000E+01  0.10000000E+01 -0.16903085E+01
  0.10000000E+01 -0.20000000E+01  0.10000000E+01 -0.16903085E+01
  0.10000000E+01 -0.20000000E+01  0.10000000E+01 -0.16903085E+01
  0.10000000E+01 -0.20000000E+01  0.10000000E+01 -0.16903085E+01
  0.10000000E+01 -0.20000000E+01  0.10000000E+01 -0.16903085E+01
  0.10000000E+01 -0.20000000E+01  0.10000000E+01 -0.16903085E+01
  0.10000000E+01 -0.20000000E+01  0.10000000E+01 -0.16903085E+01
  0.10000000E+01 -0.20000000E+01  0.10000000E+01 -0.16903085E+01
  0.10000000E+01 -0.20000000E+01  0.10000000E+01 -0.16903085E+01
  0.10000000E+01 -0.20000000E+01  0.10000000E+01 -0.16903085E+01
  0.10000000E+01 -0.20000000E+01  0.10000000E+01 -0.16903085E+01
  0.10000000E+01 -0.20000000E+01  0.10000000E+01 -0.16903085E+01
  0.10000000E+01 -0.20000000E+01  0.10000000E+01 -0.16903085E+01
  0.10000000E+01 -0.20000000E+01  0.10000000E+01 -0.16903085E+01
  0.10000000E+01 -0.20000000E+01  0.10000000E+01 -0.16903085E+01
  0.10000000E+01 -0.20000000E+01  0.10000000E+01 -0.16903085E+01
  0.10000000E+01 -0.20000000E+01  0.10000000E+01 -0.16903085E+01
  0.10000000E+01 -0.20000000E+01  0.10000000E+01 -0.16903085E+01
  0.10000000E+01 -0.20000000E+01  0.10000000E+01 -0.16903085E+01
  0.10000000E+01 -0.20000000E+01  0.10000000E+01 -0.16903085E+01
  0.10000000E+01 -0.20000000E+01  0.10000000E+01 -0.16903085E+01
  0.10000000E+01 -0.20000000E+01  0.10000000E+01 -0.16903085E+01
  0.10000000E+01 -0.20000000E+01  0.10000000E+01 -0.16903085E+01
  0.10000000E+01 -0.20000000E+01  0.10000000E+01 -0.16903085E+01
  0.10000000E+01 -0.20000000E+01  0.10000000E+01 -0.16903085E+01
  0.10000000E+01 -0.20000000E+01  0.10000000E+01 -0.16903085E+01
  0.10000000E+01 -0.20000000E+01  0.10000000E+01 -0.16903085E+01
  0.10000000E+01 -0.20000000E+01  0.10000000E+01 -0.16903085E+01
  0.10000000E+01 -0.20000000E+01  0.10000000E+01 -0.16903085E+01
  0.10000000E+01 -0.20000000E+01  0.10000000E+01 -0.16903085E+01
  0.10000000E+01 -0.20000000E+01  0.10000000E+01 -0.16903085E+01
  0.10000000E+01 -0.20000000E+01  0.10000000E+01 -0.16903085E+01
  0.10000000E+01 -0.20000000E+01  0.10000000E+01 -0.16903085E+01
  0.10000000E+01 -0.20000000E+01  0.10000000E+01 -0.16903085E+01
  0.10000000E+01 -0.20000000E+01  0.10000000E+01 -0.16903085E+01
  0.10000000E+01 -0.20000000E+01  0.10000000E+01 -0.16903085E+01
  0.10000000E+01 -0.20000000E+01  0.10000000E+01 -0.16903085E+01
  0.10000000E+01 -0.20000000E+01  0.10000000E+01 -0.16903085E+01
  0.10000000E+01 -0.20000000E+01  0.10000000E+01 -0.16903085E+01
  0.10000000E+01 -0.20000000E+01  0.10000000E+01 -0.16903085E+01
  0.10000000E+01 -0.20000000E+01  0.10000000E+01 -0.16903085E+01
  0.10000000E+01 -0.20000000E+01  0.10000000E+01 -0.16903085E+01
  0.10000000E+01 -0.20000000E+01  0.10000000E+01 -0.16903085E+01
  0.10000000E+01 -0.20000000E+01  0.10000000E+01 -0.16903085E+01
