  0.10000000E+01  0.20000000E+01  0.10000000E+01  0.16903085E+01
  0.10000000E+01  0.20000000E+01  0.10000000E+01  0.16903085E+01
  0.10000000E+01  0.20000000E+01  0.10000000E+01  0.16903085E+01
  0.10000000E+01  0.20000000E+01  0.10000000E+01  0.16903085E+01
  0.10000000E+01  0.20000000E+01  0.10000000E+01  0.16903085E+01
  0.10000000E+01  0.20000000E+01  0.10000000E+01  0.16903085E+01
  0.10000000E+01  0.20000000E+01  0.10000000E+01  0.16903085E+01
  0.10000000E+01  0.20000000E+01  0.10000000E+01  0.16903085E+01
  0.10000000E+01  0.20000000E+01  0.10000000E+01  0.16903085E+01
  0.10000000E+01  0.20000000E+01  0.10000000E+01  0.16903085E+01
  0.10000000E+01  0.20000000E+01  0.10000000E+01  0.16903085E+01
  0.10000000E+01  0.20000000E+01  0.10000000E+01  0.16903085E+01
  0.10000000E+01  0.20000000E+01  0.10000000E+01  0.16903085E+01
  0.10000000E+01  0.20000000E+01  0.10000000E+01  0.16903085E+01
  0.10000000E+01  0.20000000E+01  0.10000000E+01  0.16903085E+01
  0.10000000E+01  0.20000000E+01  0.10000000E+01  0.16903085E+01
  0.10000000E+01  0.20000000E+01  0.10000000E+01  0.16903085E+01
  0.10000000E+01  0.20000000E+01  0.10000000E+01  0.16903085E+01
  0.10000000E+01  0.20000000E+01  0.10000000E+01  0.16903085E+01
  0.10000000E+01  0.20000000E+01  0.10000000E+01  0.16903085E+01
  0.10000000E+01  0.20000000E+01  0.10000000E+01  0.16903085E+01
  0.10000000E+01  0.20000000E+01  0.10000000E+01  0.16903085E+01
  0.10000000E+01  0.20000000E+01  0.10000000E+01  0.16903085E+01
  0.10000000E+01  0.20000000E+01  0.10000000E+01  0.16903085E+01
  0.10000000E+01  0.20000000E+01  0.10000000E+01  0.16903085E+01
  0.10000000E+01  0.20000000E+01  0.10000000E+01  0.16903085E+01
  0.10000000E+01  0.20000000E+01  0.10000000E+01  0.16903085E+01
  0.10000000E+01  0.20000000E+01  0.10000000E+01  0.16903085E+01
  0.10000000E+01  0.20000000E+01  0.10000000E+01  0.16903085E+01
  0.10000000E+01  0.20000000E+01  0.10000000E+01  0.16903085E+01
  0.10000000E+01  0.20000000E+01  0.10000000E+01  0.16903085E+01
  0.10000000E+01  0.20000000E+01  0.10000000E+01  0.16903085E+01
  0.10000000E+01  0.20000000E+01  0.10000000E+01  0.16903085E+01
  0.10000000E+01  0.20000000E+01  0.10000000E+01  0.16903085E+01
  0.10000000E+01  0.20000000E+01  0.10000000E+01  0.16903085E+01
  0.10027116E+01  0.19932725E+01  0.10039608E+01  0.16835744E+01
  0.20815338E+01  0.66624746E+00  0.34783716E+01  0.43558739E+00
  0.31267051E+01  0.27592776E-01  0.63158297E+01  0.16408151E-01
  0.32518836E+01  0.24562501E-02  0.67346650E+01  0.14425074E-02
  0.32601420E+01  0.22788809E-02  0.67632708E+01  0.13372034E-02
  0.32632081E+01  0.17886192E-02  0.67676839E+01  0.10496783E-02
  0.32640512E+01  0.18951006E-02  0.67713972E+01  0.11120072E-02
  0.32613012E+01  0.14824605E-02  0.67707708E+01  0.86955190E-03
  0.32527985E+01  0.43450781E-03  0.67675317E+01  0.25459332E-03
  0.32387900E+01 -0.24869116E-03  0.67685953E+01 -0.14539131E-03
  0.32196516E+01 -0.41374171E-03  0.67731029E+01 -0.24108816E-03
  0.32031449E+01  0.25609354E-04  0.67774181E+01  0.14879583E-04
  0.31946310E+01  0.31772071E-03  0.67780403E+01  0.18434858E-03
  0.31905431E+01  0.55984404E-03  0.67750884E+01  0.32469670E-03
  0.31889043E+01  0.17248424E-03  0.67722065E+01  0.10003248E-03
  0.31889043E+01 -0.17248424E-03  0.67722065E+01 -0.10003248E-03
  0.31905431E+01 -0.55984404E-03  0.67750884E+01 -0.32469670E-03
  0.31946310E+01 -0.31772071E-03  0.67780403E+01 -0.18434858E-03
  0.32031449E+01 -0.25609354E-04  0.67774181E+01 -0.14879583E-04
  0.32196516E+01  0.41374171E-03  0.67731029E+01  0.24108816E-03
  0.32387900E+01  0.24869116E-03  0.67685953E+01  0.14539131E-03
  0.32527985E+01 -0.43450781E-03  0.67675317E+01 -0.25459332E-03
  0.32613012E+01 -0.14824605E-02  0.67707708E+01 -0.86955190E-03
  0.32640512E+01 -0.18951006E-02  0.67713972E+01 -0.11120072E-02
  0.32632081E+01 -0.17886192E-02  0.67676839E+01 -0.10496783E-02
  0.32601420E+01 -0.22788809E-02  0.67632708E+01 -0.13372034E-02
  0.32518836E+01 -0.24562501E-02  0.67346650E+01 -0.14425074E-02
  0.31267051E+01 -0.27592776E-01  0.63158297E+01 -0.16408151E-01
  0.20815338E+01 -0.66624746E+00  0.34783716E+01 -0.43558739E+00
  0.10027116E+01 -0.19932725E+01  0.10039608E+01 -0.16835744E+01
  0.10000000E+01 -0.20000000E+01  0.10000000E+01 -0.16903085E+01
  0.10000000E+01 -0.20000000E+01  0.10000000E+01 -0.16903085E+01
  0.10000000E+01 -0.20000000E+01  0.10000000E+01 -0.16903085E+01
  0.10000000E+01 -0.20000000E+01  0.10000000E+01 -0.16903085E+01
  0.10000000E+01 -0.20000000E+01  0.10000000E+01 -0.16903085E+01
  0.10000000E+01 -0.20000000E+01  0.10000000E+01 -0.16903085E+01
  0.10000000E+01 -0.20000000E+01  0.10000000E+01 -0.16903085E+01
  0.10000000E+01 -0.20000000E+01  0.10000000E+01 -0.16903085E+01
  0.10000000E+01 -0.20000000E+01  0.10000000E+01 -0.16903085E+01
  0.10000000E+01 -0.20000000E+01  0.10000000E+01 -0.16903085E+01
  0.10000000E+01 -0.20000000E+01  0.10000000E+01 -0.16903085E+01
  0.10000000E+01 -0.20000000E+01  0.10000000E+01 -0.16903085E+01
  0.10000000E+01 -0.20000000E+01  0.10000000E+01 -0.16903085E+01
  0.10000000E+01 -0.20000000E+01  0.10000000E+01 -0.16903085E+01
  0.10000000E+01 -0.20000000E+01  0.10000000E+01 -0.16903085E+01
  0.10000000E+01 -0.20000000E+01  0.10000000E+01 -0.16903085E+01
  0.10000000E+01 -0.20000000E+01  0.10000000E+01 -0.16903085E+01
  0.10000000E+01 -0.20000000E+01  0.10000000E+01 -0.16903085E+01
  0.10000000E+01 -0.20000000E+01  0.10000000E+01 -0.16903085E+01
  0.10000000E+01 -0.20000000E+01  0.10000000E+01 -0.16903085E+01
  0.10000000E+01 -0.20000000E+01  0.10000000E+01 -0.16903085E+01
  0.10000000E+01 -0.20000000E+01  0.10000000E+01 -0.16903085E+01
  0.10000000E+01 -0.20000000E+01  0.10000000E+01 -0.16903085E+01
  0.10000000E+01 -0.20000000E+01  0.10000000E+01 -0.16903085E+01
  0.10000000E+01 -0.20000000E+01  0.10000000E+01 -0.16903085E+01
  0.10000000E+01 -0.20000000E+01  0.10000000E+01 -0.16903085E+01
  0.10000000E+01 -0.20000000E+01  0.10000000E+01 -0.16903085E+01
  0.10000000E+01 -0.20000000E+01  0.10000000E+01 -0.16903085E+01
  0.10000000E+01 -0.20000000E+01  0.10000000E+01 -0.16903085E+01
  0.10000000E+01 -0.20000000E+01  0.10000000E+01 -0.16903085E+01
  0.10000000E+01 -0.20000000E+01  0.10000000E+01 -0.16903085E+01
  0.10000000E+01 -0.20000000E+01  0.10000000E+01 -0.16903085E+01
  0.10000000E+01 -0.20000000E+01  0.10000000E+01 -0.16903085E+01
  0.10000000E+01 -0.20000000E+01  0.10000000E+01 -0.16903085E+01
  0.10000000E+01 -0.20000000E+01  0.10000000E+01 -0.16903085E+01
