  0.10000000E+01  0.20000000E+01  0.10000000E+01  0.16903085E+01
  0.10000000E+01  0.20000000E+01  0.10000000E+01  0.16903085E+01
  0.10000000E+01  0.20000000E+01  0.10000000E+01  0.16903085E+01
  0.10000000E+01  0.20000000E+01  0.10000000E+01  0.16903085E+01
  0.10000000E+01  0.20000000E+01  0.10000000E+01  0.16903085E+01
  0.10000000E+01  0.20000000E+01  0.10000000E+01  0.16903085E+01
  0.10000000E+01  0.20000000E+01  0.10000000E+01  0.16903085E+01
  0.10000000E+01  0.20000000E+01  0.10000000E+01  0.16903085E+01
  0.10000000E+01  0.20000000E+01  0.10000000E+01  0.16903085E+01
  0.10000000E+01  0.20000000E+01  0.10000000E+01  0.16903085E+01
  0.10000000E+01  0.20000000E+01  0.10000000E+01  0.16903085E+01
  0.10000000E+01  0.20000000E+01  0.10000000E+01  0.16903085E+01
  0.10000000E+01  0.20000000E+01  0.10000000E+01  0.16903085E+01
  0.10000000E+01  0.20000000E+01  0.10000000E+01  0.16903085E+01
  0.10000000E+01  0.20000000E+01  0.10000000E+01  0.16903085E+01
  0.10000000E+01  0.20000000E+01  0.10000000E+01  0.16903085E+01
  0.10000000E+01  0.20000000E+01  0.10000000E+01  0.16903085E+01
  0.10000000E+01  0.20000000E+01  0.10000000E+01  0.16903085E+01
  0.10000000E+01  0.20000000E+01  0.10000000E+01  0.16903085E+01
  0.10000000E+01  0.20000000E+01  0.10000000E+01  0.16903085E+01
  0.10000000E+01  0.20000000E+01  0.10000000E+01  0.16903085E+01
  0.10000000E+01  0.20000000E+01  0.10000000E+01  0.16903085E+01
  0.10000000E+01  0.20000000E+01  0.10000000E+01  0.16903085E+01
  0.10000000E+01  0.20000000E+01  0.10000000E+01  0.16903085E+01
  0.10000000E+01  0.20000000E+01  0.10000000E+01  0.16903085E+01
  0.10000000E+01  0.20000000E+01  0.10000000E+01  0.16903085E+01
  0.10000000E+01  0.20000000E+01  0.10000000E+01  0.16903085E+01
  0.10000000E+01  0.20000000E+01  0.10000000E+01  0.16903085E+01
  0.10000000E+01  0.20000000E+01  0.10000000E+01  0.16903085E+01
  0.10000000E+01  0.20000000E+01  0.10000000E+01  0.16903085E+01
  0.10000000E+01  0.20000000E+01  0.10000000E+01  0.16903085E+01
  0.11526095E+01  0.16566194E+01  0.13368526E+01  0.13000440E+01
  0.27665304E+01  0.24283451E+00  0.51802020E+01  0.14998256E+00
  0.32314737E+01  0.19527273E-01  0.66696320E+01  0.11487538E-01
  0.32550932E+01 -0.14675647E-02  0.67526199E+01 -0.86115002E-03
  0.32592521E+01 -0.85757506E-03  0.67658668E+01 -0.50304332E-03
  0.32623346E+01  0.94115685E-04  0.67722101E+01  0.55207367E-04
  0.32635484E+01  0.11543127E-03  0.67742487E+01  0.67713288E-04
  0.32643419E+01  0.33365373E-04  0.67752524E+01  0.19573435E-04
  0.32643950E+01 -0.13228506E-03  0.67738637E+01 -0.77612186E-04
  0.32637873E+01 -0.41081009E-03  0.67721753E+01 -0.24103156E-03
  0.32627043E+01 -0.41645360E-03  0.67720256E+01 -0.24430490E-03
  0.32601595E+01 -0.25888663E-03  0.67736069E+01 -0.15179415E-03
  0.32533024E+01  0.37314533E-04  0.67749470E+01  0.21853614E-04
  0.32394333E+01  0.15053855E-03  0.67746876E+01  0.87977902E-04
  0.32202152E+01  0.18874980E-03  0.67734744E+01  0.10999152E-03
  0.32038667E+01  0.70783657E-04  0.67723852E+01  0.41146734E-04
  0.31950366E+01 -0.87895973E-05  0.67725092E+01 -0.51023246E-05
  0.31913951E+01 -0.78528641E-04  0.67734387E+01 -0.45556437E-04
  0.31905207E+01 -0.14769387E-04  0.67744804E+01 -0.85662599E-05
  0.31905207E+01  0.14769387E-04  0.67744804E+01  0.85662599E-05
  0.31913951E+01  0.78528641E-04  0.67734387E+01  0.45556437E-04
  0.31950366E+01  0.87895973E-05  0.67725092E+01  0.51023246E-05
  0.32038667E+01 -0.70783657E-04  0.67723852E+01 -0.41146734E-04
  0.32202152E+01 -0.18874980E-03  0.67734744E+01 -0.10999152E-03
  0.32394333E+01 -0.15053855E-03  0.67746876E+01 -0.87977902E-04
  0.32533024E+01 -0.37314533E-04  0.67749470E+01 -0.21853614E-04
  0.32601595E+01  0.25888663E-03  0.67736069E+01  0.15179415E-03
  0.32627043E+01  0.41645360E-03  0.67720256E+01  0.24430490E-03
  0.32637873E+01  0.41081009E-03  0.67721753E+01  0.24103156E-03
  0.32643950E+01  0.13228506E-03  0.67738637E+01  0.77612186E-04
  0.32643419E+01 -0.33365373E-04  0.67752524E+01 -0.19573435E-04
  0.32635484E+01 -0.11543127E-03  0.67742487E+01 -0.67713288E-04
  0.32623346E+01 -0.94115685E-04  0.67722101E+01 -0.55207367E-04
  0.32592521E+01  0.85757506E-03  0.67658668E+01  0.50304332E-03
  0.32550932E+01  0.14675647E-02  0.67526199E+01  0.86115002E-03
  0.32314737E+01 -0.19527273E-01  0.66696320E+01 -0.11487538E-01
  0.27665304E+01 -0.24283451E+00  0.51802020E+01 -0.14998256E+00
  0.11526095E+01 -0.16566194E+01  0.13368526E+01 -0.13000440E+01
  0.10000000E+01 -0.20000000E+01  0.10000000E+01 -0.16903085E+01
  0.10000000E+01 -0.20000000E+01  0.10000000E+01 -0.16903085E+01
  0.10000000E+01 -0.20000000E+01  0.10000000E+01 -0.16903085E+01
  0.10000000E+01 -0.20000000E+01  0.10000000E+01 -0.16903085E+01
  0.10000000E+01 -0.20000000E+01  0.10000000E+01 -0.16903085E+01
  0.10000000E+01 -0.20000000E+01  0.10000000E+01 -0.16903085E+01
  0.10000000E+01 -0.20000000E+01  0.10000000E+01 -0.16903085E+01
  0.10000000E+01 -0.20000000E+01  0.10000000E+01 -0.16903085E+01
  0.10000000E+01 -0.20000000E+01  0.10000000E+01 -0.16903085E+01
  0.10000000E+01 -0.20000000E+01  0.10000000E+01 -0.16903085E+01
  0.10000000E+01 -0.20000000E+01  0.10000000E+01 -0.16903085E+01
  0.10000000E+01 -0.20000000E+01  0.10000000E+01 -0.16903085E+01
  0.10000000E+01 -0.20000000E+01  0.10000000E+01 -0.16903085E+01
  0.10000000E+01 -0.20000000E+01  0.10000000E+01 -0.16903085E+01
  0.10000000E+01 -0.20000000E+01  0.10000000E+01 -0.16903085E+01
  0.10000000E+01 -0.20000000E+01  0.10000000E+01 -0.16903085E+01
  0.10000000E+01 -0.20000000E+01  0.10000000E+01 -0.16903085E+01
  0.10000000E+01 -0.20000000E+01  0.10000000E+01 -0.16903085E+01
  0.10000000E+01 -0.20000000E+01  0.10000000E+01 -0.16903085E+01
  0.10000000E+01 -0.20000000E+01  0.10000000E+01 -0.16903085E+01
  0.10000000E+01 -0.20000000E+01  0.10000000E+01 -0.16903085E+01
  0.10000000E+01 -0.20000000E+01  0.10000000E+01 -0.16903085E+01
  0.10000000E+01 -0.20000000E+01  0.10000000E+01 -0.16903085E+01
  0.10000000E+01 -0.20000000E+01  0.10000000E+01 -0.16903085E+01
  0.10000000E+01 -0.20000000E+01  0.10000000E+01 -0.16903085E+01
  0.10000000E+01 -0.20000000E+01  0.10000000E+01 -0.16903085E+01
  0.10000000E+01 -0.20000000E+01  0.10000000E+01 -0.16903085E+01
  0.10000000E+01 -0.20000000E+01  0.10000000E+01 -0.16903085E+01
  0.10000000E+01 -0.20000000E+01  0.10000000E+01 -0.16903085E+01
  0.10000000E+01 -0.20000000E+01  0.10000000E+01 -0.16903085E+01
  0.10000000E+01 -0.20000000E+01  0.10000000E+01 -0.16903085E+01
