  0.49997732E+01  0.53672627E-04  0.49996825E+01 -0.64377513E+00
  0.49995961E+01  0.95576607E-04  0.49994346E+01 -0.64377513E+00
  0.49992963E+01  0.16652435E-03  0.49990149E+01 -0.64377512E+00
  0.49988008E+01  0.28379001E-03  0.49983213E+01 -0.64377512E+00
  0.49980018E+01  0.47291510E-03  0.49972028E+01 -0.64377510E+00
  0.49967449E+01  0.77041061E-03  0.49954439E+01 -0.64377506E+00
  0.49948178E+01  0.12266486E-02  0.49927473E+01 -0.64377496E+00
  0.49919382E+01  0.19085790E-02  0.49887190E+01 -0.64377474E+00
  0.49877459E+01  0.29017628E-02  0.49828569E+01 -0.64377429E+00
  0.49818006E+01  0.43111259E-02  0.49745480E+01 -0.64377338E+00
  0.49735871E+01  0.62598798E-02  0.49630781E+01 -0.64377167E+00
  0.49625313E+01  0.88862487E-02  0.49476548E+01 -0.64376861E+00
  0.49480255E+01  0.12337989E-01  0.49274453E+01 -0.64376336E+00
  0.49294624E+01  0.16765112E-01  0.49016263E+01 -0.64375482E+00
  0.49062729E+01  0.22311623E-01  0.48694395E+01 -0.64374154E+00
  0.48779648E+01  0.29107306E-01  0.48302466E+01 -0.64372176E+00
  0.48441547E+01  0.37260632E-01  0.47835757E+01 -0.64369349E+00
  0.48045918E+01  0.46853596E-01  0.47291537E+01 -0.64365461E+00
  0.47591694E+01  0.57938960E-01  0.46669204E+01 -0.64360298E+00
  0.47079246E+01  0.70539926E-01  0.45970254E+01 -0.64353656E+00
  0.46510276E+01  0.84651907E-01  0.45198094E+01 -0.64345358E+00
  0.45887631E+01  0.10024585E+00  0.44357739E+01 -0.64335258E+00
  0.45215079E+01  0.11727250E+00  0.43455453E+01 -0.64323247E+00
  0.44497057E+01  0.13566693E+00  0.42498367E+01 -0.64309255E+00
  0.43738443E+01  0.15535296E+00  0.41494123E+01 -0.64293252E+00
  0.42944346E+01  0.17624707E+00  0.40450562E+01 -0.64275241E+00
  0.42119936E+01  0.19826162E+00  0.39375469E+01 -0.64255257E+00
  0.41270313E+01  0.22130724E+00  0.38276385E+01 -0.64233361E+00
  0.40400417E+01  0.24529450E+00  0.37160476E+01 -0.64209636E+00
  0.39514977E+01  0.27013476E+00  0.36034463E+01 -0.64184182E+00
  0.38618486E+01  0.29574023E+00  0.34904587E+01 -0.64157117E+00
  0.37715216E+01  0.32202337E+00  0.33776635E+01 -0.64128572E+00
  0.36809253E+01  0.34889541E+00  0.32655979E+01 -0.64098694E+00
  0.35904566E+01  0.37626390E+00  0.31547669E+01 -0.64067647E+00
  0.35005101E+01  0.40402915E+00  0.30456550E+01 -0.64035615E+00
  0.34114928E+01  0.43207884E+00  0.29387428E+01 -0.64002806E+00
  0.33238433E+01  0.46028042E+00  0.28345289E+01 -0.63969463E+00
  0.32380587E+01  0.48847002E+00  0.27335602E+01 -0.63935868E+00
  0.31547329E+01  0.51643663E+00  0.26364724E+01 -0.63902353E+00
  0.30746072E+01  0.54389990E+00  0.25440440E+01 -0.63869303E+00
  0.29986362E+01  0.57048073E+00  0.24572655E+01 -0.63837146E+00
  0.29280610E+01  0.59566683E+00  0.23774143E+01 -0.63806311E+00
  0.28644602E+01  0.61878498E+00  0.23061066E+01 -0.63777120E+00
  0.28097056E+01  0.63901105E+00  0.22452469E+01 -0.63749608E+00
  0.27656879E+01  0.65547668E+00  0.21967349E+01 -0.63723303E+00
  0.27336858E+01  0.66753132E+00  0.21617956E+01 -0.63697191E+00
  0.27134988E+01  0.67511418E+00  0.21400609E+01 -0.63670011E+00
  0.27029663E+01  0.67897358E+00  0.21290645E+01 -0.63640701E+00
  0.26986004E+01  0.68042365E+00  0.21249354E+01 -0.63608515E+00
  0.26970905E+01  0.68073747E+00  0.21240292E+01 -0.63572814E+00
  0.26964039E+01  0.68069876E+00  0.21241209E+01 -0.63532853E+00
  0.26957489E+01  0.68060811E+00  0.21243588E+01 -0.63487641E+00
  0.26949405E+01  0.68052682E+00  0.21245694E+01 -0.63435740E+00
  0.26939282E+01  0.68045605E+00  0.21247493E+01 -0.63374677E+00
  0.26926191E+01  0.68039253E+00  0.21249076E+01 -0.63299179E+00
  0.26907801E+01  0.68033429E+00  0.21250498E+01 -0.63196835E+00
  0.26878804E+01  0.68028024E+00  0.21251790E+01 -0.63039805E+00
  0.26828655E+01  0.68022974E+00  0.21252968E+01 -0.62772811E+00
  0.26739329E+01  0.68018236E+00  0.21254043E+01 -0.62300846E+00
  0.26584517E+01  0.68013777E+00  0.21255022E+01 -0.61483335E+00
  0.26331804E+01  0.68009569E+00  0.21255909E+01 -0.60141951E+00
  0.25948553E+01  0.68005587E+00  0.21256708E+01 -0.58085562E+00
  0.25410575E+01  0.68001808E+00  0.21257422E+01 -0.55149144E+00
  0.24710958E+01  0.67998208E+00  0.21258054E+01 -0.51237561E+00
  0.23865744E+01  0.67994762E+00  0.21258607E+01 -0.46362586E+00
  0.22913961E+01  0.67991446E+00  0.21259084E+01 -0.40662658E+00
  0.21911559E+01  0.67988239E+00  0.21259490E+01 -0.34398260E+00
  0.20921054E+01  0.67985115E+00  0.21259829E+01 -0.27920507E+00
  0.20000133E+01  0.67982050E+00  0.21260105E+01 -0.21616810E+00
  0.19192480E+01  0.67979019E+00  0.21260322E+01 -0.15844933E+00
  0.18522936E+01  0.67975986E+00  0.21260481E+01 -0.10872960E+00
  0.17997388E+01  0.67972903E+00  0.21260577E+01 -0.68428709E-01
  0.17606336E+01  0.67969691E+00  0.21260598E+01 -0.37672785E-01
  0.17330357E+01  0.67966208E+00  0.21260518E+01 -0.15557752E-01
  0.17145686E+01  0.67962194E+00  0.21260283E+01 -0.57049215E-03
  0.17028691E+01  0.67957161E+00  0.21259786E+01  0.89918536E-02
  0.16958707E+01  0.67950204E+00  0.21258827E+01  0.14712303E-01
  0.16919273E+01  0.67939657E+00  0.21257036E+01  0.17887228E-01
  0.16898162E+01  0.67922517E+00  0.21253740E+01  0.19480158E-01
  0.16886660E+01  0.67893483E+00  0.21247755E+01  0.20151742E-01
  0.16878500E+01  0.67843409E+00  0.21237034E+01  0.20323682E-01
  0.16868685E+01  0.67756872E+00  0.21218131E+01  0.20247626E-01
  0.16852296E+01  0.67608450E+00  0.21185382E+01  0.20063807E-01
  0.16823282E+01  0.67357154E+00  0.21129698E+01  0.19844330E-01
  0.16773129E+01  0.66938374E+00  0.21036876E+01  0.19621554E-01
  0.16689356E+01  0.66252677E+00  0.20885383E+01  0.19403944E-01
  0.16553878E+01  0.65151336E+00  0.20643815E+01  0.19181211E-01
  0.16341615E+01  0.63420191E+00  0.20268850E+01  0.18918414E-01
  0.16020448E+01  0.60768101E+00  0.19705828E+01  0.18536206E-01
  0.15554849E+01  0.56836405E+00  0.18896236E+01  0.17875403E-01
  0.14916716E+01  0.51262978E+00  0.17798290E+01  0.16660947E-01
  0.14105918E+01  0.43849047E+00  0.16423812E+01  0.14534108E-01
  0.13174861E+01  0.34843247E+00  0.14878131E+01  0.11291660E-01
  0.12235363E+01  0.25191053E+00  0.13361350E+01  0.73377015E-02
  0.11421579E+01  0.16362283E+00  0.12090784E+01  0.37713170E-02
  0.10821516E+01  0.95854095E-01  0.11185545E+01  0.15054761E-02
  0.10439596E+01  0.51671032E-01  0.10625930E+01  0.48305201E-03
  0.10222910E+01  0.26295045E-01  0.10314829E+01  0.13282273E-03
  0.10109181E+01  0.12900644E-01  0.10153524E+01  0.33186895E-04
  0.10052293E+01  0.61834333E-02  0.10073366E+01  0.78273283E-05
