  0.50000000E+01  0.10919826E-10  0.50000000E+01 -0.64377513E+00
  0.50000000E+01  0.34927533E-10  0.50000000E+01 -0.64377513E+00
  0.50000000E+01  0.10905257E-09  0.50000000E+01 -0.64377513E+00
  0.50000000E+01  0.33224010E-09  0.50000000E+01 -0.64377513E+00
  0.50000000E+01  0.98728758E-09  0.50000000E+01 -0.64377513E+00
  0.50000000E+01  0.28604250E-08  0.50000000E+01 -0.64377513E+00
  0.50000000E+01  0.80765260E-08  0.50000000E+01 -0.64377513E+00
  0.49999999E+01  0.22214144E-07  0.49999999E+01 -0.64377513E+00
  0.49999997E+01  0.59489549E-07  0.49999996E+01 -0.64377513E+00
  0.49999993E+01  0.15504002E-06  0.49999991E+01 -0.64377513E+00
  0.49999983E+01  0.39302051E-06  0.49999977E+01 -0.64377513E+00
  0.49999959E+01  0.96854725E-06  0.49999943E+01 -0.64377513E+00
  0.49999902E+01  0.23190803E-05  0.49999863E+01 -0.64377513E+00
  0.49999772E+01  0.53919280E-05  0.49999681E+01 -0.64377513E+00
  0.49999486E+01  0.12165733E-04  0.49999280E+01 -0.64377513E+00
  0.49998875E+01  0.26620719E-04  0.49998425E+01 -0.64377513E+00
  0.49997614E+01  0.56454677E-04  0.49996660E+01 -0.64377513E+00
  0.49995100E+01  0.11595314E-03  0.49993140E+01 -0.64377512E+00
  0.49990260E+01  0.23049867E-03  0.49986365E+01 -0.64377512E+00
  0.49981274E+01  0.44316330E-03  0.49973787E+01 -0.64377509E+00
  0.49965203E+01  0.82355423E-03  0.49951296E+01 -0.64377502E+00
  0.49937539E+01  0.14784695E-02  0.49912593E+01 -0.64377480E+00
  0.49891746E+01  0.25629554E-02  0.49848555E+01 -0.64377422E+00
  0.49818898E+01  0.42892368E-02  0.49746758E+01 -0.64377278E+00
  0.49707565E+01  0.69301825E-02  0.49591352E+01 -0.64376946E+00
  0.49544097E+01  0.10814078E-01  0.49363529E+01 -0.64376241E+00
  0.49313383E+01  0.16308947E-01  0.49042689E+01 -0.64374853E+00
  0.49000067E+01  0.23797320E-01  0.48608243E+01 -0.64372313E+00
  0.48590020E+01  0.33645286E-01  0.48041806E+01 -0.64367977E+00
  0.48071826E+01  0.46171620E-01  0.47329336E+01 -0.64361039E+00
  0.47437964E+01  0.61622825E-01  0.46462805E+01 -0.64350577E+00
  0.46685492E+01  0.80158110E-01  0.45441075E+01 -0.64335633E+00
  0.45816160E+01  0.10184547E+00  0.44269884E+01 -0.64315290E+00
  0.44836004E+01  0.12666739E+00  0.42961073E+01 -0.64288757E+00
  0.43754597E+01  0.15453301E+00  0.41531287E+01 -0.64255424E+00
  0.42584130E+01  0.18529303E+00  0.40000472E+01 -0.64214898E+00
  0.41338514E+01  0.21875410E+00  0.38390430E+01 -0.64167017E+00
  0.40032622E+01  0.25468996E+00  0.36723614E+01 -0.64111849E+00
  0.38681752E+01  0.29284748E+00  0.35022272E+01 -0.64049688E+00
  0.37301377E+01  0.33294562E+00  0.33308002E+01 -0.63981060E+00
  0.35907219E+01  0.37466486E+00  0.31601741E+01 -0.63906743E+00
  0.34515722E+01  0.41762272E+00  0.29924237E+01 -0.63827809E+00
  0.33145080E+01  0.46132773E+00  0.28297145E+01 -0.63745702E+00
  0.31817045E+01  0.50509898E+00  0.26744954E+01 -0.63662315E+00
  0.30559844E+01  0.54793315E+00  0.25298055E+01 -0.63580005E+00
  0.29412234E+01  0.58830939E+00  0.23996980E+01 -0.63501293E+00
  0.28426985E+01  0.62399273E+00  0.22896046E+01 -0.63427613E+00
  0.27666917E+01  0.65213474E+00  0.22059102E+01 -0.63357299E+00
  0.27179027E+01  0.67032732E+00  0.21532285E+01 -0.63283634E+00
  0.26946076E+01  0.67872631E+00  0.21292599E+01 -0.63197914E+00
  0.26870651E+01  0.68087386E+00  0.21231366E+01 -0.63093482E+00
  0.26842895E+01  0.68091986E+00  0.21229588E+01 -0.62957169E+00
  0.26804004E+01  0.68075861E+00  0.21233625E+01 -0.62735176E+00
  0.26718402E+01  0.68062728E+00  0.21236768E+01 -0.62272545E+00
  0.26528841E+01  0.68052249E+00  0.21239104E+01 -0.61264742E+00
  0.26157348E+01  0.68043252E+00  0.21240947E+01 -0.59281733E+00
  0.25532193E+01  0.68035092E+00  0.21242452E+01 -0.55888045E+00
  0.24624656E+01  0.68027392E+00  0.21243680E+01 -0.50815401E+00
  0.23473589E+01  0.68019847E+00  0.21244637E+01 -0.44108774E+00
  0.22181683E+01  0.68012097E+00  0.21245289E+01 -0.36180434E+00
  0.20884559E+01  0.68003575E+00  0.21245543E+01 -0.27743290E+00
  0.19709160E+01  0.67993249E+00  0.21245197E+01 -0.19635204E+00
  0.18741143E+01  0.67979109E+00  0.21243829E+01 -0.12590929E+00
  0.18012506E+01  0.67957139E+00  0.21240569E+01 -0.70545793E-01
  0.17508599E+01  0.67919364E+00  0.21233662E+01 -0.31147187E-01
  0.17185688E+01  0.67850342E+00  0.21219685E+01 -0.57443883E-02
  0.16989128E+01  0.67721290E+00  0.21192243E+01  0.90662577E-02
  0.16865755E+01  0.67480894E+00  0.21139957E+01  0.16799665E-01
  0.16768763E+01  0.67041906E+00  0.21043606E+01  0.20305828E-01
  0.16656573E+01  0.66263069E+00  0.20872544E+01  0.21541800E-01
  0.16488567E+01  0.64927449E+00  0.20581072E+01  0.21671720E-01
  0.16220932E+01  0.62722459E+00  0.20106863E+01  0.21271688E-01
  0.15806333E+01  0.59237072E+00  0.19376150E+01  0.20501979E-01
  0.15202307E+01  0.54011923E+00  0.18323696E+01  0.19203039E-01
  0.14392998E+01  0.46704089E+00  0.16934983E+01  0.16976955E-01
  0.13421043E+01  0.37416629E+00  0.15301821E+01  0.13452466E-01
  0.12405688E+01  0.27074012E+00  0.13643661E+01  0.88919953E-02
  0.11508134E+01  0.17369124E+00  0.12228929E+01  0.45627032E-02
  0.10845468E+01  0.98796156E-01  0.11223051E+01  0.17575661E-02
  0.10432040E+01  0.50854505E-01  0.10615598E+01  0.52386869E-03
  0.10206459E+01  0.24378441E-01  0.10291566E+01  0.12973893E-03
  0.10094252E+01  0.11143332E-01  0.10132490E+01  0.28534087E-04
  0.10041654E+01  0.49271910E-02  0.10058423E+01  0.58096938E-05
  0.10017943E+01  0.21227734E-02  0.10025140E+01  0.11180927E-05
  0.10007555E+01  0.89390448E-03  0.10010581E+01  0.20524194E-06
  0.10003113E+01  0.36833784E-03  0.10004359E+01  0.36055055E-07
  0.10001255E+01  0.14854732E-03  0.10001758E+01  0.60663960E-08
  0.10000495E+01  0.58626160E-04  0.10000694E+01  0.97741615E-09
  0.10000191E+01  0.22637503E-04  0.10000268E+01  0.15072765E-09
  0.10000072E+01  0.85502979E-05  0.10000101E+01  0.22237323E-10
  0.10000027E+01  0.31584549E-05  0.10000037E+01  0.31383784E-11
  0.10000010E+01  0.11409278E-05  0.10000013E+01  0.42210679E-12
  0.10000003E+01  0.40299959E-06  0.10000005E+01  0.53290705E-13
  0.10000001E+01  0.13918999E-06  0.10000002E+01  0.68833828E-14
  0.10000000E+01  0.47008929E-07  0.10000001E+01  0.88817842E-15
  0.10000000E+01  0.15525610E-07  0.10000000E+01  0.66613381E-15
  0.10000000E+01  0.50147868E-08  0.10000000E+01 -0.13322676E-14
  0.10000000E+01  0.15843142E-08  0.10000000E+01  0.44408921E-15
  0.10000000E+01  0.48963558E-09  0.10000000E+01 -0.88817842E-15
  0.10000000E+01  0.14805104E-09  0.10000000E+01  0.00000000E+00
