  0.50000000E+01  0.00000000E+00  0.50000000E+01 -0.64377513E+00
  0.50000000E+01  0.00000000E+00  0.50000000E+01 -0.64377513E+00
  0.50000000E+01  0.00000000E+00  0.50000000E+01 -0.64377513E+00
  0.50000000E+01  0.00000000E+00  0.50000000E+01 -0.64377513E+00
  0.50000000E+01  0.00000000E+00  0.50000000E+01 -0.64377513E+00
  0.50000000E+01  0.00000000E+00  0.50000000E+01 -0.64377513E+00
  0.50000000E+01  0.00000000E+00  0.50000000E+01 -0.64377513E+00
  0.50000000E+01  0.00000000E+00  0.50000000E+01 -0.64377513E+00
  0.50000000E+01  0.00000000E+00  0.50000000E+01 -0.64377513E+00
  0.50000000E+01  0.00000000E+00  0.50000000E+01 -0.64377513E+00
  0.50000000E+01  0.00000000E+00  0.50000000E+01 -0.64377513E+00
  0.50000000E+01  0.00000000E+00  0.50000000E+01 -0.64377513E+00
  0.50000000E+01  0.00000000E+00  0.50000000E+01 -0.64377513E+00
  0.50000000E+01  0.00000000E+00  0.50000000E+01 -0.64377513E+00
  0.50000000E+01  0.00000000E+00  0.50000000E+01 -0.64377513E+00
  0.50000000E+01  0.00000000E+00  0.50000000E+01 -0.64377513E+00
  0.50000000E+01  0.00000000E+00  0.50000000E+01 -0.64377513E+00
  0.50000000E+01  0.91992579E-17  0.50000000E+01 -0.64377513E+00
  0.50000000E+01  0.30405391E-15  0.50000000E+01 -0.64377513E+00
  0.50000000E+01  0.25716066E-14  0.50000000E+01 -0.64377513E+00
  0.50000000E+01  0.18814640E-13  0.50000000E+01 -0.64377513E+00
  0.50000000E+01  0.12967922E-12  0.50000000E+01 -0.64377513E+00
  0.50000000E+01  0.85154746E-12  0.50000000E+01 -0.64377513E+00
  0.50000000E+01  0.53171312E-11  0.50000000E+01 -0.64377513E+00
  0.50000000E+01  0.31536426E-10  0.50000000E+01 -0.64377513E+00
  0.50000000E+01  0.17748711E-09  0.50000000E+01 -0.64377513E+00
  0.50000000E+01  0.94670162E-09  0.50000000E+01 -0.64377513E+00
  0.50000000E+01  0.47794359E-08  0.50000000E+01 -0.64377513E+00
  0.49999999E+01  0.22804783E-07  0.49999999E+01 -0.64377513E+00
  0.49999996E+01  0.10267542E-06  0.49999994E+01 -0.64377513E+00
  0.49999982E+01  0.43544480E-06  0.49999974E+01 -0.64377513E+00
  0.49999927E+01  0.17361264E-05  0.49999897E+01 -0.64377513E+00
  0.49999726E+01  0.64934892E-05  0.49999616E+01 -0.64377513E+00
  0.49999039E+01  0.22729628E-04  0.49998655E+01 -0.64377513E+00
  0.49996862E+01  0.74265757E-04  0.49995606E+01 -0.64377512E+00
  0.49990456E+01  0.22585603E-03  0.49986639E+01 -0.64377511E+00
  0.49973064E+01  0.63740497E-03  0.49962300E+01 -0.64377500E+00
  0.49929670E+01  0.16643332E-02  0.49901604E+01 -0.64377434E+00
  0.49830569E+01  0.40101781E-02  0.49763160E+01 -0.64377106E+00
  0.49624147E+01  0.89008716E-02  0.49475469E+01 -0.64375751E+00
  0.49232754E+01  0.18195368E-01  0.48932315E+01 -0.64371068E+00
  0.48557093E+01  0.34321144E-01  0.48001271E+01 -0.64357484E+00
  0.47492127E+01  0.59982789E-01  0.46549446E+01 -0.64324034E+00
  0.45951236E+01  0.97722681E-01  0.44480433E+01 -0.64252958E+00
  0.43889842E+01  0.14950364E+00  0.41767569E+01 -0.64120183E+00
  0.41320200E+01  0.21643773E+00  0.38469885E+01 -0.63898229E+00
  0.38315221E+01  0.29861888E+00  0.34728802E+01 -0.63558270E+00
  0.35023174E+01  0.39471161E+00  0.30756516E+01 -0.63127802E+00
  0.31593110E+01  0.50058111E+00  0.26855259E+01 -0.62261893E+00
  0.28773803E+01  0.60364119E+00  0.23480598E+01 -0.62604299E+00
  0.26637341E+01  0.67143655E+00  0.21456403E+01 -0.60818247E+00
  0.25135274E+01  0.68024611E+00  0.21175783E+01 -0.54008879E+00
  0.23007980E+01  0.67887196E+00  0.21135811E+01 -0.41817468E+00
  0.20634988E+01  0.67463978E+00  0.21053036E+01 -0.26970452E+00
  0.18607727E+01  0.66471801E+00  0.20837492E+01 -0.13521974E+00
  0.17132392E+01  0.64252758E+00  0.20358989E+01 -0.42802716E-01
  0.16022117E+01  0.59830729E+00  0.19436265E+01  0.46166048E-02
  0.14948952E+01  0.52181350E+00  0.17923213E+01  0.20633109E-01
  0.13717660E+01  0.40961061E+00  0.15882562E+01  0.20098182E-01
  0.12412711E+01  0.27575624E+00  0.13707516E+01  0.12768936E-01
  0.11307581E+01  0.15313905E+00  0.11940514E+01  0.53084652E-02
  0.10592452E+01  0.70074845E-01  0.10854272E+01  0.13943874E-02
  0.10231829E+01  0.27467355E-01  0.10328625E+01  0.24846832E-03
  0.10081486E+01  0.96503453E-02  0.10114610E+01  0.34012681E-04
  0.10026420E+01  0.31273555E-02  0.10037046E+01  0.38929584E-05
  0.10008005E+01  0.94728400E-03  0.10011212E+01  0.38659560E-06
  0.10002279E+01  0.26966033E-03  0.10003191E+01  0.33775742E-07
  0.10000611E+01  0.72314864E-04  0.10000856E+01  0.26106390E-08
  0.10000155E+01  0.18294343E-04  0.10000216E+01  0.17905788E-09
  0.10000037E+01  0.43709070E-05  0.10000052E+01  0.10923484E-10
  0.10000008E+01  0.98731128E-06  0.10000012E+01  0.59530159E-12
  0.10000002E+01  0.21106756E-06  0.10000002E+01  0.29087843E-13
  0.10000000E+01  0.42748823E-07  0.10000001E+01  0.13322676E-14
  0.10000000E+01  0.82110830E-08  0.10000000E+01 -0.66613381E-15
  0.10000000E+01  0.14971729E-08  0.10000000E+01  0.66613381E-15
  0.10000000E+01  0.25938239E-09  0.10000000E+01  0.00000000E+00
  0.10000000E+01  0.42735233E-10  0.10000000E+01  0.00000000E+00
  0.10000000E+01  0.67012593E-11  0.10000000E+01  0.44408921E-15
  0.10000000E+01  0.10008754E-11  0.10000000E+01  0.66613381E-15
  0.10000000E+01  0.14251318E-12  0.10000000E+01 -0.44408921E-15
  0.10000000E+01  0.19310157E-13  0.10000000E+01  0.22204460E-15
  0.10000000E+01  0.24998705E-14  0.10000000E+01  0.00000000E+00
  0.10000000E+01  0.26483419E-15  0.10000000E+01  0.22204460E-15
  0.10000000E+01  0.00000000E+00  0.10000000E+01  0.00000000E+00
  0.10000000E+01  0.00000000E+00  0.10000000E+01  0.00000000E+00
  0.10000000E+01  0.00000000E+00  0.10000000E+01  0.00000000E+00
  0.10000000E+01  0.00000000E+00  0.10000000E+01  0.00000000E+00
  0.10000000E+01  0.00000000E+00  0.10000000E+01  0.00000000E+00
  0.10000000E+01  0.00000000E+00  0.10000000E+01  0.00000000E+00
  0.10000000E+01  0.00000000E+00  0.10000000E+01  0.00000000E+00
  0.10000000E+01  0.00000000E+00  0.10000000E+01  0.00000000E+00
  0.10000000E+01  0.00000000E+00  0.10000000E+01  0.00000000E+00
  0.10000000E+01  0.00000000E+00  0.10000000E+01  0.00000000E+00
  0.10000000E+01  0.00000000E+00  0.10000000E+01  0.00000000E+00
  0.10000000E+01  0.00000000E+00  0.10000000E+01  0.00000000E+00
  0.10000000E+01  0.00000000E+00  0.10000000E+01  0.00000000E+00
  0.10000000E+01  0.00000000E+00  0.10000000E+01  0.00000000E+00
  0.10000000E+01  0.00000000E+00  0.10000000E+01  0.00000000E+00
  0.10000000E+01  0.00000000E+00  0.10000000E+01  0.00000000E+00
  0.10000000E+01  0.00000000E+00  0.10000000E+01  0.00000000E+00
