  0.50000000E+01  0.00000000E+00  0.50000000E+01 -0.64377513E+00
  0.50000000E+01  0.00000000E+00  0.50000000E+01 -0.64377513E+00
  0.50000000E+01  0.00000000E+00  0.50000000E+01 -0.64377513E+00
  0.50000000E+01  0.35837523E-16  0.50000000E+01 -0.64377513E+00
  0.50000000E+01  0.39437669E-15  0.50000000E+01 -0.64377513E+00
  0.50000000E+01  0.20527709E-14  0.50000000E+01 -0.64377513E+00
  0.50000000E+01  0.97178028E-14  0.50000000E+01 -0.64377513E+00
  0.50000000E+01  0.43767724E-13  0.50000000E+01 -0.64377513E+00
  0.50000000E+01  0.19176083E-12  0.50000000E+01 -0.64377513E+00
  0.50000000E+01  0.81457437E-12  0.50000000E+01 -0.64377513E+00
  0.50000000E+01  0.33552719E-11  0.50000000E+01 -0.64377513E+00
  0.50000000E+01  0.13397148E-10  0.50000000E+01 -0.64377513E+00
  0.50000000E+01  0.51823947E-10  0.50000000E+01 -0.64377513E+00
  0.50000000E+01  0.19410336E-09  0.50000000E+01 -0.64377513E+00
  0.50000000E+01  0.70348247E-09  0.50000000E+01 -0.64377513E+00
  0.50000000E+01  0.24655093E-08  0.50000000E+01 -0.64377513E+00
  0.50000000E+01  0.83500937E-08  0.50000000E+01 -0.64377513E+00
  0.49999999E+01  0.27307894E-07  0.49999998E+01 -0.64377513E+00
  0.49999996E+01  0.86170592E-07  0.49999995E+01 -0.64377513E+00
  0.49999989E+01  0.26214733E-06  0.49999984E+01 -0.64377513E+00
  0.49999968E+01  0.76818671E-06  0.49999955E+01 -0.64377513E+00
  0.49999908E+01  0.21663018E-05  0.49999872E+01 -0.64377513E+00
  0.49999752E+01  0.58731700E-05  0.49999653E+01 -0.64377513E+00
  0.49999354E+01  0.15292268E-04  0.49999095E+01 -0.64377513E+00
  0.49998386E+01  0.38197471E-04  0.49997740E+01 -0.64377513E+00
  0.49996137E+01  0.91422658E-04  0.49994592E+01 -0.64377512E+00
  0.49991151E+01  0.20941332E-03  0.49987612E+01 -0.64377512E+00
  0.49980625E+01  0.45851700E-03  0.49972879E+01 -0.64377508E+00
  0.49959500E+01  0.95850682E-03  0.49943318E+01 -0.64377494E+00
  0.49919264E+01  0.19110310E-02  0.49887040E+01 -0.64377446E+00
  0.49846645E+01  0.36309992E-02  0.49785544E+01 -0.64377292E+00
  0.49722586E+01  0.65719949E-02  0.49612378E+01 -0.64376855E+00
  0.49522086E+01  0.11333080E-01  0.49333077E+01 -0.64375738E+00
  0.49215436E+01  0.18635446E-01  0.48907193E+01 -0.64373170E+00
  0.48771064E+01  0.29265408E-01  0.48292659E+01 -0.64367840E+00
  0.48159565E+01  0.43992887E-01  0.47451862E+01 -0.64357782E+00
  0.47358005E+01  0.63485134E-01  0.46357920E+01 -0.64340400E+00
  0.46353356E+01  0.88237515E-01  0.44999463E+01 -0.64312652E+00
  0.45144259E+01  0.11853556E+00  0.43382693E+01 -0.64271373E+00
  0.43740949E+01  0.15445006E+00  0.41530501E+01 -0.64213640E+00
  0.42163699E+01  0.19585597E+00  0.39479371E+01 -0.64137114E+00
  0.40440576E+01  0.24245992E+00  0.37275260E+01 -0.64040317E+00
  0.38605279E+01  0.29381880E+00  0.34969703E+01 -0.63922850E+00
  0.36695858E+01  0.34932987E+00  0.32617171E+01 -0.63785652E+00
  0.34755069E+01  0.40816427E+00  0.30274566E+01 -0.63631357E+00
  0.32833514E+01  0.46909307E+00  0.28003942E+01 -0.63465029E+00
  0.30997004E+01  0.53011048E+00  0.25880222E+01 -0.63293366E+00
  0.29342343E+01  0.58772323E+00  0.24005718E+01 -0.63131817E+00
  0.28004986E+01  0.63606169E+00  0.22526035E+01 -0.62962976E+00
  0.27147223E+01  0.66766518E+00  0.21602399E+01 -0.62794618E+00
  0.26795830E+01  0.67988366E+00  0.21253823E+01 -0.62597395E+00
  0.26670003E+01  0.68114385E+00  0.21217231E+01 -0.62110756E+00
  0.26399499E+01  0.68092669E+00  0.21222018E+01 -0.60660974E+00
  0.25782857E+01  0.68069331E+00  0.21226630E+01 -0.57330314E+00
  0.24723453E+01  0.68049896E+00  0.21228888E+01 -0.51445627E+00
  0.23281618E+01  0.68029379E+00  0.21228981E+01 -0.43032844E+00
  0.21661794E+01  0.68001348E+00  0.21226239E+01 -0.32949792E+00
  0.20116964E+01  0.67954616E+00  0.21218550E+01 -0.22627900E+00
  0.18840646E+01  0.67866400E+00  0.21201087E+01 -0.13533668E+00
  0.17910180E+01  0.67689989E+00  0.21163714E+01 -0.66194865E-01
  0.17293549E+01  0.67334429E+00  0.21086580E+01 -0.20796115E-01
  0.16891406E+01  0.66635550E+00  0.20934008E+01  0.48821314E-02
  0.16579907E+01  0.65321655E+00  0.20648132E+01  0.17190769E-01
  0.16237229E+01  0.62984769E+00  0.20146357E+01  0.21828182E-01
  0.15756826E+01  0.59084215E+00  0.19330866E+01  0.22554019E-01
  0.15061938E+01  0.53040361E+00  0.18122764E+01  0.21163565E-01
  0.14134610E+01  0.44511700E+00  0.16528794E+01  0.18061015E-01
  0.13052507E+01  0.33894494E+00  0.14713982E+01  0.13259964E-01
  0.11989698E+01  0.22730029E+00  0.12991645E+01  0.76736230E-02
  0.11134326E+01  0.13215363E+00  0.11661078E+01  0.32448193E-02
  0.10572222E+01  0.67332688E-01  0.10820910E+01  0.99238322E-03
  0.10262410E+01  0.30996948E-01  0.10371719E+01  0.23406789E-03
  0.10112450E+01  0.13299769E-01  0.10158255E+01  0.46357728E-04
  0.10045883E+01  0.54286505E-02  0.10064378E+01  0.81821002E-05
  0.10018003E+01  0.21301670E-02  0.10025226E+01  0.13262625E-05
  0.10006822E+01  0.80721600E-03  0.10009554E+01  0.19997031E-06
  0.10002501E+01  0.29592013E-03  0.10003502E+01  0.28180661E-07
  0.10000887E+01  0.10500646E-03  0.10001243E+01  0.37175241E-08
  0.10000305E+01  0.36073305E-04  0.10000427E+01  0.45924686E-09
  0.10000101E+01  0.11998188E-04  0.10000142E+01  0.53130389E-10
  0.10000033E+01  0.38640782E-05  0.10000046E+01  0.57582827E-11
  0.10000010E+01  0.12051498E-05  0.10000014E+01  0.58597571E-12
  0.10000003E+01  0.36407400E-06  0.10000004E+01  0.56621374E-13
  0.10000001E+01  0.10656165E-06  0.10000001E+01  0.46629367E-14
  0.10000000E+01  0.30227346E-07  0.10000000E+01 -0.66613381E-15
  0.10000000E+01  0.83123511E-08  0.10000000E+01 -0.22204460E-15
  0.10000000E+01  0.22167551E-08  0.10000000E+01 -0.88817842E-15
  0.10000000E+01  0.57349826E-09  0.10000000E+01  0.00000000E+00
  0.10000000E+01  0.14398612E-09  0.10000000E+01  0.00000000E+00
  0.10000000E+01  0.35094413E-10  0.10000000E+01  0.88817842E-15
  0.10000000E+01  0.83068373E-11  0.10000000E+01  0.88817842E-15
  0.10000000E+01  0.19101328E-11  0.10000000E+01 -0.88817842E-15
  0.10000000E+01  0.42679060E-12  0.10000000E+01  0.44408921E-15
  0.10000000E+01  0.92662262E-13  0.10000000E+01  0.00000000E+00
  0.10000000E+01  0.19509037E-13  0.10000000E+01  0.66613381E-15
  0.10000000E+01  0.39666013E-14  0.10000000E+01  0.00000000E+00
  0.10000000E+01  0.72824755E-15  0.10000000E+01  0.66613381E-15
  0.10000000E+01  0.10081325E-15  0.10000000E+01  0.00000000E+00
  0.10000000E+01  0.00000000E+00  0.10000000E+01  0.00000000E+00
  0.10000000E+01  0.00000000E+00  0.10000000E+01  0.00000000E+00
