  0.49999994E+01  0.15167794E-06  0.49999991E+01 -0.64377513E+00
  0.49999985E+01  0.34688532E-06  0.49999979E+01 -0.64377513E+00
  0.49999967E+01  0.77545934E-06  0.49999954E+01 -0.64377513E+00
  0.49999928E+01  0.16938605E-05  0.49999900E+01 -0.64377513E+00
  0.49999847E+01  0.36138628E-05  0.49999786E+01 -0.64377513E+00
  0.49999682E+01  0.75277445E-05  0.49999555E+01 -0.64377513E+00
  0.49999353E+01  0.15302950E-04  0.49999095E+01 -0.64377513E+00
  0.49998718E+01  0.30346940E-04  0.49998205E+01 -0.64377513E+00
  0.49997520E+01  0.58680253E-04  0.49996529E+01 -0.64377513E+00
  0.49995327E+01  0.11058890E-03  0.49993458E+01 -0.64377512E+00
  0.49991420E+01  0.20303880E-03  0.49987989E+01 -0.64377512E+00
  0.49984661E+01  0.36299858E-03  0.49978528E+01 -0.64377511E+00
  0.49973309E+01  0.63170065E-03  0.49962639E+01 -0.64377507E+00
  0.49954808E+01  0.10696490E-02  0.49936751E+01 -0.64377498E+00
  0.49925574E+01  0.17618564E-02  0.49895854E+01 -0.64377475E+00
  0.49880802E+01  0.28224175E-02  0.49833248E+01 -0.64377421E+00
  0.49814363E+01  0.43972126E-02  0.49740404E+01 -0.64377306E+00
  0.49718844E+01  0.66634548E-02  0.49607045E+01 -0.64377069E+00
  0.49585776E+01  0.98250862E-02  0.49421491E+01 -0.64376616E+00
  0.49406054E+01  0.14103736E-01  0.49171300E+01 -0.64375796E+00
  0.49170548E+01  0.19725934E-01  0.48844154E+01 -0.64374397E+00
  0.48870793E+01  0.26908240E-01  0.48428886E+01 -0.64372138E+00
  0.48499683E+01  0.35842532E-01  0.47916472E+01 -0.64368676E+00
  0.48052040E+01  0.46683698E-01  0.47300846E+01 -0.64363618E+00
  0.47524994E+01  0.59541398E-01  0.46579404E+01 -0.64356553E+00
  0.46918110E+01  0.74476623E-01  0.45753140E+01 -0.64347075E+00
  0.46233299E+01  0.91502805E-01  0.44826442E+01 -0.64334814E+00
  0.45474533E+01  0.11059051E+00  0.43806612E+01 -0.64319461E+00
  0.44647457E+01  0.13167442E+00  0.42703223E+01 -0.64300782E+00
  0.43758941E+01  0.15466118E+00  0.41527422E+01 -0.64278627E+00
  0.42816655E+01  0.17943709E+00  0.40291263E+01 -0.64252929E+00
  0.41828687E+01  0.20587474E+00  0.39007124E+01 -0.64223698E+00
  0.40803250E+01  0.23383818E+00  0.37687264E+01 -0.64191014E+00
  0.39748466E+01  0.26318619E+00  0.36343504E+01 -0.64155021E+00
  0.38672247E+01  0.29377369E+00  0.34987044E+01 -0.64115920E+00
  0.37582261E+01  0.32545094E+00  0.33628412E+01 -0.64073965E+00
  0.36485986E+01  0.35806022E+00  0.32277514E+01 -0.64029466E+00
  0.35390862E+01  0.39142942E+00  0.30943814E+01 -0.63982793E+00
  0.34304553E+01  0.42536125E+00  0.29636636E+01 -0.63934396E+00
  0.33235370E+01  0.45961614E+00  0.28365634E+01 -0.63884816E+00
  0.32192899E+01  0.49388572E+00  0.27141478E+01 -0.63834711E+00
  0.31188933E+01  0.52775251E+00  0.25976852E+01 -0.63784875E+00
  0.30238768E+01  0.56063178E+00  0.24887817E+01 -0.63736226E+00
  0.29362771E+01  0.59169706E+00  0.23895439E+01 -0.63689696E+00
  0.28587597E+01  0.61981408E+00  0.23027029E+01 -0.63645938E+00
  0.27945066E+01  0.64356659E+00  0.22314912E+01 -0.63604772E+00
  0.27464932E+01  0.66154318E+00  0.21788743E+01 -0.63564649E+00
  0.27158904E+01  0.67301543E+00  0.21458564E+01 -0.63522907E+00
  0.27003846E+01  0.67868006E+00  0.21297032E+01 -0.63476922E+00
  0.26945134E+01  0.68056578E+00  0.21243330E+01 -0.63424680E+00
  0.26926251E+01  0.68083887E+00  0.21235334E+01 -0.63364179E+00
  0.26914742E+01  0.68074081E+00  0.21237827E+01 -0.63292592E+00
  0.26900309E+01  0.68063050E+00  0.21240649E+01 -0.63204207E+00
  0.26879165E+01  0.68053929E+00  0.21242913E+01 -0.63083464E+00
  0.26843539E+01  0.68046099E+00  0.21244790E+01 -0.62888945E+00
  0.26776082E+01  0.68039086E+00  0.21246413E+01 -0.62529050E+00
  0.26645914E+01  0.68032642E+00  0.21247848E+01 -0.61840047E+00
  0.26409201E+01  0.68026633E+00  0.21249127E+01 -0.60584757E+00
  0.26017255E+01  0.68020979E+00  0.21250268E+01 -0.58486039E+00
  0.25431475E+01  0.68015622E+00  0.21251278E+01 -0.55293152E+00
  0.24639826E+01  0.68010515E+00  0.21252161E+01 -0.50861704E+00
  0.23667279E+01  0.68005610E+00  0.21252921E+01 -0.45220242E+00
  0.22574686E+01  0.68000858E+00  0.21253560E+01 -0.38600242E+00
  0.21445858E+01  0.67996198E+00  0.21254079E+01 -0.31416125E+00
  0.20367928E+01  0.67991547E+00  0.21254475E+01 -0.24194460E+00
  0.19412503E+01  0.67986782E+00  0.21254736E+01 -0.17467051E+00
  0.18623697E+01  0.67981689E+00  0.21254827E+01 -0.11659066E+00
  0.18015414E+01  0.67975880E+00  0.21254673E+01 -0.70107997E-01
  0.17576418E+01  0.67968612E+00  0.21254120E+01 -0.35596532E-01
  0.17279527E+01  0.67958453E+00  0.21252855E+01 -0.11806042E-01
  0.17091142E+01  0.67942668E+00  0.21250275E+01  0.34193958E-02
  0.16978507E+01  0.67916130E+00  0.21245236E+01  0.12439209E-01
  0.16913738E+01  0.67869481E+00  0.21235652E+01  0.17338842E-01
  0.16874897E+01  0.67786138E+00  0.21217818E+01  0.19717366E-01
  0.16844967E+01  0.67637623E+00  0.21185391E+01  0.20673168E-01
  0.16809641E+01  0.67376540E+00  0.21127858E+01  0.20892912E-01
  0.16754578E+01  0.66926456E+00  0.21028421E+01  0.20768851E-01
  0.16662530E+01  0.66168107E+00  0.20861287E+01  0.20501737E-01
  0.16510654E+01  0.64922227E+00  0.20588775E+01  0.20171840E-01
  0.16268687E+01  0.62932082E+00  0.20159563E+01  0.19773736E-01
  0.15899559E+01  0.59855701E+00  0.19511208E+01  0.19215204E-01
  0.15365592E+01  0.55292070E+00  0.18582793E+01  0.18287086E-01
  0.14644294E+01  0.48886734E+00  0.17344564E+01  0.16642141E-01
  0.13754320E+01  0.40568338E+00  0.15843515E+01  0.13900175E-01
  0.12778696E+01  0.30883127E+00  0.14237720E+01  0.10037693E-01
  0.11854871E+01  0.21139956E+00  0.12764359E+01  0.58565815E-02
  0.11113494E+01  0.12920761E+00  0.11623445E+01  0.26342187E-02
  0.10608776E+01  0.71376814E-01  0.10872514E+01  0.91775987E-03
  0.10310123E+01  0.36546091E-01  0.10439580E+01  0.26161198E-03
  0.10150593E+01  0.17787262E-01  0.10212131E+01  0.65306533E-04
  0.10070851E+01  0.83768927E-02  0.10099483E+01  0.15021015E-04
  0.10032599E+01  0.38559896E-02  0.10045702E+01  0.32769983E-05
  0.10014736E+01  0.17434144E-02  0.10020644E+01  0.68776077E-06
  0.10006557E+01  0.77584393E-03  0.10009183E+01  0.13971109E-06
  0.10002874E+01  0.34004932E-03  0.10004024E+01  0.27528630E-07
  0.10001241E+01  0.14679423E-03  0.10001737E+01  0.52630615E-08
  0.10000527E+01  0.62397553E-04  0.10000738E+01  0.97589381E-09
  0.10000221E+01  0.26108027E-04  0.10000309E+01  0.17537749E-09
  0.10000091E+01  0.10749413E-04  0.10000127E+01  0.30522029E-10
  0.10000037E+01  0.43538215E-05  0.10000052E+01  0.51412208E-11
