  0.98137350E+01  0.98115137E+01  0.98085282E+01  0.98071521E+01  0.98060720E+01
  0.98051316E+01  0.98041686E+01  0.98031094E+01  0.98018406E+01  0.98002339E+01
  0.97981329E+01  0.97953452E+01  0.97916222E+01  0.97866390E+01  0.97799669E+01
  0.97710375E+01  0.97590896E+01  0.97430941E+01  0.97216602E+01  0.96929087E+01
  0.96542983E+01  0.96024348E+01  0.95328650E+01  0.94397215E+01  0.93151981E+01
  0.91516448E+01  0.89402259E+01  0.86718797E+01  0.83417135E+01  0.79509835E+01
  0.75135923E+01  0.70532200E+01  0.65941259E+01  0.61488765E+01  0.57210872E+01
  0.53172208E+01  0.49430187E+01  0.46007435E+01  0.42894096E+01  0.40057107E+01
  0.37455638E+01  0.35054008E+01  0.32824083E+01  0.30745994E+01  0.28807836E+01
  0.27004464E+01  0.25328571E+01  0.23765748E+01  0.22303008E+01  0.20932471E+01
  0.19648321E+01  0.18445631E+01  0.17319888E+01  0.16266846E+01  0.15282445E+01
  0.14362715E+01  0.13503742E+01  0.12701667E+01  0.11952733E+01  0.11253340E+01
  0.10600099E+01  0.99898474E+00  0.94196431E+00  0.88867721E+00  0.83887643E+00
  0.79234004E+00  0.74886896E+00  0.70828320E+00  0.67041871E+00  0.63512451E+00
  0.60225562E+00  0.57167028E+00  0.54326018E+00  0.51686778E+00  0.49237145E+00
  0.46969793E+00  0.44872039E+00  0.42932368E+00  0.41139209E+00  0.39481261E+00
  0.37947525E+00  0.36527569E+00  0.35211695E+00  0.33990934E+00  0.32857008E+00
  0.31802227E+00  0.30819455E+00  0.29902081E+00  0.29043955E+00  0.28239385E+00
  0.27483144E+00  0.26770386E+00  0.26096764E+00  0.25458027E+00  0.24850937E+00
  0.24270856E+00  0.23718259E+00  0.23180708E+00  0.22682505E+00  0.22074565E+00
  0.21695676E+00  0.98137756E+01  0.98115364E+01  0.98085285E+01  0.98071444E+01
  0.98060592E+01  0.98051163E+01  0.98041506E+01  0.98030880E+01  0.98018163E+01
  0.98002082E+01  0.97981064E+01  0.97953180E+01  0.97915948E+01  0.97866121E+01
  0.97799414E+01  0.97710141E+01  0.97590688E+01  0.97430764E+01  0.97216452E+01
  0.96928933E+01  0.96542778E+01  0.96024052E+01  0.95328227E+01  0.94396620E+01
  0.93151150E+01  0.91515347E+01  0.89400852E+01  0.86717036E+01  0.83415010E+01
  0.79507354E+01  0.75133090E+01  0.70529017E+01  0.65937782E+01  0.61485188E+01
  0.57207433E+01  0.53169083E+01  0.49427487E+01  0.46005156E+01  0.42892139E+01
  0.40055329E+01  0.37453902E+01  0.35052202E+01  0.32822128E+01  0.30743840E+01
  0.28805477E+01  0.27001876E+01  0.25325690E+01  0.23762580E+01  0.22299621E+01
  0.20928914E+01  0.19644630E+01  0.18441834E+01  0.17316012E+01  0.16262917E+01
  0.15278483E+01  0.14358733E+01  0.13499749E+01  0.12697667E+01  0.11948730E+01
  0.11249340E+01  0.10596114E+01  0.99858900E+00  0.94157338E+00  0.88829403E+00
  0.83850509E+00  0.79198561E+00  0.74853701E+00  0.70797952E+00  0.67014893E+00
  0.63489333E+00  0.60206697E+00  0.57152994E+00  0.54316757E+00  0.51682368E+00
  0.49238192E+00  0.46976251E+00  0.44883532E+00  0.42948293E+00  0.41158881E+00
  0.39504035E+00  0.37972840E+00  0.36554948E+00  0.35240712E+00  0.34021182E+00
  0.32888073E+00  0.31833697E+00  0.30850939E+00  0.29933215E+00  0.29074412E+00
  0.28268883E+00  0.27511440E+00  0.26797281E+00  0.26122090E+00  0.25481678E+00
  0.24872867E+00  0.24291044E+00  0.23736691E+00  0.23197355E+00  0.22697446E+00
  0.22087387E+00  0.21707176E+00  0.98138923E+01  0.98115944E+01  0.98085093E+01
  0.98070974E+01  0.98060013E+01  0.98050554E+01  0.98040855E+01  0.98030168E+01
  0.98017402E+01  0.98001304E+01  0.97980280E+01  0.97952393E+01  0.97915165E+01
  0.97865357E+01  0.97798679E+01  0.97709439E+01  0.97590019E+01  0.97430123E+01
  0.97215809E+01  0.96928218E+01  0.96541909E+01  0.96022940E+01  0.95326779E+01
  0.94394718E+01  0.93148622E+01  0.91512093E+01  0.89396772E+01  0.86712001E+01
  0.83408991E+01  0.79500371E+01  0.75125179E+01  0.70520183E+01  0.65928109E+01
  0.61475091E+01  0.57197593E+01  0.53160101E+01  0.49419688E+01  0.45998540E+01
  0.42886403E+01  0.40050037E+01  0.37448654E+01  0.35046662E+01  0.32816051E+01
  0.30737065E+01  0.28797934E+01  0.26993504E+01  0.25316416E+01  0.23752488E+01
  0.22288891E+01  0.20917673E+01  0.19632977E+01  0.18429859E+01  0.17303798E+01
  0.16250544E+01  0.15266015E+01  0.14346216E+01  0.13487209E+01  0.12685120E+01
  0.11936192E+01  0.11236835E+01  0.10583676E+01  0.99735620E+00  0.94035764E+00
  0.88710409E+00  0.83735277E+00  0.79088525E+00  0.74750431E+00  0.70703070E+00
  0.66929953E+00  0.63415650E+00  0.60145397E+00  0.57105547E+00  0.54282959E+00
  0.51662873E+00  0.49234291E+00  0.46987304E+00  0.44908702E+00  0.42986036E+00
  0.41207424E+00  0.39561649E+00  0.38037983E+00  0.36626264E+00  0.35316955E+00
  0.34101157E+00  0.32970600E+00  0.31917629E+00  0.30935193E+00  0.30016784E+00
  0.29156389E+00  0.28348469E+00  0.27587944E+00  0.26870123E+00  0.26190796E+00
  0.25545892E+00  0.24932361E+00  0.24345687E+00  0.23786436E+00  0.23242138E+00
  0.22737536E+00  0.22121734E+00  0.21737964E+00  0.98140860E+01  0.98116807E+01
  0.98084469E+01  0.98069782E+01  0.98058656E+01  0.98049186E+01  0.98039479E+01
  0.98028771E+01  0.98015984E+01  0.97999878E+01  0.97978858E+01  0.97950982E+01
  0.97913775E+01  0.97863998E+01  0.97797358E+01  0.97708148E+01  0.97588746E+01
  0.97428847E+01  0.97214472E+01  0.96926734E+01  0.96540181E+01  0.96020851E+01
  0.95324183E+01  0.94391438E+01  0.93144381E+01  0.91506727E+01  0.89390125E+01
  0.86703868E+01  0.83399325E+01  0.79489193E+01  0.75112555E+01  0.70506103E+01
  0.65912654E+01  0.61458867E+01  0.57181705E+01  0.53145575E+01  0.49407061E+01
  0.45987816E+01  0.42877078E+01  0.40041376E+01  0.37439983E+01  0.35037419E+01
  0.32805825E+01  0.30725578E+01  0.28785035E+01  0.26979118E+01  0.25300545E+01
  0.23735315E+01  0.22270661E+01  0.20898574E+01  0.19613183E+01  0.18409531E+01
  0.17283081E+01  0.16229572E+01  0.15244897E+01  0.14325032E+01  0.13466007E+01
  0.12663932E+01  0.11915047E+01  0.11215779E+01  0.10562767E+01  0.99528782E+00
  0.93832254E+00  0.88511734E+00  0.83543405E+00  0.78905773E+00  0.74579303E+00
  0.70546108E+00  0.66789538E+00  0.63293815E+00  0.60044002E+00  0.57026355E+00
  0.54225879E+00  0.51629261E+00  0.49225445E+00  0.47001625E+00  0.44944535E+00
  0.43041177E+00  0.41279444E+00  0.39648082E+00  0.38136497E+00  0.36734682E+00
  0.35433223E+00  0.34223321E+00  0.33096786E+00  0.32046072E+00  0.31064252E+00
  0.30144939E+00  0.29282264E+00  0.28470840E+00  0.27705747E+00  0.26982460E+00
  0.26296944E+00  0.25645286E+00  0.25024594E+00  0.24430500E+00  0.23863744E+00
  0.23311879E+00  0.22800146E+00  0.22175636E+00  0.21786466E+00  0.98143647E+01
  0.98117979E+01  0.98083354E+01  0.98067750E+01  0.98056348E+01  0.98046852E+01
  0.98037168E+01  0.98026494E+01  0.98013727E+01  0.97997628E+01  0.97976615E+01
  0.97948760E+01  0.97911590E+01  0.97861862E+01  0.97795274E+01  0.97706109E+01
  0.97586733E+01  0.97426831E+01  0.97212387E+01  0.96924467E+01  0.96537599E+01
  0.96017784E+01  0.95320433E+01  0.94386753E+01  0.93138384E+01  0.91499184E+01
  0.89380802E+01  0.86692490E+01  0.83385822E+01  0.79473583E+01  0.75094913E+01
  0.70486408E+01  0.65891035E+01  0.61436218E+01  0.57159574E+01  0.53125380E+01
  0.49389561E+01  0.45972972E+01  0.42864168E+01  0.40029389E+01  0.37427956E+01
  0.35024562E+01  0.32791564E+01  0.30709530E+01  0.28766994E+01  0.26959007E+01
  0.25278413E+01  0.23711408E+01  0.22245291E+01  0.20872005E+01  0.19585657E+01
  0.18381271E+01  0.17254301E+01  0.16200457E+01  0.15215598E+01  0.14295657E+01
  0.13436626E+01  0.12634590E+01  0.11885794E+01  0.11186682E+01  0.10533917E+01
  0.99243957E+00  0.93552776E+00  0.88239888E+00  0.83282045E+00  0.78658145E+00
  0.74348837E+00  0.70336203E+00  0.66603278E+00  0.63133902E+00  0.59912879E+00
  0.56925729E+00  0.54155770E+00  0.51591464E+00  0.49220975E+00  0.47027596E+00
  0.44997884E+00  0.43119015E+00  0.41378904E+00  0.39766208E+00  0.38270307E+00
  0.36881258E+00  0.35589765E+00  0.34387173E+00  0.33265471E+00  0.32217311E+00
  0.31235947E+00  0.30315166E+00  0.29449288E+00  0.28633123E+00  0.27861961E+00
  0.27131495E+00  0.26437912E+00  0.25777510E+00  0.25147596E+00  0.24543966E+00
  0.23967566E+00  0.23405956E+00  0.22884998E+00  0.22249110E+00  0.21852857E+00
  0.98147343E+01  0.98119461E+01  0.98081707E+01  0.98064840E+01  0.98053030E+01
  0.98043477E+01  0.98033822E+01  0.98023210E+01  0.98010502E+01  0.97994437E+01
  0.97973449E+01  0.97945632E+01  0.97908518E+01  0.97858858E+01  0.97792343E+01
  0.97703239E+01  0.97583898E+01  0.97423996E+01  0.97209468E+01  0.96921330E+01
  0.96534073E+01  0.96013650E+01  0.95315430E+01  0.94380550E+01  0.93130527E+01
  0.91489355E+01  0.89368668E+01  0.86677708E+01  0.83368295E+01  0.79453319E+01
  0.75072003E+01  0.70460849E+01  0.65863031E+01  0.61406928E+01  0.57130989E+01
  0.53099339E+01  0.49367038E+01  0.45953887E+01  0.42847555E+01  0.40013938E+01
  0.37412437E+01  0.35007952E+01  0.32773126E+01  0.30688781E+01  0.28743677E+01
  0.26933049E+01  0.25249915E+01  0.23680684E+01  0.22212732E+01  0.20837958E+01
  0.19550424E+01  0.18345128E+01  0.17217514E+01  0.16163269E+01  0.15178195E+01
  0.14258172E+01  0.13399146E+01  0.12597183E+01  0.11848536E+01  0.11149670E+01
  0.10497280E+01  0.98883120E+00  0.93199926E+00  0.87898246E+00  0.82955438E+00
  0.78350751E+00  0.74064955E+00  0.70079942E+00  0.66378266E+00  0.62943409E+00
  0.59759670E+00  0.56810838E+00  0.54080217E+00  0.51556333E+00  0.49224783E+00
  0.47067096E+00  0.45069355E+00  0.43218873E+00  0.41503766E+00  0.39912633E+00
  0.38434784E+00  0.37060292E+00  0.35779984E+00  0.34585399E+00  0.33468788E+00
  0.32423060E+00  0.31441690E+00  0.30518700E+00  0.29648647E+00  0.28826592E+00
  0.28048080E+00  0.27309062E+00  0.26605969E+00  0.25935324E+00  0.25294648E+00
  0.24679904E+00  0.24092251E+00  0.23519229E+00  0.22987419E+00  0.22338081E+00
  0.21933442E+00  0.98152019E+01  0.98121274E+01  0.98079510E+01  0.98061045E+01
  0.98048690E+01  0.98039038E+01  0.98029414E+01  0.98018877E+01  0.98006243E+01
  0.97990237E+01  0.97969291E+01  0.97941522E+01  0.97904482E+01  0.97854910E+01
  0.97788487E+01  0.97699463E+01  0.97580168E+01  0.97420268E+01  0.97205646E+01
  0.96917255E+01  0.96529535E+01  0.96008381E+01  0.95309103E+01  0.94372751E+01
  0.93120731E+01  0.91477139E+01  0.89353588E+01  0.86659361E+01  0.83346543E+01
  0.79428151E+01  0.75043525E+01  0.70429093E+01  0.65828306E+01  0.61370689E+01
  0.57095674E+01  0.53067201E+01  0.49339259E+01  0.45930359E+01  0.42827067E+01
  0.39994859E+01  0.37393258E+01  0.34987421E+01  0.32750348E+01  0.30663182E+01
  0.28714954E+01  0.26901138E+01  0.25214978E+01  0.23643093E+01  0.22172946E+01
  0.20796403E+01  0.19507477E+01  0.18301124E+01  0.17172763E+01  0.16118055E+01
  0.15132740E+01  0.14212631E+01  0.13353625E+01  0.12551775E+01  0.11803350E+01
  0.11104845E+01  0.10452998E+01  0.98448284E+00  0.92776535E+00  0.87490596E+00
  0.82568383E+00  0.77989399E+00  0.73734378E+00  0.69784774E+00  0.66122610E+00
  0.62730919E+00  0.59592606E+00  0.56689320E+00  0.54006218E+00  0.51528621E+00
  0.49238635E+00  0.47119952E+00  0.45157764E+00  0.43338799E+00  0.41651057E+00
  0.40083176E+00  0.38624538E+00  0.37265334E+00  0.35996573E+00  0.34810045E+00
  0.33698301E+00  0.32654524E+00  0.31672451E+00  0.30746393E+00  0.29871210E+00
  0.29042259E+00  0.28255376E+00  0.27506782E+00  0.26793153E+00  0.26111236E+00
  0.25458753E+00  0.24831838E+00  0.24231825E+00  0.23646223E+00  0.23102452E+00
  0.22438259E+00  0.22024348E+00  0.98157738E+01  0.98123434E+01  0.98076756E+01
  0.98056392E+01  0.98043359E+01  0.98033559E+01  0.98023961E+01  0.98013497E+01
  0.98000943E+01  0.97985005E+01  0.97964100E+01  0.97936389E+01  0.97899437E+01
  0.97849971E+01  0.97783659E+01  0.97694730E+01  0.97575492E+01  0.97415592E+01
  0.97200862E+01  0.96912179E+01  0.96523921E+01  0.96001908E+01  0.95301375E+01
  0.94363270E+01  0.93108918E+01  0.91462435E+01  0.89335423E+01  0.86637291E+01
  0.83320371E+01  0.79397839E+01  0.75009200E+01  0.70390833E+01  0.65786552E+01
  0.61327209E+01  0.57053370E+01  0.53028748E+01  0.49306037E+01  0.45902198E+01
  0.42802514E+01  0.39971970E+01  0.37370230E+01  0.34962779E+01  0.32723044E+01
  0.30632554E+01  0.28680660E+01  0.26863123E+01  0.25173466E+01  0.23598527E+01
  0.22125844E+01  0.20747261E+01  0.19456743E+01  0.18249199E+01  0.17120008E+01
  0.16064783E+01  0.15079198E+01  0.14158992E+01  0.13300020E+01  0.12498332E+01
  0.11750222E+01  0.11052223E+01  0.10401142E+01  0.97940977E+00  0.92285156E+00
  0.87020633E+00  0.82125738E+00  0.77580061E+00  0.73364027E+00  0.69458469E+00
  0.65844726E+00  0.62504640E+00  0.59418715E+00  0.56567848E+00  0.53938353E+00
  0.51511081E+00  0.49265381E+00  0.47187260E+00  0.45262078E+00  0.43476061E+00
  0.41816689E+00  0.40272551E+00  0.38833198E+00  0.37489068E+00  0.36231450E+00
  0.35052453E+00  0.33944922E+00  0.32902318E+00  0.31918699E+00  0.30988720E+00
  0.30107578E+00  0.29270957E+00  0.28474986E+00  0.27716148E+00  0.26991355E+00
  0.26297560E+00  0.25632681E+00  0.24993019E+00  0.24380080E+00  0.23781304E+00
  0.23224966E+00  0.22545134E+00  0.22121458E+00  0.98164555E+01  0.98125958E+01
  0.98073450E+01  0.98050926E+01  0.98037102E+01  0.98027106E+01  0.98017510E+01
  0.98007143E+01  0.97994701E+01  0.97978769E+01  0.97957858E+01  0.97930221E+01
  0.97893366E+01  0.97844021E+01  0.97777837E+01  0.97689015E+01  0.97569837E+01
  0.97409930E+01  0.97195074E+01  0.96906055E+01  0.96517176E+01  0.95994171E+01
  0.95292179E+01  0.94352024E+01  0.93095008E+01  0.91445147E+01  0.89314039E+01
  0.86611340E+01  0.83289587E+01  0.79362152E+01  0.74968754E+01  0.70345769E+01
  0.65737467E+01  0.61276211E+01  0.57003836E+01  0.52983777E+01  0.49267194E+01
  0.45869246E+01  0.42773732E+01  0.39945089E+01  0.37343167E+01  0.34933835E+01
  0.32691022E+01  0.30596711E+01  0.28640619E+01  0.26818840E+01  0.25125221E+01
  0.23546829E+01  0.22071272E+01  0.20690379E+01  0.19398066E+01  0.18189192E+01
  0.17059088E+01  0.16003294E+01  0.15017402E+01  0.14097085E+01  0.13238165E+01
  0.12436704E+01  0.11689033E+01  0.10991740E+01  0.10341730E+01  0.97362521E+00
  0.91728422E+00  0.86492343E+00  0.81632816E+00  0.77129240E+00  0.72961466E+00
  0.69109271E+00  0.65552694E+00  0.62271420E+00  0.59244107E+00  0.56451936E+00
  0.53878975E+00  0.51503929E+00  0.49305805E+00  0.47269684E+00  0.45381552E+00
  0.43628064E+00  0.41996536E+00  0.40475480E+00  0.39054589E+00  0.37724594E+00
  0.36477139E+00  0.35304678E+00  0.34200353E+00  0.33157939E+00  0.32171872E+00
  0.31237178E+00  0.30349412E+00  0.29504572E+00  0.28699068E+00  0.27929630E+00
  0.27193389E+00  0.26487496E+00  0.25810057E+00  0.25157521E+00  0.24531590E+00
  0.23919625E+00  0.23350696E+00  0.22655100E+00  0.22221552E+00  0.98172500E+01
  0.98128874E+01  0.98069634E+01  0.98044727E+01  0.98030032E+01  0.98019803E+01
  0.98010202E+01  0.97999967E+01  0.97987549E+01  0.97971510E+01  0.97950591E+01
  0.97923033E+01  0.97886290E+01  0.97837082E+01  0.97771034E+01  0.97682323E+01
  0.97563198E+01  0.97403265E+01  0.97188255E+01  0.96898849E+01  0.96509255E+01
  0.95985117E+01  0.95281448E+01  0.94338936E+01  0.93078926E+01  0.91425173E+01
  0.89289295E+01  0.86581349E+01  0.83253999E+01  0.79320855E+01  0.74921918E+01
  0.70293605E+01  0.65680756E+01  0.61217429E+01  0.56946844E+01  0.52932100E+01
  0.49222577E+01  0.45831361E+01  0.42740562E+01  0.39914036E+01  0.37311877E+01
  0.34900384E+01  0.32654067E+01  0.30555430E+01  0.28594603E+01  0.26768055E+01
  0.25070001E+01  0.23487746E+01  0.22008969E+01  0.20625491E+01  0.19331179E+01
  0.18120838E+01  0.16989743E+01  0.15933331E+01  0.14947103E+01  0.14026674E+01
  0.13167851E+01  0.12366726E+01  0.11619680E+01  0.10923383E+01  0.10274876E+01
  0.96715547E+00  0.91110560E+00  0.85911499E+00  0.81096828E+00  0.76645398E+00
  0.72535794E+00  0.68746092E+00  0.65254607E+00  0.62038522E+00  0.59075559E+00
  0.56347848E+00  0.53833466E+00  0.51509806E+00  0.49359568E+00  0.47366046E+00
  0.45514730E+00  0.43792609E+00  0.42187391E+00  0.40687843E+00  0.39283905E+00
  0.37966619E+00  0.36727980E+00  0.35560761E+00  0.34458424E+00  0.33415146E+00
  0.32425771E+00  0.31485714E+00  0.30590861E+00  0.29737504E+00  0.28922311E+00
  0.28142237E+00  0.27394621E+00  0.26676796E+00  0.25987041E+00  0.25321936E+00
  0.24683356E+00  0.24058586E+00  0.23477472E+00  0.22766573E+00  0.22323416E+00
  0.98181532E+01  0.98132186E+01  0.98065400E+01  0.98037971E+01  0.98022328E+01
  0.98011796E+01  0.98002193E+01  0.97992050E+01  0.97979420E+01  0.97963175E+01
  0.97942344E+01  0.97914883E+01  0.97878277E+01  0.97829215E+01  0.97763304E+01
  0.97674695E+01  0.97555603E+01  0.97395610E+01  0.97180401E+01  0.96890541E+01
  0.96500126E+01  0.95974699E+01  0.95269120E+01  0.94323937E+01  0.93060598E+01
  0.91402398E+01  0.89261047E+01  0.86547155E+01  0.83213409E+01  0.79273712E+01
  0.74868417E+01  0.70234045E+01  0.65616121E+01  0.61150590E+01  0.56882165E+01
  0.52873534E+01  0.49172027E+01  0.45788388E+01  0.42702842E+01  0.39878619E+01
  0.37276122E+01  0.34862158E+01  0.32611887E+01  0.30508399E+01  0.28542283E+01
  0.26710422E+01  0.25007448E+01  0.23420924E+01  0.21938597E+01  0.20552286E+01
  0.19255811E+01  0.18043917E+01  0.16911788E+01  0.15854743E+01  0.14868193E+01
  0.13947705E+01  0.13089092E+01  0.12288495E+01  0.11542364E+01  0.10847491E+01
  0.10201090E+01  0.96007019E+00  0.90440316E+00  0.85288487E+00  0.80529486E+00
  0.76140953E+00  0.72099355E+00  0.68380881E+00  0.64961722E+00  0.61816872E+00
  0.58923096E+00  0.56261311E+00  0.53806460E+00  0.51534892E+00  0.49430837E+00
  0.47478165E+00  0.45662202E+00  0.43969684E+00  0.42388694E+00  0.40908516E+00
  0.39519533E+00  0.38213144E+00  0.36981645E+00  0.35818144E+00  0.34716539E+00
  0.33671469E+00  0.32678177E+00  0.31732402E+00  0.30830315E+00  0.29968458E+00
  0.29143728E+00  0.28353287E+00  0.27594658E+00  0.26865337E+00  0.26163752E+00
  0.25486602E+00  0.24835907E+00  0.24198866E+00  0.23606085E+00  0.22880569E+00
  0.22428239E+00  0.98191569E+01  0.98135934E+01  0.98060956E+01  0.98030854E+01
  0.98014112E+01  0.98003183E+01  0.97993509E+01  0.97982882E+01  0.97969894E+01
  0.97953857E+01  0.97933182E+01  0.97905873E+01  0.97869422E+01  0.97820509E+01
  0.97754727E+01  0.97666201E+01  0.97547111E+01  0.97387008E+01  0.97171530E+01
  0.96881125E+01  0.96489767E+01  0.95962880E+01  0.95255137E+01  0.94306954E+01
  0.93039947E+01  0.91376707E+01  0.89229139E+01  0.86508585E+01  0.83167606E+01
  0.79220469E+01  0.74807958E+01  0.70166767E+01  0.65543230E+01  0.61075381E+01
  0.56809537E+01  0.52807865E+01  0.49115348E+01  0.45740065E+01  0.42660280E+01
  0.39838547E+01  0.37235567E+01  0.34818788E+01  0.32564083E+01  0.30455198E+01
  0.28483231E+01  0.26645525E+01  0.24937181E+01  0.23346044E+01  0.21859930E+01
  0.20470647E+01  0.19171962E+01  0.17958543E+01  0.16825457E+01  0.15767888E+01
  0.14781150E+01  0.13860771E+01  0.13002590E+01  0.12202811E+01  0.11457995E+01
  0.10765124E+01  0.10121615E+01  0.95251152E+00  0.89733440E+00  0.84640335E+00
  0.79948595E+00  0.75633641E+00  0.71669522E+00  0.68030420E+00  0.64689726E+00
  0.61620261E+00  0.58799479E+00  0.56202693E+00  0.53804114E+00  0.51584019E+00
  0.49524664E+00  0.47610333E+00  0.45826929E+00  0.44161349E+00  0.42602021E+00
  0.41138711E+00  0.39762280E+00  0.38464552E+00  0.37238224E+00  0.36076867E+00
  0.34974869E+00  0.33927270E+00  0.32929622E+00  0.31977924E+00  0.31068585E+00
  0.30198368E+00  0.29364371E+00  0.28563942E+00  0.27794770E+00  0.27054491E+00
  0.26341662E+00  0.25653080E+00  0.24990889E+00  0.24342193E+00  0.23738317E+00
  0.22998887E+00  0.22537821E+00  0.98202416E+01  0.98140076E+01  0.98056404E+01
  0.98023478E+01  0.98005550E+01  0.97994148E+01  0.97983670E+01  0.97972262E+01
  0.97959429E+01  0.97943739E+01  0.97923254E+01  0.97896124E+01  0.97859833E+01
  0.97811063E+01  0.97745392E+01  0.97656922E+01  0.97537794E+01  0.97377520E+01
  0.97161677E+01  0.96870612E+01  0.96478173E+01  0.95949635E+01  0.95239446E+01
  0.94287908E+01  0.93016856E+01  0.91347955E+01  0.89193413E+01  0.86465443E+01
  0.83116349E+01  0.79160838E+01  0.74740205E+01  0.70091394E+01  0.65461685E+01
  0.60991428E+01  0.56728632E+01  0.52734786E+01  0.49052260E+01  0.45686144E+01
  0.42612551E+01  0.39793413E+01  0.37189785E+01  0.34769822E+01  0.32510201E+01
  0.30395396E+01  0.28417071E+01  0.26573085E+01  0.24859059E+01  0.23263139E+01
  0.21773199E+01  0.20381012E+01  0.19080255E+01  0.17865479E+01  0.16731610E+01
  0.15673698E+01  0.14686963E+01  0.13766915E+01  0.12909449E+01  0.12110868E+01
  0.11367892E+01  0.10677760E+01  0.10038085E+01  0.94465619E+00  0.89008848E+00
  0.83986781E+00  0.79373928E+00  0.75142724E+00  0.71264609E+00  0.67711230E+00
  0.64453048E+00  0.61461087E+00  0.58712787E+00  0.56179865E+00  0.53835436E+00
  0.51662852E+00  0.49644732E+00  0.47765394E+00  0.46010950E+00  0.44368896E+00
  0.42828115E+00  0.41378774E+00  0.40012205E+00  0.38720749E+00  0.37497671E+00
  0.36337049E+00  0.35233634E+00  0.34182756E+00  0.33180223E+00  0.32222281E+00
  0.31305568E+00  0.30427051E+00  0.29584008E+00  0.28773950E+00  0.27994710E+00
  0.27244049E+00  0.26520630E+00  0.25821323E+00  0.25148381E+00  0.24488794E+00
  0.23874529E+00  0.23121992E+00  0.22652680E+00  0.98213407E+01  0.98144246E+01
  0.98051919E+01  0.98016183E+01  0.97996641E+01  0.97984034E+01  0.97972779E+01
  0.97961423E+01  0.97948781E+01  0.97933094E+01  0.97912751E+01  0.97885760E+01
  0.97849606E+01  0.97800955E+01  0.97735371E+01  0.97646927E+01  0.97527717E+01
  0.97367198E+01  0.97150882E+01  0.96859029E+01  0.96465351E+01  0.95934953E+01
  0.95222023E+01  0.94266741E+01  0.92991219E+01  0.91316017E+01  0.89153708E+01
  0.86417512E+01  0.83059366E+01  0.79094486E+01  0.74664769E+01  0.70007489E+01
  0.65371025E+01  0.60898283E+01  0.56639048E+01  0.52653932E+01  0.48982338E+01
  0.45626228E+01  0.42559304E+01  0.39742807E+01  0.37138359E+01  0.34714869E+01
  0.32449911E+01  0.30328771E+01  0.28343744E+01  0.26493284E+01  0.24773547E+01
  0.23172911E+01  0.21679269E+01  0.20284343E+01  0.18981708E+01  0.17765773E+01
  0.16631305E+01  0.15573211E+01  0.14586642E+01  0.13667132E+01  0.12810678E+01
  0.12013732E+01  0.11273263E+01  0.10586780E+01  0.99520196E+00  0.93666937E+00
  0.88284093E+00  0.83345491E+00  0.78822368E+00  0.74683807E+00  0.70898375E+00
  0.67434866E+00  0.64260056E+00  0.61346528E+00  0.58667298E+00  0.56192566E+00
  0.53900161E+00  0.51771693E+00  0.49790666E+00  0.47942302E+00  0.46213040E+00
  0.44590890E+00  0.43065251E+00  0.41626829E+00  0.40267519E+00  0.38980223E+00
  0.37758717E+00  0.36597476E+00  0.35491559E+00  0.34436564E+00  0.33428553E+00
  0.32464006E+00  0.31539774E+00  0.30653004E+00  0.29801134E+00  0.28981810E+00
  0.28192986E+00  0.27432524E+00  0.26699176E+00  0.25989872E+00  0.25306955E+00
  0.24637300E+00  0.24013448E+00  0.23248784E+00  0.22771825E+00  0.98223417E+01
  0.98147553E+01  0.98046402E+01  0.98007745E+01  0.97986893E+01  0.97973379E+01
  0.97962076E+01  0.97950889E+01  0.97937989E+01  0.97922199E+01  0.97901850E+01
  0.97874914E+01  0.97838835E+01  0.97790257E+01  0.97724720E+01  0.97636258E+01
  0.97516905E+01  0.97356054E+01  0.97139174E+01  0.96846415E+01  0.96451329E+01
  0.95918839E+01  0.95202866E+01  0.94243438E+01  0.92962919E+01  0.91280719E+01
  0.89109834E+01  0.86364536E+01  0.82996354E+01  0.79021048E+01  0.74581217E+01
  0.69914569E+01  0.65270750E+01  0.60795467E+01  0.56540357E+01  0.52564981E+01
  0.48905352E+01  0.45560007E+01  0.42500198E+01  0.39686469E+01  0.37081083E+01
  0.34653821E+01  0.32383270E+01  0.30255604E+01  0.28263791E+01  0.26406881E+01
  0.24681544E+01  0.23076345E+01  0.21579156E+01  0.20181649E+01  0.18877296E+01
  0.17660362E+01  0.16525429E+01  0.15467266E+01  0.14480990E+01  0.13562214E+01
  0.12707093E+01  0.11912301E+01  0.11175147E+01  0.10493375E+01  0.98647697E+00
  0.92869965E+00  0.87574229E+00  0.82730724E+00  0.78306812E+00  0.74267938E+00
  0.70579631E+00  0.67207434E+00  0.64115468E+00  0.61276954E+00  0.58661920E+00
  0.56240645E+00  0.53995292E+00  0.51906969E+00  0.49959143E+00  0.48137709E+00
  0.46429750E+00  0.44823827E+00  0.43310010E+00  0.41879688E+00  0.40525325E+00
  0.39240312E+00  0.38018811E+00  0.36855637E+00  0.35746172E+00  0.34686292E+00
  0.33672300E+00  0.32700885E+00  0.31769078E+00  0.30874180E+00  0.30013762E+00
  0.29185587E+00  0.28387702E+00  0.27618044E+00  0.26875437E+00  0.26156852E+00
  0.25464712E+00  0.24785777E+00  0.24153118E+00  0.23377348E+00  0.22893388E+00
  0.98232464E+01  0.98150307E+01  0.98040478E+01  0.97998671E+01  0.97976865E+01
  0.97963227E+01  0.97951794E+01  0.97940323E+01  0.97927226E+01  0.97911240E+01
  0.97890758E+01  0.97863762E+01  0.97827664E+01  0.97779083E+01  0.97713524E+01
  0.97624979E+01  0.97505405E+01  0.97344142E+01  0.97126611E+01  0.96832822E+01
  0.96436146E+01  0.95901321E+01  0.95181986E+01  0.94217988E+01  0.92931850E+01
  0.91241887E+01  0.89061598E+01  0.86306264E+01  0.82927001E+01  0.78940143E+01
  0.74489095E+01  0.69812151E+01  0.65160389E+01  0.60682567E+01  0.56432255E+01
  0.52467708E+01  0.48821239E+01  0.45487523E+01  0.42435268E+01  0.39624517E+01
  0.37018215E+01  0.34587109E+01  0.32310873E+01  0.30176638E+01  0.28178077E+01
  0.26314796E+01  0.24583935E+01  0.22974266E+01  0.21473648E+01  0.20073683E+01
  0.18767731E+01  0.17549879E+01  0.16414520E+01  0.15356317E+01  0.14370419E+01
  0.13452581E+01  0.12599179E+01  0.11807226E+01  0.11074384E+01  0.10398563E+01
  0.97775270E+00  0.92087177E+00  0.86891196E+00  0.82153338E+00  0.77836506E+00
  0.73902274E+00  0.70313231E+00  0.67030364E+00  0.64020180E+00  0.61251803E+00
  0.58693774E+00  0.56322696E+00  0.54119316E+00  0.52065935E+00  0.50146713E+00
  0.48347820E+00  0.46657042E+00  0.45063739E+00  0.43558724E+00  0.42133973E+00
  0.40782447E+00  0.39497958E+00  0.38275028E+00  0.37108796E+00  0.35994940E+00
  0.34929589E+00  0.33909265E+00  0.32930848E+00  0.31991515E+00  0.31088697E+00
  0.30220080E+00  0.29383518E+00  0.28577128E+00  0.27798904E+00  0.27047728E+00
  0.26320592E+00  0.25619977E+00  0.24932530E+00  0.24291800E+00  0.23505880E+00
  0.23015530E+00  0.98241104E+01  0.98153235E+01  0.98035438E+01  0.97990364E+01
  0.97967246E+01  0.97953203E+01  0.97941517E+01  0.97929802E+01  0.97916517E+01
  0.97900339E+01  0.97879676E+01  0.97852532E+01  0.97816316E+01  0.97767629E+01
  0.97701945E+01  0.97613219E+01  0.97493338E+01  0.97331572E+01  0.97113279E+01
  0.96818314E+01  0.96419856E+01  0.95882430E+01  0.95159373E+01  0.94190309E+01
  0.92897881E+01  0.91199447E+01  0.89008938E+01  0.86242542E+01  0.82851058E+01
  0.78851440E+01  0.74388035E+01  0.69699869E+01  0.65039627E+01  0.60559396E+01
  0.56314742E+01  0.52362283E+01  0.48730249E+01  0.45409148E+01  0.42365030E+01
  0.39557539E+01  0.36950418E+01  0.34515472E+01  0.32233522E+01  0.30092690E+01
  0.28087358E+01  0.26217697E+01  0.24481327E+01  0.22867216E+01  0.21363201E+01
  0.19960800E+01  0.18653254E+01  0.17434470E+01  0.16298658E+01  0.15240429E+01
  0.14255023E+01  0.13338404E+01  0.12487257E+01  0.11699047E+01  0.10971756E+01
  0.10303343E+01  0.96913950E+00  0.91329506E+00  0.86245265E+00  0.81622227E+00
  0.77418264E+00  0.73591295E+00  0.70100599E+00  0.66903836E+00  0.63969906E+00
  0.61266202E+00  0.58760614E+00  0.56434241E+00  0.54267751E+00  0.52244274E+00
  0.50348864E+00  0.48568179E+00  0.46890800E+00  0.45306930E+00  0.43808013E+00
  0.42386542E+00  0.41035947E+00  0.39750435E+00  0.38524859E+00  0.37354658E+00
  0.36235763E+00  0.35164516E+00  0.34137645E+00  0.33152191E+00  0.32205452E+00
  0.31294972E+00  0.30418537E+00  0.29574064E+00  0.28759722E+00  0.27973551E+00
  0.27214477E+00  0.26479499E+00  0.25771145E+00  0.25075941E+00  0.24427863E+00
  0.23632710E+00  0.23136548E+00  0.98249289E+01  0.98155959E+01  0.98030462E+01
  0.97982216E+01  0.97957808E+01  0.97943231E+01  0.97931257E+01  0.97919341E+01
  0.97905891E+01  0.97889563E+01  0.97868744E+01  0.97841433E+01  0.97805036E+01
  0.97756141E+01  0.97690209E+01  0.97601166E+01  0.97480851E+01  0.97318459E+01
  0.97099265E+01  0.96802964E+01  0.96402517E+01  0.95862214E+01  0.95135077E+01
  0.94160458E+01  0.92861027E+01  0.91153407E+01  0.88951853E+01  0.86173274E+01
  0.82768363E+01  0.78754731E+01  0.74277831E+01  0.69577582E+01  0.64908438E+01
  0.60426127E+01  0.56188229E+01  0.52249288E+01  0.48633023E+01  0.45325570E+01
  0.42290229E+01  0.39486293E+01  0.36878422E+01  0.34439592E+01  0.32151833E+01
  0.30004294E+01  0.27992079E+01  0.26115887E+01  0.24373832E+01  0.22755153E+01
  0.21247684E+01  0.19842835E+01  0.18533691E+01  0.17313957E+01  0.16177685E+01
  0.15119497E+01  0.14134801E+01  0.13219843E+01  0.12371722E+01  0.11588412E+01
  0.10868162E+01  0.10208789E+01  0.96074886E+00  0.90607840E+00  0.85646172E+00
  0.81145009E+00  0.77057109E+00  0.73337351E+00  0.69940650E+00  0.66826034E+00
  0.63960855E+00  0.61313193E+00  0.58856027E+00  0.56569228E+00  0.54434757E+00
  0.52436570E+00  0.50560543E+00  0.48794246E+00  0.47127076E+00  0.45549874E+00
  0.44054666E+00  0.42634472E+00  0.41283170E+00  0.39995325E+00  0.38766089E+00
  0.37591172E+00  0.36466722E+00  0.35389276E+00  0.34355740E+00  0.33363273E+00
  0.32409286E+00  0.31491430E+00  0.30607559E+00  0.29755633E+00  0.28933870E+00
  0.28140345E+00  0.27374006E+00  0.26631852E+00  0.25916448E+00  0.25214211E+00
  0.24559501E+00  0.23756030E+00  0.23254632E+00  0.98257250E+01  0.98158363E+01
  0.98025312E+01  0.97974184E+01  0.97948482E+01  0.97933297E+01  0.97921030E+01
  0.97908958E+01  0.97895405E+01  0.97878992E+01  0.97858070E+01  0.97830614E+01
  0.97794014E+01  0.97744846E+01  0.97678558E+01  0.97589048E+01  0.97468128E+01
  0.97304944E+01  0.97084683E+01  0.96786860E+01  0.96384200E+01  0.95840755E+01
  0.95109223E+01  0.94128617E+01  0.92821753E+01  0.91104096E+01  0.88890296E+01
  0.86098425E+01  0.82678868E+01  0.78649963E+01  0.74158459E+01  0.69445361E+01
  0.64767058E+01  0.60283208E+01  0.56053373E+01  0.52129555E+01  0.48530393E+01
  0.45237496E+01  0.42211516E+01  0.39411351E+01  0.36802696E+01  0.34359828E+01
  0.32066053E+01  0.29911498E+01  0.27892095E+01  0.26009231E+01  0.24261428E+01
  0.22638125E+01  0.21127167E+01  0.19719857E+01  0.18409090E+01  0.17188349E+01
  0.16051567E+01  0.14993466E+01  0.14009716E+01  0.13097062E+01  0.12253129E+01
  0.11476240E+01  0.10764738E+01  0.10116114E+01  0.95270134E+00  0.89933138E+00
  0.85102661E+00  0.80727483E+00  0.76755905E+00  0.73140023E+00  0.69831567E+00
  0.66792959E+00  0.63990457E+00  0.61391877E+00  0.58976308E+00  0.56723586E+00
  0.54616078E+00  0.52638501E+00  0.50777690E+00  0.49022247E+00  0.47362271E+00
  0.45789183E+00  0.44295567E+00  0.42874905E+00  0.41521476E+00  0.40230168E+00
  0.38996417E+00  0.37816175E+00  0.36685768E+00  0.35601925E+00  0.34561682E+00
  0.33562281E+00  0.32601254E+00  0.31676340E+00  0.30785415E+00  0.29926482E+00
  0.29097823E+00  0.28297527E+00  0.27524541E+00  0.26775865E+00  0.26054080E+00
  0.25345530E+00  0.24684886E+00  0.23874032E+00  0.23368021E+00  0.98265292E+01
  0.98160751E+01  0.98020172E+01  0.97966219E+01  0.97939168E+01  0.97923414E+01
  0.97910917E+01  0.97898768E+01  0.97885198E+01  0.97868768E+01  0.97847785E+01
  0.97820199E+01  0.97783381E+01  0.97733897E+01  0.97667175E+01  0.97577082E+01
  0.97455387E+01  0.97291204E+01  0.97069667E+01  0.96770105E+01  0.96364980E+01
  0.95818089E+01  0.95081821E+01  0.94094804E+01  0.92779795E+01  0.91051184E+01
  0.88824215E+01  0.86018012E+01  0.82582611E+01  0.78537202E+01  0.74030025E+01
  0.69303369E+01  0.64615736E+01  0.60131029E+01  0.55910673E+01  0.52003642E+01
  0.48423011E+01  0.45145448E+01  0.42129156E+01  0.39332865E+01  0.36723278E+01
  0.34276021E+01  0.31975885E+01  0.29814126E+01  0.27787354E+01  0.25897615E+01
  0.24143964E+01  0.22516021E+01  0.21001584E+01  0.19591829E+01  0.18279435E+01
  0.17057659E+01  0.15920375E+01  0.14862517E+01  0.13880174E+01  0.12970631E+01
  0.12132247E+01  0.11363620E+01  0.10662739E+01  0.10026598E+01  0.94511573E+00
  0.89315028E+00  0.84621188E+00  0.80372697E+00  0.76514590E+00  0.72995775E+00
  0.69768741E+00  0.66797893E+00  0.64050523E+00  0.61496736E+00  0.59116866E+00
  0.56892447E+00  0.54806747E+00  0.52845324E+00  0.50995949E+00  0.49248076E+00
  0.47592488E+00  0.46021240E+00  0.44527372E+00  0.43104756E+00  0.41748026E+00
  0.40452347E+00  0.39213425E+00  0.38027421E+00  0.36890811E+00  0.35800528E+00
  0.34753646E+00  0.33747476E+00  0.32779711E+00  0.31848114E+00  0.30950587E+00
  0.30085167E+00  0.29250151E+00  0.28443645E+00  0.27664612E+00  0.26910055E+00
  0.26182574E+00  0.25468463E+00  0.24802536E+00  0.23985243E+00  0.23475312E+00
  0.98274677E+01  0.98164189E+01  0.98015522E+01  0.97958345E+01  0.97929871E+01
  0.97913676E+01  0.97901083E+01  0.97888981E+01  0.97875479E+01  0.97859077E+01
  0.97838048E+01  0.97810322E+01  0.97773259E+01  0.97723412E+01  0.97656191E+01
  0.97565427E+01  0.97442823E+01  0.97277434E+01  0.97054382E+01  0.96752826E+01
  0.96344945E+01  0.95794253E+01  0.95052838E+01  0.94058923E+01  0.92734920E+01
  0.90994506E+01  0.88753593E+01  0.85931987E+01  0.82479559E+01  0.78416440E+01
  0.73892546E+01  0.69151596E+01  0.64454463E+01  0.59969645E+01  0.55760256E+01
  0.51871650E+01  0.48310950E+01  0.45049543E+01  0.42043090E+01  0.39250523E+01
  0.36639792E+01  0.34187930E+01  0.31881153E+01  0.29711952E+01  0.27677666E+01
  0.25780866E+01  0.24021213E+01  0.22388588E+01  0.20870708E+01  0.19458561E+01
  0.18144565E+01  0.16921760E+01  0.15784072E+01  0.14726786E+01  0.13746558E+01
  0.12841340E+01  0.12010171E+01  0.11251728E+01  0.10563388E+01  0.99414114E+00
  0.93808904E+00  0.88760054E+00  0.84204612E+00  0.80080199E+00  0.76329514E+00
  0.72900067E+00  0.69746833E+00  0.66834418E+00  0.64133524E+00  0.61619128E+00
  0.59270214E+00  0.57069201E+00  0.55000761E+00  0.53051608E+00  0.51210384E+00
  0.49467288E+00  0.47813806E+00  0.46242556E+00  0.44746945E+00  0.43321228E+00
  0.41960338E+00  0.40659667E+00  0.39415198E+00  0.38223217E+00  0.37080354E+00
  0.35983692E+00  0.34930383E+00  0.33917823E+00  0.32943708E+00  0.32005831E+00
  0.31102180E+00  0.30230826E+00  0.29390031E+00  0.28577915E+00  0.27793463E+00
  0.27033676E+00  0.26301212E+00  0.25582251E+00  0.24911837E+00  0.24089099E+00
  0.23575771E+00  0.98285479E+01  0.98168630E+01  0.98011147E+01  0.97950486E+01
  0.97920736E+01  0.97904275E+01  0.97891777E+01  0.97879860E+01  0.97866476E+01
  0.97850112E+01  0.97829019E+01  0.97801121E+01  0.97763770E+01  0.97713507E+01
  0.97645715E+01  0.97554194E+01  0.97430570E+01  0.97263804E+01  0.97038992E+01
  0.96735158E+01  0.96324197E+01  0.95769320E+01  0.95022277E+01  0.94020881E+01
  0.92687308E+01  0.90934258E+01  0.88678302E+01  0.85840180E+01  0.82369514E+01
  0.78287451E+01  0.73745742E+01  0.68989680E+01  0.64282977E+01  0.59798864E+01
  0.55601901E+01  0.51733446E+01  0.48193995E+01  0.44949473E+01  0.41953105E+01
  0.39164148E+01  0.36551975E+01  0.34095252E+01  0.31781624E+01  0.29604700E+01
  0.27562693E+01  0.25658782E+01  0.23893150E+01  0.22255886E+01  0.20734614E+01
  0.19320095E+01  0.18004452E+01  0.16780571E+01  0.15642582E+01  0.14586286E+01
  0.13609062E+01  0.12709850E+01  0.11887992E+01  0.11141730E+01  0.10467820E+01
  0.98615330E+00  0.93168978E+00  0.88271280E+00  0.83852244E+00  0.79846330E+00
  0.76194083E+00  0.72844682E+00  0.69757342E+00  0.66896660E+00  0.64235893E+00
  0.61754014E+00  0.59430541E+00  0.57248335E+00  0.55193171E+00  0.53252944E+00
  0.51417122E+00  0.49676536E+00  0.48023356E+00  0.46450652E+00  0.44952164E+00
  0.43522554E+00  0.42156935E+00  0.40850913E+00  0.39600733E+00  0.38402809E+00
  0.37253903E+00  0.36151060E+00  0.35091616E+00  0.34073094E+00  0.33093077E+00
  0.32149411E+00  0.31240149E+00  0.30363399E+00  0.29517437E+00  0.28700366E+00
  0.27911172E+00  0.27146854E+00  0.26410124E+00  0.25686998E+00  0.25012915E+00
  0.24185668E+00  0.23669381E+00  0.98294560E+01  0.98172890E+01  0.98007823E+01
  0.97943284E+01  0.97912249E+01  0.97895667E+01  0.97883353E+01  0.97871661E+01
  0.97858396E+01  0.97842040E+01  0.97820840E+01  0.97792720E+01  0.97755026E+01
  0.97704281E+01  0.97635842E+01  0.97543465E+01  0.97418712E+01  0.97250423E+01
  0.97023631E+01  0.96717232E+01  0.96302845E+01  0.95743363E+01  0.94990166E+01
  0.93980649E+01  0.92636789E+01  0.90870174E+01  0.88598092E+01  0.85742304E+01
  0.82252118E+01  0.78149795E+01  0.73589067E+01  0.68816989E+01  0.64100473E+01
  0.59617972E+01  0.55435224E+01  0.51588758E+01  0.48071893E+01  0.44844892E+01
  0.41858823E+01  0.39073451E+01  0.36459582E+01  0.33997672E+01  0.31676966E+01
  0.29492217E+01  0.27442414E+01  0.25531340E+01  0.23759706E+01  0.22117811E+01
  0.20593152E+01  0.19176222E+01  0.17858840E+01  0.16633838E+01  0.15495751E+01
  0.14441097E+01  0.13468243E+01  0.12576989E+01  0.11766643E+01  0.11034746E+01
  0.10377106E+01  0.97877917E+00  0.92596368E+00  0.87849205E+00  0.83561210E+00
  0.79665271E+00  0.76102163E+00  0.72823089E+00  0.69792024E+00  0.66977077E+00
  0.64351798E+00  0.61896610E+00  0.59593222E+00  0.57425593E+00  0.55380343E+00
  0.53446282E+00  0.51613627E+00  0.49873777E+00  0.48219538E+00  0.46644268E+00
  0.45142077E+00  0.43708034E+00  0.42337429E+00  0.41026058E+00  0.39770199E+00
  0.38566487E+00  0.37411815E+00  0.36303182E+00  0.35237997E+00  0.34213877E+00
  0.33228463E+00  0.32279604E+00  0.31365340E+00  0.30483790E+00  0.29633259E+00
  0.28811852E+00  0.28018571E+00  0.27250403E+00  0.26510077E+00  0.25783488E+00
  0.25106294E+00  0.24275293E+00  0.23756624E+00  0.98301006E+01  0.98176004E+01
  0.98005151E+01  0.97937111E+01  0.97904901E+01  0.97888270E+01  0.97876126E+01
  0.97864589E+01  0.97851395E+01  0.97834991E+01  0.97813629E+01  0.97785228E+01
  0.97747128E+01  0.97695832E+01  0.97626661E+01  0.97533323E+01  0.97407319E+01
  0.97237360E+01  0.97008386E+01  0.96699151E+01  0.96280986E+01  0.95716459E+01
  0.94956562E+01  0.93938281E+01  0.92583365E+01  0.90802152E+01  0.88512739E+01
  0.85638024E+01  0.82126928E+01  0.78002923E+01  0.73421880E+01  0.68632828E+01
  0.63906208E+01  0.59426396E+01  0.55259969E+01  0.51437472E+01  0.47944560E+01
  0.44735691E+01  0.41760029E+01  0.38978100E+01  0.36362331E+01  0.33895054E+01
  0.31567102E+01  0.29374393E+01  0.27316691E+01  0.25398376E+01  0.23620690E+01
  0.21974133E+01  0.20446045E+01  0.19026613E+01  0.17707379E+01  0.16481288E+01
  0.15343511E+01  0.14291507E+01  0.13324899E+01  0.12443917E+01  0.11647386E+01
  0.10932040E+01  0.10292329E+01  0.97209034E+00  0.92093835E+00  0.87492586E+00
  0.83327403E+00  0.79530602E+00  0.76046602E+00  0.72830348E+00  0.69847531E+00
  0.67070971E+00  0.64475816E+00  0.62042531E+00  0.59754763E+00  0.57598066E+00
  0.55559928E+00  0.53629837E+00  0.51798582E+00  0.50058159E+00  0.48401840E+00
  0.46823320E+00  0.45317074E+00  0.43878265E+00  0.42502542E+00  0.41185918E+00
  0.39924599E+00  0.38715332E+00  0.37555142E+00  0.36441142E+00  0.35370709E+00
  0.34341460E+00  0.33351143E+00  0.32397624E+00  0.31478922E+00  0.30593144E+00
  0.29738602E+00  0.28913428E+00  0.28116658E+00  0.27345247E+00  0.26601924E+00
  0.25872497E+00  0.25192677E+00  0.24358560E+00  0.23837992E+00  0.98305742E+01
  0.98177583E+01  0.98001979E+01  0.97931707E+01  0.97898822E+01  0.97882233E+01
  0.97870229E+01  0.97858769E+01  0.97845563E+01  0.97829047E+01  0.97807461E+01
  0.97778723E+01  0.97740154E+01  0.97688231E+01  0.97618241E+01  0.97523836E+01
  0.97396448E+01  0.97224656E+01  0.96993304E+01  0.96680977E+01  0.96258689E+01
  0.95688669E+01  0.94921516E+01  0.93893797E+01  0.92526981E+01  0.90730048E+01
  0.88422021E+01  0.85527023E+01  0.81993517E+01  0.77846305E+01  0.73243586E+01
  0.68436592E+01  0.63699835E+01  0.59224027E+01  0.55076099E+01  0.51279669E+01
  0.47812066E+01  0.44621878E+01  0.41656698E+01  0.38878063E+01  0.36260124E+01
  0.33787232E+01  0.31451843E+01  0.29251021E+01  0.27185271E+01  0.25259581E+01
  0.23475748E+01  0.21824475E+01  0.20292919E+01  0.18870916E+01  0.17549777E+01
  0.16322785E+01  0.15186017E+01  0.14138171E+01  0.13180024E+01  0.12311894E+01
  0.11531737E+01  0.10835003E+01  0.10214531E+01  0.96614398E+00  0.91662381E+00
  0.87198883E+00  0.83145740E+00  0.79437268E+00  0.76021842E+00  0.72859743E+00
  0.69919282E+00  0.67174974E+00  0.64604294E+00  0.62188772E+00  0.59913179E+00
  0.57764410E+00  0.55730992E+00  0.53803018E+00  0.51971829E+00  0.50229931E+00
  0.48570726E+00  0.46988455E+00  0.45477948E+00  0.44034303E+00  0.42653421E+00
  0.41331538E+00  0.40064999E+00  0.38850530E+00  0.37685180E+00  0.36566182E+00
  0.35490931E+00  0.34457028E+00  0.33462254E+00  0.32504512E+00  0.31581831E+00
  0.30692305E+00  0.29834260E+00  0.29005855E+00  0.28206128E+00  0.27432006E+00
  0.26686201E+00  0.25954457E+00  0.25272498E+00  0.24435828E+00  0.23913709E+00
  0.98308798E+01  0.98178163E+01  0.97999210E+01  0.97927660E+01  0.97894323E+01
  0.97877701E+01  0.97865723E+01  0.97854251E+01  0.97840954E+01  0.97824256E+01
  0.97802387E+01  0.97773248E+01  0.97734140E+01  0.97681514E+01  0.97610618E+01
  0.97515041E+01  0.97386133E+01  0.97212336E+01  0.96978403E+01  0.96662732E+01
  0.96235984E+01  0.95660019E+01  0.94885032E+01  0.93847102E+01  0.92467511E+01
  0.90653750E+01  0.88325746E+01  0.85409018E+01  0.81851509E+01  0.77679481E+01
  0.73053674E+01  0.68227763E+01  0.63480954E+01  0.59010716E+01  0.54883713E+01
  0.51115542E+01  0.47674558E+01  0.44503490E+01  0.41548759E+01  0.38773170E+01
  0.36152729E+01  0.33673930E+01  0.31330857E+01  0.29121707E+01  0.27047719E+01
  0.25114505E+01  0.23324471E+01  0.21668507E+01  0.20133508E+01  0.18708912E+01
  0.17385903E+01  0.16158402E+01  0.15023700E+01  0.13982057E+01  0.13035008E+01
  0.12182484E+01  0.11421277E+01  0.10744972E+01  0.10144581E+01  0.96097417E+00
  0.91300978E+00  0.86964246E+00  0.83010777E+00  0.79379876E+00  0.76024414E+00
  0.72908239E+00  0.70003599E+00  0.67286069E+00  0.64734872E+00  0.62333396E+00
  0.60067142E+00  0.57923941E+00  0.55893285E+00  0.53965856E+00  0.52133609E+00
  0.50389437E+00  0.48726829E+00  0.47140390E+00  0.45625289E+00  0.44176849E+00
  0.42790978E+00  0.41463991E+00  0.40192430E+00  0.38973058E+00  0.37802903E+00
  0.36679238E+00  0.35599515E+00  0.34561351E+00  0.33562530E+00  0.32600969E+00
  0.31674710E+00  0.30781868E+00  0.29920797E+00  0.29089657E+00  0.28287462E+00
  0.27511100E+00  0.26763268E+00  0.26029659E+00  0.25346014E+00  0.24507336E+00
  0.23983985E+00  0.98310443E+01  0.98178090E+01  0.97997328E+01  0.97925381E+01
  0.97891595E+01  0.97874748E+01  0.97862639E+01  0.97851051E+01  0.97837586E+01
  0.97820645E+01  0.97798432E+01  0.97768820E+01  0.97729094E+01  0.97675684E+01
  0.97603795E+01  0.97506950E+01  0.97376392E+01  0.97200419E+01  0.96963690E+01
  0.96644411E+01  0.96212865E+01  0.95630497E+01  0.94847061E+01  0.93798115E+01
  0.92404863E+01  0.90573120E+01  0.88223706E+01  0.85283730E+01  0.81700550E+01
  0.77502040E+01  0.72851671E+01  0.68005848E+01  0.63249215E+01  0.58786363E+01
  0.54682897E+01  0.50945215E+01  0.47532057E+01  0.44380418E+01  0.41435960E+01
  0.38663054E+01  0.36039715E+01  0.33554654E+01  0.31203614E+01  0.28985922E+01
  0.26903546E+01  0.24962758E+01  0.23166588E+01  0.21506055E+01  0.19967687E+01
  0.18540495E+01  0.17215771E+01  0.15988442E+01  0.14857364E+01  0.13824427E+01
  0.12891549E+01  0.12057602E+01  0.11317651E+01  0.10663118E+01  0.10083073E+01
  0.95658661E+00  0.91006499E+00  0.86783542E+00  0.82917477E+00  0.79353090E+00
  0.76048982E+00  0.72972362E+00  0.70097439E+00  0.67401718E+00  0.64866048E+00
  0.62475130E+00  0.60215590E+00  0.58076015E+00  0.56046537E+00  0.54118415E+00
  0.52284073E+00  0.50536794E+00  0.48870415E+00  0.47279642E+00  0.45759822E+00
  0.44306584E+00  0.42915874E+00  0.41584013E+00  0.40307633E+00  0.39083579E+00
  0.37908903E+00  0.36780894E+00  0.35697039E+00  0.34654979E+00  0.33652502E+00
  0.32687523E+00  0.31758101E+00  0.30862394E+00  0.29998778E+00  0.29165386E+00
  0.28361188E+00  0.27583034E+00  0.26833611E+00  0.26098559E+00  0.25413653E+00
  0.24573503E+00  0.24049241E+00  0.98310576E+01  0.98177221E+01  0.97996072E+01
  0.97924505E+01  0.97890311E+01  0.97873165E+01  0.97860849E+01  0.97849091E+01
  0.97835420E+01  0.97818195E+01  0.97795578E+01  0.97765421E+01  0.97725001E+01
  0.97670726E+01  0.97597760E+01  0.97499553E+01  0.97367226E+01  0.97188914E+01
  0.96949163E+01  0.96625994E+01  0.96189300E+01  0.95600057E+01  0.94807538E+01
  0.93746772E+01  0.92338932E+01  0.90487966E+01  0.88115641E+01  0.85150830E+01
  0.81540232E+01  0.77313496E+01  0.72637012E+01  0.67770231E+01  0.63004089E+01
  0.58550671E+01  0.54473548E+01  0.50768609E+01  0.47384367E+01  0.44252321E+01
  0.41317829E+01  0.38547144E+01  0.35920474E+01  0.33428805E+01  0.31069560E+01
  0.28843191E+01  0.26752398E+01  0.24804124E+01  0.23001994E+01  0.21337069E+01
  0.19795426E+01  0.18365676E+01  0.17039567E+01  0.15813462E+01  0.14688167E+01
  0.13666959E+01  0.12751514E+01  0.11939062E+01  0.11222315E+01  0.10590298E+01
  0.10030240E+01  0.95295691E+00  0.90773890E+00  0.86650809E+00  0.82860412E+00
  0.79352866E+00  0.76091769E+00  0.73048226E+00  0.70197700E+00  0.67519481E+00
  0.64995947E+00  0.62612732E+00  0.60357625E+00  0.58219912E+00  0.56190234E+00
  0.54260375E+00  0.52423122E+00  0.50672121E+00  0.49001618E+00  0.47406430E+00
  0.45881945E+00  0.44423949E+00  0.43028515E+00  0.41692006E+00  0.40411076E+00
  0.39182622E+00  0.38003744E+00  0.36871759E+00  0.35784170E+00  0.34738629E+00
  0.33732925E+00  0.32764980E+00  0.31832887E+00  0.30934833E+00  0.30069181E+00
  0.29234017E+00  0.28428273E+00  0.27648763E+00  0.26898171E+00  0.26162088E+00
  0.25476311E+00  0.24635175E+00  0.24110304E+00  0.98309146E+01  0.98175599E+01
  0.97995230E+01  0.97924449E+01  0.97889926E+01  0.97872542E+01  0.97860069E+01
  0.97848186E+01  0.97834345E+01  0.97816815E+01  0.97793735E+01  0.97762979E+01
  0.97721808E+01  0.97666607E+01  0.97592489E+01  0.97492830E+01  0.97358624E+01
  0.97177819E+01  0.96934810E+01  0.96607452E+01  0.96165240E+01  0.95568628E+01
  0.94766373E+01  0.93692939E+01  0.92269517E+01  0.90398027E+01  0.88001206E+01
  0.85009873E+01  0.81370001E+01  0.77113189E+01  0.72408971E+01  0.67520114E+01
  0.62744836E+01  0.58303168E+01  0.54255423E+01  0.50585509E+01  0.47231157E+01
  0.44118734E+01  0.41193807E+01  0.38424838E+01  0.35794416E+01  0.33295851E+01
  0.30928259E+01  0.28693199E+01  0.26594084E+01  0.24638518E+01  0.22830693E+01
  0.21161612E+01  0.19616801E+01  0.18184591E+01  0.16857639E+01  0.15634263E+01
  0.14517472E+01  0.13511484E+01  0.12616873E+01  0.11828553E+01  0.11136396E+01
  0.10526951E+01  0.99859258E+00  0.95003228E+00  0.90596470E+00  0.86559007E+00
  0.82832329E+00  0.79373342E+00  0.76148923E+00  0.73132633E+00  0.70301720E+00
  0.67637096E+00  0.65122566E+00  0.62744701E+00  0.60492092E+00  0.58354691E+00
  0.56323651E+00  0.54391203E+00  0.52550484E+00  0.50795433E+00  0.49120603E+00
  0.47520975E+00  0.45991968E+00  0.44529425E+00  0.43129523E+00  0.41788689E+00
  0.40503591E+00  0.39271150E+00  0.38088509E+00  0.36953013E+00  0.35862176E+00
  0.34813645E+00  0.33805210E+00  0.32834822E+00  0.31900609E+00  0.31000749E+00
  0.30133553E+00  0.29297063E+00  0.28490182E+00  0.27709706E+00  0.26958316E+00
  0.26221563E+00  0.25535241E+00  0.24693516E+00  0.24168284E+00  0.98307018E+01
  0.98174429E+01  0.97995537E+01  0.97925007E+01  0.97890183E+01  0.97872716E+01
  0.97860144E+01  0.97848134E+01  0.97834103E+01  0.97816272E+01  0.97792742E+01
  0.97761382E+01  0.97719439E+01  0.97663272E+01  0.97587947E+01  0.97486755E+01
  0.97350559E+01  0.97167110E+01  0.96920607E+01  0.96588744E+01  0.96140627E+01
  0.95536125E+01  0.94723442E+01  0.93636441E+01  0.92196378E+01  0.90302981E+01
  0.87879980E+01  0.84860320E+01  0.81189184E+01  0.76900318E+01  0.72166730E+01
  0.67254586E+01  0.62470569E+01  0.58043327E+01  0.54028259E+01  0.50395682E+01
  0.47072070E+01  0.43979180E+01  0.41063362E+01  0.38295593E+01  0.35661050E+01
  0.33155398E+01  0.30779435E+01  0.28535789E+01  0.26428560E+01  0.24466006E+01
  0.22652820E+01  0.20979821E+01  0.19431912E+01  0.17997407E+01  0.16670457E+01
  0.15451916E+01  0.14347027E+01  0.13360062E+01  0.12489555E+01  0.11727507E+01
  0.11060598E+01  0.10473066E+01  0.99496111E+00  0.94773750E+00  0.90466209E+00
  0.86501621E+00  0.82828443E+00  0.79409914E+00  0.76216190E+00  0.73222131E+00
  0.70406679E+00  0.67752271E+00  0.65244069E+00  0.62869523E+00  0.60617827E+00
  0.58479527E+00  0.56446274E+00  0.54510692E+00  0.52666242E+00  0.50907105E+00
  0.49228036E+00  0.47624152E+00  0.46090932E+00  0.44624250E+00  0.43220330E+00
  0.41875639E+00  0.40586867E+00  0.39350958E+00  0.38165082E+00  0.37026601E+00
  0.35933024E+00  0.34881992E+00  0.33871317E+00  0.32898993E+00  0.31963152E+00
  0.31061916E+00  0.30193538E+00  0.29356031E+00  0.28548295E+00  0.27767115E+00
  0.27015176E+00  0.26277992E+00  0.25591345E+00  0.24749311E+00  0.24223897E+00
  0.98303986E+01  0.98173718E+01  0.97997397E+01  0.97926788E+01  0.97891644E+01
  0.97874099E+01  0.97861292E+01  0.97848951E+01  0.97834533E+01  0.97816331E+01
  0.97792400E+01  0.97760493E+01  0.97717804E+01  0.97660657E+01  0.97584082E+01
  0.97481279E+01  0.97342985E+01  0.97156739E+01  0.96906505E+01  0.96569822E+01
  0.96115393E+01  0.95502448E+01  0.94678600E+01  0.93577073E+01  0.92119238E+01
  0.90202462E+01  0.87751487E+01  0.84701561E+01  0.80997022E+01  0.76673983E+01
  0.71909327E+01  0.66972599E+01  0.62180376E+01  0.57770661E+01  0.53791850E+01
  0.50198937E+01  0.46906794E+01  0.43833252E+01  0.40926058E+01  0.38159002E+01
  0.35520045E+01  0.33007228E+01  0.30622983E+01  0.28370956E+01  0.26255914E+01
  0.24286738E+01  0.22468528E+01  0.20791786E+01  0.19240777E+01  0.17804263E+01
  0.16478596E+01  0.15267703E+01  0.14178630E+01  0.13214638E+01  0.12371286E+01
  0.11636964E+01  0.10995143E+01  0.10428200E+01  0.99204890E+00  0.94598396E+00
  0.90374026E+00  0.86470394E+00  0.82843386E+00  0.79458953E+00  0.76290212E+00
  0.73313802E+00  0.70510201E+00  0.67863190E+00  0.65359140E+00  0.62986283E+00
  0.60734357E+00  0.58594407E+00  0.56558514E+00  0.54619651E+00  0.52771563E+00
  0.51008621E+00  0.49325678E+00  0.47717939E+00  0.46180958E+00  0.44710645E+00
  0.43303225E+00  0.41955168E+00  0.40663198E+00  0.39424289E+00  0.38235625E+00
  0.37094564E+00  0.35998601E+00  0.34945395E+00  0.33932808E+00  0.32958863E+00
  0.32021646E+00  0.31119209E+00  0.30249771E+00  0.29411345E+00  0.28602843E+00
  0.27821046E+00  0.27068643E+00  0.26331124E+00  0.25644257E+00  0.24802100E+00
  0.24276638E+00  0.98297449E+01  0.98171481E+01  0.98000503E+01  0.97930799E+01
  0.97895391E+01  0.97877437E+01  0.97864017E+01  0.97850994E+01  0.97835898E+01
  0.97817092E+01  0.97792641E+01  0.97760206E+01  0.97716821E+01  0.97658705E+01
  0.97580837E+01  0.97476338E+01  0.97335836E+01  0.97146635E+01  0.96892437E+01
  0.96550616E+01  0.96089450E+01  0.95467478E+01  0.94631685E+01  0.93514614E+01
  0.92037794E+01  0.90096067E+01  0.87615199E+01  0.84532921E+01  0.80792674E+01
  0.76433208E+01  0.71635601E+01  0.66672961E+01  0.61873440E+01  0.57484832E+01
  0.53546134E+01  0.49995222E+01  0.46735154E+01  0.43680689E+01  0.40781623E+01
  0.38014829E+01  0.35371243E+01  0.32851269E+01  0.30458913E+01  0.28198772E+01
  0.26076246E+01  0.24100810E+01  0.22277866E+01  0.20597461E+01  0.19043307E+01
  0.17605309E+01  0.16282821E+01  0.15083100E+01  0.14014143E+01  0.13077020E+01
  0.12263403E+01  0.11557466E+01  0.10939770E+01  0.10391567E+01  0.98975930E+00
  0.94467571E+00  0.90313491E+00  0.86461093E+00  0.82872396E+00  0.79516542E+00
  0.76368084E+00  0.73405525E+00  0.70610837E+00  0.67969088E+00  0.65467647E+00
  0.63095422E+00  0.60842648E+00  0.58700774E+00  0.56662223E+00  0.54720255E+00
  0.52868851E+00  0.51102503E+00  0.49416095E+00  0.47804889E+00  0.46264515E+00
  0.44790910E+00  0.43380289E+00  0.42029124E+00  0.40734178E+00  0.39492456E+00
  0.38301141E+00  0.37157574E+00  0.36059259E+00  0.35003912E+00  0.33989459E+00
  0.33013895E+00  0.32075233E+00  0.31171483E+00  0.30300873E+00  0.29461433E+00
  0.28652089E+00  0.27869617E+00  0.27116721E+00  0.26378879E+00  0.25691846E+00
  0.24849756E+00  0.24324394E+00  0.98284647E+01  0.98165566E+01  0.98004456E+01
  0.97937912E+01  0.97902288E+01  0.97883380E+01  0.97868839E+01  0.97854727E+01
  0.97838629E+01  0.97818915E+01  0.97793672E+01  0.97760550E+01  0.97716457E+01
  0.97657383E+01  0.97578159E+01  0.97471871E+01  0.97329035E+01  0.97136716E+01
  0.96878316E+01  0.96531029E+01  0.96062686E+01  0.95431077E+01  0.94582517E+01
  0.93448825E+01  0.91951723E+01  0.89983364E+01  0.87470551E+01  0.84353688E+01
  0.80575264E+01  0.76176946E+01  0.71344291E+01  0.66354433E+01  0.61549029E+01
  0.57185705E+01  0.53291265E+01  0.49784673E+01  0.46557144E+01  0.43521391E+01
  0.40629930E+01  0.37862968E+01  0.35214585E+01  0.32687509E+01  0.30287238E+01
  0.28019252E+01  0.25889564E+01  0.23908207E+01  0.22080754E+01  0.20396672E+01
  0.18839371E+01  0.17400791E+01  0.16084226E+01  0.14899992E+01  0.13855781E+01
  0.12949142E+01  0.12166963E+01  0.11489117E+01  0.10893861E+01  0.10362217E+01
  0.98799654E+00  0.94373392E+00  0.90279152E+00  0.86470900E+00  0.82913697E+00
  0.79580768E+00  0.76448412E+00  0.73496638E+00  0.70708747E+00  0.68070888E+00
  0.65571149E+00  0.63198973E+00  0.60945038E+00  0.58801132E+00  0.56759947E+00
  0.54814994E+00  0.52960431E+00  0.51190802E+00  0.49500998E+00  0.47886342E+00
  0.46342533E+00  0.44865528E+00  0.43451547E+00  0.42097095E+00  0.40798968E+00
  0.39554182E+00  0.38359920E+00  0.37213531E+00  0.36112590E+00  0.35054909E+00
  0.34038423E+00  0.33061046E+00  0.32120719E+00  0.31215457E+00  0.30343523E+00
  0.29502967E+00  0.28692717E+00  0.27909542E+00  0.27156182E+00  0.26418101E+00
  0.25731032E+00  0.24889291E+00  0.24364236E+00  0.98265871E+01  0.98156025E+01
  0.98008363E+01  0.97947251E+01  0.97912413E+01  0.97892288E+01  0.97876171E+01
  0.97860542E+01  0.97843079E+01  0.97822151E+01  0.97795823E+01  0.97761728E+01
  0.97716745E+01  0.97656650E+01  0.97576021E+01  0.97467845E+01  0.97322528E+01
  0.97126906E+01  0.96864057E+01  0.96510952E+01  0.96034971E+01  0.95393086E+01
  0.94530884E+01  0.93379429E+01  0.91860679E+01  0.89863896E+01  0.87316953E+01
  0.84163121E+01  0.80343888E+01  0.75904125E+01  0.71034120E+01  0.66015998E+01
  0.61206753E+01  0.56873386E+01  0.53027632E+01  0.49567599E+01  0.46372877E+01
  0.43355349E+01  0.40470910E+01  0.37703329E+01  0.35049986E+01  0.32515868E+01
  0.30107872E+01  0.27832296E+01  0.25695759E+01  0.23708802E+01  0.21877006E+01
  0.20189151E+01  0.18628861E+01  0.17191203E+01  0.15884203E+01  0.14720487E+01
  0.13705735E+01  0.12832632E+01  0.12082626E+01  0.11431652E+01  0.10856621E+01
  0.10339255E+01  0.98668477E+00  0.94311241E+00  0.90266434E+00  0.86494533E+00
  0.82964411E+00  0.79650613E+00  0.76531355E+00  0.73588190E+00  0.70805649E+00
  0.68170664E+00  0.65671800E+00  0.63298955E+00  0.61043244E+00  0.58896780E+00
  0.56852510E+00  0.54904176E+00  0.53046036E+00  0.51272617E+00  0.49578851E+00
  0.47960173E+00  0.46412367E+00  0.44931411E+00  0.43513539E+00  0.42155288E+00
  0.40853469E+00  0.39605122E+00  0.38407470E+00  0.37257922E+00  0.36154152E+00
  0.35094021E+00  0.34075393E+00  0.33096084E+00  0.32154000E+00  0.31247197E+00
  0.30373973E+00  0.29532370E+00  0.28721321E+00  0.27937597E+00  0.27183980E+00
  0.26445910E+00  0.25759070E+00  0.24918100E+00  0.24393641E+00  0.98236281E+01
  0.98142160E+01  0.98014559E+01  0.97959347E+01  0.97925622E+01  0.97904219E+01
  0.97886242E+01  0.97868690E+01  0.97849539E+01  0.97827102E+01  0.97799405E+01
  0.97764038E+01  0.97717839E+01  0.97656536E+01  0.97574444E+01  0.97464278E+01
  0.97316314E+01  0.97117175E+01  0.96849590E+01  0.96490278E+01  0.96006162E+01
  0.95353324E+01  0.94476553E+01  0.93306130E+01  0.91764278E+01  0.89737170E+01
  0.87153781E+01  0.83960457E+01  0.80097620E+01  0.75613687E+01  0.70703683E+01
  0.65656438E+01  0.60846250E+01  0.56548160E+01  0.52755772E+01  0.49344363E+01
  0.46182462E+01  0.43182499E+01  0.40304406E+01  0.37535715E+01  0.34877236E+01
  0.32336128E+01  0.29920593E+01  0.27637689E+01  0.25494631E+01  0.23502399E+01
  0.21666371E+01  0.19974597E+01  0.18411782E+01  0.16977393E+01  0.15684535E+01
  0.14546906E+01  0.13566205E+01  0.12728880E+01  0.12010714E+01  0.11384609E+01
  0.10827298E+01  0.10321995E+01  0.98577850E+00  0.94278101E+00  0.90274396E+00
  0.86532525E+00  0.83024895E+00  0.79726989E+00  0.76618252E+00  0.73681508E+00
  0.70902386E+00  0.68268480E+00  0.65768807E+00  0.63393724E+00  0.61134830E+00
  0.58984583E+00  0.56936189E+00  0.54983557E+00  0.53120882E+00  0.51342675E+00
  0.49644033E+00  0.48020560E+00  0.46468077E+00  0.44982551E+00  0.43560246E+00
  0.42197747E+00  0.40891928E+00  0.39639869E+00  0.38438790E+00  0.37286183E+00
  0.36179815E+00  0.35117471E+00  0.34096877E+00  0.33115780E+00  0.32172126E+00
  0.31264033E+00  0.30389803E+00  0.29547474E+00  0.28735982E+00  0.27952078E+00
  0.27198540E+00  0.26460819E+00  0.25774627E+00  0.24935116E+00  0.24411708E+00
  0.98202583E+01  0.98126336E+01  0.98021324E+01  0.97972885E+01  0.97940974E+01
  0.97918497E+01  0.97898740E+01  0.97879269E+01  0.97858231E+01  0.97834032E+01
  0.97804703E+01  0.97767786E+01  0.97720060E+01  0.97657258E+01  0.97573530E+01
  0.97461240E+01  0.97310429E+01  0.97107511E+01  0.96834853E+01  0.96468905E+01
  0.95976109E+01  0.95311583E+01  0.94419262E+01  0.93228587E+01  0.91662084E+01
  0.89602632E+01  0.86980353E+01  0.83744872E+01  0.79835477E+01  0.75304499E+01
  0.70351633E+01  0.65274118E+01  0.60466579E+01  0.56210254E+01  0.52476179E+01
  0.49115209E+01  0.45985875E+01  0.43002616E+01  0.40130065E+01  0.37359766E+01
  0.34695980E+01  0.32147952E+01  0.29725089E+01  0.27435149E+01  0.25285946E+01
  0.23288781E+01  0.21448578E+01  0.19752759E+01  0.18188385E+01  0.16760770E+01
  0.15487614E+01  0.14381832E+01  0.13439263E+01  0.12638920E+01  0.11951227E+01
  0.11347393E+01  0.10805163E+01  0.10309823E+01  0.98523369E+00  0.94270385E+00
  0.90300710E+00  0.86584084E+00  0.83094271E+00  0.79808145E+00  0.76706242E+00
  0.73772554E+00  0.70993755E+00  0.68358130E+00  0.65855215E+00  0.63475836E+00
  0.61212026E+00  0.59056541E+00  0.57002851E+00  0.55044896E+00  0.53176724E+00
  0.51393006E+00  0.49689072E+00  0.48060501E+00  0.46503016E+00  0.45012594E+00
  0.43585774E+00  0.42219425E+00  0.40910461E+00  0.39655777E+00  0.38452390E+00
  0.37297826E+00  0.36189871E+00  0.35126169E+00  0.34104336E+00  0.33122117E+00
  0.32177519E+00  0.31268688E+00  0.30393893E+00  0.29551171E+00  0.28739483E+00
  0.27955580E+00  0.27202308E+00  0.26465172E+00  0.25779886E+00  0.24942102E+00
  0.24419885E+00  0.98178724E+01  0.98115768E+01  0.98027992E+01  0.97985967E+01
  0.97956869E+01  0.97934227E+01  0.97913243E+01  0.97892117E+01  0.97869212E+01
  0.97843136E+01  0.97811952E+01  0.97773242E+01  0.97723731E+01  0.97659099E+01
  0.97573470E+01  0.97458863E+01  0.97304942E+01  0.97097932E+01  0.96819812E+01
  0.96446746E+01  0.95944667E+01  0.95267645E+01  0.94358702E+01  0.93146394E+01
  0.91553577E+01  0.89459634E+01  0.86795871E+01  0.83515409E+01  0.79556325E+01
  0.74975257E+01  0.69976695E+01  0.64867825E+01  0.60067020E+01  0.55859812E+01
  0.52189213E+01  0.48880191E+01  0.45782892E+01  0.42815289E+01  0.39947384E+01
  0.37175004E+01  0.34505778E+01  0.31950946E+01  0.29521013E+01  0.27224391E+01
  0.25069486E+01  0.23067750E+01  0.21223371E+01  0.19523535E+01  0.17959294E+01
  0.16543229E+01  0.15296608E+01  0.14228523E+01  0.13326946E+01  0.12563332E+01
  0.11903688E+01  0.11319013E+01  0.10789115E+01  0.10301702E+01  0.98495210E+00
  0.94279577E+00  0.90337378E+00  0.86640181E+00  0.83162503E+00  0.79882752E+00
  0.76782917E+00  0.73848403E+00  0.71066844E+00  0.68427080E+00  0.65919042E+00
  0.63534019E+00  0.61264231E+00  0.59102603E+00  0.57042928E+00  0.55079233E+00
  0.53205847E+00  0.51417690E+00  0.49709849E+00  0.48077537E+00  0.46516354E+00
  0.45022394E+00  0.43592396E+00  0.42223240E+00  0.40911760E+00  0.39654929E+00
  0.38449868E+00  0.37294107E+00  0.36185243E+00  0.35120709E+00  0.34098111E+00
  0.33115346E+00  0.32170525E+00  0.31261712E+00  0.30387067E+00  0.29544615E+00
  0.28733313E+00  0.27949994E+00  0.27197699E+00  0.26461940E+00  0.25778187E+00
  0.24942453E+00  0.24421518E+00  0.98162906E+01  0.98111070E+01  0.98036820E+01
  0.97998868E+01  0.97972183E+01  0.97950377E+01  0.97929031E+01  0.97906745E+01
  0.97882301E+01  0.97854424E+01  0.97821279E+01  0.97780597E+01  0.97729075E+01
  0.97662325E+01  0.97574463E+01  0.97457271E+01  0.97299988E+01  0.97088538E+01
  0.96804505E+01  0.96423765E+01  0.95911715E+01  0.95221295E+01  0.94294547E+01
  0.93059103E+01  0.91438171E+01  0.89307427E+01  0.86599410E+01  0.83270948E+01
  0.79258826E+01  0.74624407E+01  0.69577280E+01  0.64436333E+01  0.59647072E+01
  0.55497035E+01  0.51895169E+01  0.48639225E+01  0.45573132E+01  0.42619993E+01
  0.39755798E+01  0.36980902E+01  0.34306164E+01  0.31744708E+01  0.29308033E+01
  0.27005159E+01  0.24845080E+01  0.22839143E+01  0.20990516E+01  0.19286929E+01
  0.17725587E+01  0.16326964E+01  0.15113913E+01  0.14088990E+01  0.13230185E+01
  0.12501523E+01  0.11866427E+01  0.11297364E+01  0.10777053E+01  0.10295702E+01
  0.98476362E+00  0.94290295E+00  0.90368040E+00  0.86682138E+00  0.83209502E+00
  0.79930732E+00  0.76829427E+00  0.73892165E+00  0.71107187E+00  0.68463471E+00
  0.65950982E+00  0.63561356E+00  0.61286847E+00  0.59120528E+00  0.57056407E+00
  0.55088388E+00  0.53210918E+00  0.51419079E+00  0.49707891E+00  0.48072473E+00
  0.46508489E+00  0.45012258E+00  0.43580520E+00  0.42209744E+00  0.40896625E+00
  0.39638448E+00  0.38432553E+00  0.37276295E+00  0.36167109E+00  0.35102484E+00
  0.34080090E+00  0.33097841E+00  0.32153832E+00  0.31245976E+00  0.30372404E+00
  0.29531274E+00  0.28721523E+00  0.27939938E+00  0.27189564E+00  0.26455886E+00
  0.25774122E+00  0.24940702E+00  0.24421167E+00  0.98150620E+01  0.98108026E+01
  0.98045171E+01  0.98010913E+01  0.97986500E+01  0.97965826E+01  0.97944883E+01
  0.97922284E+01  0.97896869E+01  0.97867576E+01  0.97832645E+01  0.97789908E+01
  0.97736258E+01  0.97667180E+01  0.97576718E+01  0.97456643E+01  0.97295773E+01
  0.97079514E+01  0.96789066E+01  0.96399993E+01  0.95877177E+01  0.95172343E+01
  0.94226469E+01  0.92966242E+01  0.91315227E+01  0.89145178E+01  0.86389931E+01
  0.83010213E+01  0.78941442E+01  0.74250135E+01  0.69151413E+01  0.63977914E+01
  0.59206071E+01  0.55122267E+01  0.51594369E+01  0.48392156E+01  0.45356114E+01
  0.42416144E+01  0.39554726E+01  0.36776937E+01  0.34096693E+01  0.31528875E+01
  0.29085863E+01  0.26777253E+01  0.24612585E+01  0.22602705E+01  0.20749476E+01
  0.19042764E+01  0.17488445E+01  0.16114845E+01  0.14942329E+01  0.13964122E+01
  0.13147885E+01  0.12450723E+01  0.11835844E+01  0.11278838E+01  0.10765742E+01
  0.10289005E+01  0.98441698E+00  0.94278776E+00  0.90370897E+00  0.86692469E+00
  0.83222947E+00  0.79944557E+00  0.76842022E+00  0.73902452E+00  0.71114033E+00
  0.68466072E+00  0.65949354E+00  0.63555942E+00  0.61278102E+00  0.59109256E+00
  0.57043346E+00  0.55073699E+00  0.53194174E+00  0.51399634E+00  0.49685775E+00
  0.48048274E+00  0.46482976E+00  0.44986186E+00  0.43554378E+00  0.42183963E+00
  0.40871748E+00  0.39614953E+00  0.38410654E+00  0.37255813E+00  0.36147814E+00
  0.35084474E+00  0.34063704E+00  0.33083295E+00  0.32140955E+00  0.31234632E+00
  0.30362680E+00  0.29523264E+00  0.28715514E+00  0.27936338E+00  0.27188514E+00
  0.26457340E+00  0.25777595E+00  0.24946014E+00  0.24427548E+00  0.98140264E+01
  0.98104810E+01  0.98051840E+01  0.98021890E+01  0.97999607E+01  0.97979960E+01
  0.97959785E+01  0.97937579E+01  0.97911966E+01  0.97881795E+01  0.97845553E+01
  0.97801112E+01  0.97745363E+01  0.97673862E+01  0.97580554E+01  0.97457269E+01
  0.97292510E+01  0.97071093E+01  0.96773686E+01  0.96375519E+01  0.95841025E+01
  0.95120629E+01  0.94154152E+01  0.92867327E+01  0.91184061E+01  0.88971979E+01
  0.86166283E+01  0.82731775E+01  0.78602440E+01  0.73850406E+01  0.68696812E+01
  0.63490641E+01  0.58743476E+01  0.54736045E+01  0.51287173E+01  0.48138771E+01
  0.45131310E+01  0.42203151E+01  0.39343616E+01  0.36562633E+01  0.33876973E+01
  0.31303124E+01  0.28854228E+01  0.26540378E+01  0.24371521E+01  0.22357586E+01
  0.20499081E+01  0.18790467E+01  0.17248787E+01  0.15908007E+01  0.14782338E+01
  0.13852799E+01  0.13076283E+01  0.12405829E+01  0.11806911E+01  0.11259152E+01
  0.10751669E+01  0.10278635E+01  0.98363862E+00  0.94219777E+00  0.90325569E+00
  0.86656988E+00  0.83194026E+00  0.79919542E+00  0.76818857E+00  0.73878976E+00
  0.71088559E+00  0.68438155E+00  0.65919619E+00  0.63525017E+00  0.61246658E+00
  0.59077912E+00  0.57012269E+00  0.55043424E+00  0.53165201E+00  0.51371671E+00
  0.49658540E+00  0.48022112E+00  0.46458675E+00  0.44964171E+00  0.43534390E+00
  0.42165625E+00  0.40854871E+00  0.39600013E+00  0.38398703E+00  0.37246909E+00
  0.36140976E+00  0.35079106E+00  0.34059740E+00  0.33080804E+00  0.32139429E+00
  0.31233164E+00  0.30360637E+00  0.29520627E+00  0.28712758E+00  0.27933923E+00
  0.27186834E+00  0.26456698E+00  0.25778536E+00  0.24949961E+00  0.24433487E+00
  0.98131899E+01  0.98101746E+01  0.98056654E+01  0.98030925E+01  0.98010862E+01
  0.97992302E+01  0.97973104E+01  0.97951746E+01  0.97926685E+01  0.97896437E+01
  0.97859615E+01  0.97814000E+01  0.97756361E+01  0.97682509E+01  0.97586281E+01
  0.97459451E+01  0.97290430E+01  0.97063498E+01  0.96758533E+01  0.96350442E+01
  0.95803260E+01  0.95066027E+01  0.94077302E+01  0.92761876E+01  0.91043962E+01
  0.88786858E+01  0.85927219E+01  0.82434064E+01  0.78239900E+01  0.73422988E+01
  0.68210947E+01  0.62972411E+01  0.58258864E+01  0.54339097E+01  0.50973974E+01
  0.47878838E+01  0.44898202E+01  0.41980460E+01  0.39121958E+01  0.36337531E+01
  0.33646564E+01  0.31066945E+01  0.28612395E+01  0.26293532E+01  0.24120553E+01
  0.22101849E+01  0.20237042E+01  0.18528817E+01  0.17006451E+01  0.15705738E+01
  0.14631632E+01  0.13750664E+01  0.13009688E+01  0.12361355E+01  0.11775300E+01
  0.11235207E+01  0.10732805E+01  0.10263552E+01  0.98241959E+00  0.94119748E+00
  0.90242064E+00  0.86585853E+00  0.83132316E+00  0.79865469E+00  0.76770934E+00
  0.73835214E+00  0.71047930E+00  0.68401049E+00  0.65886316E+00  0.63495055E+00
  0.61219674E+00  0.59053194E+00  0.56988892E+00  0.55022146E+00  0.53148036E+00
  0.51358554E+00  0.49647811E+00  0.48013101E+00  0.46451577E+00  0.44958646E+00
  0.43528818E+00  0.42158030E+00  0.40844293E+00  0.39586491E+00  0.38382723E+00
  0.37230866E+00  0.36127883E+00  0.35070480E+00  0.34056158E+00  0.33082805E+00
  0.32148147E+00  0.31249688E+00  0.30385325E+00  0.29552884E+00  0.28751348E+00
  0.27977810E+00  0.27235255E+00  0.26509154E+00  0.25834591E+00  0.25009055E+00
  0.24493972E+00  0.98125395E+01  0.98099102E+01  0.98059794E+01  0.98037486E+01
  0.98019702E+01  0.98002584E+01  0.97984645E+01  0.97964421E+01  0.97940384E+01
  0.97910861E+01  0.97874063E+01  0.97827893E+01  0.97769035E+01  0.97693107E+01
  0.97594039E+01  0.97463476E+01  0.97289799E+01  0.97056834E+01  0.96743653E+01
  0.96324797E+01  0.95763874E+01  0.95008421E+01  0.93995637E+01  0.92649403E+01
  0.90894178E+01  0.88588769E+01  0.85671381E+01  0.82115357E+01  0.77851704E+01
  0.72965397E+01  0.67691055E+01  0.62421140E+01  0.57752104E+01  0.53932368E+01
  0.50655201E+01  0.47612170E+01  0.44656287E+01  0.41747429E+01  0.38889064E+01
  0.36100787E+01  0.33404338E+01  0.30818879E+01  0.28358540E+01  0.26034419E+01
  0.23856781E+01  0.21831781E+01  0.19959530E+01  0.18254986E+01  0.16759350E+01
  0.15506514E+01  0.14487690E+01  0.13653628E+01  0.12944965E+01  0.12316635E+01
  0.11742774E+01  0.11210428E+01  0.10713543E+01  0.10248699E+01  0.98128645E+00
  0.94031665E+00  0.90171083E+00  0.86526540E+00  0.83081972E+00  0.79824124E+00
  0.76739587E+00  0.73812179E+00  0.71030615E+00  0.68388379E+00  0.65877461E+00
  0.63487837E+00  0.61210492E+00  0.59040403E+00  0.56973065E+00  0.55002787E+00
  0.53125309E+00  0.51336550E+00  0.49630986E+00  0.48003198E+00  0.46449198E+00
  0.44964889E+00  0.43545732E+00  0.42187179E+00  0.40885190E+00  0.39636922E+00
  0.38440651E+00  0.37295961E+00  0.36201199E+00  0.35152682E+00  0.34147101E+00
  0.33182146E+00  0.32256768E+00  0.31369564E+00  0.30518126E+00  0.29699044E+00
  0.28910056E+00  0.28147895E+00  0.27415133E+00  0.26697320E+00  0.26028750E+00
  0.25204752E+00  0.24689104E+00  0.98120641E+01  0.98097046E+01  0.98061506E+01
  0.98041360E+01  0.98025762E+01  0.98010702E+01  0.97994493E+01  0.97975654E+01
  0.97952868E+01  0.97924397E+01  0.97888145E+01  0.97842184E+01  0.97782797E+01
  0.97705238E+01  0.97603593E+01  0.97469297E+01  0.97290537E+01  0.97050891E+01
  0.96728896E+01  0.96298502E+01  0.95722775E+01  0.94947633E+01  0.93908824E+01
  0.92529374E+01  0.90733885E+01  0.88376560E+01  0.85397276E+01  0.81773750E+01
  0.77435499E+01  0.72474857E+01  0.67133930E+01  0.61834496E+01  0.57223293E+01
  0.53517070E+01  0.50331258E+01  0.47338354E+01  0.44404585E+01  0.41502594E+01
  0.38643152E+01  0.35850233E+01  0.33147657E+01  0.30555734E+01  0.28088879E+01
  0.25758677E+01  0.23575313E+01  0.21542211E+01  0.19662831E+01  0.17967714E+01
  0.16508896E+01  0.15313890E+01  0.14355041E+01  0.13567657E+01  0.12890135E+01
  0.12281063E+01  0.11718563E+01  0.11193028E+01  0.10700850E+01  0.10239679E+01
  0.98067333E+00  0.93987916E+00  0.90134209E+00  0.86492174E+00  0.83048787E+00
  0.79790012E+00  0.76704537E+00  0.73781912E+00  0.71010658E+00  0.68380018E+00
  0.65881762E+00  0.63507164E+00  0.61247015E+00  0.59094140E+00  0.57041825E+00
  0.55083219E+00  0.53214500E+00  0.51435025E+00  0.49740944E+00  0.48125457E+00
  0.46583122E+00  0.45110917E+00  0.43707138E+00  0.42368388E+00  0.41088885E+00
  0.39863033E+00  0.38687746E+00  0.37560784E+00  0.36480238E+00  0.35444087E+00
  0.34449654E+00  0.33494402E+00  0.32576941E+00  0.31696184E+00  0.30850641E+00
  0.30038087E+00  0.29256502E+00  0.28501795E+00  0.27775627E+00  0.27063202E+00
  0.26398433E+00  0.25573589E+00  0.25055727E+00  0.98118012E+01  0.98095317E+01
  0.98061582E+01  0.98043246E+01  0.98029612E+01  0.98016747E+01  0.98002968E+01
  0.97985713E+01  0.97963918E+01  0.97936713E+01  0.97901428E+01  0.97856031E+01
  0.97796439E+01  0.97717718E+01  0.97613831E+01  0.97475867E+01  0.97291793E+01
  0.97045125E+01  0.96713922E+01  0.96271279E+01  0.95679661E+01  0.94883278E+01
  0.93816338E+01  0.92401076E+01  0.90562085E+01  0.88148900E+01  0.85103217E+01
  0.81407104E+01  0.76988646E+01  0.71948222E+01  0.66537553E+01  0.61211740E+01
  0.56673056E+01  0.53094681E+01  0.50002015E+01  0.47055622E+01  0.44140355E+01
  0.41242624E+01  0.38380328E+01  0.35581336E+01  0.32871395E+01  0.30271919E+01
  0.27797572E+01  0.25460698E+01  0.23271334E+01  0.21230170E+01  0.19347826E+01
  0.17671678E+01  0.16263249E+01  0.15139318E+01  0.14247983E+01  0.13507228E+01
  0.12854483E+01  0.12257242E+01  0.11701276E+01  0.11180549E+01  0.10692330E+01
  0.10234646E+01  0.98051419E+00  0.94007803E+00  0.90190034E+00  0.86579189E+00
  0.83158850E+00  0.79916687E+00  0.76843458E+00  0.73933963E+00  0.71178498E+00
  0.68564075E+00  0.66082007E+00  0.63727176E+00  0.61493169E+00  0.59369393E+00
  0.57345934E+00  0.55416132E+00  0.53574867E+00  0.51818202E+00  0.50142274E+00
  0.48542720E+00  0.47014504E+00  0.45553996E+00  0.44159360E+00  0.42828958E+00
  0.41559663E+00  0.40346284E+00  0.39183914E+00  0.38069057E+00  0.36999516E+00
  0.35973495E+00  0.34988603E+00  0.34042207E+00  0.33132080E+00  0.32256509E+00
  0.31414151E+00  0.30603575E+00  0.29823653E+00  0.29070438E+00  0.28345203E+00
  0.27632784E+00  0.26967019E+00  0.26135984E+00  0.25612682E+00  0.98116824E+01
  0.98093710E+01  0.98060467E+01  0.98043898E+01  0.98032040E+01  0.98020996E+01
  0.98009436E+01  0.97994654E+01  0.97974077E+01  0.97947454E+01  0.97913095E+01
  0.97868205E+01  0.97808501E+01  0.97728871E+01  0.97622875E+01  0.97481246E+01
  0.97292122E+01  0.97038730E+01  0.96698091E+01  0.96242467E+01  0.95633814E+01
  0.94814557E+01  0.93717238E+01  0.92263430E+01  0.90377476E+01  0.87904157E+01
  0.84787202E+01  0.81012916E+01  0.76508059E+01  0.71381736E+01  0.65895812E+01
  0.60548332E+01  0.56101864E+01  0.52665517E+01  0.49664626E+01  0.46758787E+01
  0.43857626E+01  0.40961314E+01  0.38093952E+01  0.35287198E+01  0.32568793E+01
  0.29961396E+01  0.27480628E+01  0.25140410E+01  0.22950204E+01  0.20908265E+01
  0.19035122E+01  0.17395979E+01  0.16060333E+01  0.15021271E+01  0.14195740E+01
  0.13494277E+01  0.12859086E+01  0.12268310E+01  0.11715855E+01  0.11198972E+01
  0.10714810E+01  0.10260741E+01  0.98344144E+00  0.94337589E+00  0.90565090E+00
  0.87000092E+00  0.83621639E+00  0.80418231E+00  0.77380174E+00  0.74498571E+00
  0.71764573E+00  0.69168844E+00  0.66702547E+00  0.64360075E+00  0.62136345E+00
  0.60023379E+00  0.58013457E+00  0.56099660E+00  0.54274865E+00  0.52533317E+00
  0.50870860E+00  0.49283700E+00  0.47767178E+00  0.46316852E+00  0.44929453E+00
  0.43602895E+00  0.42335100E+00  0.41122542E+00  0.39960878E+00  0.38846300E+00
  0.37776167E+00  0.36748578E+00  0.35761517E+00  0.34812714E+00  0.33899857E+00
  0.33020869E+00  0.32174105E+00  0.31357995E+00  0.30571638E+00  0.29811476E+00
  0.29079011E+00  0.28358949E+00  0.27685588E+00  0.26842581E+00  0.26310928E+00
  0.98115965E+01  0.98092366E+01  0.98059219E+01  0.98043928E+01  0.98033565E+01
  0.98023994E+01  0.98013883E+01  0.98001592E+01  0.97982890E+01  0.97956582E+01
  0.97922659E+01  0.97878080E+01  0.97818054E+01  0.97737323E+01  0.97629128E+01
  0.97484136E+01  0.97290554E+01  0.97030638E+01  0.96680187E+01  0.96210747E+01
  0.95583864E+01  0.94739953E+01  0.93609979E+01  0.92114961E+01  0.90178371E+01
  0.87640281E+01  0.84446761E+01  0.80588112E+01  0.75989944E+01  0.70770797E+01
  0.65202401E+01  0.59839737E+01  0.55508428E+01  0.52226100E+01  0.49311835E+01
  0.46439515E+01  0.43548579E+01  0.40651477E+01  0.37778253E+01  0.34964783E+01
  0.32240967E+01  0.29630874E+01  0.27151525E+01  0.24818233E+01  0.22639026E+01
  0.20608891E+01  0.18760676E+01  0.17186413E+01  0.15946443E+01  0.14991904E+01
  0.14217889E+01  0.13542474E+01  0.12921750E+01  0.12339417E+01  0.11792249E+01
  0.11279859E+01  0.10800115E+01  0.10349737E+01  0.99258120E+00  0.95265431E+00
  0.91503160E+00  0.87951772E+00  0.84592122E+00  0.81408437E+00  0.78389107E+00
  0.75524093E+00  0.72804851E+00  0.70223098E+00  0.67769479E+00  0.65435579E+00
  0.63215070E+00  0.61101832E+00  0.59089683E+00  0.57172702E+00  0.55344294E+00
  0.53598143E+00  0.51929729E+00  0.50335515E+00  0.48811467E+00  0.47353440E+00
  0.45957563E+00  0.44620728E+00  0.43340479E+00  0.42113954E+00  0.40937624E+00
  0.39807909E+00  0.38721912E+00  0.37677659E+00  0.36673541E+00  0.35707742E+00
  0.34778158E+00  0.33882666E+00  0.33019584E+00  0.32187047E+00  0.31383904E+00
  0.30606935E+00  0.29858343E+00  0.29122827E+00  0.28435597E+00  0.27577002E+00
  0.27035954E+00  0.98115430E+01  0.98091293E+01  0.98058202E+01  0.98044020E+01
  0.98034714E+01  0.98026223E+01  0.98017167E+01  0.98006276E+01  0.97989647E+01
  0.97964002E+01  0.97929514E+01  0.97884996E+01  0.97824505E+01  0.97742338E+01
  0.97632083E+01  0.97484410E+01  0.97286470E+01  0.97019320E+01  0.96658171E+01
  0.96173819E+01  0.95527497E+01  0.94657172E+01  0.93492262E+01  0.91953621E+01
  0.89962753E+01  0.87354805E+01  0.84078857E+01  0.80128870E+01  0.75429536E+01
  0.70109858E+01  0.64452408E+01  0.59082103E+01  0.54889429E+01  0.51772078E+01
  0.48939544E+01  0.46097418E+01  0.43216723E+01  0.40321223E+01  0.37447156E+01
  0.34634344E+01  0.31914913E+01  0.29314448E+01  0.26850243E+01  0.24537472E+01
  0.22381721E+01  0.20373989E+01  0.18568921E+01  0.17081665E+01  0.15938830E+01
  0.15054718E+01  0.14320131E+01  0.13661766E+01  0.13049995E+01  0.12474265E+01
  0.11932403E+01  0.11424281E+01  0.10948017E+01  0.10500393E+01  0.10078397E+01
  0.96798529E+00  0.93032787E+00  0.89473015E+00  0.86103754E+00  0.82909868E+00
  0.79878990E+00  0.77000904E+00  0.74267229E+00  0.71669976E+00  0.69200170E+00
  0.66848662E+00  0.64607971E+00  0.62471991E+00  0.60434972E+00  0.58491561E+00
  0.56636032E+00  0.54862564E+00  0.53166175E+00  0.51542908E+00  0.49989549E+00
  0.48502612E+00  0.47077971E+00  0.45711977E+00  0.44401922E+00  0.43145259E+00
  0.41939072E+00  0.40780123E+00  0.39665393E+00  0.38592637E+00  0.37560267E+00
  0.36566778E+00  0.35610364E+00  0.34688981E+00  0.33800903E+00  0.32944200E+00
  0.32117695E+00  0.31318288E+00  0.30548845E+00  0.29794029E+00  0.29090126E+00
  0.28215633E+00  0.27665943E+00  0.98115251E+01  0.98090588E+01  0.98057467E+01
  0.98044187E+01  0.98035632E+01  0.98027861E+01  0.98019534E+01  0.98009490E+01
  0.97994479E+01  0.97969518E+01  0.97933874E+01  0.97888736E+01  0.97827736E+01
  0.97744187E+01  0.97632198E+01  0.97481674E+01  0.97278350E+01  0.97002612E+01
  0.96629512E+01  0.96129448E+01  0.95463073E+01  0.94564998E+01  0.93365954E+01
  0.91781147E+01  0.89728869E+01  0.87045172E+01  0.83680138E+01  0.79630872E+01
  0.74821322E+01  0.69392556E+01  0.63637945E+01  0.58269781E+01  0.54249619E+01
  0.51317384E+01  0.48568448E+01  0.45760606E+01  0.42896318E+01  0.40011206E+01
  0.37147468E+01  0.34347373E+01  0.31644809E+01  0.29066778E+01  0.26628896E+01
  0.24345915E+01  0.22218272E+01  0.20236564E+01  0.18486860E+01  0.17090169E+01
  0.16035721E+01  0.15210646E+01  0.14503194E+01  0.13853814E+01  0.13244140E+01
  0.12669764E+01  0.12129300E+01  0.11621602E+01  0.11144677E+01  0.10695664E+01
  0.10271805E+01  0.98708756E+00  0.94912398E+00  0.91316020E+00  0.87907084E+00
  0.84672031E+00  0.81598416E+00  0.78676463E+00  0.75897680E+00  0.73253962E+00
  0.70737123E+00  0.68338653E+00  0.66051031E+00  0.63868115E+00  0.61784445E+00
  0.59794858E+00  0.57893942E+00  0.56076278E+00  0.54336544E+00  0.52670313E+00
  0.51074679E+00  0.49546708E+00  0.48082517E+00  0.46678160E+00  0.45330446E+00
  0.44036791E+00  0.42794788E+00  0.41601686E+00  0.40454517E+00  0.39350648E+00
  0.38288107E+00  0.37265385E+00  0.36280925E+00  0.35332846E+00  0.34419327E+00
  0.33538339E+00  0.32688825E+00  0.31867718E+00  0.31078324E+00  0.30305246E+00
  0.29585786E+00  0.28697596E+00  0.28140916E+00  0.98115438E+01  0.98090184E+01
  0.98056895E+01  0.98044341E+01  0.98036313E+01  0.98029021E+01  0.98021218E+01
  0.98011661E+01  0.97997405E+01  0.97973220E+01  0.97936242E+01  0.97889586E+01
  0.97828241E+01  0.97743736E+01  0.97629765E+01  0.97475059E+01  0.97264806E+01
  0.96978990E+01  0.96593547E+01  0.96078424E+01  0.95391709E+01  0.94463463E+01
  0.93226858E+01  0.91593180E+01  0.89475314E+01  0.86709472E+01  0.83248108E+01
  0.79090875E+01  0.74161342E+01  0.68613773E+01  0.62757940E+01  0.57417828E+01
  0.53625692E+01  0.50912357E+01  0.48253836E+01  0.45487089E+01  0.42647277E+01
  0.39783676E+01  0.36942907E+01  0.34166340E+01  0.31487810E+01  0.28934899E+01
  0.26521627E+01  0.24262844E+01  0.22149968E+01  0.20184621E+01  0.18491533E+01
  0.17187116E+01  0.16215157E+01  0.15433268E+01  0.14736713E+01  0.14085754E+01
  0.13471424E+01  0.12892678E+01  0.12348286E+01  0.11836081E+01  0.11353823E+01
  0.10898916E+01  0.10468806E+01  0.10061469E+01  0.96753420E+00  0.93091712E+00
  0.89617850E+00  0.86318875E+00  0.83182418E+00  0.80198515E+00  0.77358504E+00
  0.74654361E+00  0.72078360E+00  0.69622390E+00  0.67278818E+00  0.65041465E+00
  0.62905214E+00  0.60865054E+00  0.58915619E+00  0.57051467E+00  0.55267172E+00
  0.53558184E+00  0.51921319E+00  0.50353652E+00  0.48851673E+00  0.47411406E+00
  0.46029052E+00  0.44701764E+00  0.43427476E+00  0.42203926E+00  0.41028306E+00
  0.39897712E+00  0.38809742E+00  0.37762680E+00  0.36755077E+00  0.35785206E+00
  0.34851197E+00  0.33950832E+00  0.33083182E+00  0.32245324E+00  0.31440713E+00
  0.30653754E+00  0.29922499E+00  0.29024433E+00  0.28462963E+00  0.98115959E+01
  0.98090024E+01  0.98056359E+01  0.98044349E+01  0.98036683E+01  0.98029646E+01
  0.98022123E+01  0.98012841E+01  0.97998848E+01  0.97975098E+01  0.97936945E+01
  0.97888503E+01  0.97826841E+01  0.97741654E+01  0.97624957E+01  0.97465127E+01
  0.97247507E+01  0.96951539E+01  0.96555285E+01  0.96026600E+01  0.95317874E+01
  0.94363587E+01  0.93084813E+01  0.91391349E+01  0.89204123E+01  0.86350230E+01
  0.82786478E+01  0.78513782E+01  0.73457535E+01  0.67788060E+01  0.61841338E+01
  0.56584847E+01  0.53097452E+01  0.50632991E+01  0.48060951E+01  0.45333599E+01
  0.42520132E+01  0.39680583E+01  0.36862713E+01  0.34106776E+01  0.31445231E+01
  0.28904830E+01  0.26500654E+01  0.24248060E+01  0.22128681E+01  0.20168831E+01
  0.18538601E+01  0.17331743E+01  0.16429420E+01  0.15669537E+01  0.14969744E+01
  0.14308524E+01  0.13683869E+01  0.13096308E+01  0.12544138E+01  0.12024351E+01
  0.11534178E+01  0.11071124E+01  0.10632966E+01  0.10217841E+01  0.98242089E+00
  0.94507826E+00  0.90964134E+00  0.87598888E+00  0.84399867E+00  0.81356174E+00
  0.78458482E+00  0.75698665E+00  0.73069136E+00  0.70562031E+00  0.68169737E+00
  0.65886151E+00  0.63706115E+00  0.61624328E+00  0.59635425E+00  0.57733895E+00
  0.55914164E+00  0.54171615E+00  0.52502705E+00  0.50904186E+00  0.49372441E+00
  0.47903473E+00  0.46493582E+00  0.45140063E+00  0.43840959E+00  0.42594179E+00
  0.41397081E+00  0.40246702E+00  0.39140361E+00  0.38076047E+00  0.37052175E+00
  0.36067032E+00  0.35118728E+00  0.34205073E+00  0.33325661E+00  0.32477591E+00
  0.31663803E+00  0.30868345E+00  0.30129720E+00  0.29225654E+00  0.28661410E+00
  0.98116696E+01  0.98089926E+01  0.98055517E+01  0.98043714E+01  0.98036187E+01
  0.98029148E+01  0.98021436E+01  0.98011891E+01  0.97997723E+01  0.97974908E+01
  0.97936592E+01  0.97886514E+01  0.97824496E+01  0.97738356E+01  0.97618849E+01
  0.97455076E+01  0.97232248E+01  0.96928769E+01  0.96523318E+01  0.95980340E+01
  0.95246320E+01  0.94258762E+01  0.92932983E+01  0.91177106E+01  0.88915830E+01
  0.85972055E+01  0.82304685E+01  0.77916065E+01  0.72739452E+01  0.66965647E+01
  0.60949931E+01  0.55847439E+01  0.52737179E+01  0.50511138E+01  0.47991580E+01
  0.45286389E+01  0.42488688E+01  0.39659758E+01  0.36846708E+01  0.34093155E+01
  0.31431611E+01  0.28887118E+01  0.26476649E+01  0.24215556E+01  0.22076096E+01
  0.20123637E+01  0.18576883E+01  0.17472948E+01  0.16622679E+01  0.15868390E+01
  0.15156777E+01  0.14482033E+01  0.13846149E+01  0.13249332E+01  0.12689059E+01
  0.12161726E+01  0.11664064E+01  0.11193573E+01  0.10748389E+01  0.10326806E+01
  0.99271427E+00  0.95479518E+00  0.91880318E+00  0.88462565E+00  0.85214581E+00
  0.82124810E+00  0.79183129E+00  0.76380905E+00  0.73710368E+00  0.71164190E+00
  0.68735358E+00  0.66418273E+00  0.64207770E+00  0.62097600E+00  0.60081693E+00
  0.58154317E+00  0.56310386E+00  0.54545746E+00  0.52856363E+00  0.51238297E+00
  0.49687702E+00  0.48200847E+00  0.46774538E+00  0.45406089E+00  0.44093064E+00
  0.42833094E+00  0.41623736E+00  0.40462337E+00  0.39346227E+00  0.38273050E+00
  0.37240774E+00  0.36247488E+00  0.35291367E+00  0.34370430E+00  0.33483646E+00
  0.32627586E+00  0.31805740E+00  0.31002435E+00  0.30256747E+00  0.29346456E+00
  0.28779169E+00  0.98117637E+01  0.98089720E+01  0.98053706E+01  0.98041125E+01
  0.98033049E+01  0.98025478E+01  0.98016936E+01  0.98006529E+01  0.97992014E+01
  0.97970874E+01  0.97935244E+01  0.97886247E+01  0.97824933E+01  0.97738854E+01
  0.97618641E+01  0.97454282E+01  0.97230141E+01  0.96923046E+01  0.96503486E+01
  0.95934173E+01  0.95165235E+01  0.94144913E+01  0.92783687E+01  0.90975077E+01
  0.88647763E+01  0.85629524E+01  0.81876920E+01  0.77397102E+01  0.72134571E+01
  0.66287179E+01  0.60209907E+01  0.55296684E+01  0.52580092E+01  0.50531128E+01
  0.48009258E+01  0.45302038E+01  0.42506902E+01  0.39675398E+01  0.36854270E+01
  0.34090183E+01  0.31416599E+01  0.28856070E+01  0.26424119E+01  0.24137333E+01
  0.21968582E+01  0.20031558E+01  0.18582204E+01  0.17574434E+01  0.16756020E+01
  0.15997986E+01  0.15275185E+01  0.14590680E+01  0.13947474E+01  0.13344743E+01
  0.12779325E+01  0.12247276E+01  0.11745135E+01  0.11270334E+01  0.10820985E+01
  0.10395416E+01  0.99919439E+00  0.96090536E+00  0.92455050E+00  0.89002384E+00
  0.85721846E+00  0.82602173E+00  0.79632639E+00  0.76803788E+00  0.74107425E+00
  0.71536529E+00  0.69084783E+00  0.66745562E+00  0.64512188E+00  0.62378984E+00
  0.60340829E+00  0.58393442E+00  0.56532864E+00  0.54754326E+00  0.53052689E+00
  0.51423175E+00  0.49861932E+00  0.48365634E+00  0.46931103E+00  0.45555212E+00
  0.44234980E+00  0.42967743E+00  0.41751258E+00  0.40583289E+00  0.39461408E+00
  0.38383080E+00  0.37345848E+00  0.36347549E+00  0.35386462E+00  0.34460674E+00
  0.33568693E+00  0.32706854E+00  0.31879087E+00  0.31070046E+00  0.30319285E+00
  0.29404401E+00  0.28834775E+00  0.98117829E+01  0.98088128E+01  0.98049081E+01
  0.98034033E+01  0.98023667E+01  0.98013834E+01  0.98002937E+01  0.97990340E+01
  0.97974165E+01  0.97953350E+01  0.97920380E+01  0.97872472E+01  0.97807515E+01
  0.97716524E+01  0.97593415E+01  0.97426269E+01  0.97197398E+01  0.96882158E+01
  0.96438845E+01  0.95828471E+01  0.95012073E+01  0.93931428E+01  0.92495543E+01
  0.90615063E+01  0.88214043E+01  0.85115339E+01  0.81250756E+01  0.76651818E+01
  0.71319612E+01  0.65450103E+01  0.59405357E+01  0.54721168E+01  0.52364957E+01
  0.50466090E+01  0.47915371E+01  0.45187117E+01  0.42383826E+01  0.39545094E+01
  0.36715408E+01  0.33941906E+01  0.31258559E+01  0.28685241E+01  0.26233158E+01
  0.23920545E+01  0.21734465E+01  0.19855802E+01  0.18542112E+01  0.17627385E+01
  0.16827962E+01  0.16067009E+01  0.15340043E+01  0.14652065E+01  0.14005687E+01
  0.13400158E+01  0.12832353E+01  0.12298195E+01  0.11794040E+01  0.11317262E+01
  0.10865809E+01  0.10437924E+01  0.10032058E+01  0.96467730E+00  0.92808617E+00
  0.89333003E+00  0.86030959E+00  0.82891914E+00  0.79904813E+00  0.77059484E+00
  0.74347381E+00  0.71761610E+00  0.69296090E+00  0.66943507E+00  0.64696511E+00
  0.62549871E+00  0.60499446E+00  0.58541546E+00  0.56672220E+00  0.54886287E+00
  0.53177883E+00  0.51541920E+00  0.49974603E+00  0.48472635E+00  0.47032636E+00
  0.45651282E+00  0.44325435E+00  0.43052338E+00  0.41829906E+00  0.40656161E+00
  0.39528921E+00  0.38445633E+00  0.37403635E+00  0.36400652E+00  0.35434977E+00
  0.34504815E+00  0.33609397E+00  0.32745160E+00  0.31915328E+00  0.31104391E+00
  0.30352005E+00  0.29435535E+00  0.28865042E+00  0.98117471E+01  0.98086667E+01
  0.98045698E+01  0.98028944E+01  0.98016832E+01  0.98005200E+01  0.97992520E+01
  0.97978256E+01  0.97960544E+01  0.97939211E+01  0.97906456E+01  0.97857761E+01
  0.97788355E+01  0.97691780E+01  0.97565216E+01  0.97394556E+01  0.97160595E+01
  0.96838064E+01  0.96380679E+01  0.95747724E+01  0.94905190E+01  0.93773722E+01
  0.92272312E+01  0.90344977E+01  0.87899410E+01  0.84750217E+01  0.80807646E+01
  0.76124113E+01  0.70752048E+01  0.64889587E+01  0.58910221E+01  0.54360159E+01
  0.52174342E+01  0.50357243E+01  0.47792939E+01  0.45050417E+01  0.42239816E+01
  0.39396508E+01  0.36562803E+01  0.33786099E+01  0.31100634E+01  0.28525128E+01
  0.26068541E+01  0.23749108E+01  0.21562541E+01  0.19732468E+01  0.18506137E+01
  0.17642212E+01  0.16851781E+01  0.16090986E+01  0.15363980E+01  0.14675710E+01
  0.14028517E+01  0.13422027E+01  0.12853335E+01  0.12318361E+01  0.11813337E+01
  0.11335635E+01  0.10883230E+01  0.10454334E+01  0.10047416E+01  0.96610797E+00
  0.92941382E+00  0.89455824E+00  0.86144357E+00  0.82996610E+00  0.80001528E+00
  0.77148769E+00  0.74429676E+00  0.71837423E+00  0.69365864E+00  0.67008500E+00
  0.64758896E+00  0.62611016E+00  0.60560102E+00  0.58601520E+00  0.56730780E+00
  0.54943325E+00  0.53233325E+00  0.51595698E+00  0.50026753E+00  0.48523162E+00
  0.47081453E+00  0.45698314E+00  0.44370553E+00  0.43095367E+00  0.41870742E+00
  0.40694791E+00  0.39565449E+00  0.38480175E+00  0.37436241E+00  0.36431355E+00
  0.35463786E+00  0.34531904E+00  0.33635082E+00  0.32769651E+00  0.31938711E+00
  0.31126731E+00  0.30373385E+00  0.29455878E+00  0.28884808E+00
