  0.56390567E+01  0.55474821E+01  0.54644087E+01  0.54708006E+01  0.54694495E+01
  0.54710854E+01  0.54737515E+01  0.54780259E+01  0.54836605E+01  0.54905092E+01
  0.54981757E+01  0.55064714E+01  0.55154800E+01  0.55251230E+01  0.55352277E+01
  0.55455878E+01  0.55557490E+01  0.55650372E+01  0.55726077E+01  0.55776607E+01
  0.55784678E+01  0.55733109E+01  0.55604201E+01  0.55368624E+01  0.54973978E+01
  0.54372904E+01  0.53520761E+01  0.52356290E+01  0.50837462E+01  0.48951265E+01
  0.46762638E+01  0.44394123E+01  0.41946166E+01  0.39477623E+01  0.37030944E+01
  0.34654686E+01  0.32394219E+01  0.30280181E+01  0.28325114E+01  0.26525794E+01
  0.24868910E+01  0.23338368E+01  0.21919279E+01  0.20599391E+01  0.19370417E+01
  0.18226958E+01  0.17161684E+01  0.16164808E+01  0.15228365E+01  0.14347283E+01
  0.13517936E+01  0.12737421E+01  0.12003204E+01  0.11312954E+01  0.10664459E+01
  0.10055573E+01  0.94842008E+00  0.89482733E+00  0.84457495E+00  0.79746304E+00
  0.75329775E+00  0.71189362E+00  0.67307380E+00  0.63666981E+00  0.60252448E+00
  0.57049341E+00  0.54044391E+00  0.51225420E+00  0.48581281E+00  0.46101731E+00
  0.43777392E+00  0.41599221E+00  0.39559324E+00  0.37649841E+00  0.35863041E+00
  0.34192056E+00  0.32630900E+00  0.31172676E+00  0.29811197E+00  0.28541496E+00
  0.27357101E+00  0.26252072E+00  0.25220838E+00  0.24258118E+00  0.23358919E+00
  0.22518536E+00  0.21732534E+00  0.20996753E+00  0.20307288E+00  0.19660478E+00
  0.19052913E+00  0.18481379E+00  0.17942947E+00  0.17434704E+00  0.16954435E+00
  0.16498725E+00  0.16068065E+00  0.15652990E+00  0.15271564E+00  0.14813034E+00
  0.14529113E+00  0.56432889E+01  0.55510784E+01  0.54675521E+01  0.54740487E+01
  0.54725073E+01  0.54739110E+01  0.54762908E+01  0.54801868E+01  0.54854035E+01
  0.54918784E+01  0.54992575E+01  0.55073615E+01  0.55162879E+01  0.55259932E+01
  0.55363451E+01  0.55471579E+01  0.55580977E+01  0.55686395E+01  0.55780942E+01
  0.55855227E+01  0.55895623E+01  0.55878857E+01  0.55782975E+01  0.55584128E+01
  0.55225152E+01  0.54655823E+01  0.53829070E+01  0.52680631E+01  0.51166214E+01
  0.49273249E+01  0.47063485E+01  0.44660842E+01  0.42178527E+01  0.39682258E+01
  0.37213336E+01  0.34818359E+01  0.32541636E+01  0.30413315E+01  0.28445615E+01
  0.26635119E+01  0.24968349E+01  0.23429053E+01  0.22002206E+01  0.20675459E+01
  0.19440285E+01  0.18291333E+01  0.17221717E+01  0.16221549E+01  0.15282402E+01
  0.14398939E+01  0.13567407E+01  0.12784829E+01  0.12048633E+01  0.11356476E+01
  0.10706136E+01  0.10095463E+01  0.95223574E+00  0.89847463E+00  0.84805870E+00
  0.80078791E+00  0.75646850E+00  0.71491494E+00  0.67595080E+00  0.63940905E+00
  0.60513365E+00  0.57298051E+00  0.54281710E+00  0.51452185E+00  0.48798334E+00
  0.46309919E+00  0.43977513E+00  0.41792115E+00  0.39745749E+00  0.37830440E+00
  0.36038501E+00  0.34363058E+00  0.32798034E+00  0.31336454E+00  0.29972025E+00
  0.28699598E+00  0.27512643E+00  0.26405197E+00  0.25371667E+00  0.24406746E+00
  0.23505417E+00  0.22662948E+00  0.21874881E+00  0.21137035E+00  0.20445489E+00
  0.19796569E+00  0.19186854E+00  0.18613126E+00  0.18072454E+00  0.17561920E+00
  0.17079315E+00  0.16621221E+00  0.16188151E+00  0.15770603E+00  0.15386792E+00
  0.14925262E+00  0.14639456E+00  0.56521998E+01  0.55572014E+01  0.54711409E+01
  0.54779151E+01  0.54764054E+01  0.54777520E+01  0.54799352E+01  0.54835177E+01
  0.54883708E+01  0.54944937E+01  0.55016485E+01  0.55096926E+01  0.55186503E+01
  0.55284835E+01  0.55390913E+01  0.55503039E+01  0.55618919E+01  0.55734794E+01
  0.55844865E+01  0.55938714E+01  0.56004807E+01  0.56016824E+01  0.55949925E+01
  0.55783195E+01  0.55456086E+01  0.54915660E+01  0.54112723E+01  0.52979852E+01
  0.51470404E+01  0.49571412E+01  0.47341385E+01  0.44906266E+01  0.42391454E+01
  0.39869013E+01  0.37379160E+01  0.34966806E+01  0.32675277E+01  0.30534184E+01
  0.28555312E+01  0.26734897E+01  0.25059269E+01  0.23512031E+01  0.22078060E+01
  0.20744934E+01  0.19503954E+01  0.18349868E+01  0.17276135E+01  0.16272728E+01
  0.15330837E+01  0.14444905E+01  0.13611078E+01  0.12826348E+01  0.12088125E+01
  0.11394043E+01  0.10741866E+01  0.10129436E+01  0.95546427E+00  0.90154058E+00
  0.85096753E+00  0.80354477E+00  0.75907870E+00  0.71738391E+00  0.67828461E+00
  0.64161542E+00  0.60722188E+00  0.57496103E+00  0.54470131E+00  0.51632199E+00
  0.48971214E+00  0.46476963E+00  0.44139927E+00  0.41951210E+00  0.39902606E+00
  0.37985964E+00  0.36193744E+00  0.34518962E+00  0.32955189E+00  0.31495351E+00
  0.30132937E+00  0.28862329E+00  0.27677012E+00  0.26570976E+00  0.25538583E+00
  0.24574501E+00  0.23673687E+00  0.22831384E+00  0.22043120E+00  0.21304701E+00
  0.20612203E+00  0.19961959E+00  0.19350552E+00  0.18774783E+00  0.18231743E+00
  0.17718536E+00  0.17232981E+00  0.16771685E+00  0.16335222E+00  0.15914053E+00
  0.15526637E+00  0.15060395E+00  0.14771591E+00  0.56649363E+01  0.55647994E+01
  0.54737010E+01  0.54807247E+01  0.54795750E+01  0.54813123E+01  0.54838140E+01
  0.54876212E+01  0.54926177E+01  0.54988135E+01  0.55060209E+01  0.55141171E+01
  0.55230714E+01  0.55328334E+01  0.55433012E+01  0.55543047E+01  0.55656009E+01
  0.55768149E+01  0.55873019E+01  0.55960888E+01  0.56017825E+01  0.56021354E+01
  0.55948753E+01  0.55775646E+01  0.55442793E+01  0.54897465E+01  0.54091283E+01
  0.52956563E+01  0.51446548E+01  0.49547369E+01  0.47317490E+01  0.44883597E+01
  0.42370425E+01  0.39849383E+01  0.37360859E+01  0.34950108E+01  0.32660500E+01
  0.30521475E+01  0.28544600E+01  0.26725886E+01  0.25051572E+01  0.23505268E+01
  0.22071910E+01  0.20739115E+01  0.19498294E+01  0.18344295E+01  0.17270450E+01
  0.16266733E+01  0.15324466E+01  0.14438143E+01  0.13603942E+01  0.12818869E+01
  0.12080341E+01  0.11386000E+01  0.10733609E+01  0.10121006E+01  0.95460724E+00
  0.90067195E+00  0.85008906E+00  0.80265811E+00  0.75818582E+00  0.71648728E+00
  0.67738752E+00  0.64072213E+00  0.60633813E+00  0.57409447E+00  0.54386134E+00
  0.51551941E+00  0.48895862E+00  0.46407690E+00  0.44077851E+00  0.41897479E+00
  0.39858057E+00  0.37951368E+00  0.36169916E+00  0.34506447E+00  0.32953981E+00
  0.31505398E+00  0.30153947E+00  0.28893394E+00  0.27717321E+00  0.26619671E+00
  0.25594764E+00  0.24637251E+00  0.23742086E+00  0.22904518E+00  0.22120094E+00
  0.21384647E+00  0.20694285E+00  0.20045379E+00  0.19434561E+00  0.18858680E+00
  0.18314885E+00  0.17800335E+00  0.17312916E+00  0.16849289E+00  0.16410123E+00
  0.15985873E+00  0.15595241E+00  0.15124552E+00  0.14832859E+00  0.56842827E+01
  0.55769248E+01  0.54786567E+01  0.54858264E+01  0.54849689E+01  0.54871515E+01
  0.54901299E+01  0.54943300E+01  0.54995848E+01  0.55059307E+01  0.55131554E+01
  0.55211273E+01  0.55298788E+01  0.55393827E+01  0.55495493E+01  0.55602168E+01
  0.55711522E+01  0.55819958E+01  0.55920778E+01  0.56004898E+01  0.56056944E+01
  0.56055822E+01  0.55979969E+01  0.55803273E+01  0.55466334E+01  0.54916563E+01
  0.54106561E+01  0.52968425E+01  0.51455459E+01  0.49553836E+01  0.47322140E+01
  0.44887160E+01  0.42373261E+01  0.39851547E+01  0.37362684E+01  0.34952201E+01
  0.32663427E+01  0.30525505E+01  0.28549678E+01  0.26731744E+01  0.25057830E+01
  0.23511529E+01  0.22077837E+01  0.20744420E+01  0.19502812E+01  0.18347977E+01
  0.17273196E+01  0.16268463E+01  0.15325192E+01  0.14437913E+01  0.13602815E+01
  0.12816896E+01  0.12077582E+01  0.11382525E+01  0.10729486E+01  0.10116299E+01
  0.95408363E+00  0.90009962E+00  0.84947165E+00  0.80199926E+00  0.75748960E+00
  0.71575857E+00  0.67663254E+00  0.63994909E+00  0.60555764E+00  0.57331952E+00
  0.54310699E+00  0.51480219E+00  0.48829562E+00  0.46348507E+00  0.44027384E+00
  0.41857291E+00  0.39829277E+00  0.37935023E+00  0.36167146E+00  0.34517760E+00
  0.32979341E+00  0.31544691E+00  0.30206569E+00  0.28958187E+00  0.27793179E+00
  0.26705489E+00  0.25689402E+00  0.24739542E+00  0.23850852E+00  0.23018594E+00
  0.22238343E+00  0.21505971E+00  0.20817635E+00  0.20169756E+00  0.19559030E+00
  0.18982375E+00  0.18437010E+00  0.17920169E+00  0.17429828E+00  0.16962713E+00
  0.16519613E+00  0.16090964E+00  0.15695803E+00  0.15218922E+00  0.14923217E+00
  0.57103520E+01  0.55931809E+01  0.54851633E+01  0.54925505E+01  0.54920921E+01
  0.54948152E+01  0.54983753E+01  0.55030949E+01  0.55087517E+01  0.55153318E+01
  0.55225842E+01  0.55304243E+01  0.55389439E+01  0.55481372E+01  0.55579298E+01
  0.55681738E+01  0.55786535E+01  0.55890333E+01  0.55986404E+01  0.56066144E+01
  0.56112842E+01  0.56106992E+01  0.56027846E+01  0.55847422E+01  0.55506121E+01
  0.54951480E+01  0.54137035E+01  0.52994666E+01  0.51477810E+01  0.49572802E+01
  0.47338454E+01  0.44901599E+01  0.42386128E+01  0.39862902E+01  0.37372992E+01
  0.34962296E+01  0.32674116E+01  0.30537210E+01  0.28562333E+01  0.26744956E+01
  0.25071097E+01  0.23524354E+01  0.22089804E+01  0.20755208E+01  0.19512250E+01
  0.18356048E+01  0.17279844E+01  0.16273611E+01  0.15328839E+01  0.14440107E+01
  0.13603620E+01  0.12816416E+01  0.12075931E+01  0.11379802E+01  0.10725798E+01
  0.10111739E+01  0.95354810E+00  0.89949074E+00  0.84879506E+00  0.80126065E+00
  0.75669552E+00  0.71491696E+00  0.67575338E+00  0.63904509E+00  0.60464448E+00
  0.57241559E+00  0.54223281E+00  0.51397958E+00  0.48754662E+00  0.46283085E+00
  0.43973493E+00  0.41816713E+00  0.39803487E+00  0.37925480E+00  0.36174406E+00
  0.34542527E+00  0.33020798E+00  0.31601672E+00  0.30279120E+00  0.29045155E+00
  0.27893217E+00  0.26817202E+00  0.25811362E+00  0.24870298E+00  0.23988960E+00
  0.23162642E+00  0.22386964E+00  0.21657854E+00  0.20971535E+00  0.20324502E+00
  0.19713534E+00  0.19135641E+00  0.18588129E+00  0.18068325E+00  0.17574308E+00
  0.17102882E+00  0.16654974E+00  0.16220983E+00  0.15820345E+00  0.15336000E+00
  0.15035467E+00  0.57439557E+01  0.56141581E+01  0.54936932E+01  0.55015555E+01
  0.55017097E+01  0.55051502E+01  0.55094867E+01  0.55149315E+01  0.55211396E+01
  0.55280363E+01  0.55353363E+01  0.55429592E+01  0.55511105E+01  0.55598158E+01
  0.55690343E+01  0.55786493E+01  0.55884605E+01  0.55982004E+01  0.56070786E+01
  0.56146966E+01  0.56187048E+01  0.56171823E+01  0.56088310E+01  0.55903476E+01
  0.55557342E+01  0.54997427E+01  0.54178111E+01  0.53031047E+01  0.51509744E+01
  0.49600643E+01  0.47362800E+01  0.44923160E+01  0.42405240E+01  0.39879777E+01
  0.37388310E+01  0.34977129E+01  0.32689450E+01  0.30553569E+01  0.28579663E+01
  0.26762788E+01  0.25088832E+01  0.23541408E+01  0.22105698E+01  0.20769583E+01
  0.19524919E+01  0.18366975E+01  0.17288973E+01  0.16280879E+01  0.15334257E+01
  0.14443739E+01  0.13605566E+01  0.12816771E+01  0.12074844E+01  0.11377430E+01
  0.10722230E+01  0.10107066E+01  0.95297861E+00  0.89882719E+00  0.84804534E+00
  0.80043381E+00  0.75580274E+00  0.71397078E+00  0.67476804E+00  0.63803781E+00
  0.60363592E+00  0.57142911E+00  0.54129338E+00  0.51311355E+00  0.48678088E+00
  0.46219168E+00  0.43924686E+00  0.41784694E+00  0.39789718E+00  0.37931099E+00
  0.36199563E+00  0.34587051E+00  0.33084212E+00  0.31683025E+00  0.30377301E+00
  0.29158990E+00  0.28021291E+00  0.26957955E+00  0.25963167E+00  0.25031509E+00
  0.24157950E+00  0.23337826E+00  0.22566815E+00  0.21840916E+00  0.21156434E+00
  0.20509958E+00  0.19898368E+00  0.19318779E+00  0.18768602E+00  0.18245269E+00
  0.17746964E+00  0.17270582E+00  0.16817172E+00  0.16377104E+00  0.15970270E+00
  0.15477469E+00  0.15171463E+00  0.57860587E+01  0.56406230E+01  0.55049734E+01
  0.55137457E+01  0.55147416E+01  0.55190340E+01  0.55243210E+01  0.55305582E+01
  0.55371979E+01  0.55443378E+01  0.55516618E+01  0.55589970E+01  0.55666855E+01
  0.55747869E+01  0.55832938E+01  0.55921234E+01  0.56010824E+01  0.56099912E+01
  0.56179216E+01  0.56249267E+01  0.56281962E+01  0.56256016E+01  0.56164973E+01
  0.55973368E+01  0.55620590E+01  0.55053971E+01  0.54228576E+01  0.53075799E+01
  0.51549130E+01  0.49635088E+01  0.47393038E+01  0.44950069E+01  0.42429221E+01
  0.39901099E+01  0.37407812E+01  0.34996095E+01  0.32709045E+01  0.30574390E+01
  0.28601649E+01  0.26785404E+01  0.25111357E+01  0.23563145E+01  0.22126069E+01
  0.20788155E+01  0.19541450E+01  0.18381387E+01  0.17301189E+01  0.16290836E+01
  0.15341982E+01  0.14449329E+01  0.13609160E+01  0.12818527E+01  0.12074907E+01
  0.11375958E+01  0.10719413E+01  0.10103088E+01  0.95248035E+00  0.89824093E+00
  0.84738251E+00  0.79970388E+00  0.75501294E+00  0.71313085E+00  0.67389299E+00
  0.63714816E+00  0.60275674E+00  0.57058911E+00  0.54052390E+00  0.51244519E+00
  0.48624120E+00  0.46180670E+00  0.43903855E+00  0.41783154E+00  0.39809020E+00
  0.37972061E+00  0.36262427E+00  0.34670680E+00  0.33188541E+00  0.31807574E+00
  0.30519371E+00  0.29316899E+00  0.28193422E+00  0.27142632E+00  0.26158675E+00
  0.25236125E+00  0.24369977E+00  0.23555614E+00  0.22788777E+00  0.22065545E+00
  0.21382314E+00  0.20735782E+00  0.20122942E+00  0.19541011E+00  0.18987515E+00
  0.18459994E+00  0.17956733E+00  0.17474726E+00  0.17015104E+00  0.16568231E+00
  0.16154517E+00  0.15652298E+00  0.15340194E+00  0.58376840E+01  0.56733797E+01
  0.55196407E+01  0.55297942E+01  0.55317952E+01  0.55370325E+01  0.55433687E+01
  0.55503265E+01  0.55576548E+01  0.55646400E+01  0.55710451E+01  0.55777980E+01
  0.55848537E+01  0.55922330E+01  0.55999443E+01  0.56079293E+01  0.56160050E+01
  0.56240165E+01  0.56310605E+01  0.56370289E+01  0.56394659E+01  0.56361663E+01
  0.56261387E+01  0.56060773E+01  0.55699409E+01  0.55124579E+01  0.54291267E+01
  0.53131116E+01  0.51597692E+01  0.49677598E+01  0.47430582E+01  0.44983820E+01
  0.42459620E+01  0.39928406E+01  0.37432998E+01  0.35020639E+01  0.32734271E+01
  0.30600967E+01  0.28629494E+01  0.26813869E+01  0.25139593E+01  0.23590325E+01
  0.22151515E+01  0.20811371E+01  0.19562174E+01  0.18399578E+01  0.17316865E+01
  0.16304050E+01  0.15352871E+01  0.14458098E+01  0.13616031E+01  0.12823745E+01
  0.12078657E+01  0.11378393E+01  0.10720721E+01  0.10103393E+01  0.95241801E+00
  0.89809066E+00  0.84714872E+00  0.79939200E+00  0.75463167E+00  0.71269410E+00
  0.67342071E+00  0.63666578E+00  0.60229385E+00  0.57017814E+00  0.54019902E+00
  0.51224024E+00  0.48618873E+00  0.46193373E+00  0.43936545E+00  0.41837392E+00
  0.39885943E+00  0.38071649E+00  0.36384943E+00  0.34814722E+00  0.33352289E+00
  0.31990730E+00  0.30720327E+00  0.29533794E+00  0.28424376E+00  0.27385763E+00
  0.26412108E+00  0.25498017E+00  0.24638537E+00  0.23829116E+00  0.23065575E+00
  0.22344091E+00  0.21661171E+00  0.21013633E+00  0.20398585E+00  0.19813359E+00
  0.19255593E+00  0.18722935E+00  0.18213772E+00  0.17725199E+00  0.17258415E+00
  0.16803775E+00  0.16382271E+00  0.15869436E+00  0.15550468E+00  0.58999213E+01
  0.57136842E+01  0.55387782E+01  0.55504246E+01  0.55540319E+01  0.55610029E+01
  0.55688802E+01  0.55768103E+01  0.55849498E+01  0.55922605E+01  0.55981383E+01
  0.56039966E+01  0.56097452E+01  0.56155604E+01  0.56215951E+01  0.56278971E+01
  0.56343690E+01  0.56408772E+01  0.56466649E+01  0.56512232E+01  0.56525308E+01
  0.56485039E+01  0.56375501E+01  0.56163963E+01  0.55793194E+01  0.55211013E+01
  0.54368595E+01  0.53199426E+01  0.51657756E+01  0.49730380E+01  0.47477435E+01
  0.45026090E+01  0.42497781E+01  0.39962786E+01  0.37464750E+01  0.35051469E+01
  0.32765688E+01  0.30633764E+01  0.28663555E+01  0.26848416E+01  0.25173675E+01
  0.23623057E+01  0.22182210E+01  0.20839592E+01  0.19587820E+01  0.18422894E+01
  0.17338164E+01  0.16323583E+01  0.15370903E+01  0.14474876E+01  0.13631761E+01
  0.12838568E+01  0.12092683E+01  0.11391681E+01  0.10733228E+01  0.10115019E+01
  0.95348211E+00  0.89904880E+00  0.84799559E+00  0.80012815E+00  0.75526645E+00
  0.71324397E+00  0.67390879E+00  0.63712149E+00  0.60275174E+00  0.57067635E+00
  0.54077638E+00  0.51293451E+00  0.48703571E+00  0.46296241E+00  0.44059522E+00
  0.41982191E+00  0.40053372E+00  0.38261075E+00  0.36595631E+00  0.35045913E+00
  0.33602109E+00  0.32257177E+00  0.31001949E+00  0.29828868E+00  0.28731036E+00
  0.27702101E+00  0.26736228E+00  0.25828071E+00  0.24972735E+00  0.24165744E+00
  0.23403020E+00  0.22680854E+00  0.21995882E+00  0.21345049E+00  0.20725584E+00
  0.20134940E+00  0.19570871E+00  0.19031136E+00  0.18514227E+00  0.18017340E+00
  0.17541755E+00  0.17077789E+00  0.16647090E+00  0.16122034E+00  0.15795229E+00
  0.59735959E+01  0.57646009E+01  0.55664400E+01  0.55790670E+01  0.55855822E+01
  0.55951735E+01  0.56047450E+01  0.56151090E+01  0.56252338E+01  0.56330731E+01
  0.56390195E+01  0.56435976E+01  0.56472705E+01  0.56504662E+01  0.56535493E+01
  0.56567634E+01  0.56601892E+01  0.56637777E+01  0.56670890E+01  0.56691751E+01
  0.56684921E+01  0.56631959E+01  0.56509624E+01  0.56284178E+01  0.55901866E+01
  0.55311516E+01  0.54459302E+01  0.53280297E+01  0.51729393E+01  0.49793677E+01
  0.47533738E+01  0.45076785E+01  0.42543444E+01  0.40003934E+01  0.37502817E+01
  0.35088419E+01  0.32803280E+01  0.30672903E+01  0.28704097E+01  0.26889559E+01
  0.25214461E+01  0.23662655E+01  0.22220085E+01  0.20875568E+01  0.19622225E+01
  0.18456527E+01  0.17371648E+01  0.16357143E+01  0.15404583E+01  0.14508560E+01
  0.13665226E+01  0.12871534E+01  0.12124833E+01  0.11422673E+01  0.10762734E+01
  0.10142774E+01  0.95606007E+00  0.90141086E+00  0.85013491E+00  0.80204924E+00
  0.75697983E+00  0.71477071E+00  0.67528407E+00  0.63839145E+00  0.60396963E+00
  0.57189899E+00  0.54205660E+00  0.51431806E+00  0.48855954E+00  0.46465596E+00
  0.44247774E+00  0.42190804E+00  0.40282144E+00  0.38510845E+00  0.36863663E+00
  0.35330801E+00  0.33905006E+00  0.32574745E+00  0.31332047E+00  0.30169520E+00
  0.29080300E+00  0.28058066E+00  0.27097025E+00  0.26191890E+00  0.25337845E+00
  0.24530527E+00  0.23765987E+00  0.23040652E+00  0.22351298E+00  0.21694998E+00
  0.21069103E+00  0.20471186E+00  0.19899119E+00  0.19350767E+00  0.18824723E+00
  0.18318276E+00  0.17832798E+00  0.17358537E+00  0.16917829E+00  0.16379768E+00
  0.16044688E+00  0.60603500E+01  0.58252434E+01  0.56016403E+01  0.56172925E+01
  0.56281049E+01  0.56409926E+01  0.56553599E+01  0.56700816E+01  0.56813937E+01
  0.56891810E+01  0.56941143E+01  0.56969823E+01  0.56982969E+01  0.56985530E+01
  0.56982007E+01  0.56975756E+01  0.56969221E+01  0.56963341E+01  0.56956503E+01
  0.56939447E+01  0.56899810E+01  0.56820736E+01  0.56676242E+01  0.56430619E+01
  0.56031681E+01  0.55428530E+01  0.54563950E+01  0.53373610E+01  0.51812255E+01
  0.49867060E+01  0.47599179E+01  0.45136032E+01  0.42597314E+01  0.40053061E+01
  0.37548814E+01  0.35133479E+01  0.32849414E+01  0.30721076E+01  0.28754166E+01
  0.26940845E+01  0.25266147E+01  0.23714135E+01  0.22271165E+01  0.20926499E+01
  0.19673879E+01  0.18510051E+01  0.17427310E+01  0.16414305E+01  0.15462281E+01
  0.14565684E+01  0.13720690E+01  0.12924381E+01  0.12174342E+01  0.11468300E+01
  0.10804119E+01  0.10179742E+01  0.95930241E+00  0.90419646E+00  0.85247880E+00
  0.80398417E+00  0.75856283E+00  0.71607550E+00  0.67638823E+00  0.63937266E+00
  0.60490341E+00  0.57285310E+00  0.54309187E+00  0.51548964E+00  0.48990906E+00
  0.46620795E+00  0.44425179E+00  0.42391171E+00  0.40504631E+00  0.38754319E+00
  0.37126730E+00  0.35611677E+00  0.34201752E+00  0.32885431E+00  0.31654533E+00
  0.30501656E+00  0.29419988E+00  0.28403278E+00  0.27445826E+00  0.26542463E+00
  0.25688513E+00  0.24879774E+00  0.24112443E+00  0.23383104E+00  0.22688677E+00
  0.22026351E+00  0.21393600E+00  0.20788119E+00  0.20207885E+00  0.19650862E+00
  0.19115738E+00  0.18599879E+00  0.18104746E+00  0.17620510E+00  0.17170155E+00
  0.16619657E+00  0.16276685E+00  0.61615468E+01  0.58985686E+01  0.56488012E+01
  0.56689530E+01  0.56854170E+01  0.57053129E+01  0.57239866E+01  0.57382626E+01
  0.57471771E+01  0.57523150E+01  0.57559097E+01  0.57577376E+01  0.57577536E+01
  0.57562432E+01  0.57534580E+01  0.57496155E+01  0.57450377E+01  0.57400133E+01
  0.57345435E+01  0.57281072E+01  0.57196897E+01  0.57076747E+01  0.56897079E+01
  0.56619956E+01  0.56195702E+01  0.55573163E+01  0.54690859E+01  0.53485320E+01
  0.51910750E+01  0.49954190E+01  0.47677470E+01  0.45208255E+01  0.42664618E+01
  0.40115936E+01  0.37608824E+01  0.35192998E+01  0.32910564E+01  0.30784950E+01
  0.28820916E+01  0.27010034E+01  0.25337244E+01  0.23786846E+01  0.22345592E+01
  0.21003011E+01  0.19753132E+01  0.18592147E+01  0.17510660E+01  0.16496304E+01
  0.15540483E+01  0.14638301E+01  0.13786588E+01  0.12982953E+01  0.12225378E+01
  0.11511773E+01  0.10840099E+01  0.10208497E+01  0.96152413E+00  0.90585785E+00
  0.85366477E+00  0.80477752E+00  0.75904990E+00  0.71634507E+00  0.67652993E+00
  0.63947442E+00  0.60504680E+00  0.57310891E+00  0.54351911E+00  0.51613090E+00
  0.49079472E+00  0.46735617E+00  0.44566962E+00  0.42559331E+00  0.40698379E+00
  0.38970805E+00  0.37365375E+00  0.35870930E+00  0.34476496E+00  0.33173513E+00
  0.31953872E+00  0.30810100E+00  0.29735395E+00  0.28723593E+00  0.27769134E+00
  0.26867013E+00  0.26012734E+00  0.25202253E+00  0.24431932E+00  0.23698504E+00
  0.22999016E+00  0.22330783E+00  0.21691402E+00  0.21078681E+00  0.20490699E+00
  0.19925513E+00  0.19381895E+00  0.18857280E+00  0.18353215E+00  0.17859791E+00
  0.17400577E+00  0.16838684E+00  0.16488484E+00  0.62631293E+01  0.59779916E+01
  0.57107072E+01  0.57370640E+01  0.57546123E+01  0.57720210E+01  0.57844523E+01
  0.57930761E+01  0.57993365E+01  0.58030536E+01  0.58067761E+01  0.58095849E+01
  0.58111127E+01  0.58111337E+01  0.58093800E+01  0.58057048E+01  0.58001012E+01
  0.57926893E+01  0.57835151E+01  0.57724728E+01  0.57590787E+01  0.57420772E+01
  0.57194583E+01  0.56873832E+01  0.56412978E+01  0.55761577E+01  0.54853912E+01
  0.53627275E+01  0.52035169E+01  0.50064398E+01  0.47777677E+01  0.45302783E+01
  0.42755082E+01  0.40202564E+01  0.37693050E+01  0.35277302E+01  0.32997251E+01
  0.30875412E+01  0.28915600E+01  0.27108655E+01  0.25439314E+01  0.23891904E+01
  0.22453143E+01  0.21112200E+01  0.19862265E+01  0.18698184E+01  0.17609939E+01
  0.16585916E+01  0.15618845E+01  0.14704972E+01  0.13841820E+01  0.13027277E+01
  0.12259362E+01  0.11536544E+01  0.10857106E+01  0.10218937E+01  0.96201390E+00
  0.90588391E+00  0.85331993E+00  0.80415450E+00  0.75823484E+00  0.71542384E+00
  0.67559290E+00  0.63861009E+00  0.60433478E+00  0.57261715E+00  0.54329713E+00
  0.51621002E+00  0.49118949E+00  0.46807278E+00  0.44670563E+00  0.42692314E+00
  0.40859350E+00  0.39156290E+00  0.37571877E+00  0.36097505E+00  0.34720320E+00
  0.33431778E+00  0.32223943E+00  0.31089502E+00  0.30021820E+00  0.29014925E+00
  0.28063457E+00  0.27162614E+00  0.26308085E+00  0.25496007E+00  0.24722920E+00
  0.23985695E+00  0.23281508E+00  0.22607812E+00  0.21962326E+00  0.21342962E+00
  0.20747899E+00  0.20175278E+00  0.19623949E+00  0.19091406E+00  0.18579270E+00
  0.18077563E+00  0.17610371E+00  0.17038227E+00  0.16681526E+00  0.63598285E+01
  0.60502596E+01  0.57588675E+01  0.57837867E+01  0.57964694E+01  0.58054357E+01
  0.58118128E+01  0.58180262E+01  0.58233923E+01  0.58283450E+01  0.58332301E+01
  0.58380338E+01  0.58426019E+01  0.58465965E+01  0.58493749E+01  0.58504926E+01
  0.58488724E+01  0.58438883E+01  0.58355713E+01  0.58233965E+01  0.58069973E+01
  0.57856863E+01  0.57581545E+01  0.57211967E+01  0.56705440E+01  0.56012162E+01
  0.55068819E+01  0.53813445E+01  0.52198327E+01  0.50209786E+01  0.47911782E+01
  0.45432012E+01  0.42881628E+01  0.40326206E+01  0.37814885E+01  0.35399669E+01
  0.33122493E+01  0.31004960E+01  0.29049710E+01  0.27246578E+01  0.25579585E+01
  0.24032402E+01  0.22590916E+01  0.21243641E+01  0.19983279E+01  0.18804903E+01
  0.17700240E+01  0.16659777E+01  0.15677436E+01  0.14749597E+01  0.13873760E+01
  0.13048316E+01  0.12271499E+01  0.11541359E+01  0.10855850E+01  0.10212715E+01
  0.96096823E+00  0.90447167E+00  0.85161420E+00  0.80224181E+00  0.75621602E+00
  0.71340742E+00  0.67368190E+00  0.63689453E+00  0.60288779E+00  0.57149291E+00
  0.54253232E+00  0.51582817E+00  0.49119421E+00  0.46845249E+00  0.44744028E+00
  0.42798570E+00  0.40995158E+00  0.39318646E+00  0.37757437E+00  0.36302824E+00
  0.34942805E+00  0.33668585E+00  0.32472306E+00  0.31346852E+00  0.30285819E+00
  0.29283474E+00  0.28334689E+00  0.27434869E+00  0.26579908E+00  0.25766142E+00
  0.24990269E+00  0.24249303E+00  0.23540568E+00  0.22861650E+00  0.22210383E+00
  0.21584781E+00  0.20983113E+00  0.20403599E+00  0.19845162E+00  0.19305343E+00
  0.18785835E+00  0.18276588E+00  0.17802156E+00  0.17220750E+00  0.16858183E+00
  0.64338865E+01  0.61004279E+01  0.57822741E+01  0.58036609E+01  0.58158528E+01
  0.58255858E+01  0.58336385E+01  0.58390113E+01  0.58417379E+01  0.58455122E+01
  0.58496629E+01  0.58542261E+01  0.58593127E+01  0.58649349E+01  0.58706815E+01
  0.58761469E+01  0.58799680E+01  0.58808692E+01  0.58779680E+01  0.58698639E+01
  0.58555540E+01  0.58339820E+01  0.58039862E+01  0.57632806E+01  0.57082221E+01
  0.56340784E+01  0.55352978E+01  0.54060869E+01  0.52416402E+01  0.50405789E+01
  0.48094963E+01  0.45611066E+01  0.43058945E+01  0.40500621E+01  0.37986597E+01
  0.35570382E+01  0.33294061E+01  0.31178111E+01  0.29223431E+01  0.27418328E+01
  0.25745868E+01  0.24189193E+01  0.22734008E+01  0.21369264E+01  0.20088766E+01
  0.18889506E+01  0.17765390E+01  0.16707999E+01  0.15710735E+01  0.14770057E+01
  0.13883929E+01  0.13050212E+01  0.12266781E+01  0.11531019E+01  0.10840379E+01
  0.10192689E+01  0.95858467E+00  0.90179790E+00  0.84874508E+00  0.79928153E+00
  0.75327696E+00  0.71059908E+00  0.67110271E+00  0.63462673E+00  0.60099424E+00
  0.57001478E+00  0.54149342E+00  0.51522892E+00  0.49102307E+00  0.46868991E+00
  0.44804719E+00  0.42893196E+00  0.41118975E+00  0.39469408E+00  0.37932672E+00
  0.36496703E+00  0.35152288E+00  0.33890890E+00  0.32704787E+00  0.31587065E+00
  0.30531559E+00  0.29532770E+00  0.28585795E+00  0.27686254E+00  0.26830254E+00
  0.26014305E+00  0.25235257E+00  0.24490287E+00  0.23776862E+00  0.23092694E+00
  0.22435727E+00  0.21804072E+00  0.21196081E+00  0.20610044E+00  0.20044950E+00
  0.19498383E+00  0.18972097E+00  0.18455972E+00  0.17974977E+00  0.17385253E+00
  0.17017435E+00  0.64989698E+01  0.61469646E+01  0.58119750E+01  0.58355996E+01
  0.58484702E+01  0.58584277E+01  0.58658862E+01  0.58702218E+01  0.58722180E+01
  0.58749346E+01  0.58773848E+01  0.58797131E+01  0.58822715E+01  0.58854196E+01
  0.58893918E+01  0.58942540E+01  0.58994331E+01  0.59038525E+01  0.59057489E+01
  0.59031575E+01  0.58943396E+01  0.58771536E+01  0.58494426E+01  0.58086840E+01
  0.57516752E+01  0.56741278E+01  0.55712739E+01  0.54381812E+01  0.52703915E+01
  0.50667316E+01  0.48340976E+01  0.45850330E+01  0.43292497E+01  0.40725477E+01
  0.38201844E+01  0.35777746E+01  0.33495210E+01  0.31373113E+01  0.29410201E+01
  0.27593451E+01  0.25905582E+01  0.24330163E+01  0.22853948E+01  0.21467305E+01
  0.20165390E+01  0.18946407E+01  0.17805172E+01  0.16733071E+01  0.15723508E+01
  0.14773041E+01  0.13878994E+01  0.13038489E+01  0.12248847E+01  0.11507618E+01
  0.10812382E+01  0.10160862E+01  0.95509829E+00  0.89810118E+00  0.84494616E+00
  0.79549797E+00  0.74962918E+00  0.70719798E+00  0.66804273E+00  0.63198115E+00
  0.59881250E+00  0.56832259E+00  0.54029682E+00  0.51451250E+00  0.49075844E+00
  0.46884332E+00  0.44857714E+00  0.42979562E+00  0.41234470E+00  0.39610070E+00
  0.38094755E+00  0.36676530E+00  0.35346511E+00  0.34096502E+00  0.32919099E+00
  0.31807685E+00  0.30756384E+00  0.29759959E+00  0.28813744E+00  0.27913602E+00
  0.27055837E+00  0.26237125E+00  0.25454485E+00  0.24705254E+00  0.23987033E+00
  0.23297651E+00  0.22635154E+00  0.21997740E+00  0.21383831E+00  0.20791775E+00
  0.20220619E+00  0.19667973E+00  0.19135646E+00  0.18613442E+00  0.18126686E+00
  0.17529724E+00  0.17157349E+00  0.65779790E+01  0.62048602E+01  0.58497998E+01
  0.58711357E+01  0.58780218E+01  0.58844489E+01  0.58877604E+01  0.58899751E+01
  0.58936048E+01  0.58973431E+01  0.59008809E+01  0.59041360E+01  0.59070863E+01
  0.59097877E+01  0.59124203E+01  0.59153309E+01  0.59187194E+01  0.59224529E+01
  0.59255134E+01  0.59257112E+01  0.59209573E+01  0.59088195E+01  0.58860311E+01
  0.58489824E+01  0.57938982E+01  0.57163348E+01  0.56117936E+01  0.54760540E+01
  0.53053379E+01  0.50990046E+01  0.48642504E+01  0.46133177E+01  0.43554766E+01
  0.40965231E+01  0.38420818E+01  0.35980402E+01  0.33684462E+01  0.31549530E+01
  0.29572394E+01  0.27739202E+01  0.26032817E+01  0.24437577E+01  0.22941409E+01
  0.21535778E+01  0.20216359E+01  0.18981393E+01  0.17825823E+01  0.16741439E+01
  0.15721989E+01  0.14763185E+01  0.13861473E+01  0.13014205E+01  0.12218762E+01
  0.11472554E+01  0.10773122E+01  0.10118231E+01  0.95059837E+00  0.89347302E+00
  0.84030766E+00  0.79098169E+00  0.74536105E+00  0.70328802E+00  0.66457830E+00
  0.62902317E+00  0.59639337E+00  0.56645178E+00  0.53895911E+00  0.51367775E+00
  0.49038750E+00  0.46888628E+00  0.44898648E+00  0.43052485E+00  0.41335113E+00
  0.39734141E+00  0.38238184E+00  0.36835986E+00  0.35518793E+00  0.34278732E+00
  0.33108734E+00  0.32002499E+00  0.30954453E+00  0.29959629E+00  0.29013618E+00
  0.28112506E+00  0.27252779E+00  0.26431284E+00  0.25645205E+00  0.24892021E+00
  0.24169451E+00  0.23475424E+00  0.22808075E+00  0.22165668E+00  0.21546680E+00
  0.20949507E+00  0.20373227E+00  0.19815471E+00  0.19278087E+00  0.18750802E+00
  0.18259232E+00  0.17656208E+00  0.17280010E+00  0.66535925E+01  0.62539125E+01
  0.58716834E+01  0.58887257E+01  0.58897403E+01  0.58927725E+01  0.58946096E+01
  0.58965019E+01  0.59003323E+01  0.59050426E+01  0.59104337E+01  0.59163340E+01
  0.59224780E+01  0.59285431E+01  0.59338110E+01  0.59378163E+01  0.59408041E+01
  0.59431472E+01  0.59448224E+01  0.59446887E+01  0.59410033E+01  0.59313201E+01
  0.59121697E+01  0.58792716E+01  0.58280629E+01  0.57532346E+01  0.56498111E+01
  0.55136923E+01  0.53414403E+01  0.51328421E+01  0.48951818E+01  0.46406866E+01
  0.43790891E+01  0.41168199E+01  0.38598217E+01  0.36139479E+01  0.33829747E+01
  0.31682604E+01  0.29693052E+01  0.27846250E+01  0.26125014E+01  0.24514506E+01
  0.23003451E+01  0.21583478E+01  0.20249867E+01  0.19000982E+01  0.17832847E+01
  0.16737883E+01  0.15708948E+01  0.14741428E+01  0.13832136E+01  0.12978258E+01
  0.12177079E+01  0.11425994E+01  0.10722580E+01  0.10064710E+01  0.94506346E+00
  0.88788654E+00  0.83481386E+00  0.78572406E+00  0.74046909E+00  0.69886752E+00
  0.66070527E+00  0.62574204E+00  0.59371718E+00  0.56437141E+00  0.53744085E+00
  0.51267598E+00  0.48985466E+00  0.46876718E+00  0.44922874E+00  0.43107801E+00
  0.41417077E+00  0.39838375E+00  0.38360541E+00  0.36973210E+00  0.35667899E+00
  0.34437043E+00  0.33273902E+00  0.32172495E+00  0.31127532E+00  0.30134325E+00
  0.29188708E+00  0.28286958E+00  0.27425736E+00  0.26602056E+00  0.25813257E+00
  0.25056934E+00  0.24330903E+00  0.23633177E+00  0.22961958E+00  0.22315551E+00
  0.21692486E+00  0.21091201E+00  0.20510790E+00  0.19948905E+00  0.19407414E+00
  0.18875977E+00  0.18380450E+00  0.17772355E+00  0.17392940E+00  0.67169221E+01
  0.62866105E+01  0.58730281E+01  0.58882677E+01  0.58879810E+01  0.58888782E+01
  0.58901968E+01  0.58940082E+01  0.58988408E+01  0.59045558E+01  0.59111479E+01
  0.59186371E+01  0.59269605E+01  0.59359466E+01  0.59450204E+01  0.59534051E+01
  0.59599108E+01  0.59642348E+01  0.59658594E+01  0.59645783E+01  0.59602069E+01
  0.59504447E+01  0.59322752E+01  0.59014643E+01  0.58529974E+01  0.57807717E+01
  0.56793156E+01  0.55441732E+01  0.53715877E+01  0.51612989E+01  0.49205197E+01
  0.46619290E+01  0.43963159E+01  0.41309015E+01  0.38717923E+01  0.36246087E+01
  0.33928295E+01  0.31774960E+01  0.29778846E+01  0.27924091E+01  0.26193558E+01
  0.24572773E+01  0.23050320E+01  0.21617694E+01  0.20270493E+01  0.19008306E+01
  0.17828214E+01  0.16722222E+01  0.15683082E+01  0.14706499E+01  0.13789324E+01
  0.12928726E+01  0.12121932E+01  0.11366292E+01  0.10659410E+01  0.99992638E+00
  0.93842463E+00  0.88131112E+00  0.82846863E+00  0.77975899E+00  0.73501129E+00
  0.69401200E+00  0.65651030E+00  0.62222848E+00  0.59087681E+00  0.56216998E+00
  0.53582667E+00  0.51159148E+00  0.48924044E+00  0.46856486E+00  0.44938274E+00
  0.43153632E+00  0.41488797E+00  0.39931567E+00  0.38471050E+00  0.37097915E+00
  0.35803997E+00  0.34582029E+00  0.33425591E+00  0.32328995E+00  0.31287242E+00
  0.30295912E+00  0.29351035E+00  0.28449088E+00  0.27586878E+00  0.26761607E+00
  0.25970761E+00  0.25211987E+00  0.24483183E+00  0.23782453E+00  0.23108043E+00
  0.22458343E+00  0.21831919E+00  0.21227183E+00  0.20643283E+00  0.20077904E+00
  0.19532900E+00  0.18997913E+00  0.18498961E+00  0.17886368E+00  0.17504094E+00
  0.67805487E+01  0.63150621E+01  0.58685333E+01  0.58859402E+01  0.58858597E+01
  0.58872923E+01  0.58888152E+01  0.58924342E+01  0.58970363E+01  0.59026123E+01
  0.59092232E+01  0.59169457E+01  0.59257962E+01  0.59357048E+01  0.59466109E+01
  0.59581921E+01  0.59691426E+01  0.59783907E+01  0.59841121E+01  0.59845684E+01
  0.59800612E+01  0.59697630E+01  0.59510642E+01  0.59202128E+01  0.58725335E+01
  0.58014865E+01  0.57010147E+01  0.55664235E+01  0.53935060E+01  0.51817345E+01
  0.49382380E+01  0.46762459E+01  0.44074903E+01  0.41397647E+01  0.38793145E+01
  0.36315610E+01  0.33996608E+01  0.31843206E+01  0.29845599E+01  0.27986921E+01
  0.26250016E+01  0.24620216E+01  0.23085882E+01  0.21639549E+01  0.20278435E+01
  0.19002734E+01  0.17809530E+01  0.16691278E+01  0.15641322E+01  0.14655553E+01
  0.13730818E+01  0.12864155E+01  0.12052622E+01  0.11293482E+01  0.10584339E+01
  0.99233012E+00  0.93089692E+00  0.87401754E+00  0.82157405E+00  0.77341298E+00
  0.72932711E+00  0.68906166E+00  0.65232385E+00  0.61879772E+00  0.58816752E+00
  0.56012549E+00  0.53438080E+00  0.51067652E+00  0.48878603E+00  0.46850656E+00
  0.44966366E+00  0.43210417E+00  0.41569800E+00  0.40032305E+00  0.38587514E+00
  0.37227411E+00  0.35943878E+00  0.34729885E+00  0.33579346E+00  0.32486899E+00
  0.31447857E+00  0.30457992E+00  0.29513571E+00  0.28611173E+00  0.27747891E+00
  0.26921041E+00  0.26128024E+00  0.25366725E+00  0.24635165E+00  0.23931504E+00
  0.23254045E+00  0.22601206E+00  0.21971572E+00  0.21363599E+00  0.20776446E+00
  0.20207751E+00  0.19659442E+00  0.19120981E+00  0.18618734E+00  0.18002090E+00
  0.17617200E+00  0.68720646E+01  0.63585999E+01  0.58636814E+01  0.58807255E+01
  0.58793566E+01  0.58806437E+01  0.58839001E+01  0.58884849E+01  0.58938620E+01
  0.59000473E+01  0.59070896E+01  0.59151844E+01  0.59244251E+01  0.59347582E+01
  0.59460930E+01  0.59582363E+01  0.59708826E+01  0.59832254E+01  0.59939415E+01
  0.59995469E+01  0.59978568E+01  0.59887619E+01  0.59702156E+01  0.59388118E+01
  0.58906371E+01  0.58193125E+01  0.57185060E+01  0.55834617E+01  0.54096446E+01
  0.51962961E+01  0.49505344E+01  0.46860333E+01  0.44150771E+01  0.41457964E+01
  0.38845913E+01  0.36367377E+01  0.34050836E+01  0.31899972E+01  0.29902554E+01
  0.28040517E+01  0.26296283E+01  0.24655138E+01  0.23107223E+01  0.21646946E+01
  0.20271506E+01  0.18981023E+01  0.17773617E+01  0.16643059E+01  0.15583024E+01
  0.14589371E+01  0.13658689E+01  0.12787663E+01  0.11973061E+01  0.11211997E+01
  0.10502111E+01  0.98417434E+00  0.92297074E+00  0.86649454E+00  0.81461816E+00
  0.76715460E+00  0.72385412E+00  0.68441547E+00  0.64850162E+00  0.61576475E+00
  0.58586363E+00  0.55847427E+00  0.53330755E+00  0.51010802E+00  0.48864892E+00
  0.46873674E+00  0.45020472E+00  0.43290584E+00  0.41671247E+00  0.40151246E+00
  0.38720850E+00  0.37371653E+00  0.36096330E+00  0.34888474E+00  0.33742258E+00
  0.32652639E+00  0.31615109E+00  0.30625581E+00  0.29680549E+00  0.28776850E+00
  0.27911683E+00  0.27082457E+00  0.26286791E+00  0.25522620E+00  0.24788008E+00
  0.24081141E+00  0.23400387E+00  0.22744164E+00  0.22111089E+00  0.21499712E+00
  0.20909147E+00  0.20337074E+00  0.19785381E+00  0.19243664E+00  0.18738188E+00
  0.18117287E+00  0.17729838E+00  0.69515395E+01  0.64035914E+01  0.58712440E+01
  0.58842792E+01  0.58822126E+01  0.58830910E+01  0.58847821E+01  0.58878605E+01
  0.58919973E+01  0.58974427E+01  0.59043380E+01  0.59126203E+01  0.59221295E+01
  0.59327925E+01  0.59445278E+01  0.59571635E+01  0.59703697E+01  0.59835909E+01
  0.59962129E+01  0.60065462E+01  0.60096960E+01  0.60035542E+01  0.59873491E+01
  0.59568971E+01  0.59085741E+01  0.58364214E+01  0.57345184E+01  0.55982835E+01
  0.54230383E+01  0.52079486E+01  0.49602274E+01  0.46937812E+01  0.44210901E+01
  0.41505142E+01  0.38886806E+01  0.36408159E+01  0.34094610E+01  0.31946143E+01
  0.29947838E+01  0.28080540E+01  0.26326384E+01  0.24672922E+01  0.23112136E+01
  0.21637685E+01  0.20246745E+01  0.18940802E+01  0.17720030E+01  0.16579060E+01
  0.15511434E+01  0.14512508E+01  0.13578264E+01  0.12704848E+01  0.11888730E+01
  0.11126990E+01  0.10417533E+01  0.97590478E+00  0.91505931E+00  0.85912136E+00
  0.80793847E+00  0.76127862E+00  0.71884318E+00  0.68028111E+00  0.64521301E+00
  0.61326270E+00  0.58407075E+00  0.55730336E+00  0.53267543E+00  0.50993816E+00
  0.48887089E+00  0.46928819E+00  0.45102897E+00  0.43395471E+00  0.41794086E+00
  0.40288598E+00  0.38869820E+00  0.37529025E+00  0.36259685E+00  0.35055831E+00
  0.33911977E+00  0.32823328E+00  0.31785611E+00  0.30795041E+00  0.29848232E+00
  0.28942247E+00  0.28074283E+00  0.27241884E+00  0.26442963E+00  0.25675368E+00
  0.24937183E+00  0.24226656E+00  0.23542189E+00  0.22882264E+00  0.22245531E+00
  0.21630527E+00  0.21036412E+00  0.20460908E+00  0.19905899E+00  0.19360985E+00
  0.18852595E+00  0.18228007E+00  0.17838223E+00  0.69982663E+01  0.64354504E+01
  0.58883245E+01  0.59006336E+01  0.58992087E+01  0.59016536E+01  0.59029263E+01
  0.59044556E+01  0.59063065E+01  0.59087088E+01  0.59119907E+01  0.59168794E+01
  0.59237427E+01  0.59327361E+01  0.59436913E+01  0.59561280E+01  0.59694500E+01
  0.59830320E+01  0.59958221E+01  0.60077273E+01  0.60145330E+01  0.60122061E+01
  0.59994128E+01  0.59716155E+01  0.59248280E+01  0.58529241E+01  0.57502662E+01
  0.56127792E+01  0.54359052E+01  0.52189260E+01  0.49691589E+01  0.47006025E+01
  0.44258498E+01  0.41536967E+01  0.38911586E+01  0.36432902E+01  0.34121985E+01
  0.31974812E+01  0.29974247E+01  0.28100922E+01  0.26338038E+01  0.24673498E+01
  0.23098874E+01  0.21608801E+01  0.20202550E+01  0.18883523E+01  0.17653057E+01
  0.16505581E+01  0.15433727E+01  0.14432016E+01  0.13495825E+01  0.12620961E+01
  0.11803859E+01  0.11041861E+01  0.10333378E+01  0.96775331E+00  0.90736341E+00
  0.85206620E+00  0.80166965E+00  0.75589008E+00  0.71437004E+00  0.67670486E+00
  0.64247830E+00  0.61128833E+00  0.58276345E+00  0.55657620E+00  0.53244282E+00
  0.51012015E+00  0.48939996E+00  0.47010315E+00  0.45207599E+00  0.43518629E+00
  0.41931873E+00  0.40437441E+00  0.39026608E+00  0.37691744E+00  0.36426329E+00
  0.35224504E+00  0.34081203E+00  0.32991887E+00  0.31952586E+00  0.30959794E+00
  0.30010261E+00  0.29101088E+00  0.28229656E+00  0.27393600E+00  0.26590772E+00
  0.25819171E+00  0.25076963E+00  0.24362453E+00  0.23674079E+00  0.23010349E+00
  0.22369936E+00  0.21751368E+00  0.21153863E+00  0.20575085E+00  0.20017043E+00
  0.19469028E+00  0.18957989E+00  0.18330495E+00  0.17938747E+00  0.70329136E+01
  0.64533565E+01  0.58902077E+01  0.59021354E+01  0.58993691E+01  0.59026791E+01
  0.59065548E+01  0.59110524E+01  0.59153939E+01  0.59193887E+01  0.59232520E+01
  0.59273425E+01  0.59321407E+01  0.59385044E+01  0.59469576E+01  0.59574837E+01
  0.59696368E+01  0.59827808E+01  0.59956161E+01  0.60071347E+01  0.60151485E+01
  0.60156574E+01  0.60056131E+01  0.59808639E+01  0.59366768E+01  0.58662856E+01
  0.57639254E+01  0.56258931E+01  0.54477190E+01  0.52289094E+01  0.49768194E+01
  0.47056006E+01  0.44284009E+01  0.41545773E+01  0.38913466E+01  0.36435076E+01
  0.34127216E+01  0.31981948E+01  0.29979709E+01  0.28100364E+01  0.26328362E+01
  0.24651785E+01  0.23063320E+01  0.21560437E+01  0.20143710E+01  0.18817069E+01
  0.17581505E+01  0.16430566E+01  0.15356126E+01  0.14352260E+01  0.13414124E+01
  0.12537534E+01  0.11719163E+01  0.10956879E+01  0.10249695E+01  0.95971904E+00
  0.89988285E+00  0.84532768E+00  0.79580603E+00  0.75096890E+00  0.71039475E+00
  0.67362771E+00  0.64021981E+00  0.60975198E+00  0.58184824E+00  0.55618826E+00
  0.53249690E+00  0.51054045E+00  0.49012094E+00  0.47106739E+00  0.45323351E+00
  0.43649383E+00  0.42074004E+00  0.40587833E+00  0.39182666E+00  0.37851392E+00
  0.36587761E+00  0.35386265E+00  0.34242128E+00  0.33151080E+00  0.32109327E+00
  0.31113478E+00  0.30160466E+00  0.29247523E+00  0.28372142E+00  0.27532037E+00
  0.26725111E+00  0.25949430E+00  0.25203207E+00  0.24484785E+00  0.23792627E+00
  0.23125263E+00  0.22481379E+00  0.21859522E+00  0.21258918E+00  0.20677238E+00
  0.20116485E+00  0.19565964E+00  0.19052569E+00  0.18422216E+00  0.18028773E+00
  0.70555251E+01  0.64618662E+01  0.58844295E+01  0.58954679E+01  0.58917895E+01
  0.58949261E+01  0.58992504E+01  0.59051231E+01  0.59117754E+01  0.59189881E+01
  0.59265481E+01  0.59338829E+01  0.59409155E+01  0.59478196E+01  0.59549529E+01
  0.59632318E+01  0.59731316E+01  0.59844620E+01  0.59963416E+01  0.60072214E+01
  0.60150732E+01  0.60162651E+01  0.60074992E+01  0.59848034E+01  0.59430732E+01
  0.58747118E+01  0.57734978E+01  0.56357678E+01  0.54568696E+01  0.52363269E+01
  0.49815988E+01  0.47072157E+01  0.44271813E+01  0.41515641E+01  0.38876808E+01
  0.36400318E+01  0.34097873E+01  0.31957100E+01  0.29955753E+01  0.28073001E+01
  0.26293922E+01  0.24608894E+01  0.23012690E+01  0.21503203E+01  0.20081237E+01
  0.18750513E+01  0.17511490E+01  0.16357348E+01  0.15279887E+01  0.14273174E+01
  0.13332342E+01  0.12453354E+01  0.11633305E+01  0.10870777E+01  0.10165431E+01
  0.95171917E+00  0.89254570E+00  0.83883700E+00  0.79027479E+00  0.74643273E+00
  0.70682236E+00  0.67094338E+00  0.63832231E+00  0.60853213E+00  0.58120326E+00
  0.55602167E+00  0.53272486E+00  0.51109187E+00  0.49093234E+00  0.47208465E+00
  0.45441044E+00  0.43779102E+00  0.42212441E+00  0.40732213E+00  0.39330730E+00
  0.38001300E+00  0.36737989E+00  0.35535611E+00  0.34389643E+00  0.33296042E+00
  0.32251193E+00  0.31251844E+00  0.30295064E+00  0.29378196E+00  0.28498811E+00
  0.27654691E+00  0.26843795E+00  0.26064230E+00  0.25314246E+00  0.24592210E+00
  0.23896608E+00  0.23225980E+00  0.22579027E+00  0.21954317E+00  0.21351072E+00
  0.20766960E+00  0.20203985E+00  0.19651420E+00  0.19136172E+00  0.18503644E+00
  0.18108892E+00  0.70705036E+01  0.64665780E+01  0.58790951E+01  0.58911158E+01
  0.58882652E+01  0.58912517E+01  0.58950476E+01  0.59004229E+01  0.59071300E+01
  0.59150526E+01  0.59238264E+01  0.59333085E+01  0.59433094E+01  0.59532875E+01
  0.59627846E+01  0.59717492E+01  0.59805213E+01  0.59897034E+01  0.59995465E+01
  0.60089435E+01  0.60158429E+01  0.60166666E+01  0.60079251E+01  0.59856697E+01
  0.59450216E+01  0.58778169E+01  0.57773336E+01  0.56398071E+01  0.54602703E+01
  0.52381083E+01  0.49808387E+01  0.47034616E+01  0.44208475E+01  0.41438243E+01
  0.38798473E+01  0.36329957E+01  0.34038309E+01  0.31906407E+01  0.29910026E+01
  0.28028676E+01  0.26248434E+01  0.24560611E+01  0.22960820E+01  0.21447445E+01
  0.20021435E+01  0.18686526E+01  0.17443252E+01  0.16284941E+01  0.15203463E+01
  0.14192897E+01  0.13248442E+01  0.12366345E+01  0.11544357E+01  0.10781891E+01
  0.10079215E+01  0.94364621E+00  0.88526978E+00  0.83252809E+00  0.78501102E+00
  0.74220804E+00  0.70356826E+00  0.66855654E+00  0.63668448E+00  0.60752545E+00
  0.58072153E+00  0.55597295E+00  0.53302965E+00  0.51168074E+00  0.49174588E+00
  0.47307225E+00  0.45552963E+00  0.43900649E+00  0.42340673E+00  0.40864705E+00
  0.39465515E+00  0.38136766E+00  0.36872880E+00  0.35668973E+00  0.34520731E+00
  0.33424305E+00  0.32376241E+00  0.31373416E+00  0.30413004E+00  0.29492432E+00
  0.28609342E+00  0.27761571E+00  0.26947121E+00  0.26164133E+00  0.25410885E+00
  0.24685761E+00  0.23987257E+00  0.23313924E+00  0.22664481E+00  0.22037496E+00
  0.21432188E+00  0.20846207E+00  0.20281558E+00  0.19727459E+00  0.19210856E+00
  0.18576761E+00  0.18181047E+00  0.70723121E+01  0.64603874E+01  0.58641828E+01
  0.58760172E+01  0.58746711E+01  0.58800263E+01  0.58864904E+01  0.58939365E+01
  0.59018259E+01  0.59103881E+01  0.59198103E+01  0.59302150E+01  0.59414535E+01
  0.59533971E+01  0.59657085E+01  0.59777034E+01  0.59885160E+01  0.59978128E+01
  0.60062376E+01  0.60136567E+01  0.60185347E+01  0.60180803E+01  0.60087776E+01
  0.59859595E+01  0.59450639E+01  0.58776944E+01  0.57768909E+01  0.56388981E+01
  0.54583846E+01  0.52346383E+01  0.49752000E+01  0.46954354E+01  0.44110507E+01
  0.41334375E+01  0.38700409E+01  0.36245277E+01  0.33968758E+01  0.31849389E+01
  0.29861225E+01  0.27983897E+01  0.26204389E+01  0.24515051E+01  0.22912279E+01
  0.21394888E+01  0.19964086E+01  0.18623854E+01  0.17375012E+01  0.16211168E+01
  0.15124345E+01  0.14108739E+01  0.13159755E+01  0.12274066E+01  0.11450305E+01
  0.10688760E+01  0.99901908E+00  0.93546309E+00  0.87803919E+00  0.82638381E+00
  0.77998402E+00  0.73824670E+00  0.70056913E+00  0.66639317E+00  0.63522826E+00
  0.60665698E+00  0.58033503E+00  0.55597876E+00  0.53335142E+00  0.51225265E+00
  0.49251258E+00  0.47398736E+00  0.45655473E+00  0.44011001E+00  0.42456265E+00
  0.40983436E+00  0.39585680E+00  0.38256998E+00  0.36992162E+00  0.35786543E+00
  0.34636017E+00  0.33536895E+00  0.32485864E+00  0.31479914E+00  0.30516305E+00
  0.29592533E+00  0.28706293E+00  0.27855467E+00  0.27038088E+00  0.26252324E+00
  0.25496464E+00  0.24768906E+00  0.24068148E+00  0.23392752E+00  0.22741443E+00
  0.22112783E+00  0.21505980E+00  0.20918662E+00  0.20352827E+00  0.19797645E+00
  0.19280086E+00  0.18644858E+00  0.18248437E+00  0.70573733E+01  0.64414578E+01
  0.58446546E+01  0.58595744E+01  0.58582013E+01  0.58645512E+01  0.58727726E+01
  0.58824423E+01  0.58925989E+01  0.59030935E+01  0.59139934E+01  0.59255519E+01
  0.59379407E+01  0.59511332E+01  0.59649474E+01  0.59791141E+01  0.59929044E+01
  0.60049028E+01  0.60143784E+01  0.60213305E+01  0.60242873E+01  0.60217124E+01
  0.60110631E+01  0.59870167E+01  0.59452421E+01  0.58770228E+01  0.57752119E+01
  0.56362278E+01  0.54543917E+01  0.52288815E+01  0.49673562E+01  0.46854908E+01
  0.43996701E+01  0.41218131E+01  0.38593376E+01  0.36154794E+01  0.33896080E+01
  0.31791466E+01  0.29813402E+01  0.27941658E+01  0.26163979E+01  0.24473515E+01
  0.22867332E+01  0.21344822E+01  0.19907637E+01  0.18560165E+01  0.17303813E+01
  0.16132746E+01  0.15039271E+01  0.14017755E+01  0.13063797E+01  0.12174646E+01
  0.11349975E+01  0.10590888E+01  0.98983562E+00  0.92718925E+00  0.87087633E+00
  0.82041633E+00  0.77518988E+00  0.73452910E+00  0.69779493E+00  0.66441806E+00
  0.63391475E+00  0.60588635E+00  0.58000685E+00  0.55600772E+00  0.53366407E+00
  0.51278765E+00  0.49321908E+00  0.47482324E+00  0.45748531E+00  0.44110686E+00
  0.42560276E+00  0.41089926E+00  0.39693176E+00  0.38364373E+00  0.37098578E+00
  0.35891392E+00  0.34738869E+00  0.33637456E+00  0.32583953E+00  0.31575442E+00
  0.30609248E+00  0.29682916E+00  0.28794182E+00  0.27940951E+00  0.27121281E+00
  0.26333351E+00  0.25575457E+00  0.24845999E+00  0.24143483E+00  0.23466480E+00
  0.22813717E+00  0.22183745E+00  0.21575764E+00  0.20987383E+00  0.20420601E+00
  0.19864554E+00  0.19346236E+00  0.18710114E+00  0.18313137E+00  0.70341258E+01
  0.64193562E+01  0.58282925E+01  0.58472415E+01  0.58454196E+01  0.58518705E+01
  0.58601404E+01  0.58702013E+01  0.58812937E+01  0.58931797E+01  0.59056721E+01
  0.59187722E+01  0.59325659E+01  0.59471040E+01  0.59623032E+01  0.59778400E+01
  0.59934141E+01  0.60082020E+01  0.60205692E+01  0.60294771E+01  0.60323453E+01
  0.60280628E+01  0.60156199E+01  0.59897585E+01  0.59464529E+01  0.58767033E+01
  0.57731856E+01  0.56325848E+01  0.54489896E+01  0.52215104E+01  0.49579318E+01
  0.46742346E+01  0.43873195E+01  0.41095686E+01  0.38484064E+01  0.36065649E+01
  0.33827531E+01  0.31739519E+01  0.29772472E+01  0.27906293E+01  0.26129530E+01
  0.24436325E+01  0.22824667E+01  0.21294679E+01  0.19848577E+01  0.18491437E+01
  0.17225709E+01  0.16046285E+01  0.14945638E+01  0.13918094E+01  0.12959408E+01
  0.12067693E+01  0.11243685E+01  0.10489094E+01  0.98047591E+00  0.91893460E+00
  0.86388576E+00  0.81471294E+00  0.77069416E+00  0.73110187E+00  0.69527817E+00
  0.66265816E+00  0.63277213E+00  0.60524276E+00  0.57976534E+00  0.55608766E+00
  0.53399714E+00  0.51331722E+00  0.49389865E+00  0.47561481E+00  0.45835789E+00
  0.44203532E+00  0.42656712E+00  0.41188366E+00  0.39792399E+00  0.38463477E+00
  0.37196894E+00  0.35988434E+00  0.34834293E+00  0.33731029E+00  0.32675520E+00
  0.31664909E+00  0.30696566E+00  0.29768069E+00  0.28877178E+00  0.28021818E+00
  0.27200058E+00  0.26410087E+00  0.25650215E+00  0.24918853E+00  0.24214527E+00
  0.23535826E+00  0.22881479E+00  0.22250039E+00  0.21640709E+00  0.21051101E+00
  0.20483238E+00  0.19926237E+00  0.19407127E+00  0.18770223E+00  0.18372796E+00
  0.70107724E+01  0.63988156E+01  0.58102948E+01  0.58287623E+01  0.58276437E+01
  0.58360605E+01  0.58462196E+01  0.58576395E+01  0.58696307E+01  0.58823244E+01
  0.58958066E+01  0.59101318E+01  0.59252906E+01  0.59412425E+01  0.59578781E+01
  0.59749477E+01  0.59919466E+01  0.60083984E+01  0.60230768E+01  0.60354415E+01
  0.60405902E+01  0.60361084E+01  0.60226129E+01  0.59949485E+01  0.59497025E+01
  0.58778443E+01  0.57720258E+01  0.56292501E+01  0.54434651E+01  0.52137784E+01
  0.49481858E+01  0.46629554E+01  0.43751685E+01  0.40977189E+01  0.38381878E+01
  0.35985922E+01  0.33769196E+01  0.31697267E+01  0.29739749E+01  0.27876957E+01
  0.26098514E+01  0.24399742E+01  0.22779707E+01  0.21239445E+01  0.19782035E+01
  0.18413642E+01  0.17137904E+01  0.15950163E+01  0.14842730E+01  0.13809687E+01
  0.12847091E+01  0.11954221E+01  0.11132864E+01  0.10385034E+01  0.97111980E+00
  0.91088311E+00  0.85722644E+00  0.80939749E+00  0.76658637E+00  0.72803038E+00
  0.69306594E+00  0.66114346E+00  0.63182191E+00  0.60474873E+00  0.57963603E+00
  0.55624496E+00  0.53437870E+00  0.51387143E+00  0.49458360E+00  0.47639689E+00
  0.45920999E+00  0.44293575E+00  0.42749857E+00  0.41283241E+00  0.39887943E+00
  0.38558875E+00  0.37291509E+00  0.36081765E+00  0.34925955E+00  0.33820727E+00
  0.32763030E+00  0.31750052E+00  0.30779205E+00  0.29848100E+00  0.28954520E+00
  0.28096417E+00  0.27271886E+00  0.26479164E+00  0.25716595E+00  0.24982622E+00
  0.24275809E+00  0.23594766E+00  0.22938239E+00  0.22304798E+00  0.21693669E+00
  0.21102470E+00  0.20533280E+00  0.19975201E+00  0.19455293E+00  0.18817857E+00
  0.18420200E+00  0.69685358E+01  0.63716166E+01  0.57965144E+01  0.58126263E+01
  0.58110497E+01  0.58201983E+01  0.58314028E+01  0.58440351E+01  0.58571871E+01
  0.58708660E+01  0.58852124E+01  0.59004358E+01  0.59166399E+01  0.59338049E+01
  0.59517847E+01  0.59703141E+01  0.59888871E+01  0.60068448E+01  0.60229526E+01
  0.60374864E+01  0.60457140E+01  0.60434595E+01  0.60304945E+01  0.60020888E+01
  0.59553173E+01  0.58812625E+01  0.57728123E+01  0.56274809E+01  0.54391371E+01
  0.52069814E+01  0.49392827E+01  0.46525235E+01  0.43638290E+01  0.40867014E+01
  0.38288917E+01  0.35915591E+01  0.33719233E+01  0.31661373E+01  0.29710715E+01
  0.27848215E+01  0.26064876E+01  0.24357481E+01  0.22726462E+01  0.21174123E+01
  0.19704607E+01  0.18325082E+01  0.17040011E+01  0.15844777E+01  0.14731320E+01
  0.13693518E+01  0.12728088E+01  0.11835691E+01  0.11019143E+01  0.10280665E+01
  0.96197297E+00  0.90320409E+00  0.85102271E+00  0.80455304E+00  0.76292102E+00
  0.72534855E+00  0.69118454E+00  0.65990526E+00  0.63109972E+00  0.60443874E+00
  0.57965210E+00  0.55651673E+00  0.53484855E+00  0.51449243E+00  0.49531746E+00
  0.47721255E+00  0.46008235E+00  0.44384467E+00  0.42842777E+00  0.41376867E+00
  0.39981211E+00  0.38650916E+00  0.37381609E+00  0.36169345E+00  0.35010583E+00
  0.33902085E+00  0.32840867E+00  0.31824169E+00  0.30849465E+00  0.29914408E+00
  0.29016828E+00  0.28154752E+00  0.27326349E+00  0.26529897E+00  0.25763785E+00
  0.25026522E+00  0.24316715E+00  0.23632996E+00  0.22974125E+00  0.22338673E+00
  0.21725866E+00  0.21133314E+00  0.20563124E+00  0.20004360E+00  0.19484068E+00
  0.18846697E+00  0.18449204E+00  0.68581442E+01  0.63028962E+01  0.57750476E+01
  0.57970684E+01  0.57962230E+01  0.58060592E+01  0.58177861E+01  0.58309543E+01
  0.58447616E+01  0.58591749E+01  0.58742595E+01  0.58902183E+01  0.59072193E+01
  0.59253153E+01  0.59443966E+01  0.59641860E+01  0.59842003E+01  0.60037535E+01
  0.60214628E+01  0.60367274E+01  0.60472366E+01  0.60482007E+01  0.60368335E+01
  0.60091787E+01  0.59621046E+01  0.58865302E+01  0.57756263E+01  0.56276812E+01
  0.54366264E+01  0.52017764E+01  0.49316861E+01  0.46430055E+01  0.43531043E+01
  0.40761866E+01  0.38200154E+01  0.35848328E+01  0.33670460E+01  0.31624099E+01
  0.29677268E+01  0.27812027E+01  0.26021247E+01  0.24303543E+01  0.22660885E+01
  0.21096734E+01  0.19615992E+01  0.18226469E+01  0.16933125E+01  0.15731258E+01
  0.14612460E+01  0.13570618E+01  0.12603585E+01  0.11713633E+01  0.10904451E+01
  0.10178023E+01  0.95321462E+00  0.89604026E+00  0.84537947E+00  0.80025380E+00
  0.75975067E+00  0.72309588E+00  0.68966833E+00  0.65897772E+00  0.63063801E+00
  0.60434040E+00  0.57983595E+00  0.55691891E+00  0.53541394E+00  0.51517607E+00
  0.49608342E+00  0.47803191E+00  0.46093185E+00  0.44470538E+00  0.42928399E+00
  0.41460726E+00  0.40062256E+00  0.38728351E+00  0.37454838E+00  0.36237955E+00
  0.35074279E+00  0.33960669E+00  0.32894263E+00  0.31872424E+00  0.30892715E+00
  0.29952915E+00  0.29050979E+00  0.28184962E+00  0.27353014E+00  0.26553395E+00
  0.25784520E+00  0.25044910E+00  0.24333154E+00  0.23647852E+00  0.22987753E+00
  0.22351418E+00  0.21738059E+00  0.21145250E+00  0.20575083E+00  0.20016582E+00
  0.19496723E+00  0.18860231E+00  0.18463360E+00  0.67320276E+01  0.62266614E+01
  0.57481194E+01  0.57715879E+01  0.57739430E+01  0.57865912E+01  0.58014011E+01
  0.58169371E+01  0.58322047E+01  0.58475406E+01  0.58633282E+01  0.58799129E+01
  0.58975374E+01  0.59163226E+01  0.59362284E+01  0.59570083E+01  0.59781988E+01
  0.59991235E+01  0.60185287E+01  0.60349888E+01  0.60470484E+01  0.60499283E+01
  0.60401327E+01  0.60141039E+01  0.59679838E+01  0.58920591E+01  0.57795138E+01
  0.56293103E+01  0.54355674E+01  0.51978072E+01  0.49248322E+01  0.46334716E+01
  0.43418304E+01  0.40649718E+01  0.38103667E+01  0.35772639E+01  0.33612130E+01
  0.31575512E+01  0.29630665E+01  0.27761770E+01  0.25963528E+01  0.24236216E+01
  0.22583068E+01  0.21008381E+01  0.19517578E+01  0.18119059E+01  0.16818296E+01
  0.15610592E+01  0.14487114E+01  0.13442118E+01  0.12475149E+01  0.11590137E+01
  0.10791254E+01  0.10079380E+01  0.94502371E+00  0.88952431E+00  0.84038139E+00
  0.79654180E+00  0.75708379E+00  0.72125871E+00  0.68848093E+00  0.65829697E+00
  0.63035058E+00  0.60435572E+00  0.58007657E+00  0.55731983E+00  0.53592678E+00
  0.51576260E+00  0.49671200E+00  0.47867633E+00  0.46157066E+00  0.44532134E+00
  0.42986429E+00  0.41514411E+00  0.40111246E+00  0.38772485E+00  0.37494022E+00
  0.36272221E+00  0.35103759E+00  0.33985569E+00  0.32914882E+00  0.31889137E+00
  0.30905954E+00  0.29963132E+00  0.29058599E+00  0.28190386E+00  0.27356660E+00
  0.26555730E+00  0.25786014E+00  0.25045969E+00  0.24334108E+00  0.23648988E+00
  0.22989284E+00  0.22353498E+00  0.21740835E+00  0.21148852E+00  0.20579632E+00
  0.20022195E+00  0.19503438E+00  0.18868465E+00  0.18472573E+00  0.65091759E+01
  0.61062754E+01  0.57279463E+01  0.57507606E+01  0.57543193E+01  0.57670214E+01
  0.57830319E+01  0.58003722E+01  0.58176828E+01  0.58347746E+01  0.58518936E+01
  0.58694610E+01  0.58878320E+01  0.59072523E+01  0.59277960E+01  0.59493085E+01
  0.59713842E+01  0.59933538E+01  0.60141656E+01  0.60320008E+01  0.60455422E+01
  0.60496621E+01  0.60407642E+01  0.60158581E+01  0.59708313E+01  0.58952372E+01
  0.57817780E+01  0.56298488E+01  0.54337664E+01  0.51930927E+01  0.49167494E+01
  0.46220263E+01  0.43282518E+01  0.40514935E+01  0.37986672E+01  0.35678518E+01
  0.33536706E+01  0.31510652E+01  0.29568716E+01  0.27697434E+01  0.25893090E+01
  0.24157433E+01  0.22494840E+01  0.20910428E+01  0.19410298E+01  0.18003685E+01
  0.16696565E+01  0.15484037E+01  0.14356715E+01  0.13309683E+01  0.12344633E+01
  0.11467093E+01  0.10681179E+01  0.99858755E+00  0.93744207E+00  0.88360995E+00
  0.83590882E+00  0.79324698E+00  0.75472026E+00  0.71961851E+00  0.68739596E+00
  0.65763568E+00  0.63000936E+00  0.60425165E+00  0.58014294E+00  0.55750287E+00
  0.53618346E+00  0.51605790E+00  0.49701766E+00  0.47897084E+00  0.46183885E+00
  0.44555377E+00  0.43005589E+00  0.41529290E+00  0.40121828E+00  0.38778939E+00
  0.37496747E+00  0.36271752E+00  0.35100712E+00  0.33980581E+00  0.32908538E+00
  0.31881954E+00  0.30898387E+00  0.29955531E+00  0.29051199E+00  0.28183404E+00
  0.27350321E+00  0.26550219E+00  0.25781444E+00  0.25042413E+00  0.24331610E+00
  0.23647583E+00  0.22989014E+00  0.22354418E+00  0.21743006E+00  0.21152337E+00
  0.20584499E+00  0.20028528E+00  0.19511218E+00  0.18878131E+00  0.18483433E+00
  0.62406718E+01  0.59548059E+01  0.56942118E+01  0.57238999E+01  0.57357471E+01
  0.57505356E+01  0.57662622E+01  0.57835861E+01  0.58017605E+01  0.58203069E+01
  0.58390697E+01  0.58581387E+01  0.58777275E+01  0.58980807E+01  0.59193561E+01
  0.59415167E+01  0.59642662E+01  0.59869817E+01  0.60087894E+01  0.60277744E+01
  0.60429033E+01  0.60482800E+01  0.60399115E+01  0.60154560E+01  0.59708736E+01
  0.58952598E+01  0.57809085E+01  0.56274822E+01  0.54291038E+01  0.51853368E+01
  0.49054250E+01  0.46072629E+01  0.43115342E+01  0.40353216E+01  0.37848217E+01
  0.35567145E+01  0.33446545E+01  0.31432786E+01  0.29495140E+01  0.27622204E+01
  0.25812196E+01  0.24068518E+01  0.22396846E+01  0.20803312E+01  0.19294948E+01
  0.17881761E+01  0.16569692E+01  0.15353106E+01  0.14222241E+01  0.13173745E+01
  0.12211958E+01  0.11343779E+01  0.10572580E+01  0.98948892E+00  0.93012428E+00
  0.87789702E+00  0.83153316E+00  0.78993325E+00  0.75222589E+00  0.71774687E+00
  0.68599511E+00  0.65658610E+00  0.62921679E+00  0.60364290E+00  0.57966514E+00
  0.55711634E+00  0.53585403E+00  0.51575979E+00  0.49673615E+00  0.47869943E+00
  0.46157522E+00  0.44529796E+00  0.42980939E+00  0.41505727E+00  0.40099402E+00
  0.38757745E+00  0.37476969E+00  0.36253498E+00  0.35084000E+00  0.33965400E+00
  0.32894872E+00  0.31869783E+00  0.30887697E+00  0.29946336E+00  0.29043553E+00
  0.28177365E+00  0.27345891E+00  0.26547416E+00  0.25780388E+00  0.25043227E+00
  0.24334417E+00  0.23652518E+00  0.22996252E+00  0.22364162E+00  0.21755414E+00
  0.21167517E+00  0.20602455E+00  0.20049195E+00  0.19534266E+00  0.18903251E+00
  0.18509590E+00  0.60754151E+01  0.58573597E+01  0.56580155E+01  0.56867324E+01
  0.57084277E+01  0.57296690E+01  0.57487345E+01  0.57673694E+01  0.57859540E+01
  0.58051801E+01  0.58250508E+01  0.58455636E+01  0.58666513E+01  0.58883400E+01
  0.59107011E+01  0.59337120E+01  0.59571620E+01  0.59804867E+01  0.60029552E+01
  0.60226913E+01  0.60391487E+01  0.60456989E+01  0.60379033E+01  0.60138944E+01
  0.59694654E+01  0.58933074E+01  0.57776529E+01  0.56224787E+01  0.54214940E+01
  0.51743839E+01  0.48908822E+01  0.45894313E+01  0.42921388E+01  0.40170591E+01
  0.37694190E+01  0.35443554E+01  0.33345684E+01  0.31344723E+01  0.29411367E+01
  0.27536543E+01  0.25720774E+01  0.23969368E+01  0.22289486E+01  0.20688326E+01
  0.19173648E+01  0.17755392E+01  0.16438627E+01  0.15216857E+01  0.14080892E+01
  0.13030262E+01  0.12072585E+01  0.11215289E+01  0.10460242E+01  0.98012934E+00
  0.92257298E+00  0.87190687E+00  0.82680075E+00  0.78617557E+00  0.74921158E+00
  0.71530038E+00  0.68398492E+00  0.65491161E+00  0.62780619E+00  0.60244487E+00
  0.57863823E+00  0.55622872E+00  0.53508480E+00  0.51509637E+00  0.49616705E+00
  0.47821153E+00  0.46115719E+00  0.44494004E+00  0.42950404E+00  0.41479922E+00
  0.40077991E+00  0.38740523E+00  0.37463740E+00  0.36244077E+00  0.35078230E+00
  0.33963160E+00  0.32896081E+00  0.31874434E+00  0.30895896E+00  0.29958313E+00
  0.29059651E+00  0.28198007E+00  0.27371620E+00  0.26578786E+00  0.25817814E+00
  0.25087057E+00  0.24384988E+00  0.23710107E+00  0.23060997E+00  0.22436036E+00
  0.21834187E+00  0.21252805E+00  0.20693542E+00  0.20145222E+00  0.19633922E+00
  0.19003990E+00  0.18610079E+00  0.59369750E+01  0.57729297E+01  0.56248248E+01
  0.56517722E+01  0.56767885E+01  0.57032881E+01  0.57274336E+01  0.57494163E+01
  0.57698475E+01  0.57900361E+01  0.58106296E+01  0.58321262E+01  0.58545075E+01
  0.58776371E+01  0.59013848E+01  0.59255892E+01  0.59500120E+01  0.59740758E+01
  0.59971151E+01  0.60172947E+01  0.60346581E+01  0.60421027E+01  0.60347334E+01
  0.60110034E+01  0.59666430E+01  0.58897778E+01  0.57724345E+01  0.56151189E+01
  0.54113603E+01  0.51608575E+01  0.48736982E+01  0.45689735E+01  0.42703848E+01
  0.39969420E+01  0.37526229E+01  0.35308566E+01  0.33234199E+01  0.31245940E+01
  0.29316603E+01  0.27439950E+01  0.25619087E+01  0.23861345E+01  0.22175196E+01
  0.20568368E+01  0.19048346E+01  0.17623830E+01  0.16299183E+01  0.15068236E+01
  0.13924358E+01  0.12871401E+01  0.11919612E+01  0.11076698E+01  0.10341590E+01
  0.97036248E+00  0.91470756E+00  0.86562193E+00  0.82176410E+00  0.78211027E+00
  0.74591786E+00  0.71263197E+00  0.68183369E+00  0.65319533E+00  0.62645047E+00
  0.60138128E+00  0.57781099E+00  0.55559537E+00  0.53461465E+00  0.51476518E+00
  0.49595369E+00  0.47809919E+00  0.46113320E+00  0.44499522E+00  0.42963155E+00
  0.41499424E+00  0.40103992E+00  0.38772921E+00  0.37502563E+00  0.36289529E+00
  0.35130727E+00  0.34023318E+00  0.32964741E+00  0.31952552E+00  0.30984370E+00
  0.30057928E+00  0.29170987E+00  0.28321629E+00  0.27508091E+00  0.26728362E+00
  0.25980423E+00  0.25262389E+00  0.24572505E+00  0.23909023E+00  0.23270268E+00
  0.22654413E+00  0.22060286E+00  0.21485304E+00  0.20930819E+00  0.20385586E+00
  0.19875594E+00  0.19242344E+00  0.18845012E+00  0.58161043E+01  0.56889516E+01
  0.55772922E+01  0.56075229E+01  0.56391821E+01  0.56715356E+01  0.57010503E+01
  0.57275989E+01  0.57514916E+01  0.57741441E+01  0.57962986E+01  0.58186245E+01
  0.58419289E+01  0.58662049E+01  0.58912719E+01  0.59168267E+01  0.59424989E+01
  0.59675844E+01  0.59913711E+01  0.60119799E+01  0.60299252E+01  0.60379121E+01
  0.60307291E+01  0.60069866E+01  0.59624662E+01  0.58847070E+01  0.57654677E+01
  0.56057675E+01  0.53989899E+01  0.51448817E+01  0.48539041E+01  0.45458946E+01
  0.42462968E+01  0.39750040E+01  0.37344513E+01  0.35162033E+01  0.33111833E+01
  0.31136545E+01  0.29211763E+01  0.27334456E+01  0.25510282E+01  0.23748185E+01
  0.22057038E+01  0.20443986E+01  0.18915229E+01  0.17478712E+01  0.16140555E+01
  0.14897350E+01  0.13746427E+01  0.12695745E+01  0.11756815E+01  0.10935379E+01
  0.10225243E+01  0.96108967E+00  0.90746045E+00  0.86003239E+00  0.81750767E+00
  0.77891899E+00  0.74356158E+00  0.71093218E+00  0.68065801E+00  0.65244261E+00
  0.62604004E+00  0.60125003E+00  0.57790947E+00  0.55588371E+00  0.53505962E+00
  0.51533821E+00  0.49663625E+00  0.47888537E+00  0.46202374E+00  0.44599602E+00
  0.43075321E+00  0.41624846E+00  0.40243701E+00  0.38927600E+00  0.37672919E+00
  0.36476644E+00  0.35335593E+00  0.34246564E+00  0.33206513E+00  0.32212450E+00
  0.31261522E+00  0.30351034E+00  0.29478750E+00  0.28642602E+00  0.27840040E+00
  0.27068636E+00  0.26326418E+00  0.25611570E+00  0.24922394E+00  0.24257263E+00
  0.23614763E+00  0.22993373E+00  0.22392280E+00  0.21809305E+00  0.21246452E+00
  0.20692986E+00  0.20175940E+00  0.19537495E+00  0.19137952E+00  0.57204312E+01
  0.56137466E+01  0.55223835E+01  0.55563460E+01  0.55953834E+01  0.56343796E+01
  0.56697029E+01  0.57011955E+01  0.57293474E+01  0.57552770E+01  0.57799626E+01
  0.58042954E+01  0.58289963E+01  0.58544281E+01  0.58806486E+01  0.59074479E+01
  0.59344243E+01  0.59607294E+01  0.59855052E+01  0.60067658E+01  0.60252602E+01
  0.60335729E+01  0.60263351E+01  0.60022461E+01  0.59572458E+01  0.58782972E+01
  0.57568896E+01  0.55945528E+01  0.53845051E+01  0.51265579E+01  0.48316176E+01
  0.45202394E+01  0.42198244E+01  0.39512307E+01  0.37149474E+01  0.35005179E+01
  0.32980980E+01  0.31020111E+01  0.29101362E+01  0.27224943E+01  0.25398430E+01
  0.23631337E+01  0.21931867E+01  0.20306447E+01  0.18761533E+01  0.17308184E+01
  0.15957357E+01  0.14708173E+01  0.13559604E+01  0.12521763E+01  0.11605760E+01
  0.10812524E+01  0.10130707E+01  0.95419830E+00  0.90267374E+00  0.85685198E+00
  0.81553821E+00  0.77786829E+00  0.74321475E+00  0.71113271E+00  0.68128334E+00
  0.65339913E+00  0.62726921E+00  0.60271937E+00  0.57959977E+00  0.55778114E+00
  0.53715493E+00  0.51763305E+00  0.49914188E+00  0.48161513E+00  0.46498773E+00
  0.44919855E+00  0.43419246E+00  0.41991367E+00  0.40631531E+00  0.39336005E+00
  0.38100768E+00  0.36921306E+00  0.35793126E+00  0.34712590E+00  0.33676398E+00
  0.32681479E+00  0.31725064E+00  0.30804918E+00  0.29919440E+00  0.29066847E+00
  0.28245421E+00  0.27453661E+00  0.26689844E+00  0.25952344E+00  0.25239594E+00
  0.24550159E+00  0.23883178E+00  0.23237274E+00  0.22612211E+00  0.22006704E+00
  0.21423509E+00  0.20851742E+00  0.20319953E+00  0.19667518E+00  0.19259875E+00
  0.56505196E+01  0.55548546E+01  0.54720004E+01  0.55045704E+01  0.55469374E+01
  0.55913311E+01  0.56328084E+01  0.56697852E+01  0.57027969E+01  0.57326441E+01
  0.57609939E+01  0.57886146E+01  0.58153716E+01  0.58423255E+01  0.58697857E+01
  0.58977331E+01  0.59258955E+01  0.59534110E+01  0.59792891E+01  0.60014133E+01
  0.60206387E+01  0.60293004E+01  0.60218934E+01  0.59971978E+01  0.59513802E+01
  0.58708967E+01  0.57469763E+01  0.55816822E+01  0.53680672E+01  0.51060388E+01
  0.48070544E+01  0.44920225E+01  0.41908597E+01  0.39258313E+01  0.36946181E+01
  0.34844959E+01  0.32848878E+01  0.30902889E+01  0.28990037E+01  0.27112798E+01
  0.25279765E+01  0.23500765E+01  0.21784473E+01  0.20140082E+01  0.18579404E+01
  0.17118872E+01  0.15769753E+01  0.14528586E+01  0.13394617E+01  0.12379116E+01
  0.11492282E+01  0.10730915E+01  0.10078185E+01  0.95129333E+00  0.90156255E+00
  0.85706660E+00  0.81671121E+00  0.77975443E+00  0.74567677E+00  0.71408906E+00
  0.68468323E+00  0.65720658E+00  0.63145288E+00  0.60724680E+00  0.58444351E+00
  0.56292821E+00  0.54260605E+00  0.52337764E+00  0.50514279E+00  0.48781771E+00
  0.47132854E+00  0.45561015E+00  0.44060212E+00  0.42625645E+00  0.41253448E+00
  0.39940174E+00  0.38681545E+00  0.37473247E+00  0.36312137E+00  0.35195146E+00
  0.34119450E+00  0.33082383E+00  0.32081575E+00  0.31116450E+00  0.30186656E+00
  0.29290784E+00  0.28427823E+00  0.27596737E+00  0.26796285E+00  0.26025298E+00
  0.25282697E+00  0.24567570E+00  0.23878824E+00  0.23214655E+00  0.22574086E+00
  0.21954706E+00  0.21359159E+00  0.20776601E+00  0.20235919E+00  0.19580314E+00
  0.19173352E+00  0.55983807E+01  0.55109623E+01  0.54326986E+01  0.54595158E+01
  0.54992998E+01  0.55448446E+01  0.55907188E+01  0.56331141E+01  0.56713430E+01
  0.57061472E+01  0.57384058E+01  0.57693564E+01  0.57994005E+01  0.58289334E+01
  0.58583169E+01  0.58877267E+01  0.59171162E+01  0.59457564E+01  0.59727218E+01
  0.59957703E+01  0.60158650E+01  0.60250071E+01  0.60174487E+01  0.59921665E+01
  0.59454385E+01  0.58631208E+01  0.57363084E+01  0.55676768E+01  0.53501481E+01
  0.50837461E+01  0.47805401E+01  0.44615707E+01  0.41601126E+01  0.38998861E+01
  0.36745124E+01  0.34689066E+01  0.32719158E+01  0.30783592E+01  0.28870226E+01
  0.26983662E+01  0.25134841E+01  0.23336656E+01  0.21603252E+01  0.19950262E+01
  0.18393118E+01  0.16947361E+01  0.15616630E+01  0.14392796E+01  0.13278624E+01
  0.12288971E+01  0.11432912E+01  0.10702502E+01  0.10076770E+01  0.95325080E+00
  0.90507901E+00  0.86179731E+00  0.82243248E+00  0.78630080E+00  0.75290770E+00
  0.72187064E+00  0.69288731E+00  0.66570921E+00  0.64013519E+00  0.61600941E+00
  0.59320302E+00  0.57160620E+00  0.55110261E+00  0.53158547E+00  0.51297405E+00
  0.49518822E+00  0.47816167E+00  0.46183479E+00  0.44616295E+00  0.43113502E+00
  0.41673109E+00  0.40291320E+00  0.38964994E+00  0.37691965E+00  0.36470640E+00
  0.35298847E+00  0.34175132E+00  0.33096688E+00  0.32059479E+00  0.31060704E+00
  0.30097763E+00  0.29168562E+00  0.28271220E+00  0.27404118E+00  0.26566115E+00
  0.25756245E+00  0.24973827E+00  0.24218257E+00  0.23488813E+00  0.22785105E+00
  0.22107131E+00  0.21452617E+00  0.20825660E+00  0.20217211E+00  0.19658771E+00
  0.19009706E+00  0.18615624E+00  0.55598711E+01  0.54788738E+01  0.54036988E+01
  0.54231510E+01  0.54561929E+01  0.54984576E+01  0.55451312E+01  0.55913297E+01
  0.56346035E+01  0.56745290E+01  0.57110795E+01  0.57459905E+01  0.57800377E+01
  0.58129701E+01  0.58451660E+01  0.58767799E+01  0.59078657E+01  0.59378075E+01
  0.59659147E+01  0.59898852E+01  0.60108572E+01  0.60205373E+01  0.60128689E+01
  0.59870099E+01  0.59393366E+01  0.58550782E+01  0.57251473E+01  0.55528694E+01
  0.53310749E+01  0.50599438E+01  0.47520895E+01  0.44297849E+01  0.41291735E+01
  0.38740728E+01  0.36543563E+01  0.34526206E+01  0.32573767E+01  0.30638987E+01
  0.28715408E+01  0.26813970E+01  0.24951734E+01  0.23146679E+01  0.21418121E+01
  0.19782574E+01  0.18252456E+01  0.16835980E+01  0.15527030E+01  0.14318070E+01
  0.13221480E+01  0.12258898E+01  0.11434999E+01  0.10733778E+01  0.10131906E+01
  0.96062563E+00  0.91384307E+00  0.87151759E+00  0.83272694E+00  0.79684781E+00
  0.76343666E+00  0.73213953E+00  0.70267885E+00  0.67482946E+00  0.64844924E+00
  0.62345424E+00  0.59973609E+00  0.57718573E+00  0.55570148E+00  0.53521365E+00
  0.51567538E+00  0.49703714E+00  0.47925595E+00  0.46226514E+00  0.44598706E+00
  0.43036427E+00  0.41534601E+00  0.40088941E+00  0.38696482E+00  0.37354579E+00
  0.36060392E+00  0.34811832E+00  0.33607216E+00  0.32445167E+00  0.31324248E+00
  0.30241489E+00  0.29193817E+00  0.28179607E+00  0.27197731E+00  0.26247331E+00
  0.25327732E+00  0.24438354E+00  0.23578709E+00  0.22748364E+00  0.21947497E+00
  0.21176881E+00  0.20438193E+00  0.19731204E+00  0.19061618E+00  0.18422397E+00
  0.17848676E+00  0.17223372E+00  0.16856194E+00  0.55344400E+01  0.54542850E+01
  0.53794324E+01  0.53957718E+01  0.54225479E+01  0.54584744E+01  0.55022158E+01
  0.55478261E+01  0.55927807E+01  0.56372833E+01  0.56791110E+01  0.57189581E+01
  0.57570439E+01  0.57935608E+01  0.58291457E+01  0.58637447E+01  0.58972896E+01
  0.59291142E+01  0.59587109E+01  0.59837581E+01  0.60056499E+01  0.60158665E+01
  0.60080752E+01  0.59815199E+01  0.59327351E+01  0.58464289E+01  0.57132210E+01
  0.55370379E+01  0.53106403E+01  0.50344238E+01  0.47214266E+01  0.43952662E+01
  0.40952454E+01  0.38451256E+01  0.36306464E+01  0.34321183E+01  0.32381585E+01
  0.30448068E+01  0.28522672E+01  0.26624133E+01  0.24773414E+01  0.22992152E+01
  0.21294729E+01  0.19689543E+01  0.18188594E+01  0.16794514E+01  0.15496456E+01
  0.14292721E+01  0.13206562E+01  0.12262375E+01  0.11459505E+01  0.10776655E+01
  0.10186554E+01  0.96656880E+00  0.91971252E+00  0.87690755E+00  0.83736531E+00
  0.80057496E+00  0.76618151E+00  0.73392394E+00  0.70357606E+00  0.67489933E+00
  0.64768422E+00  0.62177420E+00  0.59704444E+00  0.57339216E+00  0.55074707E+00
  0.52904846E+00  0.50822839E+00  0.48823873E+00  0.46903701E+00  0.45058739E+00
  0.43284740E+00  0.41575294E+00  0.39925334E+00  0.38331857E+00  0.36792553E+00
  0.35305646E+00  0.33869194E+00  0.32481521E+00  0.31140627E+00  0.29845697E+00
  0.28597308E+00  0.27395214E+00  0.26238926E+00  0.25127767E+00  0.24061017E+00
  0.23037977E+00  0.22058093E+00  0.21120851E+00  0.20225580E+00  0.19371675E+00
  0.18558751E+00  0.17786492E+00  0.17055625E+00  0.16365543E+00  0.15721296E+00
  0.15117552E+00  0.14587157E+00  0.14046614E+00  0.13741740E+00  0.55174933E+01
  0.54364905E+01  0.53602996E+01  0.53747283E+01  0.53974723E+01  0.54272033E+01
  0.54650004E+01  0.55080622E+01  0.55515178E+01  0.55959682E+01  0.56412680E+01
  0.56856579E+01  0.57283434E+01  0.57692655E+01  0.58089504E+01  0.58472771E+01
  0.58841024E+01  0.59186331E+01  0.59503818E+01  0.59769485E+01  0.60000491E+01
  0.60109117E+01  0.60029629E+01  0.59756929E+01  0.59257067E+01  0.58371348E+01
  0.57003531E+01  0.55200762E+01  0.52888498E+01  0.50069853E+01  0.46877702E+01
  0.43559204E+01  0.40557080E+01  0.38111541E+01  0.36024946E+01  0.34081557E+01
  0.32171439E+01  0.30264284E+01  0.28365402E+01  0.26494245E+01  0.24674124E+01
  0.22927979E+01  0.21264286E+01  0.19688759E+01  0.18202852E+01  0.16806985E+01
  0.15503151E+01  0.14286773E+01  0.13186449E+01  0.12234059E+01  0.11427082E+01
  0.10739693E+01  0.10140741E+01  0.96055881E+00  0.91179318E+00  0.86678784E+00
  0.82492499E+00  0.78576084E+00  0.74895900E+00  0.71425955E+00  0.68144409E+00
  0.65033690E+00  0.62074586E+00  0.59248677E+00  0.56544448E+00  0.53952377E+00
  0.51464988E+00  0.49076453E+00  0.46781609E+00  0.44575998E+00  0.42455500E+00
  0.40418840E+00  0.38466469E+00  0.36596786E+00  0.34807927E+00  0.33097672E+00
  0.31463749E+00  0.29904528E+00  0.28417918E+00  0.27001715E+00  0.25653849E+00
  0.24372306E+00  0.23155134E+00  0.22000316E+00  0.20905754E+00  0.19869141E+00
  0.18888142E+00  0.17960404E+00  0.17083885E+00  0.16256642E+00  0.15476595E+00
  0.14741842E+00  0.14050678E+00  0.13401567E+00  0.12793921E+00  0.12226228E+00
  0.11701625E+00  0.11215743E+00  0.10793859E+00  0.10381222E+00  0.10154911E+00
  0.55053699E+01  0.54253500E+01  0.53484909E+01  0.53589766E+01  0.53773915E+01
  0.54022381E+01  0.54338012E+01  0.54728033E+01  0.55135156E+01  0.55550451E+01
  0.56003162E+01  0.56471826E+01  0.56937299E+01  0.57391694E+01  0.57833797E+01
  0.58259974E+01  0.58668025E+01  0.59048431E+01  0.59395416E+01  0.59683029E+01
  0.59932241E+01  0.60050877E+01  0.59970471E+01  0.59691246E+01  0.59179207E+01
  0.58269413E+01  0.56863561E+01  0.55014254E+01  0.52645547E+01  0.49759952E+01
  0.46487212E+01  0.43109002E+01  0.40130951E+01  0.37776297E+01  0.35780204E+01
  0.33903604E+01  0.32043911E+01  0.30179343E+01  0.28327257E+01  0.26503305E+01
  0.24723343E+01  0.22999263E+01  0.21331548E+01  0.19753860E+01  0.18232602E+01
  0.16693096E+01  0.15156234E+01  0.13717183E+01  0.12470133E+01  0.11439534E+01
  0.10594164E+01  0.98853687E+00  0.92718324E+00  0.87250885E+00  0.82274290E+00
  0.77683187E+00  0.73411223E+00  0.69411079E+00  0.65646374E+00  0.62088105E+00
  0.58715043E+00  0.55515773E+00  0.52481610E+00  0.49602697E+00  0.46870303E+00
  0.44276909E+00  0.41816282E+00  0.39482937E+00  0.37271783E+00  0.35177876E+00
  0.33196742E+00  0.31323888E+00  0.29554958E+00  0.27885751E+00  0.26312159E+00
  0.24829687E+00  0.23433773E+00  0.22120618E+00  0.20886059E+00  0.19726041E+00
  0.18636704E+00  0.17614762E+00  0.16657103E+00  0.15760133E+00  0.14920324E+00
  0.14134189E+00  0.13398368E+00  0.12709615E+00  0.12065154E+00  0.11462392E+00
  0.10898748E+00  0.10371902E+00  0.98797409E-01  0.94203407E-01  0.89925041E-01
  0.85944631E-01  0.82275716E-01  0.78880910E-01  0.75928616E-01  0.73049256E-01
  0.71476848E-01  0.54978118E+01  0.54168837E+01  0.53395093E+01  0.53489366E+01
  0.53636887E+01  0.53839937E+01  0.54105041E+01  0.54435298E+01  0.54815769E+01
  0.55197032E+01  0.55596234E+01  0.56056584E+01  0.56541405E+01  0.57029740E+01
  0.57513738E+01  0.57984366E+01  0.58436521E+01  0.58858144E+01  0.59242058E+01
  0.59559178E+01  0.59834325E+01  0.59967547E+01  0.59889342E+01  0.59608904E+01
  0.59087844E+01  0.58154559E+01  0.56710195E+01  0.54808635E+01  0.52371029E+01
  0.49407435E+01  0.46061246E+01  0.42675957E+01  0.39796392E+01  0.37582349E+01
  0.35711198E+01  0.33930010E+01  0.32139811E+01  0.30323582E+01  0.28493261E+01
  0.26666402E+01  0.24881176E+01  0.23120049E+01  0.21308218E+01  0.19414163E+01
  0.17408373E+01  0.15298081E+01  0.13266078E+01  0.11544063E+01  0.10197401E+01
  0.91688620E+00  0.83678798E+00  0.77172529E+00  0.71652278E+00  0.66805672E+00
  0.62449384E+00  0.58474983E+00  0.54814344E+00  0.51419972E+00  0.48257047E+00
  0.45299595E+00  0.42527923E+00  0.39927349E+00  0.37486114E+00  0.35193950E+00
  0.33042416E+00  0.31024517E+00  0.29133673E+00  0.27363026E+00  0.25705955E+00
  0.24156018E+00  0.22707154E+00  0.21353426E+00  0.20089223E+00  0.18909275E+00
  0.17808563E+00  0.16782006E+00  0.15824700E+00  0.14932332E+00  0.14100561E+00
  0.13325317E+00  0.12602810E+00  0.11929390E+00  0.11301630E+00  0.10716369E+00
  0.10170675E+00  0.96617928E-01  0.91870775E-01  0.87440237E-01  0.83304625E-01
  0.79443760E-01  0.75838463E-01  0.72471403E-01  0.69326733E-01  0.66389729E-01
  0.63650463E-01  0.61094843E-01  0.58728858E-01  0.56522698E-01  0.54580269E-01
  0.52612391E-01  0.51512049E-01  0.54929593E+01  0.54101005E+01  0.53313197E+01
  0.53412002E+01  0.53546858E+01  0.53720553E+01  0.53948501E+01  0.54233914E+01
  0.54576022E+01  0.54910470E+01  0.55252395E+01  0.55678345E+01  0.56148026E+01
  0.56636610E+01  0.57138396E+01  0.57640491E+01  0.58132164E+01  0.58595857E+01
  0.59021114E+01  0.59372625E+01  0.59681595E+01  0.59836482E+01  0.59761637E+01
  0.59480507E+01  0.58952767E+01  0.58000544E+01  0.56521320E+01  0.54570721E+01
  0.52078595E+01  0.49076975E+01  0.45735106E+01  0.42432074E+01  0.39708951E+01
  0.37657395E+01  0.35902726E+01  0.34188597E+01  0.32431220E+01  0.30597238E+01
  0.28647385E+01  0.26566603E+01  0.24354711E+01  0.22008486E+01  0.19519794E+01
  0.16900222E+01  0.14218212E+01  0.11669149E+01  0.95542454E+00  0.80037872E+00
  0.69108048E+00  0.61304445E+00  0.55461084E+00  0.50819656E+00  0.46937477E+00
  0.43568221E+00  0.40572130E+00  0.37865693E+00  0.35395495E+00  0.33124582E+00
  0.31025920E+00  0.29079210E+00  0.27269174E+00  0.25584200E+00  0.24014740E+00
  0.22552554E+00  0.21190639E+00  0.19922304E+00  0.18741386E+00  0.17642156E+00
  0.16619238E+00  0.15667555E+00  0.14782370E+00  0.13959097E+00  0.13193466E+00
  0.12481532E+00  0.11819554E+00  0.11203916E+00  0.10631203E+00  0.10098296E+00
  0.96022017E-01  0.91401516E-01  0.87096030E-01  0.83081512E-01  0.79335485E-01
  0.75837547E-01  0.72569058E-01  0.69512885E-01  0.66652764E-01  0.63973476E-01
  0.61461608E-01  0.59104753E-01  0.56891364E-01  0.54811069E-01  0.52854509E-01
  0.51012666E-01  0.49279397E-01  0.47645162E-01  0.46113646E-01  0.44660168E-01
  0.43351252E-01  0.41916476E-01  0.41074308E-01  0.54912953E+01  0.54053892E+01
  0.53239263E+01  0.53345389E+01  0.53482451E+01  0.53648166E+01  0.53859785E+01
  0.54118838E+01  0.54409251E+01  0.54727106E+01  0.55048882E+01  0.55406841E+01
  0.55823323E+01  0.56273072E+01  0.56754379E+01  0.57254463E+01  0.57760729E+01
  0.58252732E+01  0.58714021E+01  0.59105460E+01  0.59436512E+01  0.59628405E+01
  0.59599528E+01  0.59329335E+01  0.58802690E+01  0.57841656E+01  0.56341271E+01
  0.54376126E+01  0.51899970E+01  0.48933195E+01  0.45657591E+01  0.42428797E+01
  0.39768468E+01  0.37707302E+01  0.35768027E+01  0.33702694E+01  0.31424296E+01
  0.28922532E+01  0.26227920E+01  0.23373876E+01  0.20387152E+01  0.17358010E+01
  0.14420459E+01  0.11690997E+01  0.92438391E+00  0.72038285E+00  0.57182311E+00
  0.47374377E+00  0.40925986E+00  0.36484113E+00  0.33194807E+00  0.30581580E+00
  0.28391389E+00  0.26489516E+00  0.24800143E+00  0.23276923E+00  0.21889438E+00
  0.20616462E+00  0.19442538E+00  0.18356044E+00  0.17347924E+00  0.16411031E+00
  0.15539531E+00  0.14728361E+00  0.13972995E+00  0.13269229E+00  0.12613215E+00
  0.12001432E+00  0.11430622E+00  0.10897781E+00  0.10400132E+00  0.99350198E-01
  0.95000361E-01  0.90929809E-01  0.87118015E-01  0.83545623E-01  0.80194198E-01
  0.77046729E-01  0.74087452E-01  0.71302074E-01  0.68677787E-01  0.66202996E-01
  0.63866706E-01  0.61658557E-01  0.59569211E-01  0.57590266E-01  0.55713932E-01
  0.53932922E-01  0.52240598E-01  0.50630889E-01  0.49098234E-01  0.47637695E-01
  0.46245050E-01  0.44915814E-01  0.43647148E-01  0.42433099E-01  0.41277869E-01
  0.40160209E-01  0.39132376E-01  0.37921293E-01  0.37180822E-01  0.54921379E+01
  0.54028649E+01  0.53181570E+01  0.53291755E+01  0.53433437E+01  0.53600071E+01
  0.53805566E+01  0.54052522E+01  0.54318143E+01  0.54638512E+01  0.54942268E+01
  0.55238691E+01  0.55610283E+01  0.56018564E+01  0.56461548E+01  0.56928942E+01
  0.57413621E+01  0.57899436E+01  0.58371851E+01  0.58795264E+01  0.59146466E+01
  0.59362947E+01  0.59381764E+01  0.59150195E+01  0.58703280E+01  0.57833424E+01
  0.56403069E+01  0.54540798E+01  0.52120260E+01  0.48969095E+01  0.44928355E+01
  0.40312629E+01  0.36284484E+01  0.33204128E+01  0.30415566E+01  0.27589242E+01
  0.24631928E+01  0.21589442E+01  0.18560614E+01  0.15630313E+01  0.12883213E+01
  0.10409245E+01  0.82789842E+00  0.65214789E+00  0.51180331E+00  0.40617337E+00
  0.33464282E+00  0.28906830E+00  0.25908722E+00  0.23781532E+00  0.22139210E+00
  0.20781299E+00  0.19605815E+00  0.18559674E+00  0.17612915E+00  0.16746662E+00
  0.15947932E+00  0.15207141E+00  0.14517436E+00  0.13873638E+00  0.13271171E+00
  0.12706231E+00  0.12175647E+00  0.11676686E+00  0.11206915E+00  0.10764111E+00
  0.10346254E+00  0.99515231E-01  0.95782757E-01  0.92250197E-01  0.88903719E-01
  0.85730486E-01  0.82719154E-01  0.79859372E-01  0.77141701E-01  0.74555994E-01
  0.72092263E-01  0.69742702E-01  0.67500415E-01  0.65359142E-01  0.63313185E-01
  0.61357126E-01  0.59485646E-01  0.57693827E-01  0.55977297E-01  0.54332169E-01
  0.52754836E-01  0.51241804E-01  0.49789696E-01  0.48395323E-01  0.47055793E-01
  0.45768399E-01  0.44530741E-01  0.43340052E-01  0.42194906E-01  0.41090878E-01
  0.40032504E-01  0.38999833E-01  0.38042596E-01  0.36885393E-01  0.36168216E-01
  0.54925342E+01  0.54000650E+01  0.53124842E+01  0.53243309E+01  0.53394061E+01
  0.53567830E+01  0.53772332E+01  0.54011146E+01  0.54265299E+01  0.54575596E+01
  0.54853629E+01  0.55114915E+01  0.55464202E+01  0.55847679E+01  0.56260251E+01
  0.56693481E+01  0.57141059E+01  0.57590663E+01  0.58034973E+01  0.58459434E+01
  0.58822702E+01  0.59097775E+01  0.59112079E+01  0.58814159E+01  0.58220358E+01
  0.57102415E+01  0.55290396E+01  0.52583450E+01  0.48709746E+01  0.43556051E+01
  0.37074062E+01  0.30272788E+01  0.24991586E+01  0.21412925E+01  0.18595072E+01
  0.16082165E+01  0.13756717E+01  0.11623163E+01  0.97055989E+00  0.80272377E+00
  0.66020343E+00  0.54301566E+00  0.44956624E+00  0.37687848E+00  0.32143746E+00
  0.28018427E+00  0.25065966E+00  0.22984130E+00  0.21446191E+00  0.20224538E+00
  0.19187279E+00  0.18266454E+00  0.17428268E+00  0.16655162E+00  0.15936702E+00
  0.15265543E+00  0.14635962E+00  0.14043372E+00  0.13484134E+00  0.12955336E+00
  0.12454502E+00  0.11979493E+00  0.11528414E+00  0.11099860E+00  0.10692679E+00
  0.10305539E+00  0.99371528E-01  0.95863348E-01  0.92520035E-01  0.89331751E-01
  0.86289488E-01  0.83385081E-01  0.80610903E-01  0.77959781E-01  0.75424385E-01
  0.72999322E-01  0.70680512E-01  0.68462828E-01  0.66340895E-01  0.64308881E-01
  0.62361428E-01  0.60493646E-01  0.58701144E-01  0.56980311E-01  0.55327889E-01
  0.53740843E-01  0.52216310E-01  0.50751519E-01  0.49343746E-01  0.47990305E-01
  0.46688688E-01  0.45436366E-01  0.44230667E-01  0.43068734E-01  0.41949313E-01
  0.40868282E-01  0.39829923E-01  0.38815122E-01  0.37871647E-01  0.36730830E-01
  0.36025026E-01  0.54903509E+01  0.53945291E+01  0.53040874E+01  0.53170696E+01
  0.53335163E+01  0.53524693E+01  0.53740601E+01  0.53982790E+01  0.54242059E+01
  0.54487486E+01  0.54718053E+01  0.55013530E+01  0.55467632E+01  0.56094700E+01
  0.56851091E+01  0.57699882E+01  0.58615401E+01  0.59522833E+01  0.60043125E+01
  0.60078786E+01  0.59755556E+01  0.58987385E+01  0.57651666E+01  0.55666302E+01
  0.52857207E+01  0.49284677E+01  0.45070896E+01  0.39994584E+01  0.34099434E+01
  0.27704540E+01  0.21209078E+01  0.15728193E+01  0.12244885E+01  0.10227214E+01
  0.88257488E+00  0.76951110E+00  0.67286367E+00  0.58923514E+00  0.51749128E+00
  0.45727303E+00  0.40760743E+00  0.36678033E+00  0.33301032E+00  0.30483315E+00
  0.28091333E+00  0.26030968E+00  0.24307833E+00  0.22914145E+00  0.21758718E+00
  0.20746001E+00  0.19818068E+00  0.18948287E+00  0.18126464E+00  0.17348640E+00
  0.16612496E+00  0.15915689E+00  0.15255733E+00  0.14630199E+00  0.14036871E+00
  0.13473804E+00  0.12939189E+00  0.12431343E+00  0.11948708E+00  0.11489876E+00
  0.11053560E+00  0.10638515E+00  0.10243530E+00  0.98674509E-01  0.95092024E-01
  0.91677775E-01  0.88422486E-01  0.85317958E-01  0.82355941E-01  0.79528518E-01
  0.76828522E-01  0.74250605E-01  0.71790200E-01  0.69441277E-01  0.67198280E-01
  0.65055255E-01  0.63006299E-01  0.61046629E-01  0.59171396E-01  0.57376138E-01
  0.55656869E-01  0.54009543E-01  0.52430399E-01  0.50916088E-01  0.49463495E-01
  0.48069843E-01  0.46731930E-01  0.45446810E-01  0.44212097E-01  0.43024761E-01
  0.41883137E-01  0.40782922E-01  0.39727227E-01  0.38697914E-01  0.37733913E-01
  0.36574975E-01  0.35865564E-01  0.53813714E+01  0.52527042E+01  0.50502910E+01
  0.49065723E+01  0.47794482E+01  0.46790133E+01  0.46059915E+01  0.45563785E+01
  0.45221844E+01  0.44933770E+01  0.44689696E+01  0.44473024E+01  0.44231645E+01
  0.43961129E+01  0.43631946E+01  0.43218147E+01  0.42675022E+01  0.42063679E+01
  0.41192805E+01  0.39986612E+01  0.38578990E+01  0.36852084E+01  0.34817487E+01
  0.32409834E+01  0.29456086E+01  0.26108524E+01  0.22559024E+01  0.18873050E+01
  0.15261374E+01  0.11982909E+01  0.92373825E+00  0.73141266E+00  0.62866281E+00
  0.57548317E+00  0.53765594E+00  0.50448795E+00  0.47349170E+00  0.44428906E+00
  0.41687044E+00  0.39133969E+00  0.36768456E+00  0.34566528E+00  0.32507018E+00
  0.30593417E+00  0.28808089E+00  0.27194886E+00  0.25824412E+00  0.24665324E+00
  0.23647663E+00  0.22714057E+00  0.21835073E+00  0.20999404E+00  0.20203797E+00
  0.19447534E+00  0.18730006E+00  0.18049949E+00  0.17405545E+00  0.16794792E+00
  0.16215682E+00  0.15666282E+00  0.15144773E+00  0.14649453E+00  0.14178793E+00
  0.13731147E+00  0.13304932E+00  0.12898905E+00  0.12511922E+00  0.12142890E+00
  0.11790785E+00  0.11454645E+00  0.11133576E+00  0.10826778E+00  0.10533477E+00
  0.10252931E+00  0.99845443E-01  0.97276141E-01  0.94814060E-01  0.92453379E-01
  0.90189478E-01  0.88018002E-01  0.85934327E-01  0.83934351E-01  0.82013632E-01
  0.80167982E-01  0.78393651E-01  0.76686821E-01  0.75043964E-01  0.73461967E-01
  0.71937967E-01  0.70469455E-01  0.69053488E-01  0.67687370E-01  0.66369286E-01
  0.65096618E-01  0.63868140E-01  0.62679161E-01  0.61534433E-01  0.60406290E-01
  0.59369111E-01  0.57967237E-01  0.57033199E-01  0.52743463E+01  0.51146095E+01
  0.48017513E+01  0.45008026E+01  0.42294293E+01  0.40087144E+01  0.38401525E+01
  0.37160186E+01  0.36204775E+01  0.35440328E+01  0.34754319E+01  0.33970743E+01
  0.32917497E+01  0.31496783E+01  0.29727165E+01  0.27622361E+01  0.25134986E+01
  0.22525132E+01  0.20162719E+01  0.18094735E+01  0.16284332E+01  0.14699615E+01
  0.13308856E+01  0.12074710E+01  0.10969746E+01  0.99614015E+00  0.90207722E+00
  0.81551007E+00  0.73731901E+00  0.66658375E+00  0.60413343E+00  0.55697118E+00
  0.52956083E+00  0.51169463E+00  0.49307277E+00  0.47268532E+00  0.45127522E+00
  0.42956747E+00  0.40809120E+00  0.38724179E+00  0.36723017E+00  0.34815840E+00
  0.33005652E+00  0.31295145E+00  0.29674175E+00  0.28170096E+00  0.26850513E+00
  0.25714546E+00  0.24708375E+00  0.23791783E+00  0.22942939E+00  0.22150401E+00
  0.21407625E+00  0.20710159E+00  0.20054305E+00  0.19436629E+00  0.18853916E+00
  0.18303268E+00  0.17782128E+00  0.17288225E+00  0.16819525E+00  0.16374189E+00
  0.15950559E+00  0.15547144E+00  0.15162593E+00  0.14795666E+00  0.14445217E+00
  0.14110182E+00  0.13789585E+00  0.13482536E+00  0.13188223E+00  0.12905903E+00
  0.12634903E+00  0.12374596E+00  0.12124398E+00  0.11883756E+00  0.11652134E+00
  0.11429034E+00  0.11213991E+00  0.11006572E+00  0.10806372E+00  0.10613026E+00
  0.10426193E+00  0.10245556E+00  0.10070820E+00  0.99017067E-01  0.97379601E-01
  0.95793423E-01  0.94256299E-01  0.92766090E-01  0.91320764E-01  0.89918297E-01
  0.88557016E-01  0.87234725E-01  0.85951050E-01  0.84701151E-01  0.83492570E-01
  0.82288062E-01  0.81204204E-01  0.79588482E-01  0.78442675E-01
