  0.32164520E+04  0.32160385E+04  0.32159320E+04  0.32164029E+04  0.32166725E+04
  0.32168538E+04  0.32169790E+04  0.32170555E+04  0.32170900E+04  0.32170863E+04
  0.32170431E+04  0.32169548E+04  0.32168126E+04  0.32166036E+04  0.32163091E+04
  0.32159031E+04  0.32153504E+04  0.32146034E+04  0.32135971E+04  0.32122441E+04
  0.32104259E+04  0.32079817E+04  0.32046980E+04  0.32002906E+04  0.31943783E+04
  0.31865440E+04  0.31762926E+04  0.31630627E+04  0.31463823E+04  0.31259929E+04
  0.31022215E+04  0.30759587E+04  0.30482043E+04  0.30195553E+04  0.29902735E+04
  0.29607267E+04  0.29313884E+04  0.29026780E+04  0.28748251E+04  0.28478707E+04
  0.28217227E+04  0.27962454E+04  0.27713099E+04  0.27468228E+04  0.27227549E+04
  0.26991432E+04  0.26759885E+04  0.26532035E+04  0.26307033E+04  0.26084525E+04
  0.25864434E+04  0.25646812E+04  0.25431764E+04  0.25219421E+04  0.25009916E+04
  0.24803375E+04  0.24599908E+04  0.24399592E+04  0.24202479E+04  0.24008591E+04
  0.23817932E+04  0.23630495E+04  0.23446265E+04  0.23265229E+04  0.23087377E+04
  0.22912715E+04  0.22741271E+04  0.22573094E+04  0.22408257E+04  0.22246858E+04
  0.22088997E+04  0.21934784E+04  0.21784342E+04  0.21637780E+04  0.21495165E+04
  0.21356606E+04  0.21222250E+04  0.21092187E+04  0.20966458E+04  0.20845059E+04
  0.20727956E+04  0.20615080E+04  0.20506335E+04  0.20401609E+04  0.20300775E+04
  0.20203695E+04  0.20110219E+04  0.20020190E+04  0.19933441E+04  0.19849798E+04
  0.19769084E+04  0.19691112E+04  0.19615701E+04  0.19542646E+04  0.19471804E+04
  0.19402863E+04  0.19335957E+04  0.19269888E+04  0.19207643E+04  0.19130845E+04
  0.19083060E+04  0.32164511E+04  0.32160390E+04  0.32159352E+04  0.32164080E+04
  0.32166781E+04  0.32168591E+04  0.32169842E+04  0.32170610E+04  0.32170956E+04
  0.32170916E+04  0.32170480E+04  0.32169591E+04  0.32168165E+04  0.32166070E+04
  0.32163120E+04  0.32159057E+04  0.32153528E+04  0.32146057E+04  0.32135993E+04
  0.32122462E+04  0.32104275E+04  0.32079827E+04  0.32046986E+04  0.32002906E+04
  0.31943776E+04  0.31865428E+04  0.31762911E+04  0.31630609E+04  0.31463807E+04
  0.31259918E+04  0.31022211E+04  0.30759590E+04  0.30482046E+04  0.30195555E+04
  0.29902747E+04  0.29607301E+04  0.29313948E+04  0.29026878E+04  0.28748380E+04
  0.28478858E+04  0.28217391E+04  0.27962621E+04  0.27713261E+04  0.27468377E+04
  0.27227680E+04  0.26991547E+04  0.26759979E+04  0.26532105E+04  0.26307080E+04
  0.26084553E+04  0.25864446E+04  0.25646811E+04  0.25431752E+04  0.25219399E+04
  0.25009887E+04  0.24803341E+04  0.24599868E+04  0.24399547E+04  0.24202427E+04
  0.24008532E+04  0.23817865E+04  0.23630420E+04  0.23446185E+04  0.23265146E+04
  0.23087299E+04  0.22912652E+04  0.22741237E+04  0.22573109E+04  0.22408342E+04
  0.22247035E+04  0.22089291E+04  0.21935221E+04  0.21784952E+04  0.21638584E+04
  0.21496186E+04  0.21357876E+04  0.21223790E+04  0.21094004E+04  0.20968548E+04
  0.20847414E+04  0.20730561E+04  0.20617917E+04  0.20509389E+04  0.20404862E+04
  0.20304208E+04  0.20207286E+04  0.20113946E+04  0.20024029E+04  0.19937368E+04
  0.19853788E+04  0.19773112E+04  0.19695154E+04  0.19619734E+04  0.19546649E+04
  0.19475757E+04  0.19406749E+04  0.19339762E+04  0.19273597E+04  0.19211250E+04
  0.19134305E+04  0.19086424E+04  0.32164468E+04  0.32160407E+04  0.32159483E+04
  0.32164287E+04  0.32167010E+04  0.32168818E+04  0.32170065E+04  0.32170836E+04
  0.32171182E+04  0.32171133E+04  0.32170680E+04  0.32169776E+04  0.32168333E+04
  0.32166222E+04  0.32163256E+04  0.32159178E+04  0.32153636E+04  0.32146154E+04
  0.32136082E+04  0.32122540E+04  0.32104337E+04  0.32079871E+04  0.32047010E+04
  0.32002910E+04  0.31943758E+04  0.31865387E+04  0.31762849E+04  0.31630529E+04
  0.31463714E+04  0.31259819E+04  0.31022111E+04  0.30759483E+04  0.30481920E+04
  0.30195417E+04  0.29902625E+04  0.29607230E+04  0.29313957E+04  0.29026981E+04
  0.28748570E+04  0.28479108E+04  0.28217670E+04  0.27962898E+04  0.27713508E+04
  0.27468569E+04  0.27227803E+04  0.26991590E+04  0.26759931E+04  0.26531959E+04
  0.26306840E+04  0.26084225E+04  0.25864038E+04  0.25646327E+04  0.25431199E+04
  0.25218782E+04  0.25009212E+04  0.24802611E+04  0.24599085E+04  0.24398711E+04
  0.24201536E+04  0.24007583E+04  0.23816857E+04  0.23629356E+04  0.23445070E+04
  0.23263994E+04  0.23086130E+04  0.22911500E+04  0.22740146E+04  0.22572134E+04
  0.22407548E+04  0.22246490E+04  0.22089069E+04  0.21935401E+04  0.21785613E+04
  0.21639788E+04  0.21498011E+04  0.21360414E+04  0.21227092E+04  0.21098088E+04
  0.20973405E+04  0.20853019E+04  0.20736876E+04  0.20624899E+04  0.20516991E+04
  0.20413034E+04  0.20312896E+04  0.20216432E+04  0.20123487E+04  0.20033898E+04
  0.19947497E+04  0.19864108E+04  0.19783554E+04  0.19705651E+04  0.19630221E+04
  0.19557064E+04  0.19486044E+04  0.19416859E+04  0.19349647E+04  0.19283216E+04
  0.19220585E+04  0.19143235E+04  0.19095091E+04  0.32164374E+04  0.32160439E+04
  0.32159769E+04  0.32164740E+04  0.32167506E+04  0.32169310E+04  0.32170549E+04
  0.32171311E+04  0.32171645E+04  0.32171577E+04  0.32171100E+04  0.32170167E+04
  0.32168695E+04  0.32166554E+04  0.32163559E+04  0.32159452E+04  0.32153884E+04
  0.32146376E+04  0.32136279E+04  0.32122710E+04  0.32104476E+04  0.32079976E+04
  0.32047078E+04  0.32002937E+04  0.31943737E+04  0.31865317E+04  0.31762727E+04
  0.31630354E+04  0.31463488E+04  0.31259547E+04  0.31021794E+04  0.30759111E+04
  0.30481485E+04  0.30194938E+04  0.29902153E+04  0.29606825E+04  0.29313670E+04
  0.29026842E+04  0.28748567E+04  0.28479202E+04  0.28217806E+04  0.27963019E+04
  0.27713565E+04  0.27468518E+04  0.27227611E+04  0.26991235E+04  0.26759396E+04
  0.26531237E+04  0.26305935E+04  0.26083144E+04  0.25862786E+04  0.25644913E+04
  0.25429630E+04  0.25217068E+04  0.25007359E+04  0.24800627E+04  0.24596971E+04
  0.24396466E+04  0.24199157E+04  0.24005066E+04  0.23814205E+04  0.23626571E+04
  0.23442167E+04  0.23260995E+04  0.23083075E+04  0.22908446E+04  0.22737169E+04
  0.22569326E+04  0.22405017E+04  0.22244351E+04  0.22087440E+04  0.21934416E+04
  0.21785379E+04  0.21640412E+04  0.21499644E+04  0.21363169E+04  0.21231027E+04
  0.21103221E+04  0.20979728E+04  0.20860497E+04  0.20745460E+04  0.20634527E+04
  0.20527592E+04  0.20424529E+04  0.20325199E+04  0.20229450E+04  0.20137124E+04
  0.20048052E+04  0.19962063E+04  0.19878982E+04  0.19798629E+04  0.19720825E+04
  0.19645395E+04  0.19572144E+04  0.19500942E+04  0.19431495E+04  0.19363949E+04
  0.19297119E+04  0.19234060E+04  0.19156101E+04  0.19107564E+04  0.32164231E+04
  0.32160497E+04  0.32160235E+04  0.32165479E+04  0.32168315E+04  0.32170118E+04
  0.32171338E+04  0.32172075E+04  0.32172379E+04  0.32172279E+04  0.32171766E+04
  0.32170793E+04  0.32169281E+04  0.32167100E+04  0.32164064E+04  0.32159915E+04
  0.32154304E+04  0.32146754E+04  0.32136614E+04  0.32123000E+04  0.32104719E+04
  0.32080166E+04  0.32047211E+04  0.32003007E+04  0.31943733E+04  0.31865231E+04
  0.31762555E+04  0.31630087E+04  0.31463126E+04  0.31259091E+04  0.31021243E+04
  0.30758451E+04  0.30480710E+04  0.30194083E+04  0.29901291E+04  0.29606046E+04
  0.29313050E+04  0.29026423E+04  0.28748334E+04  0.28479101E+04  0.28217762E+04
  0.27962956E+04  0.27713409E+04  0.27468207E+04  0.27227096E+04  0.26990486E+04
  0.26758396E+04  0.26529980E+04  0.26304423E+04  0.26081384E+04  0.25860786E+04
  0.25642680E+04  0.25427176E+04  0.25214403E+04  0.25004494E+04  0.24797568E+04
  0.24593722E+04  0.24393023E+04  0.24195516E+04  0.24001225E+04  0.23810165E+04
  0.23622343E+04  0.23437770E+04  0.23256470E+04  0.23078482E+04  0.22903872E+04
  0.22732723E+04  0.22565139E+04  0.22401235E+04  0.22241134E+04  0.22084953E+04
  0.21932836E+04  0.21784828E+04  0.21641038E+04  0.21501637E+04  0.21366637E+04
  0.21236023E+04  0.21109760E+04  0.20987798E+04  0.20870063E+04  0.20756464E+04
  0.20646894E+04  0.20541228E+04  0.20439331E+04  0.20341051E+04  0.20246230E+04
  0.20154703E+04  0.20066299E+04  0.19980843E+04  0.19898159E+04  0.19818070E+04
  0.19740398E+04  0.19664975E+04  0.19591613E+04  0.19520190E+04  0.19450423E+04
  0.19382464E+04  0.19315140E+04  0.19251548E+04  0.19172825E+04  0.19123791E+04
  0.32164048E+04  0.32160587E+04  0.32160887E+04  0.32166516E+04  0.32169462E+04
  0.32171269E+04  0.32172461E+04  0.32173159E+04  0.32173418E+04  0.32173270E+04
  0.32172709E+04  0.32171687E+04  0.32170124E+04  0.32167891E+04  0.32164800E+04
  0.32160595E+04  0.32154926E+04  0.32147316E+04  0.32137115E+04  0.32123437E+04
  0.32105089E+04  0.32080464E+04  0.32047430E+04  0.32003138E+04  0.31943763E+04
  0.31865149E+04  0.31762351E+04  0.31629749E+04  0.31462648E+04  0.31258473E+04
  0.31020483E+04  0.30757534E+04  0.30479634E+04  0.30192891E+04  0.29900084E+04
  0.29604938E+04  0.29312146E+04  0.29025778E+04  0.28747927E+04  0.28478859E+04
  0.28217593E+04  0.27962759E+04  0.27713095E+04  0.27467699E+04  0.27226334E+04
  0.26989434E+04  0.26757035E+04  0.26528302E+04  0.26302432E+04  0.26079088E+04
  0.25858195E+04  0.25639805E+04  0.25424029E+04  0.25210997E+04  0.25000842E+04
  0.24793679E+04  0.24589596E+04  0.24388659E+04  0.24190909E+04  0.23996375E+04
  0.23805077E+04  0.23617034E+04  0.23432275E+04  0.23250848E+04  0.23072822E+04
  0.22898293E+04  0.22727372E+04  0.22560188E+04  0.22396873E+04  0.22237558E+04
  0.22082372E+04  0.21931430E+04  0.21784769E+04  0.21642499E+04  0.21504755E+04
  0.21371522E+04  0.21242737E+04  0.21118323E+04  0.20998191E+04  0.20882242E+04
  0.20770360E+04  0.20662414E+04  0.20558260E+04  0.20457745E+04  0.20360709E+04
  0.20266984E+04  0.20176400E+04  0.20088782E+04  0.20003956E+04  0.19921744E+04
  0.19841973E+04  0.19764469E+04  0.19689073E+04  0.19615604E+04  0.19543950E+04
  0.19473841E+04  0.19405433E+04  0.19337565E+04  0.19273382E+04  0.19193797E+04
  0.19144201E+04  0.32163832E+04  0.32160712E+04  0.32161724E+04  0.32167854E+04
  0.32170952E+04  0.32172771E+04  0.32173929E+04  0.32174576E+04  0.32174775E+04
  0.32174567E+04  0.32173947E+04  0.32172867E+04  0.32171246E+04  0.32168950E+04
  0.32165793E+04  0.32161517E+04  0.32155773E+04  0.32148086E+04  0.32137805E+04
  0.32124044E+04  0.32105607E+04  0.32080889E+04  0.32047753E+04  0.32003348E+04
  0.31943844E+04  0.31865087E+04  0.31762131E+04  0.31629357E+04  0.31462077E+04
  0.31257718E+04  0.31019542E+04  0.30756395E+04  0.30478296E+04  0.30191411E+04
  0.29898582E+04  0.29603558E+04  0.29311017E+04  0.29024969E+04  0.28747412E+04
  0.28478549E+04  0.28217375E+04  0.27962514E+04  0.27712713E+04  0.27467088E+04
  0.27225426E+04  0.26988189E+04  0.26755432E+04  0.26526336E+04  0.26300107E+04
  0.26076416E+04  0.25855191E+04  0.25636483E+04  0.25420404E+04  0.25207088E+04
  0.24996664E+04  0.24789242E+04  0.24584903E+04  0.24383707E+04  0.24185697E+04
  0.23990906E+04  0.23799363E+04  0.23611105E+04  0.23426185E+04  0.23244684E+04
  0.23066708E+04  0.22892383E+04  0.22721856E+04  0.22555276E+04  0.22392795E+04
  0.22234546E+04  0.22080657E+04  0.21931183E+04  0.21786225E+04  0.21645892E+04
  0.21510168E+04  0.21379022E+04  0.21252364E+04  0.21130079E+04  0.21012041E+04
  0.20898121E+04  0.20788176E+04  0.20682053E+04  0.20579590E+04  0.20480618E+04
  0.20384966E+04  0.20292461E+04  0.20202926E+04  0.20116185E+04  0.20032062E+04
  0.19950383E+04  0.19870979E+04  0.19793684E+04  0.19718345E+04  0.19644793E+04
  0.19572926E+04  0.19502485E+04  0.19433631E+04  0.19365213E+04  0.19300425E+04
  0.19219947E+04  0.19169765E+04  0.32163588E+04  0.32160872E+04  0.32162739E+04
  0.32169480E+04  0.32172773E+04  0.32174615E+04  0.32175737E+04  0.32176320E+04
  0.32176448E+04  0.32176172E+04  0.32175489E+04  0.32174349E+04  0.32172663E+04
  0.32170294E+04  0.32167057E+04  0.32162695E+04  0.32156860E+04  0.32149079E+04
  0.32138700E+04  0.32124837E+04  0.32106292E+04  0.32081458E+04  0.32048196E+04
  0.32003652E+04  0.31943992E+04  0.31865061E+04  0.31761912E+04  0.31628928E+04
  0.31461428E+04  0.31256844E+04  0.31018442E+04  0.30755060E+04  0.30476728E+04
  0.30189679E+04  0.29896826E+04  0.29601955E+04  0.29309723E+04  0.29024057E+04
  0.28746854E+04  0.28478242E+04  0.28217184E+04  0.27962299E+04  0.27712347E+04
  0.27466466E+04  0.27224471E+04  0.26986860E+04  0.26753715E+04  0.26524228E+04
  0.26297619E+04  0.26073565E+04  0.25851998E+04  0.25632972E+04  0.25416599E+04
  0.25203011E+04  0.24992334E+04  0.24784670E+04  0.24580093E+04  0.24378658E+04
  0.24180410E+04  0.23985389E+04  0.23793639E+04  0.23605219E+04  0.23420219E+04
  0.23238758E+04  0.23060983E+04  0.22887055E+04  0.22717157E+04  0.22551463E+04
  0.22390118E+04  0.22233247E+04  0.22080993E+04  0.21933356E+04  0.21790474E+04
  0.21652470E+04  0.21519168E+04  0.21390450E+04  0.21266199E+04  0.21146281E+04
  0.21030550E+04  0.20918845E+04  0.20811000E+04  0.20706842E+04  0.20606193E+04
  0.20508873E+04  0.20414702E+04  0.20323501E+04  0.20235087E+04  0.20149282E+04
  0.20065914E+04  0.19984812E+04  0.19905815E+04  0.19828768E+04  0.19753527E+04
  0.19679932E+04  0.19607890E+04  0.19537156E+04  0.19467894E+04  0.19398962E+04
  0.19333599E+04  0.19252251E+04  0.19201493E+04  0.32163322E+04  0.32161065E+04
  0.32163921E+04  0.32171379E+04  0.32174902E+04  0.32176781E+04  0.32177864E+04
  0.32178372E+04  0.32178422E+04  0.32178082E+04  0.32177341E+04  0.32176141E+04
  0.32174382E+04  0.32171931E+04  0.32168601E+04  0.32164140E+04  0.32158199E+04
  0.32150308E+04  0.32139814E+04  0.32125830E+04  0.32107157E+04  0.32082185E+04
  0.32048774E+04  0.32004065E+04  0.31944222E+04  0.31865086E+04  0.31761706E+04
  0.31628474E+04  0.31460716E+04  0.31255867E+04  0.31017200E+04  0.30753546E+04
  0.30474951E+04  0.30187723E+04  0.29894848E+04  0.29600166E+04  0.29308307E+04
  0.29023094E+04  0.28746309E+04  0.28477994E+04  0.28217079E+04  0.27962177E+04
  0.27712070E+04  0.27465918E+04  0.27223575E+04  0.26985585E+04  0.26752055E+04
  0.26522189E+04  0.26295219E+04  0.26070833E+04  0.25848966E+04  0.25629673E+04
  0.25413065E+04  0.25199270E+04  0.24988405E+04  0.24780562E+04  0.24575805E+04
  0.24374188E+04  0.24175759E+04  0.23980570E+04  0.23788687E+04  0.23600202E+04
  0.23415249E+04  0.23233993E+04  0.23056625E+04  0.22883355E+04  0.22714378E+04
  0.22549876E+04  0.22390003E+04  0.22234908E+04  0.22084674E+04  0.21939327E+04
  0.21798966E+04  0.21663564E+04  0.21532918E+04  0.21406845E+04  0.21285193E+04
  0.21167806E+04  0.21054517E+04  0.20945144E+04  0.20839497E+04  0.20737385E+04
  0.20638617E+04  0.20543003E+04  0.20450358E+04  0.20360494E+04  0.20273230E+04
  0.20188389E+04  0.20105803E+04  0.20025311E+04  0.19946760E+04  0.19870002E+04
  0.19794903E+04  0.19721313E+04  0.19649147E+04  0.19578169E+04  0.19508545E+04
  0.19439142E+04  0.19373241E+04  0.19291058E+04  0.19239744E+04  0.32163039E+04
  0.32161291E+04  0.32165255E+04  0.32173522E+04  0.32177310E+04  0.32179236E+04
  0.32180276E+04  0.32180700E+04  0.32180679E+04  0.32180298E+04  0.32179510E+04
  0.32178244E+04  0.32176404E+04  0.32173858E+04  0.32170424E+04  0.32165851E+04
  0.32159792E+04  0.32151776E+04  0.32141152E+04  0.32127031E+04  0.32108211E+04
  0.32083081E+04  0.32049498E+04  0.32004598E+04  0.31944545E+04  0.31865171E+04
  0.31761525E+04  0.31628007E+04  0.31459950E+04  0.31254795E+04  0.31015824E+04
  0.30751863E+04  0.30472977E+04  0.30185556E+04  0.29892672E+04  0.29598221E+04
  0.29306803E+04  0.29022122E+04  0.28745828E+04  0.28477865E+04  0.28217124E+04
  0.27962222E+04  0.27711965E+04  0.27465556E+04  0.27222897E+04  0.26984569E+04
  0.26750707E+04  0.26520528E+04  0.26293276E+04  0.26068647E+04  0.25846575E+04
  0.25627111E+04  0.25410364E+04  0.25196457E+04  0.24985488E+04  0.24777537E+04
  0.24572662E+04  0.24370918E+04  0.24172363E+04  0.23977066E+04  0.23785126E+04
  0.23596683E+04  0.23411923E+04  0.23231066E+04  0.23054348E+04  0.22882012E+04
  0.22714275E+04  0.22551329E+04  0.22393334E+04  0.22240448E+04  0.22092610E+04
  0.21949921E+04  0.21812426E+04  0.21679828E+04  0.21551952E+04  0.21428620E+04
  0.21309648E+04  0.21194850E+04  0.21084035E+04  0.20977000E+04  0.20873539E+04
  0.20773448E+04  0.20676526E+04  0.20582575E+04  0.20491405E+04  0.20402830E+04
  0.20316673E+04  0.20232761E+04  0.20150932E+04  0.20071033E+04  0.19992917E+04
  0.19916444E+04  0.19841487E+04  0.19767902E+04  0.19695612E+04  0.19624390E+04
  0.19554403E+04  0.19484526E+04  0.19418087E+04  0.19335073E+04  0.19283206E+04
  0.32162740E+04  0.32161540E+04  0.32166716E+04  0.32175874E+04  0.32179957E+04
  0.32181943E+04  0.32182944E+04  0.32183310E+04  0.32183251E+04  0.32182837E+04
  0.32181995E+04  0.32180650E+04  0.32178715E+04  0.32176065E+04  0.32172518E+04
  0.32167823E+04  0.32161635E+04  0.32153483E+04  0.32142717E+04  0.32128444E+04
  0.32109462E+04  0.32084155E+04  0.32050377E+04  0.32005261E+04  0.31944973E+04
  0.31865329E+04  0.31761376E+04  0.31627536E+04  0.31459140E+04  0.31253637E+04
  0.31014322E+04  0.30750020E+04  0.30470817E+04  0.30183195E+04  0.29890321E+04
  0.29596150E+04  0.29305253E+04  0.29021192E+04  0.28745467E+04  0.28477920E+04
  0.28217408E+04  0.27962551E+04  0.27712183E+04  0.27465556E+04  0.27222626E+04
  0.26984038E+04  0.26749954E+04  0.26519589E+04  0.26292184E+04  0.26067433E+04
  0.25845266E+04  0.25625725E+04  0.25408910E+04  0.25194929E+04  0.24983875E+04
  0.24775818E+04  0.24570815E+04  0.24368928E+04  0.24170234E+04  0.23974831E+04
  0.23782865E+04  0.23594538E+04  0.23410096E+04  0.23229817E+04  0.23053991E+04
  0.22882886E+04  0.22716735E+04  0.22555722E+04  0.22399995E+04  0.22249588E+04
  0.22104461E+04  0.21964681E+04  0.21830088E+04  0.21700358E+04  0.21575299E+04
  0.21454716E+04  0.21338400E+04  0.21226143E+04  0.21117723E+04  0.21012923E+04
  0.20911525E+04  0.20813318E+04  0.20718097E+04  0.20625662E+04  0.20535822E+04
  0.20448393E+04  0.20363202E+04  0.20280085E+04  0.20198884E+04  0.20119451E+04
  0.20041650E+04  0.19965348E+04  0.19890425E+04  0.19816748E+04  0.19744248E+04
  0.19672711E+04  0.19602304E+04  0.19531914E+04  0.19464910E+04  0.19381058E+04
  0.19328640E+04  0.32162424E+04  0.32161801E+04  0.32168267E+04  0.32178383E+04
  0.32182790E+04  0.32184863E+04  0.32185875E+04  0.32186252E+04  0.32186184E+04
  0.32185710E+04  0.32184778E+04  0.32183335E+04  0.32181296E+04  0.32178534E+04
  0.32174868E+04  0.32170045E+04  0.32163721E+04  0.32155425E+04  0.32144506E+04
  0.32130070E+04  0.32110911E+04  0.32085411E+04  0.32051418E+04  0.32006063E+04
  0.31945515E+04  0.31865568E+04  0.31761271E+04  0.31627069E+04  0.31458295E+04
  0.31252402E+04  0.31012704E+04  0.30748029E+04  0.30468488E+04  0.30180667E+04
  0.29887832E+04  0.29594010E+04  0.29303730E+04  0.29020394E+04  0.28745334E+04
  0.28478288E+04  0.28218084E+04  0.27963347E+04  0.27712952E+04  0.27466196E+04
  0.27223098E+04  0.26984373E+04  0.26750188E+04  0.26519737E+04  0.26292249E+04
  0.26067407E+04  0.25845131E+04  0.25625460E+04  0.25408507E+04  0.25194376E+04
  0.24983144E+04  0.24774871E+04  0.24569621E+04  0.24367472E+04  0.24168530E+04
  0.23972940E+04  0.23780916E+04  0.23592732E+04  0.23408708E+04  0.23229185E+04
  0.23054481E+04  0.22884881E+04  0.22720611E+04  0.22561800E+04  0.22408570E+04
  0.22260795E+04  0.22118554E+04  0.21981801E+04  0.21850081E+04  0.21723171E+04
  0.21600860E+04  0.21482924E+04  0.21369134E+04  0.21259257E+04  0.21153054E+04
  0.21050293E+04  0.20950751E+04  0.20854216E+04  0.20760482E+04  0.20669348E+04
  0.20580622E+04  0.20494124E+04  0.20409687E+04  0.20327153E+04  0.20246377E+04
  0.20167219E+04  0.20089553E+04  0.20013256E+04  0.19938220E+04  0.19864322E+04
  0.19791505E+04  0.19719565E+04  0.19648678E+04  0.19577734E+04  0.19510147E+04
  0.19425468E+04  0.19372513E+04  0.32162100E+04  0.32162059E+04  0.32169852E+04
  0.32180977E+04  0.32185747E+04  0.32187967E+04  0.32189062E+04  0.32189504E+04
  0.32189425E+04  0.32188858E+04  0.32187816E+04  0.32186265E+04  0.32184116E+04
  0.32181240E+04  0.32177452E+04  0.32172499E+04  0.32166034E+04  0.32157589E+04
  0.32146511E+04  0.32131903E+04  0.32112557E+04  0.32086851E+04  0.32052626E+04
  0.32007012E+04  0.31946182E+04  0.31865900E+04  0.31761221E+04  0.31626621E+04
  0.31457428E+04  0.31251105E+04  0.31010989E+04  0.30745917E+04  0.30466031E+04
  0.30178026E+04  0.29885281E+04  0.29591895E+04  0.29302347E+04  0.29019856E+04
  0.28745583E+04  0.28479157E+04  0.28219367E+04  0.27964853E+04  0.27714531E+04
  0.27467753E+04  0.27224603E+04  0.26985827E+04  0.26751564E+04  0.26520976E+04
  0.26293276E+04  0.26068147E+04  0.25845566E+04  0.25625599E+04  0.25408322E+04
  0.25193821E+04  0.24982173E+04  0.24773445E+04  0.24567717E+04  0.24365096E+04
  0.24165731E+04  0.23969837E+04  0.23777712E+04  0.23589714E+04  0.23406240E+04
  0.23227669E+04  0.23054323E+04  0.22886465E+04  0.22724281E+04  0.22567889E+04
  0.22417276E+04  0.22272337E+04  0.22133036E+04  0.21999116E+04  0.21870185E+04
  0.21746003E+04  0.21626325E+04  0.21510894E+04  0.21399461E+04  0.21291770E+04
  0.21187572E+04  0.21086630E+04  0.20988721E+04  0.20893630E+04  0.20801147E+04
  0.20711074E+04  0.20623224E+04  0.20537429E+04  0.20453529E+04  0.20371381E+04
  0.20290848E+04  0.20211805E+04  0.20134134E+04  0.20057723E+04  0.19982474E+04
  0.19908275E+04  0.19835077E+04  0.19762685E+04  0.19691284E+04  0.19619768E+04
  0.19551592E+04  0.19466109E+04  0.19412638E+04  0.32161814E+04  0.32162349E+04
  0.32171464E+04  0.32183614E+04  0.32188785E+04  0.32191201E+04  0.32192413E+04
  0.32192912E+04  0.32192815E+04  0.32192176E+04  0.32191046E+04  0.32189396E+04
  0.32187141E+04  0.32184152E+04  0.32180243E+04  0.32175159E+04  0.32168554E+04
  0.32159956E+04  0.32148715E+04  0.32133931E+04  0.32114392E+04  0.32088471E+04
  0.32054003E+04  0.32008112E+04  0.31946982E+04  0.31866338E+04  0.31761243E+04
  0.31626211E+04  0.31456562E+04  0.31249772E+04  0.31009210E+04  0.30743730E+04
  0.30463506E+04  0.30175354E+04  0.29882774E+04  0.29589936E+04  0.29301253E+04
  0.29019752E+04  0.28746406E+04  0.28480725E+04  0.28221460E+04  0.27967259E+04
  0.27717077E+04  0.27470311E+04  0.27227085E+04  0.26988137E+04  0.26753576E+04
  0.26522538E+04  0.26294313E+04  0.26068665E+04  0.25845526E+04  0.25624956E+04
  0.25407035E+04  0.25191844E+04  0.24979472E+04  0.24770004E+04  0.24563547E+04
  0.24360249E+04  0.24160319E+04  0.23964058E+04  0.23771860E+04  0.23584174E+04
  0.23401439E+04  0.23224037E+04  0.23052299E+04  0.22886447E+04  0.22726604E+04
  0.22572836E+04  0.22424988E+04  0.22283023E+04  0.22146681E+04  0.22015492E+04
  0.21889251E+04  0.21767681E+04  0.21650489E+04  0.21537389E+04  0.21428110E+04
  0.21322385E+04  0.21219963E+04  0.21120609E+04  0.21024094E+04  0.20930201E+04
  0.20838723E+04  0.20749473E+04  0.20662280E+04  0.20576988E+04  0.20493452E+04
  0.20411538E+04  0.20331121E+04  0.20252085E+04  0.20174323E+04  0.20097731E+04
  0.20022222E+04  0.19947689E+04  0.19874092E+04  0.19801244E+04  0.19729332E+04
  0.19657255E+04  0.19588508E+04  0.19502257E+04  0.19448296E+04  0.32161578E+04
  0.32162694E+04  0.32173135E+04  0.32186313E+04  0.32191901E+04  0.32194515E+04
  0.32195815E+04  0.32196329E+04  0.32196229E+04  0.32195578E+04  0.32194400E+04
  0.32192676E+04  0.32190329E+04  0.32187235E+04  0.32183209E+04  0.32177996E+04
  0.32171250E+04  0.32162501E+04  0.32151096E+04  0.32136134E+04  0.32116400E+04
  0.32090260E+04  0.32055542E+04  0.32009363E+04  0.31947917E+04  0.31866890E+04
  0.31761351E+04  0.31625857E+04  0.31455722E+04  0.31248436E+04  0.31007410E+04
  0.30741524E+04  0.30460986E+04  0.30172742E+04  0.29880416E+04  0.29588253E+04
  0.29300583E+04  0.29020219E+04  0.28747934E+04  0.28483095E+04  0.28224413E+04
  0.27970538E+04  0.27720447E+04  0.27473566E+04  0.27230027E+04  0.26990530E+04
  0.26755246E+04  0.26523441E+04  0.26294400E+04  0.26067882E+04  0.25843823E+04
  0.25622286E+04  0.25403391E+04  0.25187234E+04  0.24973898E+04  0.24763482E+04
  0.24556124E+04  0.24352026E+04  0.24151481E+04  0.23954895E+04  0.23762764E+04
  0.23575596E+04  0.23393846E+04  0.23217907E+04  0.23048078E+04  0.22884525E+04
  0.22727312E+04  0.22576350E+04  0.22431475E+04  0.22292517E+04  0.22159068E+04
  0.22030691E+04  0.21907107E+04  0.21788017E+04  0.21673119E+04  0.21562121E+04
  0.21454748E+04  0.21350736E+04  0.21249838E+04  0.21151812E+04  0.21056431E+04
  0.20963483E+04  0.20872780E+04  0.20784149E+04  0.20697432E+04  0.20612487E+04
  0.20529178E+04  0.20447382E+04  0.20366985E+04  0.20287878E+04  0.20209965E+04
  0.20133150E+04  0.20057354E+04  0.19982479E+04  0.19908489E+04  0.19835203E+04
  0.19762813E+04  0.19690216E+04  0.19620943E+04  0.19533985E+04  0.19479573E+04
  0.32161432E+04  0.32163098E+04  0.32174867E+04  0.32189109E+04  0.32195090E+04
  0.32197852E+04  0.32199198E+04  0.32199727E+04  0.32199647E+04  0.32199008E+04
  0.32197817E+04  0.32196047E+04  0.32193630E+04  0.32190444E+04  0.32186309E+04
  0.32180975E+04  0.32174093E+04  0.32165193E+04  0.32153626E+04  0.32138488E+04
  0.32118557E+04  0.32092196E+04  0.32057224E+04  0.32010751E+04  0.31948977E+04
  0.31867550E+04  0.31761550E+04  0.31625573E+04  0.31454929E+04  0.31247127E+04
  0.31005626E+04  0.30739340E+04  0.30458514E+04  0.30170230E+04  0.29878244E+04
  0.29586871E+04  0.29300348E+04  0.29021241E+04  0.28750088E+04  0.28486109E+04
  0.28227960E+04  0.27974286E+04  0.27724075E+04  0.27476777E+04  0.27232489E+04
  0.26992034E+04  0.26755723E+04  0.26522828E+04  0.26292629E+04  0.26064874E+04
  0.25839591E+04  0.25616875E+04  0.25396824E+04  0.25179526E+04  0.24965065E+04
  0.24753564E+04  0.24545207E+04  0.24340268E+04  0.24139151E+04  0.23942384E+04
  0.23750545E+04  0.23564173E+04  0.23383743E+04  0.23209631E+04  0.23042066E+04
  0.22881130E+04  0.22726775E+04  0.22578800E+04  0.22436980E+04  0.22300937E+04
  0.22170231E+04  0.22044520E+04  0.21923438E+04  0.21806657E+04  0.21693862E+04
  0.21584765E+04  0.21479090E+04  0.21376578E+04  0.21276977E+04  0.21180050E+04
  0.21085583E+04  0.20993383E+04  0.20903276E+04  0.20815105E+04  0.20728723E+04
  0.20643999E+04  0.20560808E+04  0.20479038E+04  0.20398584E+04  0.20319348E+04
  0.20241241E+04  0.20164176E+04  0.20088082E+04  0.20012865E+04  0.19938498E+04
  0.19864803E+04  0.19791976E+04  0.19718914E+04  0.19649176E+04  0.19561598E+04
  0.19506791E+04  0.32161388E+04  0.32163544E+04  0.32176590E+04  0.32191913E+04
  0.32198283E+04  0.32201168E+04  0.32202567E+04  0.32203130E+04  0.32203065E+04
  0.32202433E+04  0.32201235E+04  0.32199441E+04  0.32196977E+04  0.32193723E+04
  0.32189499E+04  0.32184056E+04  0.32177046E+04  0.32168002E+04  0.32156276E+04
  0.32140961E+04  0.32120833E+04  0.32094249E+04  0.32059018E+04  0.32012245E+04
  0.31950132E+04  0.31868297E+04  0.31761825E+04  0.31625351E+04  0.31454182E+04
  0.31245847E+04  0.31003860E+04  0.30737165E+04  0.30456050E+04  0.30167748E+04
  0.29876156E+04  0.29585646E+04  0.29300345E+04  0.29022538E+04  0.28752501E+04
  0.28489294E+04  0.28231516E+04  0.27977805E+04  0.27727167E+04  0.27479076E+04
  0.27233746E+04  0.26992098E+04  0.26754447E+04  0.26520107E+04  0.26288454E+04
  0.26059303E+04  0.25832671E+04  0.25608644E+04  0.25387312E+04  0.25168752E+04
  0.24953059E+04  0.24740389E+04  0.24530993E+04  0.24325246E+04  0.24123693E+04
  0.23926972E+04  0.23735718E+04  0.23550501E+04  0.23371787E+04  0.23199885E+04
  0.23034925E+04  0.22876873E+04  0.22725548E+04  0.22580677E+04  0.22441854E+04
  0.22308607E+04  0.22180541E+04  0.22057288E+04  0.21938484E+04  0.21823784E+04
  0.21712871E+04  0.21605453E+04  0.21501254E+04  0.21400010E+04  0.21301475E+04
  0.21205430E+04  0.21111681E+04  0.21020054E+04  0.20930387E+04  0.20842536E+04
  0.20756367E+04  0.20671758E+04  0.20588597E+04  0.20506782E+04  0.20426219E+04
  0.20346817E+04  0.20268497E+04  0.20191179E+04  0.20114796E+04  0.20039263E+04
  0.19964555E+04  0.19890498E+04  0.19817293E+04  0.19743832E+04  0.19673701E+04
  0.19585604E+04  0.19530467E+04  0.32161410E+04  0.32164031E+04  0.32178294E+04
  0.32194666E+04  0.32201448E+04  0.32204492E+04  0.32205952E+04  0.32206535E+04
  0.32206467E+04  0.32205822E+04  0.32204606E+04  0.32202788E+04  0.32200293E+04
  0.32196995E+04  0.32192712E+04  0.32187186E+04  0.32180069E+04  0.32170893E+04
  0.32159014E+04  0.32143525E+04  0.32123198E+04  0.32096385E+04  0.32060888E+04
  0.32013805E+04  0.31951340E+04  0.31869086E+04  0.31762135E+04  0.31625149E+04
  0.31453436E+04  0.31244548E+04  0.31002041E+04  0.30734888E+04  0.30453430E+04
  0.30165075E+04  0.29873872E+04  0.29584242E+04  0.29300169E+04  0.29023625E+04
  0.28754613E+04  0.28492030E+04  0.28234422E+04  0.27980414E+04  0.27729076E+04
  0.27479986E+04  0.27233442E+04  0.26990341E+04  0.26751081E+04  0.26515150E+04
  0.26281947E+04  0.26051296E+04  0.25823215E+04  0.25597779E+04  0.25375060E+04
  0.25155132E+04  0.24938116E+04  0.24724224E+04  0.24513797E+04  0.24307351E+04
  0.24105573E+04  0.23909192E+04  0.23718886E+04  0.23535230E+04  0.23358632E+04
  0.23189294E+04  0.23027224E+04  0.22872232E+04  0.22724047E+04  0.22582269E+04
  0.22446367E+04  0.22315865E+04  0.22190330E+04  0.22069366E+04  0.21952614E+04
  0.21839743E+04  0.21730449E+04  0.21624446E+04  0.21521455E+04  0.21421224E+04
  0.21323526E+04  0.21228163E+04  0.21134960E+04  0.21043753E+04  0.20954397E+04
  0.20866758E+04  0.20780715E+04  0.20696155E+04  0.20612979E+04  0.20531092E+04
  0.20450409E+04  0.20370848E+04  0.20292336E+04  0.20214799E+04  0.20138175E+04
  0.20062381E+04  0.19987398E+04  0.19913054E+04  0.19839549E+04  0.19765775E+04
  0.19695334E+04  0.19606829E+04  0.19551431E+04  0.32161508E+04  0.32164593E+04
  0.32180047E+04  0.32197441E+04  0.32204639E+04  0.32207840E+04  0.32209340E+04
  0.32209916E+04  0.32209821E+04  0.32209138E+04  0.32207885E+04  0.32206034E+04
  0.32203511E+04  0.32200186E+04  0.32195869E+04  0.32190295E+04  0.32183103E+04
  0.32173820E+04  0.32161802E+04  0.32146147E+04  0.32125622E+04  0.32098577E+04
  0.32062805E+04  0.32015398E+04  0.31952568E+04  0.31869873E+04  0.31762409E+04
  0.31624881E+04  0.31452593E+04  0.31243106E+04  0.31000011E+04  0.30732297E+04
  0.30450379E+04  0.30161879E+04  0.29871015E+04  0.29582248E+04  0.29299380E+04
  0.29024037E+04  0.28755938E+04  0.28493830E+04  0.28236204E+04  0.27981738E+04
  0.27729586E+04  0.27479375E+04  0.27231397E+04  0.26986651E+04  0.26745723E+04
  0.26508140E+04  0.26273319E+04  0.26041092E+04  0.25811473E+04  0.25584523E+04
  0.25360302E+04  0.25138895E+04  0.24920462E+04  0.24705306E+04  0.24493903E+04
  0.24286931E+04  0.24085200E+04  0.23889510E+04  0.23700562E+04  0.23518887E+04
  0.23344788E+04  0.23178335E+04  0.23019363E+04  0.22867566E+04  0.22722511E+04
  0.22583664E+04  0.22450515E+04  0.22322569E+04  0.22199358E+04  0.22080485E+04
  0.21965596E+04  0.21854364E+04  0.21746492E+04  0.21641698E+04  0.21539723E+04
  0.21440335E+04  0.21343332E+04  0.21248532E+04  0.21155774E+04  0.21064909E+04
  0.20975803E+04  0.20888334E+04  0.20802391E+04  0.20717874E+04  0.20634691E+04
  0.20552755E+04  0.20471988E+04  0.20392314E+04  0.20313667E+04  0.20235976E+04
  0.20159182E+04  0.20083207E+04  0.20008032E+04  0.19933485E+04  0.19859769E+04
  0.19785772E+04  0.19715109E+04  0.19626303E+04  0.19570712E+04  0.32161657E+04
  0.32165189E+04  0.32181840E+04  0.32200272E+04  0.32207864E+04  0.32211185E+04
  0.32212687E+04  0.32213221E+04  0.32213070E+04  0.32212329E+04  0.32211023E+04
  0.32209133E+04  0.32206582E+04  0.32203238E+04  0.32198904E+04  0.32193308E+04
  0.32186078E+04  0.32176724E+04  0.32164595E+04  0.32148789E+04  0.32128074E+04
  0.32100795E+04  0.32064741E+04  0.32016993E+04  0.31953766E+04  0.31870589E+04
  0.31762568E+04  0.31624451E+04  0.31451527E+04  0.31241362E+04  0.30997567E+04
  0.30729146E+04  0.30446622E+04  0.30157855E+04  0.29867273E+04  0.29579364E+04
  0.29297688E+04  0.29023510E+04  0.28756266E+04  0.28494552E+04  0.28236836E+04
  0.27981830E+04  0.27728733E+04  0.27477231E+04  0.27227711E+04  0.26981270E+04
  0.26738589E+04  0.26499259E+04  0.26262717E+04  0.26028803E+04  0.25797530E+04
  0.25568946E+04  0.25343106E+04  0.25120118E+04  0.24900215E+04  0.24683807E+04
  0.24471548E+04  0.24264295E+04  0.24062960E+04  0.23868388E+04  0.23681259E+04
  0.23502012E+04  0.23330795E+04  0.23167514E+04  0.23011804E+04  0.22863271E+04
  0.22721313E+04  0.22585269E+04  0.22454697E+04  0.22329081E+04  0.22207976E+04
  0.22090992E+04  0.21977775E+04  0.21868002E+04  0.21761379E+04  0.21657641E+04
  0.21556553E+04  0.21457908E+04  0.21361519E+04  0.21267218E+04  0.21174858E+04
  0.21084302E+04  0.20995427E+04  0.20908125E+04  0.20822292E+04  0.20737837E+04
  0.20654678E+04  0.20572733E+04  0.20491929E+04  0.20412198E+04  0.20333476E+04
  0.20255695E+04  0.20178799E+04  0.20102712E+04  0.20027415E+04  0.19952739E+04
  0.19878885E+04  0.19804741E+04  0.19733927E+04  0.19644910E+04  0.19589181E+04
  0.32161829E+04  0.32165774E+04  0.32183617E+04  0.32203107E+04  0.32211055E+04
  0.32214454E+04  0.32215920E+04  0.32216376E+04  0.32216144E+04  0.32215332E+04
  0.32213971E+04  0.32212042E+04  0.32209467E+04  0.32206110E+04  0.32201771E+04
  0.32196168E+04  0.32188924E+04  0.32179534E+04  0.32167331E+04  0.32151402E+04
  0.32130514E+04  0.32103007E+04  0.32066665E+04  0.32018561E+04  0.31954901E+04
  0.31871190E+04  0.31762560E+04  0.31623783E+04  0.31450135E+04  0.31239180E+04
  0.30994546E+04  0.30725262E+04  0.30441993E+04  0.30152855E+04  0.29862521E+04
  0.29575489E+04  0.29295021E+04  0.29022009E+04  0.28755593E+04  0.28494221E+04
  0.28236352E+04  0.27980709E+04  0.27726545E+04  0.27473668E+04  0.27222529E+04
  0.26974286E+04  0.26729724E+04  0.26488513E+04  0.26250121E+04  0.26014399E+04
  0.25781360E+04  0.25551038E+04  0.25323489E+04  0.25098869E+04  0.24877506E+04
  0.24659964E+04  0.24447095E+04  0.24239923E+04  0.24039444E+04  0.23846510E+04
  0.23661722E+04  0.23485363E+04  0.23317391E+04  0.23157501E+04  0.23005182E+04
  0.22859873E+04  0.22720911E+04  0.22587626E+04  0.22459507E+04  0.22336078E+04
  0.22216910E+04  0.22101624E+04  0.21989884E+04  0.21881382E+04  0.21775846E+04
  0.21673031E+04  0.21572723E+04  0.21474731E+04  0.21378883E+04  0.21285024E+04
  0.21193018E+04  0.21102740E+04  0.21014079E+04  0.20926933E+04  0.20841210E+04
  0.20756827E+04  0.20673706E+04  0.20591774E+04  0.20510961E+04  0.20431202E+04
  0.20352437E+04  0.20274601E+04  0.20197642E+04  0.20121482E+04  0.20046104E+04
  0.19971342E+04  0.19897395E+04  0.19823151E+04  0.19752237E+04  0.19663076E+04
  0.19607254E+04  0.32161973E+04  0.32166264E+04  0.32185224E+04  0.32205782E+04
  0.32214093E+04  0.32217541E+04  0.32218939E+04  0.32219293E+04  0.32218968E+04
  0.32218086E+04  0.32216676E+04  0.32214717E+04  0.32212129E+04  0.32208770E+04
  0.32204435E+04  0.32198838E+04  0.32191594E+04  0.32182192E+04  0.32169946E+04
  0.32153928E+04  0.32132893E+04  0.32105174E+04  0.32068547E+04  0.32020074E+04
  0.31955956E+04  0.31871667E+04  0.31762359E+04  0.31622838E+04  0.31448360E+04
  0.31236489E+04  0.30990874E+04  0.30720582E+04  0.30436457E+04  0.30146886E+04
  0.29856794E+04  0.29570677E+04  0.29291453E+04  0.29019620E+04  0.28754004E+04
  0.28492916E+04  0.28234790E+04  0.27978407E+04  0.27723107E+04  0.27468751E+04
  0.27215856E+04  0.26965669E+04  0.26719093E+04  0.26475884E+04  0.26235546E+04
  0.25997944E+04  0.25763077E+04  0.25530965E+04  0.25301678E+04  0.25075438E+04
  0.24852703E+04  0.24634254E+04  0.24421149E+04  0.24214541E+04  0.24015481E+04
  0.23824765E+04  0.23642847E+04  0.23469794E+04  0.23305356E+04  0.23148990E+04
  0.23000105E+04  0.22857969E+04  0.22721828E+04  0.22591114E+04  0.22465270E+04
  0.22343848E+04  0.22226445E+04  0.22112696E+04  0.22002278E+04  0.21894908E+04
  0.21790334E+04  0.21688334E+04  0.21588709E+04  0.21491283E+04  0.21395898E+04
  0.21302414E+04  0.21210706E+04  0.21120658E+04  0.21032170E+04  0.20945150E+04
  0.20859514E+04  0.20775182E+04  0.20692085E+04  0.20610153E+04  0.20529324E+04
  0.20449533E+04  0.20370723E+04  0.20292833E+04  0.20215813E+04  0.20139588E+04
  0.20064143E+04  0.19989310E+04  0.19915292E+04  0.19840973E+04  0.19769989E+04
  0.19680735E+04  0.19624850E+04  0.32162045E+04  0.32166628E+04  0.32186620E+04
  0.32208222E+04  0.32216878E+04  0.32220327E+04  0.32221629E+04  0.32221882E+04
  0.32221476E+04  0.32220537E+04  0.32219094E+04  0.32217122E+04  0.32214535E+04
  0.32211186E+04  0.32206867E+04  0.32201288E+04  0.32194057E+04  0.32184655E+04
  0.32172391E+04  0.32156314E+04  0.32135158E+04  0.32107247E+04  0.32070343E+04
  0.32021497E+04  0.31956903E+04  0.31871997E+04  0.31761949E+04  0.31621600E+04
  0.31446188E+04  0.31233275E+04  0.30986542E+04  0.30715117E+04  0.30430039E+04
  0.30139993E+04  0.29850164E+04  0.29565016E+04  0.29287082E+04  0.29016432E+04
  0.28751585E+04  0.28490719E+04  0.28232251E+04  0.27975011E+04  0.27718421E+04
  0.27462435E+04  0.27207642E+04  0.26955383E+04  0.26706696E+04  0.26461431E+04
  0.26219121E+04  0.25979632E+04  0.25742940E+04  0.25509044E+04  0.25278043E+04
  0.25050261E+04  0.24826341E+04  0.24607307E+04  0.24394428E+04  0.24188956E+04
  0.23991926E+04  0.23804005E+04  0.23625429E+04  0.23456021E+04  0.23295283E+04
  0.23142498E+04  0.22996943E+04  0.22857818E+04  0.22724360E+04  0.22596006E+04
  0.22472234E+04  0.22352615E+04  0.22236775E+04  0.22124378E+04  0.22015119E+04
  0.21908735E+04  0.21804992E+04  0.21703683E+04  0.21604626E+04  0.21507661E+04
  0.21412643E+04  0.21319445E+04  0.21227954E+04  0.21138067E+04  0.21049690E+04
  0.20962738E+04  0.20877136E+04  0.20792811E+04  0.20709695E+04  0.20627727E+04
  0.20546847E+04  0.20466996E+04  0.20388118E+04  0.20310157E+04  0.20233064E+04
  0.20156766E+04  0.20081251E+04  0.20006351E+04  0.19932273E+04  0.19857898E+04
  0.19786865E+04  0.19697554E+04  0.19641632E+04  0.32162124E+04  0.32166985E+04
  0.32187905E+04  0.32210401E+04  0.32219305E+04  0.32222703E+04  0.32223901E+04
  0.32224073E+04  0.32223612E+04  0.32222640E+04  0.32221188E+04  0.32219223E+04
  0.32216653E+04  0.32213330E+04  0.32209042E+04  0.32203494E+04  0.32196289E+04
  0.32186899E+04  0.32174629E+04  0.32158513E+04  0.32137261E+04  0.32109177E+04
  0.32072007E+04  0.32022789E+04  0.31957707E+04  0.31872152E+04  0.31761308E+04
  0.31620057E+04  0.31443612E+04  0.31229539E+04  0.30981560E+04  0.30708878E+04
  0.30422750E+04  0.30132189E+04  0.29842652E+04  0.29558533E+04  0.29281928E+04
  0.29012452E+04  0.28748315E+04  0.28487576E+04  0.28228641E+04  0.27970406E+04
  0.27712394E+04  0.27454657E+04  0.27197865E+04  0.26943475E+04  0.26692666E+04
  0.26445370E+04  0.26201136E+04  0.25959810E+04  0.25721330E+04  0.25485677E+04
  0.25253013E+04  0.25023808E+04  0.24798958E+04  0.24579753E+04  0.24367634E+04
  0.24163903E+04  0.23969501E+04  0.23784890E+04  0.23610031E+04  0.23444478E+04
  0.23287478E+04  0.23138225E+04  0.22995842E+04  0.22859458E+04  0.22728435E+04
  0.22602212E+04  0.22480298E+04  0.22362280E+04  0.22247808E+04  0.22136572E+04
  0.22028294E+04  0.21922730E+04  0.21819662E+04  0.21718899E+04  0.21620277E+04
  0.21523651E+04  0.21428889E+04  0.21335874E+04  0.21244507E+04  0.21154694E+04
  0.21066349E+04  0.20979395E+04  0.20893762E+04  0.20809386E+04  0.20726203E+04
  0.20644156E+04  0.20563189E+04  0.20483247E+04  0.20404280E+04  0.20326232E+04
  0.20249056E+04  0.20172681E+04  0.20097099E+04  0.20022143E+04  0.19948021E+04
  0.19873614E+04  0.19802558E+04  0.19713229E+04  0.19657298E+04  0.32162272E+04
  0.32167369E+04  0.32189006E+04  0.32212149E+04  0.32221212E+04  0.32224562E+04
  0.32225688E+04  0.32225811E+04  0.32225330E+04  0.32224360E+04  0.32222926E+04
  0.32220990E+04  0.32218458E+04  0.32215181E+04  0.32210940E+04  0.32205439E+04
  0.32198272E+04  0.32188907E+04  0.32176639E+04  0.32160494E+04  0.32139160E+04
  0.32110917E+04  0.32073492E+04  0.32023902E+04  0.31958319E+04  0.31872084E+04
  0.31760394E+04  0.31618171E+04  0.31440603E+04  0.31225255E+04  0.30975901E+04
  0.30701828E+04  0.30414541E+04  0.30123421E+04  0.29834202E+04  0.29551169E+04
  0.29275927E+04  0.29007603E+04  0.28744107E+04  0.28483396E+04  0.28223867E+04
  0.27964511E+04  0.27704991E+04  0.27445448E+04  0.27186637E+04  0.26930147E+04
  0.26677282E+04  0.26428037E+04  0.26181951E+04  0.25938837E+04  0.25698584E+04
  0.25461183E+04  0.25226901E+04  0.24996419E+04  0.24770945E+04  0.24552041E+04
  0.24341265E+04  0.24139885E+04  0.23948664E+04  0.23767783E+04  0.23596889E+04
  0.23435254E+04  0.23281929E+04  0.23136001E+04  0.22996535E+04  0.22862673E+04
  0.22733819E+04  0.22609465E+04  0.22489163E+04  0.22372523E+04  0.22259212E+04
  0.22148940E+04  0.22041453E+04  0.21936530E+04  0.21833972E+04  0.21733608E+04
  0.21635286E+04  0.21538873E+04  0.21444254E+04  0.21351323E+04  0.21259988E+04
  0.21170166E+04  0.21081783E+04  0.20994766E+04  0.20909053E+04  0.20824583E+04
  0.20741301E+04  0.20659150E+04  0.20578079E+04  0.20498038E+04  0.20418977E+04
  0.20340844E+04  0.20263593E+04  0.20187158E+04  0.20111529E+04  0.20036541E+04
  0.19962404E+04  0.19887997E+04  0.19816953E+04  0.19727650E+04  0.19671737E+04
  0.32162457E+04  0.32167713E+04  0.32189793E+04  0.32213310E+04  0.32222471E+04
  0.32225823E+04  0.32226937E+04  0.32227062E+04  0.32226601E+04  0.32225666E+04
  0.32224277E+04  0.32222397E+04  0.32219930E+04  0.32216721E+04  0.32212548E+04
  0.32207109E+04  0.32199994E+04  0.32190663E+04  0.32178405E+04  0.32162237E+04
  0.32140828E+04  0.32112433E+04  0.32074755E+04  0.32024787E+04  0.31958685E+04
  0.31871735E+04  0.31759149E+04  0.31615885E+04  0.31437098E+04  0.31220357E+04
  0.30969485E+04  0.30693871E+04  0.30405293E+04  0.30113566E+04  0.29824712E+04
  0.29542830E+04  0.29268984E+04  0.29001795E+04  0.28738884E+04  0.28478112E+04
  0.28217898E+04  0.27957367E+04  0.27696317E+04  0.27434983E+04  0.27174210E+04
  0.26915697E+04  0.26660862E+04  0.26409733E+04  0.26161833E+04  0.25916925E+04
  0.25674862E+04  0.25435679E+04  0.25199808E+04  0.24968237E+04  0.24742511E+04
  0.24524427E+04  0.24315599E+04  0.24117161E+04  0.23929603E+04  0.23752756E+04
  0.23585942E+04  0.23428153E+04  0.23278342E+04  0.23135467E+04  0.22998579E+04
  0.22866963E+04  0.22740035E+04  0.22617316E+04  0.22498390E+04  0.22382901E+04
  0.22270537E+04  0.22161031E+04  0.22054154E+04  0.21949705E+04  0.21847507E+04
  0.21747407E+04  0.21649265E+04  0.21552960E+04  0.21458391E+04  0.21365466E+04
  0.21274100E+04  0.21184220E+04  0.21095758E+04  0.21008652E+04  0.20922840E+04
  0.20838268E+04  0.20754883E+04  0.20672634E+04  0.20591470E+04  0.20511344E+04
  0.20432208E+04  0.20354011E+04  0.20276710E+04  0.20200240E+04  0.20124593E+04
  0.20049604E+04  0.19975482E+04  0.19901105E+04  0.19830100E+04  0.19740861E+04
  0.19684989E+04  0.32162636E+04  0.32167943E+04  0.32190198E+04  0.32213880E+04
  0.32223106E+04  0.32226499E+04  0.32227650E+04  0.32227820E+04  0.32227413E+04
  0.32226541E+04  0.32225225E+04  0.32223429E+04  0.32221053E+04  0.32217938E+04
  0.32213855E+04  0.32208495E+04  0.32201445E+04  0.32192158E+04  0.32179915E+04
  0.32163728E+04  0.32142246E+04  0.32113700E+04  0.32075764E+04  0.32025404E+04
  0.31958763E+04  0.31871061E+04  0.31757516E+04  0.31613130E+04  0.31433020E+04
  0.31214752E+04  0.30962206E+04  0.30684890E+04  0.30394879E+04  0.30102520E+04
  0.29814116E+04  0.29533472E+04  0.29261078E+04  0.28995028E+04  0.28732674E+04
  0.28471786E+04  0.28210853E+04  0.27949157E+04  0.27686597E+04  0.27423519E+04
  0.27160852E+04  0.26900379E+04  0.26643611E+04  0.26390605E+04  0.26140855E+04
  0.25894076E+04  0.25650103E+04  0.25409074E+04  0.25171667E+04  0.24939252E+04
  0.24713729E+04  0.24497050E+04  0.24290789E+04  0.24095841E+04  0.23912332E+04
  0.23739698E+04  0.23576936E+04  0.23422833E+04  0.23276249E+04  0.23136123E+04
  0.23001546E+04  0.22871882E+04  0.22746607E+04  0.22625281E+04  0.22507510E+04
  0.22392961E+04  0.22281351E+04  0.22172441E+04  0.22066022E+04  0.21961914E+04
  0.21859959E+04  0.21760021E+04  0.21661975E+04  0.21565715E+04  0.21471147E+04
  0.21378191E+04  0.21286774E+04  0.21196825E+04  0.21108284E+04  0.21021091E+04
  0.20935191E+04  0.20850531E+04  0.20767060E+04  0.20684728E+04  0.20603489E+04
  0.20523294E+04  0.20444097E+04  0.20365849E+04  0.20288509E+04  0.20212014E+04
  0.20136357E+04  0.20061372E+04  0.19987270E+04  0.19912927E+04  0.19841967E+04
  0.19752803E+04  0.19696980E+04  0.32162792E+04  0.32168042E+04  0.32190262E+04
  0.32213978E+04  0.32223245E+04  0.32226692E+04  0.32227896E+04  0.32228121E+04
  0.32227781E+04  0.32226990E+04  0.32225769E+04  0.32224084E+04  0.32221825E+04
  0.32218826E+04  0.32214852E+04  0.32209588E+04  0.32202616E+04  0.32193380E+04
  0.32181160E+04  0.32164956E+04  0.32143400E+04  0.32114698E+04  0.32076495E+04
  0.32025724E+04  0.31958517E+04  0.31870020E+04  0.31755446E+04  0.31609849E+04
  0.31428299E+04  0.31208363E+04  0.30953978E+04  0.30674798E+04  0.30383238E+04
  0.30090257E+04  0.29802423E+04  0.29523146E+04  0.29252289E+04  0.28987413E+04
  0.28725600E+04  0.28464577E+04  0.28202939E+04  0.27940099E+04  0.27676056E+04
  0.27411269E+04  0.27146733E+04  0.26884298E+04  0.26625562E+04  0.26370608E+04
  0.26118901E+04  0.25870110E+04  0.25624092E+04  0.25381159E+04  0.25142332E+04
  0.24909419E+04  0.24684635E+04  0.24470006E+04  0.24266939E+04  0.24075971E+04
  0.23896783E+04  0.23728412E+04  0.23569564E+04  0.23418900E+04  0.23275218E+04
  0.23137499E+04  0.23004964E+04  0.22877014E+04  0.22753168E+04  0.22633018E+04
  0.22516201E+04  0.22402413E+04  0.22291403E+04  0.22182955E+04  0.22076883E+04
  0.21973026E+04  0.21871242E+04  0.21771410E+04  0.21673420E+04  0.21577178E+04
  0.21482600E+04  0.21389610E+04  0.21298142E+04  0.21208130E+04  0.21119516E+04
  0.21032242E+04  0.20946255E+04  0.20861504E+04  0.20777939E+04  0.20695513E+04
  0.20614179E+04  0.20533891E+04  0.20454604E+04  0.20376273E+04  0.20298859E+04
  0.20222302E+04  0.20146597E+04  0.20071578E+04  0.19997459E+04  0.19923117E+04
  0.19852176E+04  0.19763069E+04  0.19707290E+04  0.32162943E+04  0.32168069E+04
  0.32190124E+04  0.32213782E+04  0.32223051E+04  0.32226536E+04  0.32227775E+04
  0.32228040E+04  0.32227753E+04  0.32227047E+04  0.32225941E+04  0.32224384E+04
  0.32222260E+04  0.32219393E+04  0.32215541E+04  0.32210385E+04  0.32203498E+04
  0.32194321E+04  0.32182128E+04  0.32165911E+04  0.32144280E+04  0.32115413E+04
  0.32076927E+04  0.32025723E+04  0.31957921E+04  0.31868578E+04  0.31752903E+04
  0.31606000E+04  0.31422889E+04  0.31201144E+04  0.30944746E+04  0.30663538E+04
  0.30370359E+04  0.30076817E+04  0.29789712E+04  0.29511965E+04  0.29242755E+04
  0.28979105E+04  0.28717828E+04  0.28456665E+04  0.28194340E+04  0.27930359E+04
  0.27664833E+04  0.27398322E+04  0.27131876E+04  0.26867399E+04  0.26606583E+04
  0.26349548E+04  0.26095730E+04  0.25844757E+04  0.25596561E+04  0.25351715E+04
  0.25111691E+04  0.24878753E+04  0.24655350E+04  0.24443466E+04  0.24244197E+04
  0.24057610E+04  0.23882893E+04  0.23718715E+04  0.23563552E+04  0.23416027E+04
  0.23274960E+04  0.23139384E+04  0.23008627E+04  0.22882155E+04  0.22759527E+04
  0.22640362E+04  0.22524333E+04  0.22411169E+04  0.22300644E+04  0.22192567E+04
  0.22086771E+04  0.21983109E+04  0.21881456E+04  0.21781700E+04  0.21683744E+04
  0.21587503E+04  0.21492897E+04  0.21399855E+04  0.21308313E+04  0.21218208E+04
  0.21129482E+04  0.21042081E+04  0.20955953E+04  0.20871047E+04  0.20787319E+04
  0.20704721E+04  0.20623211E+04  0.20542744E+04  0.20463283E+04  0.20384785E+04
  0.20307217E+04  0.20230521E+04  0.20154694E+04  0.20079576E+04  0.20005384E+04
  0.19930996E+04  0.19860039E+04  0.19770970E+04  0.19715227E+04  0.32163086E+04
  0.32168038E+04  0.32189812E+04  0.32213345E+04  0.32222592E+04  0.32226079E+04
  0.32227344E+04  0.32227653E+04  0.32227424E+04  0.32226800E+04  0.32225801E+04
  0.32224370E+04  0.32222382E+04  0.32219651E+04  0.32215929E+04  0.32210886E+04
  0.32204091E+04  0.32194977E+04  0.32182813E+04  0.32166583E+04  0.32144875E+04
  0.32115834E+04  0.32077047E+04  0.32025389E+04  0.31956957E+04  0.31866712E+04
  0.31749860E+04  0.31601554E+04  0.31416761E+04  0.31193068E+04  0.30934460E+04
  0.30651059E+04  0.30356256E+04  0.30062274E+04  0.29776101E+04  0.29500074E+04
  0.29232630E+04  0.28970248E+04  0.28709506E+04  0.28448190E+04  0.28185155E+04
  0.27919997E+04  0.27652933E+04  0.27384621E+04  0.27116153E+04  0.26849491E+04
  0.26586442E+04  0.26327169E+04  0.26071072E+04  0.25817754E+04  0.25567289E+04
  0.25320624E+04  0.25079771E+04  0.24847421E+04  0.24626140E+04  0.24417719E+04
  0.24222794E+04  0.24040869E+04  0.23870649E+04  0.23710484E+04  0.23558734E+04
  0.23414033E+04  0.23275275E+04  0.23141602E+04  0.23012410E+04  0.22887220E+04
  0.22765629E+04  0.22647292E+04  0.22531919E+04  0.22419272E+04  0.22309147E+04
  0.22201369E+04  0.22095786E+04  0.21992265E+04  0.21890688E+04  0.21790953E+04
  0.21692971E+04  0.21596662E+04  0.21501952E+04  0.21408771E+04  0.21317059E+04
  0.21226755E+04  0.21137806E+04  0.21050160E+04  0.20963768E+04  0.20878586E+04
  0.20794572E+04  0.20711686E+04  0.20629889E+04  0.20549144E+04  0.20469419E+04
  0.20390678E+04  0.20312892E+04  0.20236005E+04  0.20160018E+04  0.20084770E+04
  0.20010490E+04  0.19936050E+04  0.19865081E+04  0.19776067E+04  0.19720373E+04
  0.32163204E+04  0.32167855E+04  0.32189136E+04  0.32212450E+04  0.32221668E+04
  0.32225183E+04  0.32226535E+04  0.32226962E+04  0.32226857E+04  0.32226334E+04
  0.32225426E+04  0.32224097E+04  0.32222228E+04  0.32219626E+04  0.32216028E+04
  0.32211099E+04  0.32204400E+04  0.32195351E+04  0.32183216E+04  0.32166968E+04
  0.32145170E+04  0.32115942E+04  0.32076843E+04  0.32024702E+04  0.31955600E+04
  0.31864400E+04  0.31746294E+04  0.31596487E+04  0.31409891E+04  0.31184119E+04
  0.30923091E+04  0.30637342E+04  0.30340956E+04  0.30046700E+04  0.29761692E+04
  0.29487588E+04  0.29222028E+04  0.28960926E+04  0.28700687E+04  0.28439185E+04
  0.28175368E+04  0.27908939E+04  0.27640227E+04  0.27369981E+04  0.27099337E+04
  0.26830329E+04  0.26564894E+04  0.26303239E+04  0.26044711E+04  0.25788922E+04
  0.25536175E+04  0.25287920E+04  0.25046761E+04  0.24815742E+04  0.24597403E+04
  0.24393147E+04  0.24203013E+04  0.24025899E+04  0.23860082E+04  0.23703670E+04
  0.23555054E+04  0.23412909E+04  0.23276171E+04  0.23144139E+04  0.23016285E+04
  0.22892180E+04  0.22771456E+04  0.22653804E+04  0.22538967E+04  0.22426728E+04
  0.22316899E+04  0.22209316E+04  0.22103838E+04  0.22000341E+04  0.21898715E+04
  0.21798869E+04  0.21700719E+04  0.21604193E+04  0.21509224E+04  0.21415750E+04
  0.21323715E+04  0.21233066E+04  0.21143755E+04  0.21055736E+04  0.20968969E+04
  0.20883418E+04  0.20799045E+04  0.20715818E+04  0.20633704E+04  0.20552674E+04
  0.20472701E+04  0.20393750E+04  0.20315794E+04  0.20238776E+04  0.20162701E+04
  0.20087404E+04  0.20013115E+04  0.19938706E+04  0.19867796E+04  0.19778913E+04
  0.19723312E+04  0.32163322E+04  0.32167543E+04  0.32187936E+04  0.32210727E+04
  0.32219933E+04  0.32223606E+04  0.32225183E+04  0.32225853E+04  0.32225970E+04
  0.32225626E+04  0.32224845E+04  0.32223606E+04  0.32221833E+04  0.32219343E+04
  0.32215862E+04  0.32211046E+04  0.32204439E+04  0.32195449E+04  0.32183333E+04
  0.32167055E+04  0.32145159E+04  0.32115732E+04  0.32076295E+04  0.32023638E+04
  0.31953828E+04  0.31861616E+04  0.31742177E+04  0.31590773E+04  0.31402253E+04
  0.31174275E+04  0.30910637E+04  0.30622389E+04  0.30324458E+04  0.30030117E+04
  0.29746530E+04  0.29474551E+04  0.29210970E+04  0.28951127E+04  0.28691324E+04
  0.28429550E+04  0.28164829E+04  0.27896997E+04  0.27626493E+04  0.27354159E+04
  0.27081187E+04  0.26809697E+04  0.26541759E+04  0.26277611E+04  0.26016532E+04
  0.25758193E+04  0.25503251E+04  0.25253790E+04  0.25013010E+04  0.24784182E+04
  0.24569628E+04  0.24370167E+04  0.24185132E+04  0.24012839E+04  0.23851209E+04
  0.23698266E+04  0.23552434E+04  0.23412478E+04  0.23277484E+04  0.23146849E+04
  0.23020112E+04  0.22896893E+04  0.22776859E+04  0.22659730E+04  0.22545268E+04
  0.22433268E+04  0.22323555E+04  0.22215980E+04  0.22110412E+04  0.22006740E+04
  0.21904870E+04  0.21804722E+04  0.21706228E+04  0.21609322E+04  0.21513950E+04
  0.21420061E+04  0.21327611E+04  0.21236556E+04  0.21146856E+04  0.21058476E+04
  0.20971379E+04  0.20885532E+04  0.20800903E+04  0.20717461E+04  0.20635175E+04
  0.20554022E+04  0.20473977E+04  0.20395006E+04  0.20317076E+04  0.20240127E+04
  0.20164160E+04  0.20089006E+04  0.20014889E+04  0.19940676E+04  0.19869968E+04
  0.19781341E+04  0.19725897E+04  0.32163489E+04  0.32167051E+04  0.32185962E+04
  0.32207823E+04  0.32217079E+04  0.32221120E+04  0.32223113E+04  0.32224175E+04
  0.32224632E+04  0.32224568E+04  0.32223998E+04  0.32222898E+04  0.32221212E+04
  0.32218814E+04  0.32215450E+04  0.32210745E+04  0.32204227E+04  0.32195292E+04
  0.32183182E+04  0.32166856E+04  0.32144843E+04  0.32115192E+04  0.32075385E+04
  0.32022176E+04  0.31951612E+04  0.31858327E+04  0.31737476E+04  0.31584375E+04
  0.31393809E+04  0.31163491E+04  0.30897070E+04  0.30606178E+04  0.30306726E+04
  0.30012496E+04  0.29730583E+04  0.29460917E+04  0.29199366E+04  0.28940731E+04
  0.28681264E+04  0.28419085E+04  0.28153317E+04  0.27883937E+04  0.27611502E+04
  0.27336945E+04  0.27061529E+04  0.26787470E+04  0.26516954E+04  0.26250230E+04
  0.25986501E+04  0.25725584E+04  0.25468657E+04  0.25218545E+04  0.24978984E+04
  0.24753282E+04  0.24543310E+04  0.24349132E+04  0.24169329E+04  0.24001703E+04
  0.23843932E+04  0.23694086E+04  0.23550625E+04  0.23412434E+04  0.23278847E+04
  0.23149347E+04  0.23023507E+04  0.22900960E+04  0.22781397E+04  0.22664555E+04
  0.22550218E+04  0.22438202E+04  0.22328356E+04  0.22220552E+04  0.22114681E+04
  0.22010654E+04  0.21908401E+04  0.21807861E+04  0.21708977E+04  0.21611699E+04
  0.21515980E+04  0.21421773E+04  0.21329040E+04  0.21237739E+04  0.21147832E+04
  0.21059293E+04  0.20972099E+04  0.20886221E+04  0.20801626E+04  0.20718284E+04
  0.20636165E+04  0.20555237E+04  0.20475465E+04  0.20396804E+04  0.20319216E+04
  0.20242634E+04  0.20167050E+04  0.20092291E+04  0.20018570E+04  0.19944747E+04
  0.19874394E+04  0.19786143E+04  0.19730915E+04  0.32163703E+04  0.32166321E+04
  0.32183131E+04  0.32203665E+04  0.32212993E+04  0.32217593E+04  0.32220197E+04
  0.32221807E+04  0.32222731E+04  0.32223049E+04  0.32222783E+04  0.32221909E+04
  0.32220362E+04  0.32218060E+04  0.32214801E+04  0.32210202E+04  0.32203771E+04
  0.32194887E+04  0.32182772E+04  0.32166377E+04  0.32144216E+04  0.32114308E+04
  0.32074096E+04  0.32020288E+04  0.31948917E+04  0.31854491E+04  0.31732139E+04
  0.31577236E+04  0.31384495E+04  0.31151685E+04  0.30882323E+04  0.30588637E+04
  0.30287672E+04  0.29993753E+04  0.29713747E+04  0.29446558E+04  0.29187040E+04
  0.28929532E+04  0.28670304E+04  0.28407579E+04  0.28140622E+04  0.27869564E+04
  0.27595088E+04  0.27318211E+04  0.27040279E+04  0.26763603E+04  0.26490462E+04
  0.26221084E+04  0.25954620E+04  0.25691156E+04  0.25432585E+04  0.25182536E+04
  0.24945139E+04  0.24723497E+04  0.24518779E+04  0.24330166E+04  0.24155507E+04
  0.23992185E+04  0.23837814E+04  0.23690534E+04  0.23548984E+04  0.23412268E+04
  0.23279805E+04  0.23151138E+04  0.23025878E+04  0.22903684E+04  0.22784278E+04
  0.22667433E+04  0.22552971E+04  0.22440748E+04  0.22330644E+04  0.22222556E+04
  0.22116396E+04  0.22012090E+04  0.21909578E+04  0.21808807E+04  0.21709731E+04
  0.21612318E+04  0.21516534E+04  0.21422336E+04  0.21329679E+04  0.21238527E+04
  0.21148849E+04  0.21060616E+04  0.20973794E+04  0.20888345E+04  0.20804231E+04
  0.20721414E+04  0.20639858E+04  0.20559520E+04  0.20480350E+04  0.20402296E+04
  0.20325313E+04  0.20249330E+04  0.20174331E+04  0.20100139E+04  0.20026949E+04
  0.19953619E+04  0.19883698E+04  0.19795868E+04  0.19740868E+04  0.32163763E+04
  0.32165504E+04  0.32179894E+04  0.32198591E+04  0.32207847E+04  0.32213038E+04
  0.32216374E+04  0.32218661E+04  0.32220165E+04  0.32220969E+04  0.32221099E+04
  0.32220542E+04  0.32219234E+04  0.32217073E+04  0.32213913E+04  0.32209415E+04
  0.32203066E+04  0.32194224E+04  0.32182092E+04  0.32165610E+04  0.32143277E+04
  0.32113076E+04  0.32072413E+04  0.32017951E+04  0.31945708E+04  0.31850059E+04
  0.31726103E+04  0.31569278E+04  0.31374216E+04  0.31138736E+04  0.30866309E+04
  0.30569671E+04  0.30267124E+04  0.29973706E+04  0.29695859E+04  0.29431311E+04
  0.29173820E+04  0.28917354E+04  0.28658264E+04  0.28394861E+04  0.28126592E+04
  0.27853760E+04  0.27577165E+04  0.27297912E+04  0.27017422E+04  0.26738096E+04
  0.26462283E+04  0.26190153E+04  0.25920865E+04  0.25654957E+04  0.25395214E+04
  0.25146062E+04  0.24911813E+04  0.24695066E+04  0.24496053E+04  0.24312996E+04
  0.24143107E+04  0.23983521E+04  0.23831937E+04  0.23686671E+04  0.23546597E+04
  0.23411031E+04  0.23279414E+04  0.23151308E+04  0.23026373E+04  0.22904329E+04
  0.22784952E+04  0.22668071E+04  0.22553538E+04  0.22441228E+04  0.22331042E+04
  0.22222907E+04  0.22116759E+04  0.22012534E+04  0.21910181E+04  0.21809655E+04
  0.21710917E+04  0.21613923E+04  0.21518623E+04  0.21424966E+04  0.21332907E+04
  0.21242413E+04  0.21153452E+04  0.21065973E+04  0.20979917E+04  0.20895231E+04
  0.20811870E+04  0.20729791E+04  0.20648954E+04  0.20569313E+04  0.20490822E+04
  0.20413427E+04  0.20337082E+04  0.20261712E+04  0.20187298E+04  0.20113657E+04
  0.20040982E+04  0.19968137E+04  0.19898644E+04  0.19811210E+04  0.19756419E+04
  0.32163771E+04  0.32164708E+04  0.32176505E+04  0.32192975E+04  0.32201935E+04
  0.32207617E+04  0.32211684E+04  0.32214703E+04  0.32216864E+04  0.32218240E+04
  0.32218855E+04  0.32218702E+04  0.32217721E+04  0.32215783E+04  0.32212753E+04
  0.32208357E+04  0.32202094E+04  0.32193297E+04  0.32181140E+04  0.32164553E+04
  0.32142020E+04  0.32111489E+04  0.32070325E+04  0.32015145E+04  0.31941953E+04
  0.31844984E+04  0.31719304E+04  0.31560415E+04  0.31362861E+04  0.31124503E+04
  0.30848873E+04  0.30549117E+04  0.30244892E+04  0.29952190E+04  0.29676799E+04
  0.29415065E+04  0.29159610E+04  0.28904096E+04  0.28645026E+04  0.28380829E+04
  0.28111154E+04  0.27836475E+04  0.27557709E+04  0.27276037E+04  0.26992952E+04
  0.26710935E+04  0.26432367E+04  0.26157337E+04  0.25885123E+04  0.25616953E+04
  0.25356641E+04  0.25109296E+04  0.24879128E+04  0.24667911E+04  0.24474741E+04
  0.24296915E+04  0.24131194E+04  0.23974699E+04  0.23825333E+04  0.23681711E+04
  0.23542909E+04  0.23408301E+04  0.23277406E+04  0.23149846E+04  0.23025308E+04
  0.22903561E+04  0.22784450E+04  0.22667861E+04  0.22553677E+04  0.22441794E+04
  0.22332120E+04  0.22224566E+04  0.22119057E+04  0.22015532E+04  0.21913947E+04
  0.21814254E+04  0.21716396E+04  0.21620306E+04  0.21525918E+04  0.21433177E+04
  0.21342031E+04  0.21252421E+04  0.21164275E+04  0.21077526E+04  0.20992131E+04
  0.20908054E+04  0.20825263E+04  0.20743726E+04  0.20663410E+04  0.20584269E+04
  0.20506260E+04  0.20429332E+04  0.20353442E+04  0.20278518E+04  0.20204540E+04
  0.20131330E+04  0.20059079E+04  0.19986649E+04  0.19917529E+04  0.19830459E+04
  0.19775864E+04  0.32163956E+04  0.32163894E+04  0.32173010E+04  0.32187269E+04
  0.32195705E+04  0.32201640E+04  0.32206287E+04  0.32209980E+04  0.32212810E+04
  0.32214805E+04  0.32215977E+04  0.32216298E+04  0.32215714E+04  0.32214091E+04
  0.32211251E+04  0.32206977E+04  0.32200820E+04  0.32192080E+04  0.32179899E+04
  0.32163191E+04  0.32140433E+04  0.32109534E+04  0.32067815E+04  0.32011848E+04
  0.31937622E+04  0.31839223E+04  0.31711681E+04  0.31550567E+04  0.31350325E+04
  0.31108856E+04  0.30829813E+04  0.30526756E+04  0.30220850E+04  0.29929155E+04
  0.29656551E+04  0.29397797E+04  0.29144366E+04  0.28889709E+04  0.28630542E+04
  0.28365446E+04  0.28094282E+04  0.27817692E+04  0.27536703E+04  0.27252562E+04
  0.26966825E+04  0.26682031E+04  0.26400545E+04  0.26122398E+04  0.25847166E+04
  0.25577024E+04  0.25316908E+04  0.25072384E+04  0.24847164E+04  0.24641881E+04
  0.24454445E+04  0.24281417E+04  0.24119379E+04  0.23965655E+04  0.23818425E+04
  0.23676543E+04  0.23539156E+04  0.23405639E+04  0.23275640E+04  0.23148916E+04
  0.23025236E+04  0.22904410E+04  0.22786278E+04  0.22670694E+04  0.22557542E+04
  0.22446723E+04  0.22338146E+04  0.22231713E+04  0.22127334E+04  0.22024942E+04
  0.21924445E+04  0.21825740E+04  0.21728762E+04  0.21633466E+04  0.21539816E+04
  0.21447770E+04  0.21357281E+04  0.21268283E+04  0.21180700E+04  0.21094474E+04
  0.21009558E+04  0.20925925E+04  0.20843555E+04  0.20762423E+04  0.20682488E+04
  0.20603703E+04  0.20526019E+04  0.20449386E+04  0.20373761E+04  0.20299078E+04
  0.20225330E+04  0.20152350E+04  0.20080310E+04  0.20008066E+04  0.19939108E+04
  0.19852204E+04  0.19797703E+04  0.32164251E+04  0.32162980E+04  0.32169524E+04
  0.32181889E+04  0.32189637E+04  0.32195502E+04  0.32200453E+04  0.32204645E+04
  0.32208067E+04  0.32210669E+04  0.32212417E+04  0.32213267E+04  0.32213141E+04
  0.32211900E+04  0.32209327E+04  0.32205219E+04  0.32199185E+04  0.32190519E+04
  0.32178321E+04  0.32161488E+04  0.32138486E+04  0.32107184E+04  0.32064859E+04
  0.32008033E+04  0.31932681E+04  0.31832733E+04  0.31703178E+04  0.31539657E+04
  0.31336511E+04  0.31091679E+04  0.30808958E+04  0.30502397E+04  0.30194889E+04
  0.29904577E+04  0.29635138E+04  0.29379497E+04  0.29128060E+04  0.28874186E+04
  0.28614802E+04  0.28348696E+04  0.28075953E+04  0.27797377E+04  0.27514091E+04
  0.27227393E+04  0.26938891E+04  0.26651157E+04  0.26366519E+04  0.26085048E+04
  0.25806869E+04  0.25535353E+04  0.25276506E+04  0.25035982E+04  0.24816606E+04
  0.24617649E+04  0.24435983E+04  0.24267798E+04  0.24109607E+04  0.23958849E+04
  0.23813940E+04  0.23673943E+04  0.23538214E+04  0.23406323E+04  0.23277974E+04
  0.23152907E+04  0.23030879E+04  0.22911677E+04  0.22795086E+04  0.22680915E+04
  0.22569045E+04  0.22459390E+04  0.22351874E+04  0.22246422E+04  0.22142969E+04
  0.22041440E+04  0.21941720E+04  0.21843719E+04  0.21747392E+04  0.21652700E+04
  0.21559599E+04  0.21468031E+04  0.21377951E+04  0.21289310E+04  0.21202052E+04
  0.21116110E+04  0.21031426E+04  0.20947997E+04  0.20865820E+04  0.20784845E+04
  0.20705013E+04  0.20626256E+04  0.20548532E+04  0.20471806E+04  0.20396037E+04
  0.20321159E+04  0.20247192E+04  0.20173995E+04  0.20101776E+04  0.20029405E+04
  0.19960381E+04  0.19873527E+04  0.19819088E+04  0.32164783E+04  0.32162244E+04
  0.32166325E+04  0.32176983E+04  0.32184002E+04  0.32189602E+04  0.32194572E+04
  0.32198997E+04  0.32202817E+04  0.32205918E+04  0.32208200E+04  0.32209584E+04
  0.32209936E+04  0.32209116E+04  0.32206901E+04  0.32203008E+04  0.32197103E+04
  0.32188524E+04  0.32176325E+04  0.32159375E+04  0.32136123E+04  0.32104394E+04
  0.32061416E+04  0.32003659E+04  0.31927087E+04  0.31825463E+04  0.31693734E+04
  0.31527611E+04  0.31321323E+04  0.31072855E+04  0.30786163E+04  0.30475879E+04
  0.30166898E+04  0.29878433E+04  0.29612580E+04  0.29360175E+04  0.29110684E+04
  0.28857510E+04  0.28597772E+04  0.28330527E+04  0.28056091E+04  0.27775421E+04
  0.27489718E+04  0.27200324E+04  0.26908900E+04  0.26618076E+04  0.26330204E+04
  0.26045561E+04  0.25765087E+04  0.25493430E+04  0.25237414E+04  0.25002390E+04
  0.24790068E+04  0.24598415E+04  0.24423163E+04  0.24260096E+04  0.24105947E+04
  0.23958481E+04  0.23816327E+04  0.23678654E+04  0.23545068E+04  0.23415285E+04
  0.23288969E+04  0.23165780E+04  0.23045419E+04  0.22927673E+04  0.22812379E+04
  0.22699401E+04  0.22588620E+04  0.22479942E+04  0.22373268E+04  0.22268496E+04
  0.22165572E+04  0.22064414E+04  0.21964965E+04  0.21867249E+04  0.21771232E+04
  0.21676815E+04  0.21583889E+04  0.21492361E+04  0.21402188E+04  0.21313310E+04
  0.21225668E+04  0.21139233E+04  0.21054020E+04  0.20970082E+04  0.20887375E+04
  0.20805808E+04  0.20725298E+04  0.20645775E+04  0.20567232E+04  0.20489666E+04
  0.20413063E+04  0.20337414E+04  0.20262764E+04  0.20188968E+04  0.20116262E+04
  0.20043522E+04  0.19974279E+04  0.19887482E+04  0.19833161E+04  0.32165659E+04
  0.32161932E+04  0.32163696E+04  0.32172720E+04  0.32179012E+04  0.32184268E+04
  0.32189059E+04  0.32193443E+04  0.32197376E+04  0.32200752E+04  0.32203429E+04
  0.32205267E+04  0.32206073E+04  0.32205682E+04  0.32203855E+04  0.32200230E+04
  0.32194477E+04  0.32185990E+04  0.32173802E+04  0.32156756E+04  0.32133264E+04
  0.32101095E+04  0.32057421E+04  0.31998666E+04  0.31920778E+04  0.31817347E+04
  0.31683272E+04  0.31514339E+04  0.31304654E+04  0.31052258E+04  0.30761281E+04
  0.30447052E+04  0.30136788E+04  0.29850716E+04  0.29588891E+04  0.29339849E+04
  0.29092226E+04  0.28839606E+04  0.28579344E+04  0.28310799E+04  0.28034520E+04
  0.27751612E+04  0.27463353E+04  0.27171172E+04  0.26876879E+04  0.26583315E+04
  0.26292884E+04  0.26006033E+04  0.25724660E+04  0.25454714E+04  0.25203764E+04
  0.24976666E+04  0.24773250E+04  0.24589859E+04  0.24421637E+04  0.24264169E+04
  0.24114370E+04  0.23970441E+04  0.23831307E+04  0.23696246E+04  0.23564859E+04
  0.23436795E+04  0.23311767E+04  0.23189520E+04  0.23069867E+04  0.22952737E+04
  0.22838048E+04  0.22725638E+04  0.22615299E+04  0.22506909E+04  0.22400320E+04
  0.22295416E+04  0.22192215E+04  0.22090655E+04  0.21990748E+04  0.21892538E+04
  0.21795903E+04  0.21700692E+04  0.21606774E+04  0.21514072E+04  0.21422587E+04
  0.21332342E+04  0.21243402E+04  0.21155812E+04  0.21069568E+04  0.20984609E+04
  0.20900835E+04  0.20818164E+04  0.20736515E+04  0.20655818E+04  0.20576116E+04
  0.20497506E+04  0.20420080E+04  0.20343843E+04  0.20268738E+04  0.20194487E+04
  0.20121250E+04  0.20047930E+04  0.19978147E+04  0.19890989E+04  0.19836547E+04
  0.32166791E+04  0.32161940E+04  0.32161618E+04  0.32169235E+04  0.32174853E+04
  0.32179704E+04  0.32184180E+04  0.32188316E+04  0.32192094E+04  0.32195466E+04
  0.32198301E+04  0.32200407E+04  0.32201562E+04  0.32201540E+04  0.32200069E+04
  0.32196760E+04  0.32191201E+04  0.32182803E+04  0.32170639E+04  0.32153522E+04
  0.32129803E+04  0.32097185E+04  0.32052781E+04  0.31992963E+04  0.31913663E+04
  0.31808290E+04  0.31671692E+04  0.31499728E+04  0.31286374E+04  0.31029736E+04
  0.30734139E+04  0.30415753E+04  0.30104470E+04  0.29821419E+04  0.29564079E+04
  0.29318483E+04  0.29072584E+04  0.28820315E+04  0.28559320E+04  0.28289293E+04
  0.28011029E+04  0.27725818E+04  0.27435119E+04  0.27140581E+04  0.26844301E+04
  0.26549391E+04  0.26258083E+04  0.25970745E+04  0.25690409E+04  0.25425005E+04
  0.25182320E+04  0.24965565E+04  0.24772787E+04  0.24598633E+04  0.24437596E+04
  0.24285407E+04  0.24139280E+04  0.23997785E+04  0.23860261E+04  0.23726299E+04
  0.23595569E+04  0.23467798E+04  0.23342788E+04  0.23220350E+04  0.23100386E+04
  0.22982860E+04  0.22867594E+04  0.22754319E+04  0.22642835E+04  0.22533107E+04
  0.22425062E+04  0.22318706E+04  0.22214148E+04  0.22111344E+04  0.22010210E+04
  0.21910613E+04  0.21812407E+04  0.21715522E+04  0.21619838E+04  0.21525322E+04
  0.21432129E+04  0.21340490E+04  0.21250543E+04  0.21162158E+04  0.21075051E+04
  0.20988964E+04  0.20903784E+04  0.20819459E+04  0.20735942E+04  0.20653186E+04
  0.20571180E+04  0.20489976E+04  0.20409660E+04  0.20330210E+04  0.20251607E+04
  0.20173701E+04  0.20096888E+04  0.20020195E+04  0.19947566E+04  0.19858539E+04
  0.19803434E+04  0.32168061E+04  0.32162172E+04  0.32160080E+04  0.32166606E+04
  0.32171619E+04  0.32175986E+04  0.32180024E+04  0.32183771E+04  0.32187206E+04
  0.32190323E+04  0.32193029E+04  0.32195151E+04  0.32196460E+04  0.32196673E+04
  0.32195485E+04  0.32192483E+04  0.32187148E+04  0.32178872E+04  0.32166756E+04
  0.32149575E+04  0.32125628E+04  0.32092544E+04  0.32047371E+04  0.31986426E+04
  0.31905619E+04  0.31798166E+04  0.31658861E+04  0.31483632E+04  0.31266318E+04
  0.31005098E+04  0.30704516E+04  0.30381777E+04  0.30069830E+04  0.29790515E+04
  0.29538088E+04  0.29295929E+04  0.29051551E+04  0.28799412E+04  0.28537522E+04
  0.28265979E+04  0.27985910E+04  0.27698894E+04  0.27406673E+04  0.27111178E+04
  0.26814900E+04  0.26520966E+04  0.26230867E+04  0.25944858E+04  0.25668077E+04
  0.25410229E+04  0.25178593E+04  0.24974174E+04  0.24792312E+04  0.24626063E+04
  0.24469599E+04  0.24319377E+04  0.24173604E+04  0.24031503E+04  0.23892815E+04
  0.23757450E+04  0.23625277E+04  0.23496186E+04  0.23369977E+04  0.23246377E+04
  0.23125165E+04  0.23006082E+04  0.22888916E+04  0.22773524E+04  0.22659801E+04
  0.22547850E+04  0.22437925E+04  0.22330149E+04  0.22224411E+04  0.22120442E+04
  0.22017898E+04  0.21916538E+04  0.21816271E+04  0.21717057E+04  0.21618822E+04
  0.21521523E+04  0.21425211E+04  0.21329976E+04  0.21235777E+04  0.21142464E+04
  0.21049918E+04  0.20958058E+04  0.20866850E+04  0.20776283E+04  0.20686369E+04
  0.20597128E+04  0.20508472E+04  0.20420273E+04  0.20332480E+04  0.20245112E+04
  0.20158409E+04  0.20072479E+04  0.19988090E+04  0.19904411E+04  0.19825938E+04
  0.19732994E+04  0.19676440E+04  0.32169354E+04  0.32162539E+04  0.32159064E+04
  0.32164835E+04  0.32169273E+04  0.32173077E+04  0.32176559E+04  0.32179821E+04
  0.32182817E+04  0.32185501E+04  0.32187845E+04  0.32189735E+04  0.32190957E+04
  0.32191205E+04  0.32190157E+04  0.32187376E+04  0.32182285E+04  0.32174191E+04
  0.32162127E+04  0.32144847E+04  0.32120634E+04  0.32087047E+04  0.32041054E+04
  0.31978911E+04  0.31896493E+04  0.31786815E+04  0.31644609E+04  0.31465867E+04
  0.31244278E+04  0.30978104E+04  0.30672145E+04  0.30344858E+04  0.30032695E+04
  0.29757918E+04  0.29510741E+04  0.29271986E+04  0.29029084E+04  0.28777109E+04
  0.28514581E+04  0.28242093E+04  0.27961197E+04  0.27673816E+04  0.27381942E+04
  0.27087666E+04  0.26793740E+04  0.26502688E+04  0.26214678E+04  0.25930723E+04
  0.25659238E+04  0.25410417E+04  0.25189653E+04  0.24995374E+04  0.24819941E+04
  0.24656107E+04  0.24499292E+04  0.24347281E+04  0.24199183E+04  0.24054623E+04
  0.23913385E+04  0.23775612E+04  0.23641553E+04  0.23511059E+04  0.23383559E+04
  0.23258522E+04  0.23135576E+04  0.23014388E+04  0.22894788E+04  0.22776723E+04
  0.22660109E+04  0.22544899E+04  0.22431271E+04  0.22319230E+04  0.22208455E+04
  0.22098743E+04  0.21989972E+04  0.21882049E+04  0.21774933E+04  0.21668565E+04
  0.21562955E+04  0.21458044E+04  0.21353578E+04  0.21249303E+04  0.21145085E+04
  0.21041014E+04  0.20937301E+04  0.20834095E+04  0.20731479E+04  0.20629524E+04
  0.20528304E+04  0.20427900E+04  0.20328317E+04  0.20229505E+04  0.20131457E+04
  0.20034231E+04  0.19938128E+04  0.19843224E+04  0.19750413E+04  0.19658920E+04
  0.19573771E+04  0.19476077E+04  0.19417654E+04  0.32170571E+04  0.32162948E+04
  0.32158504E+04  0.32163833E+04  0.32167683E+04  0.32170878E+04  0.32173753E+04
  0.32176442E+04  0.32178925E+04  0.32181117E+04  0.32182990E+04  0.32184483E+04
  0.32185407E+04  0.32185483E+04  0.32184399E+04  0.32181717E+04  0.32176828E+04
  0.32168879E+04  0.32156789E+04  0.32139322E+04  0.32114765E+04  0.32080608E+04
  0.32033719E+04  0.31970285E+04  0.31886133E+04  0.31774063E+04  0.31628743E+04
  0.31446215E+04  0.31220005E+04  0.30948467E+04  0.30636749E+04  0.30304773E+04
  0.29992937E+04  0.29723618E+04  0.29482197E+04  0.29247222E+04  0.29006360E+04
  0.28755267E+04  0.28493135E+04  0.28221105E+04  0.27941131E+04  0.27655350E+04
  0.27365735E+04  0.27074199E+04  0.26783200E+04  0.26494088E+04  0.26205611E+04
  0.25921653E+04  0.25654103E+04  0.25411966E+04  0.25196490E+04  0.25003844E+04
  0.24827636E+04  0.24661877E+04  0.24502802E+04  0.24348638E+04  0.24198627E+04
  0.24052322E+04  0.23909191E+04  0.23768997E+04  0.23631794E+04  0.23497262E+04
  0.23364859E+04  0.23234260E+04  0.23105256E+04  0.22977680E+04  0.22851388E+04
  0.22726293E+04  0.22602327E+04  0.22479198E+04  0.22356565E+04  0.22234238E+04
  0.22112136E+04  0.21990390E+04  0.21869193E+04  0.21748601E+04  0.21628669E+04
  0.21509442E+04  0.21390983E+04  0.21273302E+04  0.21156240E+04  0.21039614E+04
  0.20923356E+04  0.20807521E+04  0.20692199E+04  0.20577461E+04  0.20463384E+04
  0.20350061E+04  0.20237598E+04  0.20126109E+04  0.20015687E+04  0.19906427E+04
  0.19798468E+04  0.19691919E+04  0.19587051E+04  0.19483887E+04  0.19383415E+04
  0.19284856E+04  0.19193624E+04  0.19091415E+04  0.19031140E+04  0.32171788E+04
  0.32163446E+04  0.32158272E+04  0.32163337E+04  0.32166635E+04  0.32169245E+04
  0.32171546E+04  0.32173635E+04  0.32175556E+04  0.32177252E+04  0.32178631E+04
  0.32179673E+04  0.32180214E+04  0.32180009E+04  0.32178780E+04  0.32176098E+04
  0.32171220E+04  0.32163155E+04  0.32150857E+04  0.32133078E+04  0.32108076E+04
  0.32073241E+04  0.32025337E+04  0.31960477E+04  0.31874426E+04  0.31759762E+04
  0.31611079E+04  0.31424457E+04  0.31193250E+04  0.30915916E+04  0.30597975E+04
  0.30261266E+04  0.29950783E+04  0.29688485E+04  0.29454186E+04  0.29224341E+04
  0.28986863E+04  0.28737957E+04  0.28477642E+04  0.28207526E+04  0.27929706E+04
  0.27646239E+04  0.27358922E+04  0.27068808E+04  0.26776282E+04  0.26480352E+04
  0.26181246E+04  0.25889356E+04  0.25616772E+04  0.25370711E+04  0.25152431E+04
  0.24956531E+04  0.24777239E+04  0.24608815E+04  0.24447260E+04  0.24290383E+04
  0.24137139E+04  0.23986977E+04  0.23839354E+04  0.23693466E+04  0.23548601E+04
  0.23404485E+04  0.23261198E+04  0.23118901E+04  0.22977637E+04  0.22837406E+04
  0.22698209E+04  0.22560056E+04  0.22422944E+04  0.22286693E+04  0.22150986E+04
  0.22015646E+04  0.21880685E+04  0.21746183E+04  0.21612221E+04  0.21478863E+04
  0.21346188E+04  0.21214292E+04  0.21083263E+04  0.20953187E+04  0.20824103E+04
  0.20696037E+04  0.20569019E+04  0.20443070E+04  0.20318207E+04  0.20194445E+04
  0.20071815E+04  0.19950370E+04  0.19830205E+04  0.19711417E+04  0.19594105E+04
  0.19478375E+04  0.19364365E+04  0.19252190E+04  0.19142128E+04  0.19034183E+04
  0.18929347E+04  0.18826767E+04  0.18731942E+04  0.18626456E+04  0.18564545E+04
  0.32173127E+04  0.32164078E+04  0.32158174E+04  0.32163025E+04  0.32165892E+04
  0.32168013E+04  0.32169817E+04  0.32171381E+04  0.32172771E+04  0.32173980E+04
  0.32174910E+04  0.32175535E+04  0.32175720E+04  0.32175237E+04  0.32173811E+04
  0.32170949E+04  0.32165754E+04  0.32157285E+04  0.32144598E+04  0.32126381E+04
  0.32100795E+04  0.32065112E+04  0.32016003E+04  0.31949516E+04  0.31861338E+04
  0.31743818E+04  0.31591487E+04  0.31400442E+04  0.31163857E+04  0.30880347E+04
  0.30555736E+04  0.30214666E+04  0.29907751E+04  0.29655402E+04  0.29430572E+04
  0.29207546E+04  0.28974496E+04  0.28728341E+04  0.28470146E+04  0.28201745E+04
  0.27924666E+04  0.27640015E+04  0.27348042E+04  0.27048458E+04  0.26739891E+04
  0.26420408E+04  0.26096642E+04  0.25783361E+04  0.25493315E+04  0.25236643E+04
  0.25014450E+04  0.24817120E+04  0.24634761E+04  0.24461137E+04  0.24292777E+04
  0.24127831E+04  0.23965403E+04  0.23805050E+04  0.23646528E+04  0.23489329E+04
  0.23332794E+04  0.23176694E+04  0.23021143E+04  0.22866270E+04  0.22712155E+04
  0.22558881E+04  0.22406551E+04  0.22255230E+04  0.22104977E+04  0.21955824E+04
  0.21807783E+04  0.21660846E+04  0.21515000E+04  0.21370261E+04  0.21226666E+04
  0.21084245E+04  0.20943039E+04  0.20803142E+04  0.20664637E+04  0.20527590E+04
  0.20392049E+04  0.20258071E+04  0.20125732E+04  0.19995100E+04  0.19866220E+04
  0.19739106E+04  0.19613764E+04  0.19490199E+04  0.19368454E+04  0.19248580E+04
  0.19130631E+04  0.19014664E+04  0.18900731E+04  0.18788878E+04  0.18679336E+04
  0.18572057E+04  0.18467911E+04  0.18365897E+04  0.18271280E+04  0.18164722E+04
  0.18101772E+04  0.32174530E+04  0.32164761E+04  0.32158093E+04  0.32162756E+04
  0.32165309E+04  0.32167066E+04  0.32168477E+04  0.32169642E+04  0.32170590E+04
  0.32171352E+04  0.32171922E+04  0.32172235E+04  0.32172148E+04  0.32171415E+04
  0.32169661E+04  0.32166290E+04  0.32160544E+04  0.32151629E+04  0.32138501E+04
  0.32119713E+04  0.32093297E+04  0.32056471E+04  0.32005866E+04  0.31937462E+04
  0.31846859E+04  0.31726184E+04  0.31569912E+04  0.31374145E+04  0.31131884E+04
  0.30842029E+04  0.30510606E+04  0.30166304E+04  0.29866353E+04  0.29627348E+04
  0.29413200E+04  0.29196292E+04  0.28965900E+04  0.28719719E+04  0.28459330E+04
  0.28186273E+04  0.27901116E+04  0.27603655E+04  0.27292640E+04  0.26967227E+04
  0.26625270E+04  0.26267166E+04  0.25906709E+04  0.25563190E+04  0.25256293E+04
  0.24995672E+04  0.24772826E+04  0.24573341E+04  0.24385332E+04  0.24202831E+04
  0.24023478E+04  0.23846380E+04  0.23671206E+04  0.23497779E+04  0.23326003E+04
  0.23155819E+04  0.22987100E+04  0.22819731E+04  0.22653647E+04  0.22488833E+04
  0.22325323E+04  0.22163185E+04  0.22002490E+04  0.21843302E+04  0.21685686E+04
  0.21529706E+04  0.21375441E+04  0.21222956E+04  0.21072311E+04  0.20923573E+04
  0.20776792E+04  0.20631977E+04  0.20489130E+04  0.20348297E+04  0.20209500E+04
  0.20072755E+04  0.19938091E+04  0.19805532E+04  0.19675097E+04  0.19546812E+04
  0.19420695E+04  0.19296750E+04  0.19174958E+04  0.19055286E+04  0.18937725E+04
  0.18822276E+04  0.18708933E+04  0.18597692E+04  0.18488558E+04  0.18381518E+04
  0.18276713E+04  0.18174022E+04  0.18074141E+04  0.17975942E+04  0.17884318E+04
  0.17778725E+04  0.17715549E+04  0.32175924E+04  0.32165445E+04  0.32158007E+04
  0.32162505E+04  0.32164839E+04  0.32166343E+04  0.32167463E+04  0.32168339E+04
  0.32168983E+04  0.32169412E+04  0.32169732E+04  0.32169878E+04  0.32169545E+04
  0.32168436E+04  0.32166134E+04  0.32162125E+04  0.32155933E+04  0.32146728E+04
  0.32133172E+04  0.32113552E+04  0.32085825E+04  0.32047387E+04  0.31994983E+04
  0.31924319E+04  0.31830871E+04  0.31706720E+04  0.31546257E+04  0.31345548E+04
  0.31097445E+04  0.30801253E+04  0.30462866E+04  0.30116304E+04  0.29825030E+04
  0.29598185E+04  0.29390224E+04  0.29173050E+04  0.28937701E+04  0.28682804E+04
  0.28409928E+04  0.28120124E+04  0.27813297E+04  0.27488517E+04  0.27144965E+04
  0.26782631E+04  0.26399480E+04  0.25998971E+04  0.25601372E+04  0.25236639E+04
  0.24926177E+04  0.24667867E+04  0.24444343E+04  0.24239536E+04  0.24043472E+04
  0.23851523E+04  0.23662128E+04  0.23474947E+04  0.23290035E+04  0.23107424E+04
  0.22927047E+04  0.22748880E+04  0.22572950E+04  0.22399304E+04  0.22227971E+04
  0.22058944E+04  0.21892212E+04  0.21727760E+04  0.21565584E+04  0.21405725E+04
  0.21248218E+04  0.21093073E+04  0.20940292E+04  0.20789879E+04  0.20641855E+04
  0.20496259E+04  0.20353117E+04  0.20212420E+04  0.20074137E+04  0.19938236E+04
  0.19804679E+04  0.19673447E+04  0.19544545E+04  0.19417961E+04  0.19293664E+04
  0.19171629E+04  0.19051845E+04  0.18934304E+04  0.18818976E+04  0.18705811E+04
  0.18594768E+04  0.18485815E+04  0.18378927E+04  0.18274079E+04  0.18171257E+04
  0.18070408E+04  0.17971593E+04  0.17874643E+04  0.17780087E+04  0.17686714E+04
  0.17599067E+04  0.17495548E+04  0.17432780E+04  0.32177266E+04  0.32166102E+04
  0.32157929E+04  0.32162302E+04  0.32164488E+04  0.32165820E+04  0.32166725E+04
  0.32167373E+04  0.32167839E+04  0.32168125E+04  0.32168307E+04  0.32168338E+04
  0.32167668E+04  0.32165937E+04  0.32163007E+04  0.32158589E+04  0.32152245E+04
  0.32142951E+04  0.32128761E+04  0.32107609E+04  0.32077826E+04  0.32037089E+04
  0.31982351E+04  0.31909150E+04  0.31812623E+04  0.31684711E+04  0.31519754E+04
  0.31313708E+04  0.31059182E+04  0.30755509E+04  0.30407761E+04  0.30054933E+04
  0.29765736E+04  0.29541084E+04  0.29328173E+04  0.29100090E+04  0.28849384E+04
  0.28575030E+04  0.28278302E+04  0.27960673E+04  0.27622882E+04  0.27264810E+04
  0.26886726E+04  0.26489633E+04  0.26072689E+04  0.25641697E+04  0.25224740E+04
  0.24857692E+04  0.24553300E+04  0.24298864E+04  0.24074539E+04  0.23865304E+04
  0.23663417E+04  0.23465802E+04  0.23271536E+04  0.23080474E+04  0.22892686E+04
  0.22708174E+04  0.22526854E+04  0.22348628E+04  0.22173425E+04  0.22001216E+04
  0.21831992E+04  0.21665716E+04  0.21502324E+04  0.21341736E+04  0.21183900E+04
  0.21028805E+04  0.20876438E+04  0.20726769E+04  0.20579757E+04  0.20435364E+04
  0.20293570E+04  0.20154368E+04  0.20017745E+04  0.19883667E+04  0.19752085E+04
  0.19622944E+04  0.19496199E+04  0.19371820E+04  0.19249784E+04  0.19130047E+04
  0.19012557E+04  0.18897274E+04  0.18784170E+04  0.18673224E+04  0.18564394E+04
  0.18457624E+04  0.18352858E+04  0.18250048E+04  0.18149156E+04  0.18050144E+04
  0.17952981E+04  0.17857604E+04  0.17764029E+04  0.17672062E+04  0.17582107E+04
  0.17492911E+04  0.17408767E+04  0.17307313E+04  0.17245113E+04  0.32178508E+04
  0.32166718E+04  0.32157891E+04  0.32162180E+04  0.32164263E+04  0.32165480E+04
  0.32166216E+04  0.32166661E+04  0.32166980E+04  0.32167265E+04  0.32167398E+04
  0.32167220E+04  0.32166054E+04  0.32163604E+04  0.32160141E+04  0.32155421E+04
  0.32148857E+04  0.32139299E+04  0.32123767E+04  0.32099993E+04  0.32067484E+04
  0.32024241E+04  0.31966781E+04  0.31890450E+04  0.31790250E+04  0.31657702E+04
  0.31486969E+04  0.31273513E+04  0.31009131E+04  0.30691550E+04  0.30324757E+04
  0.29952448E+04  0.29651162E+04  0.29417134E+04  0.29190314E+04  0.28944795E+04
  0.28673830E+04  0.28376397E+04  0.28053993E+04  0.27709156E+04  0.27344143E+04
  0.26960363E+04  0.26558566E+04  0.26140019E+04  0.25704979E+04  0.25261732E+04
  0.24844720E+04  0.24488337E+04  0.24195370E+04  0.23948025E+04  0.23726309E+04
  0.23517600E+04  0.23316041E+04  0.23119461E+04  0.22927168E+04  0.22738933E+04
  0.22554663E+04  0.22374259E+04  0.22197569E+04  0.22024415E+04  0.21854625E+04
  0.21688058E+04  0.21524616E+04  0.21364223E+04  0.21206805E+04  0.21052297E+04
  0.20900641E+04  0.20751791E+04  0.20605700E+04  0.20462323E+04  0.20321615E+04
  0.20183528E+04  0.20048020E+04  0.19915049E+04  0.19784567E+04  0.19656532E+04
  0.19530916E+04  0.19407688E+04  0.19286815E+04  0.19168266E+04  0.19051989E+04
  0.18937925E+04  0.18826021E+04  0.18716224E+04  0.18608483E+04  0.18502750E+04
  0.18398971E+04  0.18297090E+04  0.18197050E+04  0.18098797E+04  0.18002288E+04
  0.17907475E+04  0.17814330E+04  0.17722780E+04  0.17632821E+04  0.17544267E+04
  0.17457476E+04  0.17371194E+04  0.17289570E+04  0.17189782E+04  0.17128137E+04
  0.32179629E+04  0.32167303E+04  0.32157984E+04  0.32162294E+04  0.32164333E+04
  0.32165490E+04  0.32166131E+04  0.32166435E+04  0.32166566E+04  0.32166759E+04
  0.32166681E+04  0.32166022E+04  0.32164172E+04  0.32160962E+04  0.32156819E+04
  0.32151250E+04  0.32143436E+04  0.32132277E+04  0.32114434E+04  0.32087868E+04
  0.32052876E+04  0.32007139E+04  0.31946374E+04  0.31865563E+04  0.31759523E+04
  0.31619158E+04  0.31437933E+04  0.31210332E+04  0.30926590E+04  0.30581512E+04
  0.30178634E+04  0.29772317E+04  0.29454955E+04  0.29216105E+04  0.28981311E+04
  0.28723775E+04  0.28437511E+04  0.28123030E+04  0.27783471E+04  0.27422205E+04
  0.27041993E+04  0.26644752E+04  0.26231257E+04  0.25803332E+04  0.25362754E+04
  0.24921353E+04  0.24516723E+04  0.24179122E+04  0.23902938E+04  0.23666691E+04
  0.23451854E+04  0.23248232E+04  0.23051401E+04  0.22859761E+04  0.22672764E+04
  0.22490121E+04  0.22311594E+04  0.22136970E+04  0.21966035E+04  0.21798559E+04
  0.21634343E+04  0.21473233E+04  0.21315138E+04  0.21160004E+04  0.21007786E+04
  0.20858443E+04  0.20711931E+04  0.20568196E+04  0.20427185E+04  0.20288844E+04
  0.20153117E+04  0.20019954E+04  0.19889318E+04  0.19761164E+04  0.19635434E+04
  0.19512105E+04  0.19391164E+04  0.19272574E+04  0.19156278E+04  0.19042212E+04
  0.18930305E+04  0.18820494E+04  0.18712710E+04  0.18606871E+04  0.18502907E+04
  0.18400754E+04  0.18300364E+04  0.18201690E+04  0.18104691E+04  0.18009323E+04
  0.17915546E+04  0.17823321E+04  0.17732625E+04  0.17643396E+04  0.17555644E+04
  0.17469207E+04  0.17384447E+04  0.17300127E+04  0.17220309E+04  0.17121941E+04
  0.17060882E+04  0.32180623E+04  0.32167920E+04  0.32158436E+04  0.32163075E+04
  0.32165293E+04  0.32166564E+04  0.32167307E+04  0.32167654E+04  0.32167605E+04
  0.32167167E+04  0.32165970E+04  0.32163958E+04  0.32161143E+04  0.32157128E+04
  0.32151565E+04  0.32143750E+04  0.32132777E+04  0.32117689E+04  0.32097156E+04
  0.32069818E+04  0.32033862E+04  0.31986077E+04  0.31921582E+04  0.31834655E+04
  0.31719874E+04  0.31567214E+04  0.31368742E+04  0.31118010E+04  0.30804414E+04
  0.30421489E+04  0.29974051E+04  0.29535530E+04  0.29216839E+04  0.28989266E+04
  0.28757451E+04  0.28495169E+04  0.28199853E+04  0.27874700E+04  0.27524485E+04
  0.27153378E+04  0.26764634E+04  0.26361087E+04  0.25945122E+04  0.25519875E+04
  0.25086661E+04  0.24658935E+04  0.24276229E+04  0.23962925E+04  0.23705328E+04
  0.23480561E+04  0.23272894E+04  0.23074471E+04  0.22882057E+04  0.22694607E+04
  0.22511802E+04  0.22333422E+04  0.22159148E+04  0.21988662E+04  0.21821722E+04
  0.21658131E+04  0.21497739E+04  0.21340433E+04  0.21186141E+04  0.21034828E+04
  0.20886458E+04  0.20740986E+04  0.20598343E+04  0.20458446E+04  0.20321221E+04
  0.20186604E+04  0.20054538E+04  0.19924961E+04  0.19797831E+04  0.19673107E+04
  0.19550750E+04  0.19430738E+04  0.19313035E+04  0.19197576E+04  0.19084275E+04
  0.18973044E+04  0.18863817E+04  0.18756541E+04  0.18651144E+04  0.18547554E+04
  0.18445711E+04  0.18345569E+04  0.18247094E+04  0.18150265E+04  0.18055056E+04
  0.17961435E+04  0.17869364E+04  0.17778805E+04  0.17689729E+04  0.17602092E+04
  0.17515939E+04  0.17431100E+04  0.17347906E+04  0.17265112E+04  0.17186715E+04
  0.17089616E+04  0.17029163E+04  0.32181984E+04  0.32168716E+04  0.32158951E+04
  0.32164057E+04  0.32166554E+04  0.32168011E+04  0.32168917E+04  0.32169362E+04
  0.32169150E+04  0.32167777E+04  0.32164908E+04  0.32161021E+04  0.32157043E+04
  0.32152172E+04  0.32144814E+04  0.32134201E+04  0.32119556E+04  0.32100070E+04
  0.32077287E+04  0.32050476E+04  0.32014264E+04  0.31963741E+04  0.31893849E+04
  0.31799475E+04  0.31675009E+04  0.31509259E+04  0.31292357E+04  0.31017999E+04
  0.30678039E+04  0.30267786E+04  0.29794994E+04  0.29347066E+04  0.29041847E+04
  0.28829518E+04  0.28600620E+04  0.28333928E+04  0.28031674E+04  0.27699309E+04
  0.27342307E+04  0.26965323E+04  0.26572056E+04  0.26166563E+04  0.25753590E+04
  0.25337360E+04  0.24917041E+04  0.24506292E+04  0.24146180E+04  0.23854499E+04
  0.23610785E+04  0.23393204E+04  0.23189181E+04  0.22992935E+04  0.22802202E+04
  0.22616333E+04  0.22435144E+04  0.22258439E+04  0.22085884E+04  0.21917129E+04
  0.21751948E+04  0.21590222E+04  0.21431851E+04  0.21276738E+04  0.21124788E+04
  0.20975933E+04  0.20830115E+04  0.20687249E+04  0.20547225E+04  0.20409924E+04
  0.20275240E+04  0.20143093E+04  0.20013424E+04  0.19886177E+04  0.19761273E+04
  0.19638645E+04  0.19518239E+04  0.19399993E+04  0.19283846E+04  0.19169753E+04
  0.19057665E+04  0.18947517E+04  0.18839254E+04  0.18732833E+04  0.18628209E+04
  0.18525354E+04  0.18424238E+04  0.18324833E+04  0.18227125E+04  0.18131103E+04
  0.18036752E+04  0.17944040E+04  0.17852924E+04  0.17763355E+04  0.17675293E+04
  0.17588689E+04  0.17503590E+04  0.17419817E+04  0.17337669E+04  0.17255886E+04
  0.17178439E+04  0.17082231E+04  0.17022216E+04  0.32182879E+04  0.32169184E+04
  0.32159111E+04  0.32164408E+04  0.32167005E+04  0.32168521E+04  0.32169470E+04
  0.32169931E+04  0.32169629E+04  0.32167839E+04  0.32164209E+04  0.32159458E+04
  0.32154893E+04  0.32149563E+04  0.32141386E+04  0.32129555E+04  0.32113362E+04
  0.32092073E+04  0.32068344E+04  0.32041638E+04  0.32005133E+04  0.31952584E+04
  0.31879070E+04  0.31780691E+04  0.31651588E+04  0.31479925E+04  0.31254781E+04
  0.30970369E+04  0.30620918E+04  0.30203275E+04  0.29726856E+04  0.29281955E+04
  0.28985386E+04  0.28779054E+04  0.28550163E+04  0.28280931E+04  0.27975697E+04
  0.27640760E+04  0.27281726E+04  0.26903277E+04  0.26509113E+04  0.26103648E+04
  0.25692544E+04  0.25280431E+04  0.24865531E+04  0.24462011E+04  0.24111561E+04
  0.23828430E+04  0.23589443E+04  0.23373835E+04  0.23170498E+04  0.22974476E+04
  0.22783885E+04  0.22598183E+04  0.22417201E+04  0.22240730E+04  0.22068448E+04
  0.21900006E+04  0.21735194E+04  0.21573925E+04  0.21416114E+04  0.21261662E+04
  0.21110455E+04  0.20962406E+04  0.20817438E+04  0.20675447E+04  0.20536305E+04
  0.20399881E+04  0.20266056E+04  0.20134734E+04  0.20005856E+04  0.19879374E+04
  0.19755205E+04  0.19633263E+04  0.19513473E+04  0.19395741E+04  0.19279990E+04
  0.19166202E+04  0.19054357E+04  0.18944411E+04  0.18836315E+04  0.18730028E+04
  0.18625522E+04  0.18522787E+04  0.18421806E+04  0.18322557E+04  0.18225030E+04
  0.18129217E+04  0.18035102E+04  0.17942657E+04  0.17851834E+04  0.17762578E+04
  0.17674846E+04  0.17588580E+04  0.17503814E+04  0.17420371E+04  0.17338549E+04
  0.17257085E+04  0.17179955E+04  0.17084051E+04  0.17024178E+04
