  0.32153873E+04  0.32155062E+04  0.32159339E+04  0.32164056E+04  0.32166739E+04
  0.32168550E+04  0.32169800E+04  0.32170562E+04  0.32170903E+04  0.32170858E+04
  0.32170413E+04  0.32169509E+04  0.32168053E+04  0.32165909E+04  0.32162880E+04
  0.32158688E+04  0.32152959E+04  0.32145177E+04  0.32134640E+04  0.32120397E+04
  0.32101144E+04  0.32075107E+04  0.32039918E+04  0.31992391E+04  0.31928241E+04
  0.31842888E+04  0.31730663E+04  0.31585180E+04  0.31401290E+04  0.31176299E+04
  0.30914246E+04  0.30623652E+04  0.30318433E+04  0.30007528E+04  0.29691978E+04
  0.29376796E+04  0.29067529E+04  0.28767831E+04  0.28478974E+04  0.28200005E+04
  0.27928891E+04  0.27663722E+04  0.27403002E+04  0.27145880E+04  0.26892277E+04
  0.26642951E+04  0.26398355E+04  0.26157717E+04  0.25920209E+04  0.25685618E+04
  0.25453958E+04  0.25225324E+04  0.24999839E+04  0.24777641E+04  0.24558866E+04
  0.24343628E+04  0.24132004E+04  0.23924024E+04  0.23719684E+04  0.23518958E+04
  0.23321815E+04  0.23128229E+04  0.22938176E+04  0.22751644E+04  0.22568655E+04
  0.22389269E+04  0.22213594E+04  0.22041773E+04  0.21873980E+04  0.21710415E+04
  0.21551243E+04  0.21396664E+04  0.21246888E+04  0.21101993E+04  0.20962028E+04
  0.20827352E+04  0.20698220E+04  0.20574504E+04  0.20456104E+04  0.20342889E+04
  0.20234683E+04  0.20131281E+04  0.20032470E+04  0.19938033E+04  0.19847747E+04
  0.19761377E+04  0.19678679E+04  0.19599405E+04  0.19523295E+04  0.19450089E+04
  0.19379528E+04  0.19311355E+04  0.19245326E+04  0.19181174E+04  0.19118720E+04
  0.19057574E+04  0.18998020E+04  0.18938673E+04  0.18882311E+04  0.18811643E+04
  0.18767207E+04  0.32153885E+04  0.32155077E+04  0.32159371E+04  0.32164106E+04
  0.32166794E+04  0.32168603E+04  0.32169853E+04  0.32170617E+04  0.32170958E+04
  0.32170911E+04  0.32170461E+04  0.32169552E+04  0.32168092E+04  0.32165943E+04
  0.32162909E+04  0.32158714E+04  0.32152982E+04  0.32145200E+04  0.32134662E+04
  0.32120417E+04  0.32101159E+04  0.32075116E+04  0.32039922E+04  0.31992389E+04
  0.31928232E+04  0.31842874E+04  0.31730644E+04  0.31585160E+04  0.31401272E+04
  0.31176286E+04  0.30914239E+04  0.30623648E+04  0.30318429E+04  0.30007530E+04
  0.29691999E+04  0.29376847E+04  0.29067617E+04  0.28767956E+04  0.28479127E+04
  0.28200174E+04  0.27929065E+04  0.27663892E+04  0.27403160E+04  0.27146022E+04
  0.26892404E+04  0.26643061E+04  0.26398436E+04  0.26157768E+04  0.25920239E+04
  0.25685633E+04  0.25453960E+04  0.25225315E+04  0.24999822E+04  0.24777617E+04
  0.24558838E+04  0.24343595E+04  0.24131965E+04  0.23923977E+04  0.23719626E+04
  0.23518889E+04  0.23321736E+04  0.23128142E+04  0.22938086E+04  0.22751562E+04
  0.22568597E+04  0.22389260E+04  0.22213661E+04  0.22041950E+04  0.21874302E+04
  0.21710914E+04  0.21551956E+04  0.21397631E+04  0.21248144E+04  0.21103540E+04
  0.20963918E+04  0.20829640E+04  0.20700873E+04  0.20577486E+04  0.20459376E+04
  0.20346415E+04  0.20238433E+04  0.20135228E+04  0.20036589E+04  0.19942297E+04
  0.19852123E+04  0.19765830E+04  0.19683174E+04  0.19603906E+04  0.19527768E+04
  0.19454504E+04  0.19383858E+04  0.19315575E+04  0.19249414E+04  0.19185116E+04
  0.19122508E+04  0.19061201E+04  0.19001480E+04  0.18941959E+04  0.18885425E+04
  0.18814539E+04  0.18769967E+04  0.32153917E+04  0.32155131E+04  0.32159503E+04
  0.32164314E+04  0.32167024E+04  0.32168830E+04  0.32170076E+04  0.32170843E+04
  0.32171184E+04  0.32171127E+04  0.32170661E+04  0.32169735E+04  0.32168259E+04
  0.32166094E+04  0.32163044E+04  0.32158834E+04  0.32153090E+04  0.32145297E+04
  0.32134751E+04  0.32120493E+04  0.32101218E+04  0.32075156E+04  0.32039942E+04
  0.31992387E+04  0.31928205E+04  0.31842822E+04  0.31730570E+04  0.31585065E+04
  0.31401163E+04  0.31176171E+04  0.30914117E+04  0.30623514E+04  0.30318277E+04
  0.30007375E+04  0.29691882E+04  0.29376808E+04  0.29067680E+04  0.28768123E+04
  0.28479374E+04  0.28200463E+04  0.27929360E+04  0.27664158E+04  0.27403372E+04
  0.27146162E+04  0.26892465E+04  0.26643032E+04  0.26398297E+04  0.26157520E+04
  0.25919901E+04  0.25685212E+04  0.25453462E+04  0.25224746E+04  0.24999186E+04
  0.24776922E+04  0.24558086E+04  0.24342788E+04  0.24131098E+04  0.23923044E+04
  0.23718622E+04  0.23517813E+04  0.23320593E+04  0.23126939E+04  0.22936840E+04
  0.22750307E+04  0.22567385E+04  0.22388160E+04  0.22212758E+04  0.22041340E+04
  0.21874087E+04  0.21711192E+04  0.21552833E+04  0.21399222E+04  0.21250532E+04
  0.21106767E+04  0.20968161E+04  0.20835001E+04  0.20707241E+04  0.20584775E+04
  0.20467492E+04  0.20355267E+04  0.20247936E+04  0.20145308E+04  0.20047172E+04
  0.19953301E+04  0.19863457E+04  0.19777398E+04  0.19694878E+04  0.19615649E+04
  0.19539458E+04  0.19466054E+04  0.19395189E+04  0.19326617E+04  0.19260107E+04
  0.19195410E+04  0.19132368E+04  0.19070603E+04  0.19010409E+04  0.18950397E+04
  0.18893387E+04  0.18821914E+04  0.18776978E+04  0.32153967E+04  0.32155236E+04
  0.32159790E+04  0.32164768E+04  0.32167519E+04  0.32169322E+04  0.32170559E+04
  0.32171318E+04  0.32171647E+04  0.32171571E+04  0.32171080E+04  0.32170125E+04
  0.32168620E+04  0.32166426E+04  0.32163346E+04  0.32159108E+04  0.32153336E+04
  0.32145517E+04  0.32134945E+04  0.32120660E+04  0.32101352E+04  0.32075254E+04
  0.32040000E+04  0.31992402E+04  0.31928167E+04  0.31842730E+04  0.31730420E+04
  0.31584855E+04  0.31400895E+04  0.31175851E+04  0.30913745E+04  0.30623081E+04
  0.30317779E+04  0.30006843E+04  0.29691388E+04  0.29376427E+04  0.29067458E+04
  0.28768070E+04  0.28479449E+04  0.28200601E+04  0.27929496E+04  0.27664234E+04
  0.27403340E+04  0.27145983E+04  0.26892117E+04  0.26642500E+04  0.26397560E+04
  0.26156582E+04  0.25918776E+04  0.25683909E+04  0.25451988E+04  0.25223108E+04
  0.24997394E+04  0.24774983E+04  0.24556007E+04  0.24340568E+04  0.24128731E+04
  0.23920520E+04  0.23715935E+04  0.23514963E+04  0.23317586E+04  0.23123793E+04
  0.22933591E+04  0.22747014E+04  0.22564136E+04  0.22385073E+04  0.22209974E+04
  0.22039015E+04  0.21872386E+04  0.21710277E+04  0.21552878E+04  0.21400406E+04
  0.21252902E+04  0.21110540E+04  0.20973612E+04  0.20842072E+04  0.20715813E+04
  0.20594750E+04  0.20478760E+04  0.20367704E+04  0.20261419E+04  0.20159713E+04
  0.20062370E+04  0.19969156E+04  0.19879827E+04  0.19794137E+04  0.19711840E+04
  0.19632689E+04  0.19556437E+04  0.19482840E+04  0.19411662E+04  0.19342668E+04
  0.19275645E+04  0.19210357E+04  0.19146663E+04  0.19084200E+04  0.19023286E+04
  0.18962534E+04  0.18904811E+04  0.18832460E+04  0.18786979E+04  0.32154043E+04
  0.32155403E+04  0.32160257E+04  0.32165507E+04  0.32168328E+04  0.32170129E+04
  0.32171347E+04  0.32172080E+04  0.32172381E+04  0.32172272E+04  0.32171745E+04
  0.32170751E+04  0.32169205E+04  0.32166970E+04  0.32163849E+04  0.32159568E+04
  0.32153754E+04  0.32145892E+04  0.32135277E+04  0.32120946E+04  0.32101588E+04
  0.32075435E+04  0.32040121E+04  0.31992453E+04  0.31928137E+04  0.31842610E+04
  0.31730203E+04  0.31584530E+04  0.31400463E+04  0.31175311E+04  0.30913097E+04
  0.30622314E+04  0.30316892E+04  0.30005889E+04  0.29690474E+04  0.29375661E+04
  0.29066911E+04  0.28767753E+04  0.28479309E+04  0.28200549E+04  0.27929442E+04
  0.27664093E+04  0.27403043E+04  0.27145476E+04  0.26891368E+04  0.26641488E+04
  0.26396265E+04  0.26155006E+04  0.25916935E+04  0.25681812E+04  0.25449644E+04
  0.25220527E+04  0.24994589E+04  0.24771964E+04  0.24552780E+04  0.24337131E+04
  0.24125075E+04  0.23916634E+04  0.23711811E+04  0.23510601E+04  0.23313000E+04
  0.23119015E+04  0.22928676E+04  0.22742057E+04  0.22559270E+04  0.22380464E+04
  0.22205818E+04  0.22035529E+04  0.21869792E+04  0.21708800E+04  0.21552750E+04
  0.21401815E+04  0.21255883E+04  0.21115452E+04  0.20980702E+04  0.20851147E+04
  0.20726777E+04  0.20607507E+04  0.20493199E+04  0.20383688E+04  0.20278787E+04
  0.20178290E+04  0.20081972E+04  0.19989595E+04  0.19900914E+04  0.19815684E+04
  0.19733664E+04  0.19654607E+04  0.19578276E+04  0.19504437E+04  0.19432866E+04
  0.19363349E+04  0.19295687E+04  0.19229669E+04  0.19165171E+04  0.19101846E+04
  0.19040041E+04  0.18978365E+04  0.18919745E+04  0.18846270E+04  0.18800089E+04
  0.32154148E+04  0.32155637E+04  0.32160911E+04  0.32166547E+04  0.32169475E+04
  0.32171279E+04  0.32172469E+04  0.32173163E+04  0.32173418E+04  0.32173262E+04
  0.32172686E+04  0.32171643E+04  0.32170046E+04  0.32167759E+04  0.32164584E+04
  0.32160246E+04  0.32154373E+04  0.32146451E+04  0.32135773E+04  0.32121377E+04
  0.32101950E+04  0.32075721E+04  0.32040322E+04  0.31992560E+04  0.31928131E+04
  0.31842481E+04  0.31729938E+04  0.31584112E+04  0.31399887E+04  0.31174575E+04
  0.30912201E+04  0.30621247E+04  0.30315657E+04  0.30004556E+04  0.29689183E+04
  0.29374558E+04  0.29066086E+04  0.28767222E+04  0.28479003E+04  0.28200358E+04
  0.27929248E+04  0.27663788E+04  0.27402539E+04  0.27144707E+04  0.26890293E+04
  0.26640084E+04  0.26394513E+04  0.26152909E+04  0.25914511E+04  0.25679075E+04
  0.25446605E+04  0.25217196E+04  0.24990979E+04  0.24768091E+04  0.24548650E+04
  0.24332741E+04  0.24120413E+04  0.23911687E+04  0.23706574E+04  0.23505080E+04
  0.23307218E+04  0.23113022E+04  0.22922562E+04  0.22735956E+04  0.22553364E+04
  0.22374975E+04  0.22200997E+04  0.22031647E+04  0.21867125E+04  0.21707620E+04
  0.21553303E+04  0.21404253E+04  0.21260445E+04  0.21122310E+04  0.20989904E+04
  0.20862729E+04  0.20740633E+04  0.20623497E+04  0.20511182E+04  0.20403497E+04
  0.20300229E+04  0.20201150E+04  0.20106025E+04  0.20014611E+04  0.19926670E+04
  0.19841964E+04  0.19760254E+04  0.19681303E+04  0.19604882E+04  0.19530772E+04
  0.19458769E+04  0.19388675E+04  0.19320316E+04  0.19253497E+04  0.19188116E+04
  0.19123841E+04  0.19061044E+04  0.18998333E+04  0.18938695E+04  0.18863932E+04
  0.18816946E+04  0.32154283E+04  0.32155938E+04  0.32161750E+04  0.32167886E+04
  0.32170964E+04  0.32172780E+04  0.32173936E+04  0.32174579E+04  0.32174774E+04
  0.32174557E+04  0.32173922E+04  0.32172822E+04  0.32171166E+04  0.32168817E+04
  0.32165574E+04  0.32161165E+04  0.32155217E+04  0.32147216E+04  0.32136458E+04
  0.32121976E+04  0.32102458E+04  0.32076131E+04  0.32040624E+04  0.31992739E+04
  0.31928170E+04  0.31842362E+04  0.31729642E+04  0.31583621E+04  0.31399191E+04
  0.31173670E+04  0.30911086E+04  0.30619916E+04  0.30314118E+04  0.30002895E+04
  0.29687573E+04  0.29373177E+04  0.29065048E+04  0.28766545E+04  0.28478603E+04
  0.28200098E+04  0.27928988E+04  0.27663397E+04  0.27401914E+04  0.27143768E+04
  0.26888993E+04  0.26638402E+04  0.26392433E+04  0.26150434E+04  0.25911663E+04
  0.25675872E+04  0.25443063E+04  0.25213329E+04  0.24986805E+04  0.24763626E+04
  0.24543903E+04  0.24327707E+04  0.24115080E+04  0.23906044E+04  0.23700620E+04
  0.23498831E+04  0.23300716E+04  0.23106344E+04  0.22915839E+04  0.22729376E+04
  0.22547162E+04  0.22369427E+04  0.22196412E+04  0.22028344E+04  0.21865412E+04
  0.21707779E+04  0.21555598E+04  0.21408828E+04  0.21267806E+04  0.21132516E+04
  0.21002622E+04  0.20878059E+04  0.20758502E+04  0.20643752E+04  0.20533639E+04
  0.20427953E+04  0.20326460E+04  0.20228919E+04  0.20135084E+04  0.20044713E+04
  0.19957574E+04  0.19873433E+04  0.19792057E+04  0.19713222E+04  0.19636714E+04
  0.19562333E+04  0.19489895E+04  0.19419224E+04  0.19350164E+04  0.19282539E+04
  0.19216265E+04  0.19151024E+04  0.19087209E+04  0.19023423E+04  0.18962723E+04
  0.18886601E+04  0.18838762E+04  0.32154449E+04  0.32156302E+04  0.32162767E+04
  0.32169516E+04  0.32172785E+04  0.32174624E+04  0.32175743E+04  0.32176321E+04
  0.32176445E+04  0.32176160E+04  0.32175463E+04  0.32174302E+04  0.32172581E+04
  0.32170159E+04  0.32166836E+04  0.32162341E+04  0.32156301E+04  0.32148205E+04
  0.32137347E+04  0.32122760E+04  0.32103131E+04  0.32076683E+04  0.32041042E+04
  0.31993008E+04  0.31928268E+04  0.31842268E+04  0.31729331E+04  0.31583072E+04
  0.31398393E+04  0.31172615E+04  0.30909778E+04  0.30618351E+04  0.30312308E+04
  0.30000947E+04  0.29685691E+04  0.29371573E+04  0.29063860E+04  0.28765790E+04
  0.28478180E+04  0.28199844E+04  0.27928738E+04  0.27663001E+04  0.27401252E+04
  0.27142753E+04  0.26887574E+04  0.26636559E+04  0.26390160E+04  0.26147740E+04
  0.25908572E+04  0.25672413E+04  0.25439259E+04  0.25209205E+04  0.24982382E+04
  0.24758924E+04  0.24538930E+04  0.24322459E+04  0.24109545E+04  0.23900217E+04
  0.23694509E+04  0.23492467E+04  0.23294161E+04  0.23099718E+04  0.22909325E+04
  0.22723216E+04  0.22541649E+04  0.22364895E+04  0.22193217E+04  0.22026828E+04
  0.21865895E+04  0.21710587E+04  0.21561036E+04  0.21417026E+04  0.21279216E+04
  0.21147309E+04  0.21020334E+04  0.20898481E+04  0.20781562E+04  0.20669329E+04
  0.20561537E+04  0.20457940E+04  0.20358290E+04  0.20262338E+04  0.20169837E+04
  0.20080549E+04  0.19994243E+04  0.19910686E+04  0.19829653E+04  0.19750940E+04
  0.19674358E+04  0.19599729E+04  0.19526889E+04  0.19455681E+04  0.19385967E+04
  0.19317587E+04  0.19250471E+04  0.19184316E+04  0.19119530E+04  0.19054706E+04
  0.18992964E+04  0.18915486E+04  0.18866790E+04  0.32154647E+04  0.32156727E+04
  0.32163952E+04  0.32171418E+04  0.32174915E+04  0.32176788E+04  0.32177868E+04
  0.32178371E+04  0.32178417E+04  0.32178069E+04  0.32177314E+04  0.32176092E+04
  0.32174299E+04  0.32171793E+04  0.32168378E+04  0.32163782E+04  0.32157636E+04
  0.32149429E+04  0.32138454E+04  0.32123743E+04  0.32103981E+04  0.32077390E+04
  0.32041591E+04  0.31993380E+04  0.31928440E+04  0.31842212E+04  0.31729017E+04
  0.31582480E+04  0.31397507E+04  0.31171426E+04  0.30908291E+04  0.30616569E+04
  0.30310251E+04  0.29998742E+04  0.29683575E+04  0.29369790E+04  0.29062570E+04
  0.28765012E+04  0.28477792E+04  0.28199659E+04  0.27928567E+04  0.27662674E+04
  0.27400636E+04  0.27141757E+04  0.26886148E+04  0.26634697E+04  0.26387869E+04
  0.26145040E+04  0.25905500E+04  0.25669007E+04  0.25435556E+04  0.25205239E+04
  0.24978183E+04  0.24754511E+04  0.24534307E+04  0.24317618E+04  0.24104475E+04
  0.23894916E+04  0.23688994E+04  0.23486784E+04  0.23288408E+04  0.23094064E+04
  0.22904010E+04  0.22718545E+04  0.22537972E+04  0.22362598E+04  0.22192679E+04
  0.22028418E+04  0.21870004E+04  0.21717602E+04  0.21571104E+04  0.21430559E+04
  0.21296212E+04  0.21167444E+04  0.21043613E+04  0.20924667E+04  0.20810480E+04
  0.20700818E+04  0.20595389E+04  0.20493911E+04  0.20396117E+04  0.20301756E+04
  0.20210585E+04  0.20122373E+04  0.20036890E+04  0.19953910E+04  0.19873228E+04
  0.19794665E+04  0.19718053E+04  0.19643234E+04  0.19570061E+04  0.19498392E+04
  0.19428103E+04  0.19359045E+04  0.19291158E+04  0.19224150E+04  0.19158446E+04
  0.19092632E+04  0.19029885E+04  0.18951070E+04  0.18901524E+04  0.32154874E+04
  0.32157208E+04  0.32165290E+04  0.32173565E+04  0.32177323E+04  0.32179243E+04
  0.32180279E+04  0.32180698E+04  0.32180672E+04  0.32180283E+04  0.32179481E+04
  0.32178194E+04  0.32176319E+04  0.32173718E+04  0.32170198E+04  0.32165490E+04
  0.32159224E+04  0.32150891E+04  0.32139785E+04  0.32124933E+04  0.32105020E+04
  0.32078263E+04  0.32042282E+04  0.31993865E+04  0.31928698E+04  0.31842207E+04
  0.31728712E+04  0.31581854E+04  0.31396542E+04  0.31170112E+04  0.30906637E+04
  0.30614580E+04  0.30307959E+04  0.29996299E+04  0.29681249E+04  0.29367863E+04
  0.29061221E+04  0.28764258E+04  0.28477490E+04  0.28199601E+04  0.27928544E+04
  0.27662497E+04  0.27400166E+04  0.27140903E+04  0.26884878E+04  0.26633025E+04
  0.26385823E+04  0.26142660E+04  0.25902834E+04  0.25666106E+04  0.25432465E+04
  0.25201993E+04  0.24974811E+04  0.24751022E+04  0.24530692E+04  0.24313857E+04
  0.24100551E+04  0.23890828E+04  0.23684770E+04  0.23482492E+04  0.23284193E+04
  0.23090154E+04  0.22900711E+04  0.22716223E+04  0.22537037E+04  0.22363485E+04
  0.22195816E+04  0.22034233E+04  0.21878900E+04  0.21729852E+04  0.21586673E+04
  0.21450019E+04  0.21319309E+04  0.21193404E+04  0.21072638E+04  0.20956669E+04
  0.20845233E+04  0.20738085E+04  0.20634932E+04  0.20535478E+04  0.20439448E+04
  0.20346586E+04  0.20256656E+04  0.20169433E+04  0.20084702E+04  0.20002259E+04
  0.19921922E+04  0.19843524E+04  0.19766910E+04  0.19691937E+04  0.19618468E+04
  0.19546375E+04  0.19475542E+04  0.19405831E+04  0.19337193E+04  0.19269346E+04
  0.19202732E+04  0.19135933E+04  0.19072195E+04  0.18992061E+04  0.18941672E+04
  0.32155126E+04  0.32157733E+04  0.32166755E+04  0.32175921E+04  0.32179970E+04
  0.32181949E+04  0.32182945E+04  0.32183307E+04  0.32183244E+04  0.32182821E+04
  0.32181966E+04  0.32180598E+04  0.32178628E+04  0.32175923E+04  0.32172289E+04
  0.32167459E+04  0.32161063E+04  0.32152593E+04  0.32141341E+04  0.32126335E+04
  0.32106253E+04  0.32079311E+04  0.32043124E+04  0.31994476E+04  0.31929054E+04
  0.31842261E+04  0.31728424E+04  0.31581205E+04  0.31395507E+04  0.31168680E+04
  0.30904820E+04  0.30612393E+04  0.30305444E+04  0.29993633E+04  0.29678740E+04
  0.29365828E+04  0.29059858E+04  0.28763582E+04  0.28477344E+04  0.28199753E+04
  0.27928767E+04  0.27662596E+04  0.27400001E+04  0.27140397E+04  0.26884017E+04
  0.26631854E+04  0.26384399E+04  0.26141031E+04  0.25901050E+04  0.25664210E+04
  0.25430489E+04  0.25199959E+04  0.24972723E+04  0.24748861E+04  0.24528424E+04
  0.24311446E+04  0.24097973E+04  0.23888086E+04  0.23681906E+04  0.23479617E+04
  0.23281513E+04  0.23087971E+04  0.22899403E+04  0.22716241E+04  0.22538871E+04
  0.22367602E+04  0.22202678E+04  0.22044233E+04  0.21892329E+04  0.21746719E+04
  0.21607356E+04  0.21474408E+04  0.21346843E+04  0.21224074E+04  0.21106299E+04
  0.20993162E+04  0.20884344E+04  0.20779541E+04  0.20678458E+04  0.20580813E+04
  0.20486336E+04  0.20394781E+04  0.20305922E+04  0.20219534E+04  0.20135417E+04
  0.20053392E+04  0.19973290E+04  0.19894957E+04  0.19818251E+04  0.19743039E+04
  0.19669199E+04  0.19596614E+04  0.19525182E+04  0.19454780E+04  0.19385373E+04
  0.19316686E+04  0.19249174E+04  0.19181411E+04  0.19116703E+04  0.19035284E+04
  0.18984076E+04  0.32155396E+04  0.32158286E+04  0.32168310E+04  0.32178435E+04
  0.32182804E+04  0.32184870E+04  0.32185876E+04  0.32186249E+04  0.32186175E+04
  0.32185693E+04  0.32184747E+04  0.32183281E+04  0.32181207E+04  0.32178389E+04
  0.32174636E+04  0.32169678E+04  0.32163144E+04  0.32154528E+04  0.32143122E+04
  0.32127948E+04  0.32107683E+04  0.32080540E+04  0.32044125E+04  0.31995220E+04
  0.31929517E+04  0.31842386E+04  0.31728164E+04  0.31580540E+04  0.31394411E+04
  0.31167139E+04  0.30902852E+04  0.30610020E+04  0.30302726E+04  0.29990777E+04
  0.29676094E+04  0.29363747E+04  0.29058559E+04  0.28763078E+04  0.28477469E+04
  0.28200255E+04  0.27929405E+04  0.27663173E+04  0.27400389E+04  0.27140531E+04
  0.26883909E+04  0.26631568E+04  0.26383991E+04  0.26140527E+04  0.25900466E+04
  0.25663551E+04  0.25429750E+04  0.25199125E+04  0.24971767E+04  0.24747738E+04
  0.24527077E+04  0.24309824E+04  0.24096048E+04  0.23885873E+04  0.23679481E+04
  0.23477163E+04  0.23279326E+04  0.23086448E+04  0.22899036E+04  0.22717560E+04
  0.22542393E+04  0.22373796E+04  0.22211931E+04  0.22056846E+04  0.21908486E+04
  0.21766325E+04  0.21631038E+04  0.21501640E+04  0.21376789E+04  0.21257101E+04
  0.21142164E+04  0.21031615E+04  0.20925145E+04  0.20822419E+04  0.20723138E+04
  0.20627030E+04  0.20533850E+04  0.20443364E+04  0.20355344E+04  0.20269573E+04
  0.20185858E+04  0.20104041E+04  0.20023975E+04  0.19945526E+04  0.19868566E+04
  0.19792976E+04  0.19718647E+04  0.19645476E+04  0.19573376E+04  0.19502239E+04
  0.19432043E+04  0.19362521E+04  0.19294143E+04  0.19225462E+04  0.19159834E+04
  0.19077202E+04  0.19025224E+04  0.32155684E+04  0.32158852E+04  0.32169899E+04
  0.32181034E+04  0.32185762E+04  0.32187975E+04  0.32189064E+04  0.32189502E+04
  0.32189417E+04  0.32188839E+04  0.32187783E+04  0.32186210E+04  0.32184026E+04
  0.32181093E+04  0.32177218E+04  0.32172127E+04  0.32165452E+04  0.32156685E+04
  0.32145116E+04  0.32129767E+04  0.32109309E+04  0.32081950E+04  0.32045290E+04
  0.31996106E+04  0.31930098E+04  0.31842593E+04  0.31727943E+04  0.31579876E+04
  0.31393268E+04  0.31165505E+04  0.30900752E+04  0.30607491E+04  0.30299848E+04
  0.29987793E+04  0.29673395E+04  0.29361726E+04  0.29057456E+04  0.28762904E+04
  0.28478040E+04  0.28201308E+04  0.27930690E+04  0.27664492E+04  0.27401613E+04
  0.27141603E+04  0.26884838E+04  0.26632393E+04  0.26384710E+04  0.26141103E+04
  0.25900855E+04  0.25663708E+04  0.25429632E+04  0.25198694E+04  0.24970973E+04
  0.24746517E+04  0.24525362E+04  0.24307569E+04  0.24093251E+04  0.23882593E+04
  0.23675870E+04  0.23473506E+04  0.23276037E+04  0.23084055E+04  0.22898119E+04
  0.22718653E+04  0.22545990E+04  0.22380338E+04  0.22221745E+04  0.22070190E+04
  0.21925360E+04  0.21787018E+04  0.21655127E+04  0.21528600E+04  0.21406842E+04
  0.21290017E+04  0.21177682E+04  0.21069469E+04  0.20965049E+04  0.20864101E+04
  0.20766338E+04  0.20671506E+04  0.20579369E+04  0.20489684E+04  0.20402228E+04
  0.20316814E+04  0.20233278E+04  0.20151479E+04  0.20071293E+04  0.19992597E+04
  0.19915277E+04  0.19839227E+04  0.19764350E+04  0.19690553E+04  0.19617760E+04
  0.19545872E+04  0.19474879E+04  0.19404523E+04  0.19335292E+04  0.19265727E+04
  0.19199232E+04  0.19115486E+04  0.19062802E+04  0.32155996E+04  0.32159443E+04
  0.32171517E+04  0.32183675E+04  0.32188803E+04  0.32191210E+04  0.32192417E+04
  0.32192911E+04  0.32192807E+04  0.32192156E+04  0.32191012E+04  0.32189339E+04
  0.32187050E+04  0.32184004E+04  0.32180006E+04  0.32174784E+04  0.32167967E+04
  0.32159045E+04  0.32147310E+04  0.32131780E+04  0.32111123E+04  0.32083540E+04
  0.32046621E+04  0.31997140E+04  0.31930807E+04  0.31842896E+04  0.31727781E+04
  0.31579231E+04  0.31392104E+04  0.31163808E+04  0.30898559E+04  0.30604858E+04
  0.30296881E+04  0.29984775E+04  0.29670765E+04  0.29359911E+04  0.29056714E+04
  0.28763251E+04  0.28479268E+04  0.28203128E+04  0.27932840E+04  0.27666755E+04
  0.27403840E+04  0.27143704E+04  0.26886762E+04  0.26634088E+04  0.26386085E+04
  0.26142052E+04  0.25901292E+04  0.25663579E+04  0.25428893E+04  0.25197298E+04
  0.24968862E+04  0.24743633E+04  0.24521659E+04  0.24303041E+04  0.24087950E+04
  0.23876655E+04  0.23669558E+04  0.23467229E+04  0.23270347E+04  0.23079573E+04
  0.22895417E+04  0.22718276E+04  0.22548443E+04  0.22386015E+04  0.22230945E+04
  0.22083040E+04  0.21941780E+04  0.21807320E+04  0.21678412E+04  0.21554336E+04
  0.21435598E+04  0.21321415E+04  0.21211393E+04  0.21105211E+04  0.21002535E+04
  0.20903067E+04  0.20806550E+04  0.20712725E+04  0.20621343E+04  0.20532178E+04
  0.20445045E+04  0.20359794E+04  0.20276289E+04  0.20194402E+04  0.20114012E+04
  0.20035008E+04  0.19957288E+04  0.19880756E+04  0.19805326E+04  0.19730913E+04
  0.19657450E+04  0.19584842E+04  0.19513088E+04  0.19441931E+04  0.19371875E+04
  0.19301457E+04  0.19234134E+04  0.19149345E+04  0.19096007E+04  0.32156291E+04
  0.32160058E+04  0.32173193E+04  0.32186376E+04  0.32191920E+04  0.32194526E+04
  0.32195820E+04  0.32196329E+04  0.32196222E+04  0.32195558E+04  0.32194366E+04
  0.32192619E+04  0.32190236E+04  0.32187085E+04  0.32182969E+04  0.32177617E+04
  0.32170658E+04  0.32161582E+04  0.32149681E+04  0.32133968E+04  0.32113108E+04
  0.32085295E+04  0.32048110E+04  0.31998321E+04  0.31931644E+04  0.31843302E+04
  0.31727692E+04  0.31578628E+04  0.31390946E+04  0.31162085E+04  0.30896321E+04
  0.30602185E+04  0.30293907E+04  0.29981824E+04  0.29668324E+04  0.29358444E+04
  0.29056486E+04  0.28764262E+04  0.28481279E+04  0.28205814E+04  0.27935897E+04
  0.27669919E+04  0.27406902E+04  0.27146496E+04  0.26889129E+04  0.26635863E+04
  0.26387118E+04  0.26142238E+04  0.25900565E+04  0.25661899E+04  0.25426232E+04
  0.25193630E+04  0.24964156E+04  0.24737859E+04  0.24514809E+04  0.24295157E+04
  0.24079152E+04  0.23867171E+04  0.23659778E+04  0.23457714E+04  0.23261752E+04
  0.23072521E+04  0.22890513E+04  0.22716115E+04  0.22549497E+04  0.22390605E+04
  0.22239262E+04  0.22095018E+04  0.21957557E+04  0.21826431E+04  0.21700465E+04
  0.21579309E+04  0.21463010E+04  0.21351011E+04  0.21242908E+04  0.21138383E+04
  0.21037118E+04  0.20938839E+04  0.20843272E+04  0.20750149E+04  0.20659245E+04
  0.20570384E+04  0.20483423E+04  0.20398222E+04  0.20314655E+04  0.20232602E+04
  0.20151951E+04  0.20072602E+04  0.19994462E+04  0.19917445E+04  0.19841475E+04
  0.19766474E+04  0.19692382E+04  0.19619110E+04  0.19546659E+04  0.19474775E+04
  0.19403970E+04  0.19332771E+04  0.19264678E+04  0.19178910E+04  0.19124959E+04
  0.32156566E+04  0.32160676E+04  0.32174930E+04  0.32189175E+04  0.32195111E+04
  0.32197864E+04  0.32199204E+04  0.32199729E+04  0.32199642E+04  0.32198991E+04
  0.32197784E+04  0.32195990E+04  0.32193536E+04  0.32190292E+04  0.32186067E+04
  0.32180592E+04  0.32173494E+04  0.32164266E+04  0.32152199E+04  0.32136304E+04
  0.32115240E+04  0.32087195E+04  0.32049740E+04  0.31999634E+04  0.31932600E+04
  0.31843809E+04  0.31727683E+04  0.31578081E+04  0.31389817E+04  0.31160368E+04
  0.30894078E+04  0.30599519E+04  0.30290977E+04  0.29978995E+04  0.29666123E+04
  0.29357366E+04  0.29056795E+04  0.28765912E+04  0.28483981E+04  0.28209187E+04
  0.27939569E+04  0.27673550E+04  0.27410199E+04  0.27149205E+04  0.26891003E+04
  0.26636686E+04  0.26386761E+04  0.26140643E+04  0.25897705E+04  0.25657764E+04
  0.25420833E+04  0.25186976E+04  0.24956243E+04  0.24728678E+04  0.24504386E+04
  0.24283580E+04  0.24066614E+04  0.23854018E+04  0.23646551E+04  0.23445105E+04
  0.23250449E+04  0.23063196E+04  0.22883841E+04  0.22712650E+04  0.22549606E+04
  0.22394500E+04  0.22246952E+04  0.22106402E+04  0.21972434E+04  0.21844099E+04
  0.21720843E+04  0.21602475E+04  0.21488403E+04  0.21378320E+04  0.21271868E+04
  0.21168729E+04  0.21068619E+04  0.20971252E+04  0.20876348E+04  0.20783680E+04
  0.20693079E+04  0.20604398E+04  0.20517501E+04  0.20432256E+04  0.20348545E+04
  0.20266259E+04  0.20185299E+04  0.20105576E+04  0.20027006E+04  0.19949510E+04
  0.19873020E+04  0.19797466E+04  0.19722792E+04  0.19648912E+04  0.19575835E+04
  0.19503306E+04  0.19431845E+04  0.19359965E+04  0.19291201E+04  0.19204564E+04
  0.19150063E+04  0.32156850E+04  0.32161288E+04  0.32176658E+04  0.32191982E+04
  0.32198306E+04  0.32201182E+04  0.32202575E+04  0.32203134E+04  0.32203062E+04
  0.32202418E+04  0.32201204E+04  0.32199385E+04  0.32196883E+04  0.32193570E+04
  0.32189254E+04  0.32183668E+04  0.32176440E+04  0.32167065E+04  0.32154835E+04
  0.32138758E+04  0.32117488E+04  0.32089208E+04  0.32051475E+04  0.32001045E+04
  0.31933642E+04  0.31844392E+04  0.31727739E+04  0.31577580E+04  0.31388716E+04
  0.31158660E+04  0.30891834E+04  0.30596847E+04  0.30288051E+04  0.29976212E+04
  0.29664052E+04  0.29356516E+04  0.29057414E+04  0.28767901E+04  0.28486978E+04
  0.28212739E+04  0.27943231E+04  0.27676907E+04  0.27412894E+04  0.27150934E+04
  0.26891509E+04  0.26635781E+04  0.26384353E+04  0.26136712E+04  0.25892266E+04
  0.25650855E+04  0.25412493E+04  0.25177227E+04  0.24945084E+04  0.24716117E+04
  0.24490480E+04  0.24268475E+04  0.24050594E+04  0.23837572E+04  0.23630379E+04
  0.23429963E+04  0.23237085E+04  0.23052360E+04  0.22876170E+04  0.22708580E+04
  0.22549379E+04  0.22398165E+04  0.22254391E+04  0.22117436E+04  0.21986407E+04
  0.21860662E+04  0.21739949E+04  0.21623790E+04  0.21511691E+04  0.21403282E+04
  0.21298239E+04  0.21196256E+04  0.21097042E+04  0.21000313E+04  0.20905848E+04
  0.20813481E+04  0.20723063E+04  0.20634453E+04  0.20547521E+04  0.20462149E+04
  0.20378230E+04  0.20295667E+04  0.20214374E+04  0.20134270E+04  0.20055279E+04
  0.19977330E+04  0.19900360E+04  0.19824305E+04  0.19749112E+04  0.19674699E+04
  0.19601078E+04  0.19527994E+04  0.19455975E+04  0.19383520E+04  0.19314197E+04
  0.19226838E+04  0.19171877E+04  0.32157147E+04  0.32161915E+04  0.32178366E+04
  0.32194738E+04  0.32201473E+04  0.32204507E+04  0.32205962E+04  0.32206540E+04
  0.32206465E+04  0.32205808E+04  0.32204576E+04  0.32202733E+04  0.32200199E+04
  0.32196841E+04  0.32192464E+04  0.32186794E+04  0.32179455E+04  0.32169944E+04
  0.32157557E+04  0.32141299E+04  0.32119821E+04  0.32091298E+04  0.32053280E+04
  0.32002513E+04  0.31934725E+04  0.31845005E+04  0.31727814E+04  0.31577078E+04
  0.31387592E+04  0.31156904E+04  0.30889509E+04  0.30594043E+04  0.30284940E+04
  0.29973224E+04  0.29661796E+04  0.29355513E+04  0.29057888E+04  0.28769704E+04
  0.28489677E+04  0.28215810E+04  0.27946171E+04  0.27679265E+04  0.27414293E+04
  0.27151082E+04  0.26890181E+04  0.26632803E+04  0.26379658E+04  0.26130327E+04
  0.25884246E+04  0.25641253E+04  0.25401351E+04  0.25164558E+04  0.24930886E+04
  0.24700414E+04  0.24473370E+04  0.24250179E+04  0.24031511E+04  0.23818368E+04
  0.23611874E+04  0.23412971E+04  0.23222427E+04  0.23040767E+04  0.22868169E+04
  0.22704469E+04  0.22549249E+04  0.22401879E+04  0.22261818E+04  0.22128144E+04
  0.21999921E+04  0.21876769E+04  0.21758227E+04  0.21643868E+04  0.21533315E+04
  0.21426220E+04  0.21322267E+04  0.21221128E+04  0.21122516E+04  0.21026206E+04
  0.20932033E+04  0.20839847E+04  0.20749506E+04  0.20660880E+04  0.20573848E+04
  0.20488306E+04  0.20404159E+04  0.20321319E+04  0.20239710E+04  0.20159258E+04
  0.20079893E+04  0.20001552E+04  0.19924177E+04  0.19847703E+04  0.19772082E+04
  0.19697235E+04  0.19623175E+04  0.19549645E+04  0.19477177E+04  0.19404262E+04
  0.19334491E+04  0.19246556E+04  0.19191230E+04  0.32157468E+04  0.32162591E+04
  0.32180123E+04  0.32197515E+04  0.32204666E+04  0.32207857E+04  0.32209351E+04
  0.32209922E+04  0.32209820E+04  0.32209125E+04  0.32207855E+04  0.32205979E+04
  0.32203416E+04  0.32200030E+04  0.32195619E+04  0.32189899E+04  0.32182483E+04
  0.32172859E+04  0.32160327E+04  0.32143896E+04  0.32122209E+04  0.32093438E+04
  0.32055124E+04  0.32004003E+04  0.31935814E+04  0.31845594E+04  0.31727824E+04
  0.31576480E+04  0.31386334E+04  0.31154964E+04  0.30886921E+04  0.30590863E+04
  0.30281332E+04  0.29969661E+04  0.29658939E+04  0.29353903E+04  0.29057721E+04
  0.28770791E+04  0.28491539E+04  0.28217874E+04  0.27947903E+04  0.27680210E+04
  0.27414092E+04  0.27149454E+04  0.26886910E+04  0.26627752E+04  0.26372789E+04
  0.26121675E+04  0.25873863E+04  0.25629186E+04  0.25387626E+04  0.25149171E+04
  0.24913830E+04  0.24681736E+04  0.24453228E+04  0.24228926E+04  0.24009742E+04
  0.23796888E+04  0.23591568E+04  0.23394736E+04  0.23207100E+04  0.23028989E+04
  0.22860326E+04  0.22700702E+04  0.22549451E+04  0.22405852E+04  0.22269038E+04
  0.22138145E+04  0.22012588E+04  0.21891741E+04  0.21775104E+04  0.21662357E+04
  0.21553138E+04  0.21447118E+04  0.21343987E+04  0.21243447E+04  0.21145270E+04
  0.21049281E+04  0.20955324E+04  0.20863254E+04  0.20772944E+04  0.20684273E+04
  0.20597136E+04  0.20511439E+04  0.20427093E+04  0.20344025E+04  0.20262161E+04
  0.20181432E+04  0.20101776E+04  0.20023136E+04  0.19945451E+04  0.19868660E+04
  0.19792719E+04  0.19717549E+04  0.19643161E+04  0.19569299E+04  0.19496494E+04
  0.19423235E+04  0.19353125E+04  0.19264750E+04  0.19209147E+04  0.32157793E+04
  0.32163276E+04  0.32181918E+04  0.32200349E+04  0.32207892E+04  0.32211203E+04
  0.32212698E+04  0.32213229E+04  0.32213070E+04  0.32212315E+04  0.32210993E+04
  0.32209077E+04  0.32206486E+04  0.32203080E+04  0.32198651E+04  0.32192907E+04
  0.32185449E+04  0.32175750E+04  0.32163100E+04  0.32146509E+04  0.32124619E+04
  0.32095597E+04  0.32056976E+04  0.32005482E+04  0.31936853E+04  0.31846084E+04
  0.31727688E+04  0.31575679E+04  0.31384803E+04  0.31152658E+04  0.30883843E+04
  0.30587032E+04  0.30276921E+04  0.29965196E+04  0.29655145E+04  0.29351353E+04
  0.29056597E+04  0.28770854E+04  0.28492281E+04  0.28218711E+04  0.27948285E+04
  0.27679675E+04  0.27412292E+04  0.27146124E+04  0.26881831E+04  0.26620793E+04
  0.26363920E+04  0.26110923E+04  0.25861266E+04  0.25614777E+04  0.25371417E+04
  0.25131149E+04  0.24894000E+04  0.24660195E+04  0.24430232E+04  0.24204960E+04
  0.23985614E+04  0.23773556E+04  0.23569997E+04  0.23375876E+04  0.23191725E+04
  0.23017607E+04  0.22853142E+04  0.22697675E+04  0.22550277E+04  0.22410319E+04
  0.22276422E+04  0.22147895E+04  0.22024628E+04  0.21905701E+04  0.21790755E+04
  0.21679428E+04  0.21571362E+04  0.21466232E+04  0.21363761E+04  0.21263726E+04
  0.21165938E+04  0.21070235E+04  0.20976466E+04  0.20884499E+04  0.20794221E+04
  0.20705522E+04  0.20618312E+04  0.20532504E+04  0.20448017E+04  0.20364789E+04
  0.20282745E+04  0.20201818E+04  0.20121958E+04  0.20043107E+04  0.19965203E+04
  0.19888190E+04  0.19812021E+04  0.19736619E+04  0.19661995E+04  0.19587893E+04
  0.19514847E+04  0.19441343E+04  0.19370979E+04  0.19282281E+04  0.19226488E+04
  0.32158106E+04  0.32163934E+04  0.32183698E+04  0.32203186E+04  0.32211085E+04
  0.32214472E+04  0.32215932E+04  0.32216384E+04  0.32216143E+04  0.32215318E+04
  0.32213939E+04  0.32211984E+04  0.32209369E+04  0.32205950E+04  0.32201514E+04
  0.32195761E+04  0.32188286E+04  0.32178547E+04  0.32165814E+04  0.32149090E+04
  0.32127013E+04  0.32097744E+04  0.32058809E+04  0.32006919E+04  0.31937805E+04
  0.31846432E+04  0.31727348E+04  0.31574590E+04  0.31382880E+04  0.31149834E+04
  0.30880091E+04  0.30582356E+04  0.30271520E+04  0.29959666E+04  0.29650274E+04
  0.29347752E+04  0.29054439E+04  0.28769853E+04  0.28491889E+04  0.28218331E+04
  0.27947373E+04  0.27677763E+04  0.27409014E+04  0.27141213E+04  0.26875072E+04
  0.26612025E+04  0.26353101E+04  0.26098082E+04  0.25846445E+04  0.25598015E+04
  0.25352724E+04  0.25110521E+04  0.24871479E+04  0.24635956E+04  0.24404665E+04
  0.24178732E+04  0.23959689E+04  0.23749045E+04  0.23547965E+04  0.23357240E+04
  0.23177130E+04  0.23007368E+04  0.22847267E+04  0.22695900E+04  0.22552237E+04
  0.22415416E+04  0.22284333E+04  0.22158248E+04  0.22036866E+04  0.21919616E+04
  0.21806070E+04  0.21695879E+04  0.21588726E+04  0.21484316E+04  0.21382414E+04
  0.21282826E+04  0.21185379E+04  0.21089924E+04  0.20996319E+04  0.20904448E+04
  0.20814208E+04  0.20725499E+04  0.20638244E+04  0.20552360E+04  0.20467774E+04
  0.20384431E+04  0.20302260E+04  0.20221195E+04  0.20141187E+04  0.20062176E+04
  0.19984110E+04  0.19906932E+04  0.19830593E+04  0.19755017E+04  0.19680215E+04
  0.19605934E+04  0.19532712E+04  0.19459029E+04  0.19388489E+04  0.19299563E+04
  0.19243622E+04  0.32158377E+04  0.32164488E+04  0.32185307E+04  0.32205864E+04
  0.32214124E+04  0.32217560E+04  0.32218951E+04  0.32219300E+04  0.32218967E+04
  0.32218070E+04  0.32216643E+04  0.32214658E+04  0.32212029E+04  0.32208607E+04
  0.32204173E+04  0.32198424E+04  0.32190946E+04  0.32181189E+04  0.32168408E+04
  0.32151583E+04  0.32129343E+04  0.32099840E+04  0.32060588E+04  0.32008288E+04
  0.31938659E+04  0.31846628E+04  0.31726775E+04  0.31573172E+04  0.31380507E+04
  0.31146413E+04  0.30875584E+04  0.30576767E+04  0.30265100E+04  0.29953079E+04
  0.29644367E+04  0.29343170E+04  0.29051335E+04  0.28767898E+04  0.28490491E+04
  0.28216865E+04  0.27945275E+04  0.27674564E+04  0.27404336E+04  0.27134766E+04
  0.26866632E+04  0.26601434E+04  0.26340316E+04  0.26083145E+04  0.25829422E+04
  0.25578956E+04  0.25331650E+04  0.25087446E+04  0.24846500E+04  0.24609347E+04
  0.24376979E+04  0.24150894E+04  0.23932836E+04  0.23724344E+04  0.23526505E+04
  0.23339829E+04  0.23164227E+04  0.22999054E+04  0.22843338E+04  0.22695891E+04
  0.22555813E+04  0.22421777E+04  0.22293022E+04  0.22169175E+04  0.22049498E+04
  0.21933715E+04  0.21821391E+04  0.21712174E+04  0.21605786E+04  0.21501989E+04
  0.21400573E+04  0.21301352E+04  0.21204180E+04  0.21108920E+04  0.21015439E+04
  0.20923640E+04  0.20833422E+04  0.20744695E+04  0.20657395E+04  0.20571444E+04
  0.20486773E+04  0.20403320E+04  0.20321029E+04  0.20239845E+04  0.20159701E+04
  0.20080545E+04  0.20002331E+04  0.19925006E+04  0.19848520E+04  0.19772796E+04
  0.19697847E+04  0.19623422E+04  0.19550063E+04  0.19476238E+04  0.19405586E+04
  0.19316499E+04  0.19260434E+04  0.32158542E+04  0.32164899E+04  0.32186707E+04
  0.32208307E+04  0.32216909E+04  0.32220346E+04  0.32221640E+04  0.32221888E+04
  0.32221473E+04  0.32220519E+04  0.32219059E+04  0.32217060E+04  0.32214431E+04
  0.32211018E+04  0.32206599E+04  0.32200866E+04  0.32193398E+04  0.32183636E+04
  0.32170829E+04  0.32153934E+04  0.32131556E+04  0.32101836E+04  0.32062274E+04
  0.32009554E+04  0.31939387E+04  0.31846648E+04  0.31725954E+04  0.31571410E+04
  0.31377666E+04  0.31142382E+04  0.30870314E+04  0.30570278E+04  0.30257689E+04
  0.29945493E+04  0.29637518E+04  0.29337714E+04  0.29047392E+04  0.28765085E+04
  0.28488176E+04  0.28214390E+04  0.27942042E+04  0.27670086E+04  0.27398237E+04
  0.27126752E+04  0.26856472E+04  0.26588983E+04  0.26325565E+04  0.26066176E+04
  0.25810330E+04  0.25557810E+04  0.25308470E+04  0.25062264E+04  0.24819479E+04
  0.24580900E+04  0.24347862E+04  0.24122249E+04  0.23905967E+04  0.23700461E+04
  0.23506601E+04  0.23324538E+04  0.23153757E+04  0.22993242E+04  0.22841746E+04
  0.22697997E+04  0.22561024E+04  0.22429595E+04  0.22302989E+04  0.22180899E+04
  0.22062724E+04  0.21948164E+04  0.21836859E+04  0.21728472E+04  0.21622737E+04
  0.21519448E+04  0.21418417E+04  0.21319476E+04  0.21222503E+04  0.21127365E+04
  0.21033946E+04  0.20942168E+04  0.20851934E+04  0.20763162E+04  0.20675782E+04
  0.20589733E+04  0.20504954E+04  0.20421372E+04  0.20338940E+04  0.20257609E+04
  0.20177319E+04  0.20098015E+04  0.20019650E+04  0.19942174E+04  0.19865542E+04
  0.19789677E+04  0.19714597E+04  0.19640049E+04  0.19566580E+04  0.19492647E+04
  0.19421906E+04  0.19332709E+04  0.19276566E+04  0.32158671E+04  0.32165282E+04
  0.32187995E+04  0.32210489E+04  0.32219338E+04  0.32222721E+04  0.32223911E+04
  0.32224077E+04  0.32223606E+04  0.32222621E+04  0.32221151E+04  0.32219158E+04
  0.32216546E+04  0.32213158E+04  0.32208768E+04  0.32203063E+04  0.32195617E+04
  0.32185862E+04  0.32173041E+04  0.32156094E+04  0.32133602E+04  0.32103682E+04
  0.32063817E+04  0.32010674E+04  0.31939952E+04  0.31846464E+04  0.31724862E+04
  0.31569289E+04  0.31374354E+04  0.31137743E+04  0.30864294E+04  0.30562907E+04
  0.30249302E+04  0.29936929E+04  0.29629765E+04  0.29331425E+04  0.29042639E+04
  0.28761421E+04  0.28484921E+04  0.28210856E+04  0.27937613E+04  0.27664266E+04
  0.27390646E+04  0.27117106E+04  0.26844566E+04  0.26574722E+04  0.26308992E+04
  0.26047413E+04  0.25789487E+04  0.25534944E+04  0.25283587E+04  0.25035418E+04
  0.24790920E+04  0.24551205E+04  0.24318059E+04  0.24093662E+04  0.23879959E+04
  0.23678242E+04  0.23489011E+04  0.23311961E+04  0.23146116E+04  0.22990135E+04
  0.22842551E+04  0.22702223E+04  0.22567846E+04  0.22438511E+04  0.22313883E+04
  0.22193354E+04  0.22076478E+04  0.21962934E+04  0.21852435E+04  0.21744697E+04
  0.21639470E+04  0.21536562E+04  0.21435799E+04  0.21337037E+04  0.21240169E+04
  0.21145074E+04  0.21051651E+04  0.20959819E+04  0.20869504E+04  0.20780635E+04
  0.20693131E+04  0.20606937E+04  0.20522003E+04  0.20438265E+04  0.20355668E+04
  0.20274166E+04  0.20193709E+04  0.20114245E+04  0.20035726E+04  0.19958100E+04
  0.19881325E+04  0.19805331E+04  0.19730138E+04  0.19655495E+04  0.19581947E+04
  0.19507945E+04  0.19437139E+04  0.19347877E+04  0.19291700E+04  0.32158836E+04
  0.32165675E+04  0.32189100E+04  0.32212241E+04  0.32221245E+04  0.32224579E+04
  0.32225696E+04  0.32225814E+04  0.32225323E+04  0.32224339E+04  0.32222886E+04
  0.32220922E+04  0.32218347E+04  0.32215003E+04  0.32210659E+04  0.32204997E+04
  0.32197586E+04  0.32187849E+04  0.32175021E+04  0.32158034E+04  0.32135440E+04
  0.32105332E+04  0.32065171E+04  0.32011601E+04  0.31940304E+04  0.31846025E+04
  0.31723455E+04  0.31566772E+04  0.31370538E+04  0.31132469E+04  0.30857495E+04
  0.30554612E+04  0.30239895E+04  0.29927343E+04  0.29621058E+04  0.29324250E+04
  0.29037011E+04  0.28756823E+04  0.28480633E+04  0.28206166E+04  0.27931890E+04
  0.27657018E+04  0.27381519E+04  0.27105856E+04  0.26831038E+04  0.26558875E+04
  0.26290908E+04  0.26027219E+04  0.25767277E+04  0.25510737E+04  0.25257363E+04
  0.25007267E+04  0.24761218E+04  0.24520745E+04  0.24288139E+04  0.24065785E+04
  0.23855491E+04  0.23658272E+04  0.23474159E+04  0.23302308E+04  0.23141308E+04
  0.22989548E+04  0.22845514E+04  0.22708079E+04  0.22575997E+04  0.22448510E+04
  0.22325416E+04  0.22206186E+04  0.22090386E+04  0.21977685E+04  0.21867813E+04
  0.21760542E+04  0.21655662E+04  0.21552994E+04  0.21452384E+04  0.21353701E+04
  0.21256835E+04  0.21161696E+04  0.21068198E+04  0.20976248E+04  0.20885789E+04
  0.20796762E+04  0.20709096E+04  0.20622730E+04  0.20537614E+04  0.20453697E+04
  0.20370925E+04  0.20289248E+04  0.20208623E+04  0.20129003E+04  0.20050339E+04
  0.19972580E+04  0.19895687E+04  0.19819594E+04  0.19744324E+04  0.19669622E+04
  0.19596032E+04  0.19522003E+04  0.19451172E+04  0.19361890E+04  0.19305706E+04
  0.32159004E+04  0.32166012E+04  0.32189890E+04  0.32213404E+04  0.32222505E+04
  0.32225840E+04  0.32226945E+04  0.32227063E+04  0.32226592E+04  0.32225643E+04
  0.32224235E+04  0.32222326E+04  0.32219815E+04  0.32216538E+04  0.32212259E+04
  0.32206657E+04  0.32199293E+04  0.32189584E+04  0.32176756E+04  0.32159731E+04
  0.32137041E+04  0.32106751E+04  0.32066293E+04  0.32012284E+04  0.31940388E+04
  0.31845278E+04  0.31721675E+04  0.31563799E+04  0.31366154E+04  0.31126490E+04
  0.30849832E+04  0.30545292E+04  0.30229350E+04  0.29916616E+04  0.29611291E+04
  0.29316090E+04  0.29030408E+04  0.28751192E+04  0.28475222E+04  0.28200250E+04
  0.27924839E+04  0.27648372E+04  0.27370966E+04  0.27093197E+04  0.26816161E+04
  0.26541768E+04  0.26271653E+04  0.26005921E+04  0.25743983E+04  0.25485414E+04
  0.25229974E+04  0.24977969E+04  0.24730568E+04  0.24489843E+04  0.24258502E+04
  0.24039010E+04  0.23832940E+04  0.23640826E+04  0.23462123E+04  0.23295439E+04
  0.23139000E+04  0.22991023E+04  0.22850126E+04  0.22715019E+04  0.22584791E+04
  0.22459018E+04  0.22337234E+04  0.22219038E+04  0.22104052E+04  0.21991979E+04
  0.21882560E+04  0.21775598E+04  0.21670919E+04  0.21568362E+04  0.21467795E+04
  0.21369101E+04  0.21272161E+04  0.21176906E+04  0.21083270E+04  0.20991170E+04
  0.20900543E+04  0.20811336E+04  0.20723492E+04  0.20636951E+04  0.20551661E+04
  0.20467572E+04  0.20384636E+04  0.20302806E+04  0.20222037E+04  0.20142284E+04
  0.20063501E+04  0.19985640E+04  0.19908665E+04  0.19832512E+04  0.19757201E+04
  0.19682474E+04  0.19608873E+04  0.19534846E+04  0.19464023E+04  0.19374758E+04
  0.19318589E+04  0.32159134E+04  0.32166218E+04  0.32190298E+04  0.32213976E+04
  0.32223140E+04  0.32226516E+04  0.32227657E+04  0.32227819E+04  0.32227402E+04
  0.32226515E+04  0.32225179E+04  0.32223354E+04  0.32220934E+04  0.32217749E+04
  0.32213558E+04  0.32208032E+04  0.32200728E+04  0.32191055E+04  0.32178233E+04
  0.32161173E+04  0.32138388E+04  0.32107913E+04  0.32067149E+04  0.32012683E+04
  0.31940161E+04  0.31844168E+04  0.31719458E+04  0.31560295E+04  0.31361115E+04
  0.31119702E+04  0.30841187E+04  0.30534817E+04  0.30217542E+04  0.29904648E+04
  0.29600395E+04  0.29306903E+04  0.29022808E+04  0.28744528E+04  0.28468714E+04
  0.28193171E+04  0.27916582E+04  0.27638517E+04  0.27359234E+04  0.27079416E+04
  0.26800235E+04  0.26523678E+04  0.26251458E+04  0.25983679E+04  0.25719682E+04
  0.25458970E+04  0.25201365E+04  0.24947487E+04  0.24699014E+04  0.24458657E+04
  0.24229420E+04  0.24013633E+04  0.23812502E+04  0.23625935E+04  0.23452723E+04
  0.23290970E+04  0.23138659E+04  0.22993981E+04  0.22855677E+04  0.22722549E+04
  0.22593891E+04  0.22469460E+04  0.22348766E+04  0.22231416E+04  0.22117046E+04
  0.22005404E+04  0.21896286E+04  0.21789511E+04  0.21684926E+04  0.21582390E+04
  0.21481786E+04  0.21383013E+04  0.21285968E+04  0.21190578E+04  0.21096789E+04
  0.21004535E+04  0.20913751E+04  0.20824381E+04  0.20736375E+04  0.20649677E+04
  0.20564234E+04  0.20479997E+04  0.20396922E+04  0.20314961E+04  0.20234071E+04
  0.20154205E+04  0.20075320E+04  0.19997373E+04  0.19920334E+04  0.19844133E+04
  0.19768789E+04  0.19694040E+04  0.19620429E+04  0.19546405E+04  0.19475594E+04
  0.19386360E+04  0.19330213E+04  0.32159200E+04  0.32166272E+04  0.32190364E+04
  0.32214076E+04  0.32223279E+04  0.32226709E+04  0.32227902E+04  0.32228120E+04
  0.32227769E+04  0.32226962E+04  0.32225721E+04  0.32224006E+04  0.32221702E+04
  0.32218633E+04  0.32214548E+04  0.32209114E+04  0.32201882E+04  0.32192252E+04
  0.32179441E+04  0.32162349E+04  0.32139466E+04  0.32108798E+04  0.32067716E+04
  0.32012768E+04  0.31939586E+04  0.31842654E+04  0.31716754E+04  0.31556198E+04
  0.31355347E+04  0.31112023E+04  0.30831466E+04  0.30523094E+04  0.30204408E+04
  0.29891426E+04  0.29588407E+04  0.29296757E+04  0.29014301E+04  0.28736949E+04
  0.28461256E+04  0.28185109E+04  0.27907336E+04  0.27627695E+04  0.27346575E+04
  0.27064749E+04  0.26783450E+04  0.26504728E+04  0.26230359E+04  0.25960441E+04
  0.25694239E+04  0.25431206E+04  0.25171327E+04  0.24915668E+04  0.24666561E+04
  0.24427310E+04  0.24201068E+04  0.23989851E+04  0.23794274E+04  0.23613496E+04
  0.23445638E+04  0.23288421E+04  0.23139711E+04  0.22997839E+04  0.22861592E+04
  0.22730106E+04  0.22602889E+04  0.22479554E+04  0.22359709E+04  0.22242989E+04
  0.22129060E+04  0.22017719E+04  0.21908796E+04  0.21802129E+04  0.21697577E+04
  0.21595017E+04  0.21494345E+04  0.21395474E+04  0.21298322E+04  0.21202814E+04
  0.21108892E+04  0.21016499E+04  0.20925574E+04  0.20836062E+04  0.20747907E+04
  0.20661059E+04  0.20575467E+04  0.20491082E+04  0.20407859E+04  0.20325755E+04
  0.20244722E+04  0.20164718E+04  0.20085704E+04  0.20007643E+04  0.19930505E+04
  0.19854219E+04  0.19778800E+04  0.19703988E+04  0.19630329E+04  0.19556273E+04
  0.19485449E+04  0.19396232E+04  0.19340103E+04  0.32159212E+04  0.32166229E+04
  0.32190228E+04  0.32213883E+04  0.32223087E+04  0.32226553E+04  0.32227780E+04
  0.32228038E+04  0.32227740E+04  0.32227017E+04  0.32225892E+04  0.32224304E+04
  0.32222133E+04  0.32219194E+04  0.32215229E+04  0.32209899E+04  0.32202746E+04
  0.32193166E+04  0.32180371E+04  0.32163249E+04  0.32140264E+04  0.32109393E+04
  0.32067973E+04  0.32012517E+04  0.31938638E+04  0.31840705E+04  0.31713527E+04
  0.31551467E+04  0.31348802E+04  0.31103404E+04  0.30820605E+04  0.30510066E+04
  0.30189952E+04  0.29877016E+04  0.29575435E+04  0.29285790E+04  0.29005041E+04
  0.28728622E+04  0.28453027E+04  0.28176255E+04  0.27897300E+04  0.27616092E+04
  0.27333141E+04  0.27049295E+04  0.26765832E+04  0.26484858E+04  0.26208213E+04
  0.25935991E+04  0.25667380E+04  0.25401823E+04  0.25139599E+04  0.24882375E+04
  0.24633247E+04  0.24396002E+04  0.24173708E+04  0.23967879E+04  0.23778315E+04
  0.23603350E+04  0.23440520E+04  0.23287330E+04  0.23141667E+04  0.23002164E+04
  0.22867689E+04  0.22737543E+04  0.22611487E+04  0.22489057E+04  0.22369880E+04
  0.22253621E+04  0.22140023E+04  0.22028908E+04  0.21920121E+04  0.21813519E+04
  0.21708974E+04  0.21606377E+04  0.21505634E+04  0.21406667E+04  0.21309407E+04
  0.21213783E+04  0.21119728E+04  0.21027185E+04  0.20936099E+04  0.20846413E+04
  0.20758072E+04  0.20671025E+04  0.20585225E+04  0.20500626E+04  0.20417186E+04
  0.20334858E+04  0.20253602E+04  0.20173380E+04  0.20094161E+04  0.20015912E+04
  0.19938599E+04  0.19862153E+04  0.19786590E+04  0.19711654E+04  0.19637896E+04
  0.19563769E+04  0.19492904E+04  0.19403693E+04  0.19347580E+04  0.32159160E+04
  0.32166101E+04  0.32189917E+04  0.32213447E+04  0.32222627E+04  0.32226095E+04
  0.32227348E+04  0.32227649E+04  0.32227409E+04  0.32226768E+04  0.32225750E+04
  0.32224289E+04  0.32222254E+04  0.32219448E+04  0.32215608E+04  0.32210387E+04
  0.32203319E+04  0.32193793E+04  0.32181015E+04  0.32163863E+04  0.32140770E+04
  0.32109685E+04  0.32067907E+04  0.32011912E+04  0.31937294E+04  0.31838295E+04
  0.31709748E+04  0.31546070E+04  0.31341449E+04  0.31093815E+04  0.30808535E+04
  0.30495692E+04  0.30174234E+04  0.29861526E+04  0.29561626E+04  0.29274164E+04
  0.28995195E+04  0.28719709E+04  0.28444181E+04  0.28166750E+04  0.27886584E+04
  0.27603777E+04  0.27318943E+04  0.27032992E+04  0.26747241E+04  0.26463857E+04
  0.26184760E+04  0.25910036E+04  0.25638792E+04  0.25370537E+04  0.25105998E+04
  0.24847616E+04  0.24599302E+04  0.24365105E+04  0.24147743E+04  0.23947998E+04
  0.23764692E+04  0.23595343E+04  0.23437074E+04  0.23287338E+04  0.23144247E+04
  0.23006662E+04  0.22873687E+04  0.22744769E+04  0.22619650E+04  0.22497934E+04
  0.22379267E+04  0.22263365E+04  0.22150029E+04  0.22039089E+04  0.21930397E+04
  0.21823826E+04  0.21719257E+04  0.21616592E+04  0.21515744E+04  0.21416642E+04
  0.21319222E+04  0.21223413E+04  0.21129151E+04  0.21036373E+04  0.20945028E+04
  0.20855062E+04  0.20766423E+04  0.20679064E+04  0.20592940E+04  0.20508013E+04
  0.20424240E+04  0.20341583E+04  0.20260007E+04  0.20179485E+04  0.20099994E+04
  0.20021496E+04  0.19943958E+04  0.19867309E+04  0.19791575E+04  0.19716498E+04
  0.19642638E+04  0.19568446E+04  0.19497553E+04  0.19408378E+04  0.19352303E+04
  0.32159016E+04  0.32165787E+04  0.32189243E+04  0.32212555E+04  0.32221703E+04
  0.32225198E+04  0.32226538E+04  0.32226956E+04  0.32226840E+04  0.32226301E+04
  0.32225372E+04  0.32224012E+04  0.32222096E+04  0.32219419E+04  0.32215701E+04
  0.32210589E+04  0.32203609E+04  0.32194137E+04  0.32181373E+04  0.32164183E+04
  0.32140974E+04  0.32109658E+04  0.32067501E+04  0.32010934E+04  0.31935533E+04
  0.31835401E+04  0.31705393E+04  0.31539984E+04  0.31333264E+04  0.31083241E+04
  0.30795211E+04  0.30479954E+04  0.30157314E+04  0.29845061E+04  0.29547111E+04
  0.29262015E+04  0.28984881E+04  0.28710303E+04  0.28434780E+04  0.28156619E+04
  0.27875168E+04  0.27590670E+04  0.27303838E+04  0.27015637E+04  0.26727429E+04
  0.26441456E+04  0.26159725E+04  0.25882304E+04  0.25608224E+04  0.25337169E+04
  0.25070495E+04  0.24811601E+04  0.24565135E+04  0.24335137E+04  0.24123672E+04
  0.23930521E+04  0.23753470E+04  0.23589347E+04  0.23435080E+04  0.23288237E+04
  0.23147425E+04  0.23011445E+04  0.22879570E+04  0.22751668E+04  0.22627323E+04
  0.22506176E+04  0.22387906E+04  0.22272285E+04  0.22159136E+04  0.22048295E+04
  0.21939621E+04  0.21832990E+04  0.21728299E+04  0.21625457E+04  0.21524388E+04
  0.21425027E+04  0.21327310E+04  0.21231173E+04  0.21136554E+04  0.21043398E+04
  0.20951656E+04  0.20861278E+04  0.20772219E+04  0.20684439E+04  0.20597900E+04
  0.20512569E+04  0.20428411E+04  0.20345394E+04  0.20263495E+04  0.20182696E+04
  0.20102969E+04  0.20024272E+04  0.19946569E+04  0.19869793E+04  0.19793970E+04
  0.19718843E+04  0.19644975E+04  0.19570812E+04  0.19499978E+04  0.19410929E+04
  0.19354945E+04  0.32158769E+04  0.32165292E+04  0.32188042E+04  0.32210832E+04
  0.32219966E+04  0.32223619E+04  0.32225184E+04  0.32225845E+04  0.32225954E+04
  0.32225593E+04  0.32224788E+04  0.32223518E+04  0.32221695E+04  0.32219128E+04
  0.32215527E+04  0.32210523E+04  0.32203629E+04  0.32194207E+04  0.32181447E+04
  0.32164205E+04  0.32140865E+04  0.32109300E+04  0.32066737E+04  0.32009562E+04
  0.31933330E+04  0.31831995E+04  0.31700434E+04  0.31533179E+04  0.31324220E+04
  0.31071659E+04  0.30780637E+04  0.30462849E+04  0.30139194E+04  0.29827671E+04
  0.29531961E+04  0.29249398E+04  0.28974121E+04  0.28700383E+04  0.28424760E+04
  0.28145752E+04  0.27862890E+04  0.27576567E+04  0.27287584E+04  0.26996967E+04
  0.26706133E+04  0.26417412E+04  0.26132898E+04  0.25852615E+04  0.25575532E+04
  0.25301678E+04  0.25033256E+04  0.24774739E+04  0.24531321E+04  0.24306703E+04
  0.24101988E+04  0.23915707E+04  0.23744661E+04  0.23585225E+04  0.23434347E+04
  0.23289954E+04  0.23150867E+04  0.23016146E+04  0.22885299E+04  0.22758176E+04
  0.22634415E+04  0.22513680E+04  0.22395683E+04  0.22280216E+04  0.22167105E+04
  0.22056199E+04  0.21947363E+04  0.21840492E+04  0.21735494E+04  0.21632295E+04
  0.21530834E+04  0.21431051E+04  0.21332887E+04  0.21236284E+04  0.21141196E+04
  0.21047576E+04  0.20955379E+04  0.20864560E+04  0.20775081E+04  0.20686912E+04
  0.20600024E+04  0.20514389E+04  0.20429975E+04  0.20346759E+04  0.20264725E+04
  0.20183848E+04  0.20104089E+04  0.20025400E+04  0.19947744E+04  0.19871052E+04
  0.19795347E+04  0.19720371E+04  0.19646679E+04  0.19572712E+04  0.19502076E+04
  0.19413279E+04  0.19357452E+04  0.32158389E+04  0.32164524E+04  0.32186067E+04
  0.32207928E+04  0.32217112E+04  0.32221132E+04  0.32223114E+04  0.32224166E+04
  0.32224615E+04  0.32224535E+04  0.32223940E+04  0.32222805E+04  0.32221068E+04
  0.32218591E+04  0.32215105E+04  0.32210208E+04  0.32203396E+04  0.32194018E+04
  0.32181247E+04  0.32163933E+04  0.32140440E+04  0.32108599E+04  0.32065596E+04
  0.32007768E+04  0.31930652E+04  0.31828043E+04  0.31694831E+04  0.31525616E+04
  0.31314273E+04  0.31059022E+04  0.30764793E+04  0.30444355E+04  0.30119831E+04
  0.29809331E+04  0.29516150E+04  0.29236260E+04  0.28962814E+04  0.28689806E+04
  0.28413942E+04  0.28133933E+04  0.27849510E+04  0.27561209E+04  0.27269927E+04
  0.26976749E+04  0.26683158E+04  0.26391580E+04  0.26104173E+04  0.25820884E+04
  0.25540678E+04  0.25264149E+04  0.24994624E+04  0.24737630E+04  0.24498587E+04
  0.24280472E+04  0.24083100E+04  0.23903662E+04  0.23738133E+04  0.23582714E+04
  0.23434598E+04  0.23292183E+04  0.23154241E+04  0.23020341E+04  0.22890412E+04
  0.22763934E+04  0.22640588E+04  0.22520061E+04  0.22402113E+04  0.22286553E+04
  0.22173227E+04  0.22062009E+04  0.21952791E+04  0.21845489E+04  0.21740029E+04
  0.21636358E+04  0.21534425E+04  0.21434175E+04  0.21335559E+04  0.21238536E+04
  0.21143068E+04  0.21049113E+04  0.20956623E+04  0.20865560E+04  0.20775898E+04
  0.20687619E+04  0.20600694E+04  0.20515084E+04  0.20430761E+04  0.20347705E+04
  0.20265889E+04  0.20185273E+04  0.20105805E+04  0.20027432E+04  0.19950115E+04
  0.19873783E+04  0.19798453E+04  0.19723858E+04  0.19650537E+04  0.19576926E+04
  0.19506616E+04  0.19418176E+04  0.19362560E+04  0.32157884E+04  0.32163428E+04
  0.32183232E+04  0.32203771E+04  0.32213025E+04  0.32217605E+04  0.32220198E+04
  0.32221799E+04  0.32222712E+04  0.32223015E+04  0.32222725E+04  0.32221813E+04
  0.32220211E+04  0.32217828E+04  0.32214446E+04  0.32209651E+04  0.32202917E+04
  0.32193575E+04  0.32180780E+04  0.32163371E+04  0.32139696E+04  0.32107545E+04
  0.32064058E+04  0.32005524E+04  0.31927462E+04  0.31823495E+04  0.31688528E+04
  0.31517229E+04  0.31303350E+04  0.31045237E+04  0.30747616E+04  0.30424425E+04
  0.30099128E+04  0.29789933E+04  0.29499563E+04  0.29222456E+04  0.28950774E+04
  0.28678352E+04  0.28402091E+04  0.28120921E+04  0.27834791E+04  0.27544383E+04
  0.27250683E+04  0.26954839E+04  0.26658406E+04  0.26363904E+04  0.26073513E+04
  0.25787079E+04  0.25503684E+04  0.25224764E+04  0.24955028E+04  0.24700913E+04
  0.24467605E+04  0.24256934E+04  0.24067158E+04  0.23894174E+04  0.23733418E+04
  0.23581195E+04  0.23435180E+04  0.23294059E+04  0.23157066E+04  0.23023972E+04
  0.22894559E+04  0.22768410E+04  0.22645168E+04  0.22524532E+04  0.22406324E+04
  0.22290411E+04  0.22176681E+04  0.22065034E+04  0.21955389E+04  0.21847678E+04
  0.21741841E+04  0.21637832E+04  0.21535609E+04  0.21435132E+04  0.21336362E+04
  0.21239261E+04  0.21143783E+04  0.21049875E+04  0.20957493E+04  0.20866625E+04
  0.20777260E+04  0.20689363E+04  0.20602871E+04  0.20517732E+04  0.20433919E+04
  0.20351407E+04  0.20270155E+04  0.20190109E+04  0.20111210E+04  0.20033404E+04
  0.19956650E+04  0.19880875E+04  0.19806084E+04  0.19731998E+04  0.19659133E+04
  0.19585945E+04  0.19516028E+04  0.19427988E+04  0.19372591E+04  0.32157121E+04
  0.32162196E+04  0.32179989E+04  0.32198695E+04  0.32207879E+04  0.32213051E+04
  0.32216376E+04  0.32218654E+04  0.32220146E+04  0.32220933E+04  0.32221041E+04
  0.32220446E+04  0.32219077E+04  0.32216832E+04  0.32213546E+04  0.32208848E+04
  0.32202187E+04  0.32192875E+04  0.32180042E+04  0.32162518E+04  0.32138631E+04
  0.32106128E+04  0.32062106E+04  0.32002803E+04  0.31923721E+04  0.31818298E+04
  0.31681455E+04  0.31507930E+04  0.31291342E+04  0.31030165E+04  0.30729039E+04
  0.30402941E+04  0.30076861E+04  0.29769303E+04  0.29482046E+04  0.29207812E+04
  0.28937805E+04  0.28665814E+04  0.28389001E+04  0.28106526E+04  0.27818571E+04
  0.27525957E+04  0.27229756E+04  0.26931177E+04  0.26631850E+04  0.26334372E+04
  0.26040899E+04  0.25751163E+04  0.25464573E+04  0.25183747E+04  0.24914915E+04
  0.24665135E+04  0.24438828E+04  0.24236206E+04  0.24053816E+04  0.23886489E+04
  0.23729502E+04  0.23579557E+04  0.23434961E+04  0.23294712E+04  0.23158461E+04
  0.23026022E+04  0.22896863E+04  0.22770712E+04  0.22647287E+04  0.22526380E+04
  0.22407877E+04  0.22291697E+04  0.22177748E+04  0.22065941E+04  0.21956202E+04
  0.21848459E+04  0.21742654E+04  0.21638751E+04  0.21536733E+04  0.21436569E+04
  0.21338209E+04  0.21241581E+04  0.21146611E+04  0.21053246E+04  0.20961478E+04
  0.20871314E+04  0.20782700E+04  0.20695552E+04  0.20609799E+04  0.20525392E+04
  0.20442307E+04  0.20360517E+04  0.20279974E+04  0.20200615E+04  0.20122377E+04
  0.20045208E+04  0.19969063E+04  0.19893850E+04  0.19819572E+04  0.19745962E+04
  0.19673552E+04  0.19600798E+04  0.19531231E+04  0.19443439E+04  0.19388148E+04
  0.32156255E+04  0.32160957E+04  0.32176591E+04  0.32193075E+04  0.32201966E+04
  0.32207631E+04  0.32211688E+04  0.32214697E+04  0.32216846E+04  0.32218203E+04
  0.32218796E+04  0.32218605E+04  0.32217561E+04  0.32215532E+04  0.32212369E+04
  0.32207770E+04  0.32201189E+04  0.32191908E+04  0.32179028E+04  0.32161369E+04
  0.32137239E+04  0.32104342E+04  0.32059727E+04  0.31999582E+04  0.31919391E+04
  0.31812397E+04  0.31673537E+04  0.31497622E+04  0.31278123E+04  0.31013645E+04
  0.30708910E+04  0.30379706E+04  0.30052813E+04  0.29747309E+04  0.29463493E+04
  0.29192207E+04  0.28923772E+04  0.28652058E+04  0.28374544E+04  0.28090642E+04
  0.27800767E+04  0.27505872E+04  0.27207109E+04  0.26905743E+04  0.26603479E+04
  0.26302964E+04  0.26006263E+04  0.25713031E+04  0.25423314E+04  0.25141291E+04
  0.24874646E+04  0.24630612E+04  0.24412301E+04  0.24217861E+04  0.24042145E+04
  0.23879361E+04  0.23725088E+04  0.23576691E+04  0.23433076E+04  0.23293714E+04
  0.23158117E+04  0.23025976E+04  0.22896978E+04  0.22770876E+04  0.22647489E+04
  0.22526700E+04  0.22408415E+04  0.22292544E+04  0.22178978E+04  0.22067636E+04
  0.21958424E+04  0.21851253E+04  0.21746075E+04  0.21642879E+04  0.21541657E+04
  0.21442335E+04  0.21344834E+04  0.21249086E+04  0.21155023E+04  0.21062592E+04
  0.20971735E+04  0.20882348E+04  0.20794322E+04  0.20707653E+04  0.20622373E+04
  0.20538455E+04  0.20455873E+04  0.20374588E+04  0.20294536E+04  0.20215654E+04
  0.20137888E+04  0.20061188E+04  0.19985506E+04  0.19910748E+04  0.19836928E+04
  0.19763796E+04  0.19691866E+04  0.19619567E+04  0.19550364E+04  0.19462865E+04
  0.19407720E+04  0.32155504E+04  0.32159668E+04  0.32173086E+04  0.32187364E+04
  0.32195734E+04  0.32201655E+04  0.32206293E+04  0.32209975E+04  0.32212793E+04
  0.32214770E+04  0.32215913E+04  0.32216201E+04  0.32215554E+04  0.32213831E+04
  0.32210849E+04  0.32206367E+04  0.32199887E+04  0.32190647E+04  0.32177719E+04
  0.32159906E+04  0.32135505E+04  0.32102171E+04  0.32056903E+04  0.31995836E+04
  0.31914438E+04  0.31805744E+04  0.31664704E+04  0.31486211E+04  0.31263569E+04
  0.30995523E+04  0.30686977E+04  0.30354504E+04  0.30026916E+04  0.29723932E+04
  0.29443888E+04  0.29175597E+04  0.28908612E+04  0.28637014E+04  0.28358657E+04
  0.28073221E+04  0.27781344E+04  0.27484104E+04  0.27182721E+04  0.26878511E+04
  0.26573248E+04  0.26269579E+04  0.25969414E+04  0.25672462E+04  0.25379790E+04
  0.25097501E+04  0.24834576E+04  0.24597647E+04  0.24387887E+04  0.24201249E+04
  0.24031225E+04  0.23872008E+04  0.23719876E+04  0.23572920E+04  0.23430465E+04
  0.23292138E+04  0.23157311E+04  0.23025722E+04  0.22897335E+04  0.22771960E+04
  0.22649398E+04  0.22529514E+04  0.22412175E+04  0.22297254E+04  0.22184656E+04
  0.22074312E+04  0.21966140E+04  0.21860048E+04  0.21755987E+04  0.21653878E+04
  0.21553538E+04  0.21454885E+04  0.21357980E+04  0.21262835E+04  0.21169395E+04
  0.21077592E+04  0.20987329E+04  0.20898447E+04  0.20810849E+04  0.20724559E+04
  0.20639614E+04  0.20556038E+04  0.20473819E+04  0.20392877E+04  0.20313129E+04
  0.20234520E+04  0.20157003E+04  0.20080532E+04  0.20005087E+04  0.19930612E+04
  0.19857136E+04  0.19784336E+04  0.19712627E+04  0.19640481E+04  0.19571447E+04
  0.19484216E+04  0.19429248E+04  0.32154735E+04  0.32158219E+04  0.32169590E+04
  0.32181976E+04  0.32189665E+04  0.32195518E+04  0.32200460E+04  0.32204642E+04
  0.32208051E+04  0.32210635E+04  0.32212354E+04  0.32213167E+04  0.32212978E+04
  0.32211633E+04  0.32208908E+04  0.32204582E+04  0.32198218E+04  0.32189038E+04
  0.32176067E+04  0.32158093E+04  0.32133398E+04  0.32099587E+04  0.32053608E+04
  0.31991537E+04  0.31908826E+04  0.31798290E+04  0.31654892E+04  0.31473610E+04
  0.31247567E+04  0.30975662E+04  0.30663017E+04  0.30327136E+04  0.29999124E+04
  0.29699197E+04  0.29423269E+04  0.29157977E+04  0.28892292E+04  0.28620649E+04
  0.28341306E+04  0.28054232E+04  0.27760269E+04  0.27460612E+04  0.27156531E+04
  0.26849386E+04  0.26541005E+04  0.26233984E+04  0.25930048E+04  0.25629233E+04
  0.25334085E+04  0.25052791E+04  0.24795271E+04  0.24566805E+04  0.24365985E+04
  0.24186683E+04  0.24021773E+04  0.23865949E+04  0.23716153E+04  0.23571045E+04
  0.23430136E+04  0.23293101E+04  0.23159688E+04  0.23029760E+04  0.22903085E+04
  0.22779346E+04  0.22658268E+04  0.22539698E+04  0.22423457E+04  0.22309454E+04
  0.22197728E+04  0.22088230E+04  0.21980895E+04  0.21875645E+04  0.21772422E+04
  0.21671060E+04  0.21571321E+04  0.21473221E+04  0.21376835E+04  0.21282124E+04
  0.21189019E+04  0.21097454E+04  0.21007422E+04  0.20918849E+04  0.20831654E+04
  0.20745737E+04  0.20661095E+04  0.20577887E+04  0.20496013E+04  0.20415277E+04
  0.20335600E+04  0.20256937E+04  0.20179288E+04  0.20102656E+04  0.20027012E+04
  0.19952305E+04  0.19878629E+04  0.19805671E+04  0.19733820E+04  0.19661568E+04
  0.19592481E+04  0.19505293E+04  0.19450379E+04  0.32154079E+04  0.32156890E+04
  0.32166383E+04  0.32177060E+04  0.32184028E+04  0.32189617E+04  0.32194580E+04
  0.32198996E+04  0.32202803E+04  0.32205885E+04  0.32208137E+04  0.32209476E+04
  0.32209772E+04  0.32208849E+04  0.32206465E+04  0.32202342E+04  0.32196094E+04
  0.32186988E+04  0.32173988E+04  0.32155859E+04  0.32130863E+04  0.32096545E+04
  0.32049797E+04  0.31986639E+04  0.31902507E+04  0.31789978E+04  0.31644031E+04
  0.31459729E+04  0.31230004E+04  0.30953924E+04  0.30636853E+04  0.30297423E+04
  0.29969367E+04  0.29673142E+04  0.29401677E+04  0.29139352E+04  0.28874790E+04
  0.28602927E+04  0.28322449E+04  0.28033618E+04  0.27737465E+04  0.27435284E+04
  0.27128385E+04  0.26818167E+04  0.26506520E+04  0.26195958E+04  0.25888075E+04
  0.25583646E+04  0.25287188E+04  0.25008954E+04  0.24758896E+04  0.24540297E+04
  0.24349089E+04  0.24177357E+04  0.24017844E+04  0.23865799E+04  0.23718750E+04
  0.23575885E+04  0.23436830E+04  0.23301477E+04  0.23169979E+04  0.23041987E+04
  0.22917036E+04  0.22794758E+04  0.22674917E+04  0.22557462E+04  0.22442269E+04
  0.22329224E+04  0.22218300E+04  0.22109456E+04  0.22002575E+04  0.21897604E+04
  0.21794566E+04  0.21693289E+04  0.21593859E+04  0.21496406E+04  0.21400632E+04
  0.21306298E+04  0.21213313E+04  0.21121665E+04  0.21031409E+04  0.20942434E+04
  0.20854741E+04  0.20768333E+04  0.20683319E+04  0.20599834E+04  0.20517540E+04
  0.20436176E+04  0.20355686E+04  0.20276118E+04  0.20197673E+04  0.20120260E+04
  0.20043810E+04  0.19968425E+04  0.19894127E+04  0.19820639E+04  0.19748470E+04
  0.19676054E+04  0.19606856E+04  0.19519683E+04  0.19464838E+04  0.32153678E+04
  0.32155939E+04  0.32163746E+04  0.32172787E+04  0.32179037E+04  0.32184285E+04
  0.32189070E+04  0.32193444E+04  0.32197364E+04  0.32200720E+04  0.32203367E+04
  0.32205156E+04  0.32205903E+04  0.32205406E+04  0.32203402E+04  0.32199531E+04
  0.32193419E+04  0.32184388E+04  0.32171373E+04  0.32153111E+04  0.32127818E+04
  0.32092973E+04  0.32045405E+04  0.31981079E+04  0.31895412E+04  0.31780733E+04
  0.31632034E+04  0.31444467E+04  0.31210757E+04  0.30930160E+04  0.30608313E+04
  0.30265215E+04  0.29937598E+04  0.29645810E+04  0.29379147E+04  0.29119709E+04
  0.28856057E+04  0.28583770E+04  0.28301976E+04  0.28011241E+04  0.27712759E+04
  0.27407919E+04  0.27098075E+04  0.26784702E+04  0.26469818E+04  0.26155905E+04
  0.25844531E+04  0.25537545E+04  0.25241922E+04  0.24969699E+04  0.24730059E+04
  0.24523590E+04  0.24343356E+04  0.24179928E+04  0.24026054E+04  0.23877738E+04
  0.23733352E+04  0.23592730E+04  0.23455735E+04  0.23322155E+04  0.23191960E+04
  0.23064743E+04  0.22940275E+04  0.22818338E+04  0.22698928E+04  0.22582172E+04
  0.22467837E+04  0.22355529E+04  0.22245031E+04  0.22136403E+04  0.22029407E+04
  0.21924135E+04  0.21820802E+04  0.21719072E+04  0.21619221E+04  0.21521344E+04
  0.21424885E+04  0.21329604E+04  0.21235406E+04  0.21142436E+04  0.21050867E+04
  0.20960726E+04  0.20872147E+04  0.20785069E+04  0.20699367E+04  0.20614751E+04
  0.20530952E+04  0.20447974E+04  0.20365782E+04  0.20284514E+04  0.20204762E+04
  0.20126678E+04  0.20050089E+04  0.19974623E+04  0.19899820E+04  0.19825489E+04
  0.19752391E+04  0.19679067E+04  0.19609134E+04  0.19521542E+04  0.19466567E+04
  0.32153468E+04  0.32155276E+04  0.32161661E+04  0.32169295E+04  0.32174880E+04
  0.32179724E+04  0.32184195E+04  0.32188320E+04  0.32192083E+04  0.32195435E+04
  0.32198238E+04  0.32200293E+04  0.32201376E+04  0.32201246E+04  0.32199599E+04
  0.32196028E+04  0.32190089E+04  0.32181125E+04  0.32168111E+04  0.32149740E+04
  0.32124159E+04  0.32088769E+04  0.32040334E+04  0.31974762E+04  0.31887447E+04
  0.31770455E+04  0.31618792E+04  0.31427698E+04  0.31189676E+04  0.30904194E+04
  0.30577201E+04  0.30230348E+04  0.29903781E+04  0.29617258E+04  0.29355689E+04
  0.29098975E+04  0.28835963E+04  0.28563006E+04  0.28279690E+04  0.27986894E+04
  0.27685973E+04  0.27378429E+04  0.27065720E+04  0.26749523E+04  0.26432118E+04
  0.26115960E+04  0.25802591E+04  0.25495088E+04  0.25203485E+04  0.24941472E+04
  0.24716409E+04  0.24525025E+04  0.24356837E+04  0.24201109E+04  0.24051372E+04
  0.23905180E+04  0.23762015E+04  0.23622257E+04  0.23486080E+04  0.23353138E+04
  0.23223114E+04  0.23095793E+04  0.22971056E+04  0.22848685E+04  0.22728839E+04
  0.22611617E+04  0.22496513E+04  0.22383044E+04  0.22271226E+04  0.22161335E+04
  0.22053060E+04  0.21946719E+04  0.21842556E+04  0.21740054E+04  0.21639111E+04
  0.21539407E+04  0.21440700E+04  0.21343081E+04  0.21246406E+04  0.21151195E+04
  0.21058249E+04  0.20967742E+04  0.20879090E+04  0.20791490E+04  0.20704622E+04
  0.20618278E+04  0.20532598E+04  0.20447689E+04  0.20363499E+04  0.20280001E+04
  0.20197427E+04  0.20116168E+04  0.20036241E+04  0.19957105E+04  0.19878492E+04
  0.19800354E+04  0.19723618E+04  0.19646931E+04  0.19574276E+04  0.19485117E+04
  0.19429666E+04  0.32153339E+04  0.32154809E+04  0.32160120E+04  0.32166663E+04
  0.32171648E+04  0.32176009E+04  0.32180041E+04  0.32183777E+04  0.32187195E+04
  0.32190289E+04  0.32192960E+04  0.32195027E+04  0.32196255E+04  0.32196360E+04
  0.32194994E+04  0.32191714E+04  0.32185982E+04  0.32177119E+04  0.32164128E+04
  0.32145649E+04  0.32119770E+04  0.32083811E+04  0.32034460E+04  0.31967563E+04
  0.31878484E+04  0.31759010E+04  0.31604162E+04  0.31409261E+04  0.31166576E+04
  0.30875809E+04  0.30543273E+04  0.30192631E+04  0.29867882E+04  0.29587524E+04
  0.29331239E+04  0.29076969E+04  0.28814282E+04  0.28540433E+04  0.28255473E+04
  0.27960607E+04  0.27657404E+04  0.27347563E+04  0.27032758E+04  0.26714999E+04
  0.26396891E+04  0.26080677E+04  0.25767616E+04  0.25462496E+04  0.25179416E+04
  0.24932691E+04  0.24725809E+04  0.24550031E+04  0.24390840E+04  0.24238088E+04
  0.24088140E+04  0.23940626E+04  0.23795940E+04  0.23654573E+04  0.23516896E+04
  0.23382779E+04  0.23251816E+04  0.23123853E+04  0.22998430E+04  0.22875211E+04
  0.22754094E+04  0.22634711E+04  0.22516857E+04  0.22400506E+04  0.22285925E+04
  0.22173901E+04  0.22064796E+04  0.21958021E+04  0.21852803E+04  0.21748934E+04
  0.21646095E+04  0.21544010E+04  0.21442863E+04  0.21342726E+04  0.21243481E+04
  0.21145321E+04  0.21048759E+04  0.20953899E+04  0.20860128E+04  0.20766959E+04
  0.20674332E+04  0.20582313E+04  0.20491085E+04  0.20400626E+04  0.20310912E+04
  0.20221755E+04  0.20132548E+04  0.20043168E+04  0.19953908E+04  0.19865189E+04
  0.19777616E+04  0.19691102E+04  0.19606665E+04  0.19522924E+04  0.19444375E+04
  0.19351407E+04  0.19294612E+04  0.32153192E+04  0.32154457E+04  0.32159102E+04
  0.32164892E+04  0.32169306E+04  0.32173102E+04  0.32176575E+04  0.32179826E+04
  0.32182804E+04  0.32185460E+04  0.32187766E+04  0.32189600E+04  0.32190735E+04
  0.32190871E+04  0.32189640E+04  0.32186572E+04  0.32181079E+04  0.32172380E+04
  0.32159402E+04  0.32140769E+04  0.32114550E+04  0.32077976E+04  0.32027646E+04
  0.31959336E+04  0.31868367E+04  0.31746232E+04  0.31587963E+04  0.31388954E+04
  0.31141223E+04  0.30844734E+04  0.30506217E+04  0.30151815E+04  0.29829828E+04
  0.29556575E+04  0.29305647E+04  0.29053535E+04  0.28791015E+04  0.28516309E+04
  0.28229956E+04  0.27933545E+04  0.27628940E+04  0.27318113E+04  0.27003023E+04
  0.26686018E+04  0.26369822E+04  0.26055942E+04  0.25745110E+04  0.25445318E+04
  0.25175293E+04  0.24946107E+04  0.24754962E+04  0.24587781E+04  0.24428761E+04
  0.24272415E+04  0.24118252E+04  0.23967122E+04  0.23819505E+04  0.23675356E+04
  0.23534839E+04  0.23398885E+04  0.23267371E+04  0.23138808E+04  0.23012077E+04
  0.22887154E+04  0.22763835E+04  0.22641709E+04  0.22520940E+04  0.22401714E+04
  0.22283953E+04  0.22168044E+04  0.22054743E+04  0.21943131E+04  0.21832130E+04
  0.21722028E+04  0.21612770E+04  0.21504377E+04  0.21396999E+04  0.21290511E+04
  0.21184959E+04  0.21079719E+04  0.20973982E+04  0.20867744E+04  0.20761583E+04
  0.20656183E+04  0.20551631E+04  0.20447886E+04  0.20345001E+04  0.20243009E+04
  0.20141947E+04  0.20041756E+04  0.19941996E+04  0.19842381E+04  0.19743025E+04
  0.19644373E+04  0.19547072E+04  0.19451031E+04  0.19357530E+04  0.19265266E+04
  0.19179377E+04  0.19081171E+04  0.19022297E+04  0.32152952E+04  0.32154138E+04
  0.32158545E+04  0.32163893E+04  0.32167715E+04  0.32170902E+04  0.32173768E+04
  0.32176444E+04  0.32178907E+04  0.32181071E+04  0.32182904E+04  0.32184340E+04
  0.32185180E+04  0.32185137E+04  0.32183869E+04  0.32180911E+04  0.32175613E+04
  0.32167024E+04  0.32153965E+04  0.32135083E+04  0.32108444E+04  0.32071180E+04
  0.32019782E+04  0.31949949E+04  0.31856940E+04  0.31731940E+04  0.31569989E+04
  0.31366540E+04  0.31113341E+04  0.30810647E+04  0.30465768E+04  0.30107715E+04
  0.29789563E+04  0.29524501E+04  0.29279160E+04  0.29029364E+04  0.28767413E+04
  0.28492472E+04  0.28205721E+04  0.27909169E+04  0.27604982E+04  0.27295327E+04
  0.26982308E+04  0.26668327E+04  0.26355544E+04  0.26043300E+04  0.25732301E+04
  0.25437494E+04  0.25179360E+04  0.24960388E+04  0.24771069E+04  0.24600742E+04
  0.24438701E+04  0.24279633E+04  0.24123242E+04  0.23970392E+04  0.23821342E+04
  0.23675560E+04  0.23532347E+04  0.23392481E+04  0.23256316E+04  0.23122310E+04
  0.22989617E+04  0.22858470E+04  0.22728780E+04  0.22600413E+04  0.22473397E+04
  0.22347775E+04  0.22223125E+04  0.22098491E+04  0.21973707E+04  0.21849157E+04
  0.21725167E+04  0.21602054E+04  0.21479818E+04  0.21358454E+04  0.21238063E+04
  0.21118632E+04  0.21000255E+04  0.20882484E+04  0.20764492E+04  0.20646103E+04
  0.20527766E+04  0.20409991E+04  0.20292871E+04  0.20176456E+04  0.20060888E+04
  0.19946325E+04  0.19832857E+04  0.19720574E+04  0.19609542E+04  0.19499798E+04
  0.19391394E+04  0.19284299E+04  0.19178770E+04  0.19074733E+04  0.18973673E+04
  0.18874324E+04  0.18782262E+04  0.18679499E+04  0.18618765E+04  0.32152709E+04
  0.32153907E+04  0.32158315E+04  0.32163398E+04  0.32166665E+04  0.32169267E+04
  0.32171559E+04  0.32173634E+04  0.32175535E+04  0.32177204E+04  0.32178542E+04
  0.32179529E+04  0.32179997E+04  0.32179675E+04  0.32178267E+04  0.32175324E+04
  0.32170006E+04  0.32161246E+04  0.32147931E+04  0.32128681E+04  0.32101518E+04
  0.32063446E+04  0.32010841E+04  0.31939330E+04  0.31844088E+04  0.31715975E+04
  0.31550042E+04  0.31341780E+04  0.31082651E+04  0.30773228E+04  0.30421493E+04
  0.30060117E+04  0.29747543E+04  0.29492430E+04  0.29253752E+04  0.29007429E+04
  0.28747112E+04  0.28473110E+04  0.28187628E+04  0.27892820E+04  0.27590897E+04
  0.27283874E+04  0.26973201E+04  0.26660444E+04  0.26346014E+04  0.26026419E+04
  0.25706263E+04  0.25409539E+04  0.25148162E+04  0.24923835E+04  0.24730433E+04
  0.24554877E+04  0.24390701E+04  0.24230402E+04  0.24072215E+04  0.23916455E+04
  0.23763558E+04  0.23613324E+04  0.23464633E+04  0.23316128E+04  0.23167743E+04
  0.23020439E+04  0.22874782E+04  0.22730659E+04  0.22587896E+04  0.22446451E+04
  0.22306336E+04  0.22167537E+04  0.22029801E+04  0.21892227E+04  0.21754200E+04
  0.21616134E+04  0.21478565E+04  0.21341659E+04  0.21205469E+04  0.21070098E+04
  0.20935728E+04  0.20802477E+04  0.20670437E+04  0.20539567E+04  0.20409668E+04
  0.20280691E+04  0.20152646E+04  0.20025510E+04  0.19899282E+04  0.19773997E+04
  0.19649793E+04  0.19526859E+04  0.19405335E+04  0.19285326E+04  0.19166938E+04
  0.19050288E+04  0.18935531E+04  0.18822711E+04  0.18712094E+04  0.18603528E+04
  0.18498461E+04  0.18395477E+04  0.18300175E+04  0.18194599E+04  0.18132519E+04
  0.32152596E+04  0.32153812E+04  0.32158219E+04  0.32163086E+04  0.32165919E+04
  0.32168033E+04  0.32169827E+04  0.32171377E+04  0.32172750E+04  0.32173933E+04
  0.32174827E+04  0.32175402E+04  0.32175525E+04  0.32174934E+04  0.32173335E+04
  0.32170195E+04  0.32164514E+04  0.32155315E+04  0.32141587E+04  0.32121846E+04
  0.32094005E+04  0.32054933E+04  0.32000914E+04  0.31927499E+04  0.31829759E+04
  0.31698231E+04  0.31527979E+04  0.31314504E+04  0.31048970E+04  0.30732336E+04
  0.30373297E+04  0.30009513E+04  0.29705801E+04  0.29463911E+04  0.29233886E+04
  0.28992480E+04  0.28734673E+04  0.28462378E+04  0.28178859E+04  0.27885620E+04
  0.27584251E+04  0.27275964E+04  0.26960491E+04  0.26638154E+04  0.26306609E+04
  0.25961325E+04  0.25617718E+04  0.25299915E+04  0.25020964E+04  0.24792420E+04
  0.24602028E+04  0.24424270E+04  0.24250911E+04  0.24080555E+04  0.23912315E+04
  0.23745906E+04  0.23581535E+04  0.23419263E+04  0.23258709E+04  0.23098348E+04
  0.22937386E+04  0.22776854E+04  0.22617526E+04  0.22459334E+04  0.22302267E+04
  0.22146456E+04  0.21991971E+04  0.21838758E+04  0.21686846E+04  0.21536141E+04
  0.21386519E+04  0.21237879E+04  0.21090185E+04  0.20943524E+04  0.20797981E+04
  0.20653616E+04  0.20510547E+04  0.20368950E+04  0.20228929E+04  0.20090491E+04
  0.19953631E+04  0.19818471E+04  0.19685152E+04  0.19553679E+04  0.19423970E+04
  0.19295947E+04  0.19169616E+04  0.19045039E+04  0.18922334E+04  0.18801578E+04
  0.18682771E+04  0.18565942E+04  0.18451177E+04  0.18338625E+04  0.18228655E+04
  0.18121032E+04  0.18017047E+04  0.17915105E+04  0.17820470E+04  0.17714294E+04
  0.17651446E+04  0.32152578E+04  0.32153784E+04  0.32158139E+04  0.32162817E+04
  0.32165333E+04  0.32167083E+04  0.32168486E+04  0.32169639E+04  0.32170571E+04
  0.32171310E+04  0.32171852E+04  0.32172130E+04  0.32171982E+04  0.32171140E+04
  0.32169200E+04  0.32165506E+04  0.32159265E+04  0.32149632E+04  0.32135440E+04
  0.32115053E+04  0.32086249E+04  0.32045860E+04  0.31990121E+04  0.31914489E+04
  0.31813923E+04  0.31678643E+04  0.31503738E+04  0.31284684E+04  0.31012361E+04
  0.30688261E+04  0.30321866E+04  0.29957723E+04  0.29667887E+04  0.29442813E+04
  0.29221444E+04  0.28983434E+04  0.28726204E+04  0.28452927E+04  0.28167120E+04
  0.27869112E+04  0.27559111E+04  0.27236836E+04  0.26900684E+04  0.26550818E+04
  0.26181705E+04  0.25792337E+04  0.25408889E+04  0.25061029E+04  0.24777871E+04
  0.24557455E+04  0.24365261E+04  0.24179285E+04  0.23991876E+04  0.23805592E+04
  0.23621727E+04  0.23440283E+04  0.23261187E+04  0.23084229E+04  0.22909331E+04
  0.22736281E+04  0.22564630E+04  0.22394200E+04  0.22225029E+04  0.22057199E+04
  0.21890804E+04  0.21725965E+04  0.21562763E+04  0.21401242E+04  0.21241478E+04
  0.21083539E+04  0.20927529E+04  0.20773485E+04  0.20621448E+04  0.20471471E+04
  0.20323515E+04  0.20177500E+04  0.20033410E+04  0.19891332E+04  0.19751317E+04
  0.19613446E+04  0.19477809E+04  0.19344419E+04  0.19213315E+04  0.19084534E+04
  0.18958054E+04  0.18833800E+04  0.18711684E+04  0.18591652E+04  0.18473747E+04
  0.18358016E+04  0.18244434E+04  0.18132969E+04  0.18023612E+04  0.17916407E+04
  0.17811616E+04  0.17708990E+04  0.17609665E+04  0.17511961E+04  0.17420696E+04
  0.17315697E+04  0.17252695E+04  0.32152597E+04  0.32153781E+04  0.32158054E+04
  0.32162566E+04  0.32164862E+04  0.32166359E+04  0.32167471E+04  0.32168338E+04
  0.32168968E+04  0.32169380E+04  0.32169683E+04  0.32169808E+04  0.32169402E+04
  0.32168159E+04  0.32165644E+04  0.32161307E+04  0.32154659E+04  0.32144754E+04
  0.32130069E+04  0.32108701E+04  0.32078400E+04  0.32036226E+04  0.31978496E+04
  0.31900256E+04  0.31796401E+04  0.31657059E+04  0.31477224E+04  0.31252311E+04
  0.30972960E+04  0.30641384E+04  0.30267608E+04  0.29905527E+04  0.29632256E+04
  0.29421351E+04  0.29202133E+04  0.28960069E+04  0.28695773E+04  0.28412695E+04
  0.28113510E+04  0.27797823E+04  0.27464365E+04  0.27111494E+04  0.26738631E+04
  0.26346814E+04  0.25929428E+04  0.25491802E+04  0.25071027E+04  0.24716280E+04
  0.24447052E+04  0.24229813E+04  0.24027482E+04  0.23827396E+04  0.23627095E+04
  0.23428134E+04  0.23232050E+04  0.23039322E+04  0.22849992E+04  0.22663635E+04
  0.22479853E+04  0.22298705E+04  0.22120255E+04  0.21944453E+04  0.21771169E+04
  0.21600251E+04  0.21431608E+04  0.21265225E+04  0.21101245E+04  0.20939816E+04
  0.20780912E+04  0.20624456E+04  0.20470443E+04  0.20318927E+04  0.20169999E+04
  0.20023725E+04  0.19880059E+04  0.19738887E+04  0.19600096E+04  0.19463654E+04
  0.19329579E+04  0.19197955E+04  0.19068833E+04  0.18942130E+04  0.18817777E+04
  0.18695792E+04  0.18576208E+04  0.18458985E+04  0.18344000E+04  0.18231138E+04
  0.18120375E+04  0.18011743E+04  0.17905246E+04  0.17800835E+04  0.17698454E+04
  0.17598014E+04  0.17499623E+04  0.17403054E+04  0.17309294E+04  0.17216612E+04
  0.17129457E+04  0.17026479E+04  0.16963807E+04  0.32152638E+04  0.32153788E+04
  0.32157977E+04  0.32162363E+04  0.32164511E+04  0.32165837E+04  0.32166734E+04
  0.32167373E+04  0.32167831E+04  0.32168107E+04  0.32168279E+04  0.32168288E+04
  0.32167513E+04  0.32165615E+04  0.32162479E+04  0.32157776E+04  0.32151015E+04
  0.32141001E+04  0.32125503E+04  0.32102336E+04  0.32069786E+04  0.32025148E+04
  0.31964921E+04  0.31883855E+04  0.31776464E+04  0.31632717E+04  0.31447588E+04
  0.31216325E+04  0.30929275E+04  0.30589051E+04  0.30205664E+04  0.29842089E+04
  0.29577358E+04  0.29367723E+04  0.29137999E+04  0.28880896E+04  0.28598719E+04
  0.28293300E+04  0.27966567E+04  0.27619697E+04  0.27252122E+04  0.26862435E+04
  0.26451489E+04  0.26021078E+04  0.25565000E+04  0.25094984E+04  0.24664222E+04
  0.24324522E+04  0.24067678E+04  0.23847880E+04  0.23637124E+04  0.23427225E+04
  0.23219329E+04  0.23014971E+04  0.22814912E+04  0.22619391E+04  0.22428295E+04
  0.22241146E+04  0.22057496E+04  0.21877165E+04  0.21700121E+04  0.21526373E+04
  0.21355854E+04  0.21188375E+04  0.21023780E+04  0.20861991E+04  0.20703070E+04
  0.20547109E+04  0.20394041E+04  0.20243757E+04  0.20096194E+04  0.19951352E+04
  0.19809261E+04  0.19669943E+04  0.19533350E+04  0.19399374E+04  0.19267897E+04
  0.19138869E+04  0.19012306E+04  0.18888241E+04  0.18766616E+04  0.18647331E+04
  0.18530332E+04  0.18415613E+04  0.18303194E+04  0.18193029E+04  0.18084995E+04
  0.17978969E+04  0.17874900E+04  0.17772795E+04  0.17672653E+04  0.17574416E+04
  0.17478020E+04  0.17383344E+04  0.17290397E+04  0.17198895E+04  0.17109679E+04
  0.17021045E+04  0.16937238E+04  0.16836048E+04  0.16773758E+04  0.32152676E+04
  0.32153801E+04  0.32157941E+04  0.32162244E+04  0.32164287E+04  0.32165497E+04
  0.32166226E+04  0.32166664E+04  0.32166978E+04  0.32167260E+04  0.32167379E+04
  0.32167161E+04  0.32165853E+04  0.32163221E+04  0.32159583E+04  0.32154596E+04
  0.32147595E+04  0.32137238E+04  0.32120062E+04  0.32093949E+04  0.32058629E+04
  0.32011433E+04  0.31948223E+04  0.31863656E+04  0.31752109E+04  0.31602908E+04
  0.31411009E+04  0.31171107E+04  0.30872489E+04  0.30516215E+04  0.30112460E+04
  0.29732216E+04  0.29460680E+04  0.29240405E+04  0.28990857E+04  0.28712138E+04
  0.28406099E+04  0.28073317E+04  0.27716296E+04  0.27337932E+04  0.26939596E+04
  0.26521491E+04  0.26083788E+04  0.25628702E+04  0.25152913E+04  0.24674912E+04
  0.24258594E+04  0.23942256E+04  0.23697952E+04  0.23480779E+04  0.23268483E+04
  0.23058321E+04  0.22852042E+04  0.22650791E+04  0.22454736E+04  0.22263680E+04
  0.22077406E+04  0.21895511E+04  0.21717536E+04  0.21543147E+04  0.21372135E+04
  0.21204410E+04  0.21039933E+04  0.20878617E+04  0.20720368E+04  0.20565133E+04
  0.20412874E+04  0.20263567E+04  0.20117145E+04  0.19973542E+04  0.19832711E+04
  0.19694592E+04  0.19559132E+04  0.19426285E+04  0.19296009E+04  0.19168292E+04
  0.19043122E+04  0.18920466E+04  0.18800283E+04  0.18682526E+04  0.18567057E+04
  0.18453809E+04  0.18342760E+04  0.18233822E+04  0.18126962E+04  0.18022123E+04
  0.17919229E+04  0.17818195E+04  0.17718955E+04  0.17621482E+04  0.17525760E+04
  0.17431737E+04  0.17339380E+04  0.17248489E+04  0.17159088E+04  0.17070993E+04
  0.16984940E+04  0.16899243E+04  0.16818020E+04  0.16718548E+04  0.16656828E+04
  0.32152701E+04  0.32153839E+04  0.32158037E+04  0.32162362E+04  0.32164361E+04
  0.32165511E+04  0.32166145E+04  0.32166441E+04  0.32166566E+04  0.32166761E+04
  0.32166648E+04  0.32165914E+04  0.32163900E+04  0.32160504E+04  0.32156174E+04
  0.32150263E+04  0.32141881E+04  0.32129767E+04  0.32110048E+04  0.32081039E+04
  0.32043283E+04  0.31993434E+04  0.31926430E+04  0.31836721E+04  0.31718446E+04
  0.31560059E+04  0.31355817E+04  0.31099190E+04  0.30777433E+04  0.30388371E+04
  0.29944291E+04  0.29534948E+04  0.29260773E+04  0.29038627E+04  0.28773253E+04
  0.28476263E+04  0.28150102E+04  0.27796864E+04  0.27420295E+04  0.27022714E+04
  0.26606008E+04  0.26171217E+04  0.25717417E+04  0.25248067E+04  0.24766259E+04
  0.24298335E+04  0.23910532E+04  0.23626240E+04  0.23400422E+04  0.23190770E+04
  0.22983512E+04  0.22779085E+04  0.22579210E+04  0.22384717E+04  0.22195549E+04
  0.22011234E+04  0.21831365E+04  0.21655609E+04  0.21483564E+04  0.21314889E+04
  0.21149424E+04  0.20987105E+04  0.20827972E+04  0.20672012E+04  0.20519172E+04
  0.20369402E+04  0.20222614E+04  0.20078733E+04  0.19937698E+04  0.19799442E+04
  0.19663888E+04  0.19531014E+04  0.19400808E+04  0.19273159E+04  0.19148029E+04
  0.19025489E+04  0.18905492E+04  0.18787904E+04  0.18672608E+04  0.18559514E+04
  0.18448538E+04  0.18339621E+04  0.18232648E+04  0.18127498E+04  0.18024147E+04
  0.17922572E+04  0.17822758E+04  0.17724669E+04  0.17628252E+04  0.17533458E+04
  0.17440259E+04  0.17348622E+04  0.17258543E+04  0.17169846E+04  0.17082604E+04
  0.16996712E+04  0.16912909E+04  0.16829477E+04  0.16750390E+04  0.16652724E+04
  0.16591816E+04  0.32152725E+04  0.32153972E+04  0.32158496E+04  0.32163154E+04
  0.32165330E+04  0.32166598E+04  0.32167336E+04  0.32167676E+04  0.32167610E+04
  0.32167136E+04  0.32165852E+04  0.32163737E+04  0.32160795E+04  0.32156578E+04
  0.32150707E+04  0.32142389E+04  0.32130653E+04  0.32114475E+04  0.32092390E+04
  0.32062936E+04  0.32023936E+04  0.31971537E+04  0.31899999E+04  0.31802974E+04
  0.31674342E+04  0.31501275E+04  0.31276400E+04  0.30992044E+04  0.30634243E+04
  0.30199107E+04  0.29703961E+04  0.29273698E+04  0.29021306E+04  0.28814293E+04
  0.28539980E+04  0.28229421E+04  0.27889243E+04  0.27521868E+04  0.27131814E+04
  0.26721727E+04  0.26294113E+04  0.25851644E+04  0.25395480E+04  0.24929295E+04
  0.24455732E+04  0.24010022E+04  0.23662104E+04  0.23413710E+04  0.23204739E+04
  0.23002013E+04  0.22800282E+04  0.22601186E+04  0.22406484E+04  0.22217182E+04
  0.22033216E+04  0.21853977E+04  0.21678722E+04  0.21507116E+04  0.21339023E+04
  0.21174276E+04  0.21012790E+04  0.20854510E+04  0.20699467E+04  0.20547666E+04
  0.20399043E+04  0.20253475E+04  0.20110804E+04  0.19970923E+04  0.19833785E+04
  0.19699347E+04  0.19567533E+04  0.19438303E+04  0.19311678E+04  0.19187610E+04
  0.19066061E+04  0.18947035E+04  0.18830386E+04  0.18715912E+04  0.18603482E+04
  0.18493018E+04  0.18384545E+04  0.18277998E+04  0.18173211E+04  0.18070134E+04
  0.17968761E+04  0.17869098E+04  0.17771165E+04  0.17674957E+04  0.17580421E+04
  0.17487480E+04  0.17396073E+04  0.17306171E+04  0.17217755E+04  0.17130859E+04
  0.17045558E+04  0.16961492E+04  0.16879372E+04  0.16797535E+04  0.16719908E+04
  0.16623561E+04  0.16563304E+04  0.32152701E+04  0.32154075E+04  0.32159019E+04
  0.32164147E+04  0.32166594E+04  0.32168047E+04  0.32168949E+04  0.32169386E+04
  0.32169136E+04  0.32167667E+04  0.32164660E+04  0.32160666E+04  0.32156628E+04
  0.32151529E+04  0.32143697E+04  0.32132420E+04  0.32116845E+04  0.32096180E+04
  0.32072389E+04  0.32043843E+04  0.32003945E+04  0.31947743E+04  0.31869613E+04
  0.31763848E+04  0.31623586E+04  0.31434274E+04  0.31186030E+04  0.30872085E+04
  0.30481385E+04  0.30010710E+04  0.29484882E+04  0.29055082E+04  0.28833624E+04
  0.28642564E+04  0.28360092E+04  0.28038165E+04  0.27687569E+04  0.27309593E+04
  0.26908756E+04  0.26488824E+04  0.26053173E+04  0.25607503E+04  0.25157664E+04
  0.24705891E+04  0.24248826E+04  0.23832286E+04  0.23529143E+04  0.23312034E+04
  0.23112078E+04  0.22911811E+04  0.22712193E+04  0.22515450E+04  0.22323168E+04
  0.22136282E+04  0.21954678E+04  0.21777701E+04  0.21604594E+04  0.21435024E+04
  0.21269080E+04  0.21106795E+04  0.20948033E+04  0.20792654E+04  0.20640575E+04
  0.20491779E+04  0.20346173E+04  0.20203551E+04  0.20063720E+04  0.19926544E+04
  0.19791959E+04  0.19659956E+04  0.19530520E+04  0.19403547E+04  0.19278900E+04
  0.19156560E+04  0.19036492E+04  0.18918587E+04  0.18802828E+04  0.18689200E+04
  0.18577592E+04  0.18467888E+04  0.18360085E+04  0.18254150E+04  0.18150046E+04
  0.18047789E+04  0.17947333E+04  0.17848677E+04  0.17751852E+04  0.17656848E+04
  0.17563597E+04  0.17471990E+04  0.17381919E+04  0.17293341E+04  0.17206221E+04
  0.17120642E+04  0.17036698E+04  0.16953912E+04  0.16872893E+04  0.16792028E+04
  0.16715260E+04  0.16619721E+04  0.16559887E+04  0.32152664E+04  0.32154077E+04
  0.32159182E+04  0.32164500E+04  0.32167043E+04  0.32168552E+04  0.32169494E+04
  0.32169942E+04  0.32169592E+04  0.32167683E+04  0.32163899E+04  0.32159046E+04
  0.32154445E+04  0.32148870E+04  0.32140154E+04  0.32127589E+04  0.32110394E+04
  0.32087875E+04  0.32063331E+04  0.32034999E+04  0.31994452E+04  0.31935466E+04
  0.31853012E+04  0.31742760E+04  0.31596911E+04  0.31399998E+04  0.31140675E+04
  0.30813422E+04  0.30410153E+04  0.29928351E+04  0.29397068E+04  0.28973173E+04
  0.28765406E+04  0.28580178E+04  0.28293594E+04  0.27966883E+04  0.27612027E+04
  0.27230073E+04  0.26825361E+04  0.26401871E+04  0.25963122E+04  0.25516152E+04
  0.25069132E+04  0.24623692E+04  0.24174304E+04  0.23772958E+04  0.23492176E+04
  0.23288506E+04  0.23090818E+04  0.22890656E+04  0.22691263E+04  0.22494982E+04
  0.22303315E+04  0.22117008E+04  0.21935915E+04  0.21759405E+04  0.21586807E+04
  0.21417787E+04  0.21252499E+04  0.21091044E+04  0.20933234E+04  0.20778887E+04
  0.20627859E+04  0.20480120E+04  0.20335561E+04  0.20193951E+04  0.20055094E+04
  0.19918844E+04  0.19785120E+04  0.19653917E+04  0.19525259E+04  0.19399054E+04
  0.19275080E+04  0.19153256E+04  0.19033526E+04  0.18915724E+04  0.18799944E+04
  0.18686336E+04  0.18574796E+04  0.18465177E+04  0.18357429E+04  0.18251542E+04
  0.18147560E+04  0.18045509E+04  0.17945318E+04  0.17846974E+04  0.17750509E+04
  0.17655908E+04  0.17563102E+04  0.17471970E+04  0.17382385E+04  0.17294290E+04
  0.17207650E+04  0.17122491E+04  0.17038905E+04  0.16956479E+04  0.16875799E+04
  0.16795246E+04  0.16718764E+04  0.16623513E+04  0.16563833E+04
