  0.99997668E+00  0.99354679E-01  0.99997165E+00  0.99354928E-01
  0.99913274E+00  0.10302503E+00  0.99879330E+00  0.10304253E+00
  0.99881483E+00  0.10656207E+00  0.99834946E+00  0.10658690E+00
  0.99837242E+00  0.11038819E+00  0.99773078E+00  0.11042368E+00
  0.99793331E+00  0.11437265E+00  0.99711678E+00  0.11441947E+00
  0.99744093E+00  0.11857670E+00  0.99642834E+00  0.11863694E+00
  0.99690961E+00  0.12299415E+00  0.99568557E+00  0.12306973E+00
  0.99632745E+00  0.12764619E+00  0.99487193E+00  0.12773953E+00
  0.99569196E+00  0.13254520E+00  0.99398393E+00  0.13265903E+00
  0.99499630E+00  0.13770842E+00  0.99301212E+00  0.13784593E+00
  0.99423438E+00  0.14315286E+00  0.99194804E+00  0.14331774E+00
  0.99339878E+00  0.14889733E+00  0.99078143E+00  0.14909387E+00
  0.99248145E+00  0.15496180E+00  0.98950116E+00  0.15519500E+00
  0.99147326E+00  0.16136775E+00  0.98809459E+00  0.16164341E+00
  0.99036401E+00  0.16813816E+00  0.98654769E+00  0.16846306E+00
  0.98914226E+00  0.17529765E+00  0.98484467E+00  0.17567971E+00
  0.98779518E+00  0.18287254E+00  0.98296791E+00  0.18332102E+00
  0.98630838E+00  0.19089098E+00  0.98089766E+00  0.19141674E+00
  0.98466573E+00  0.19938300E+00  0.97861182E+00  0.19999876E+00
  0.98284915E+00  0.20838059E+00  0.97608570E+00  0.20910130E+00
  0.98083840E+00  0.21791781E+00  0.97329170E+00  0.21876102E+00
  0.97861080E+00  0.22803076E+00  0.97019903E+00  0.22901715E+00
  0.97614104E+00  0.23875765E+00  0.96677340E+00  0.23991160E+00
  0.97340083E+00  0.25013881E+00  0.96297667E+00  0.25148904E+00
  0.97035871E+00  0.26221660E+00  0.95876657E+00  0.26379703E+00
  0.96697968E+00  0.27503532E+00  0.95409634E+00  0.27688602E+00
  0.96322498E+00  0.28864108E+00  0.94891451E+00  0.29080942E+00
  0.95905186E+00  0.30308153E+00  0.94316461E+00  0.30562351E+00
  0.95441330E+00  0.31840552E+00  0.93678511E+00  0.32138740E+00
  0.94925795E+00  0.33466271E+00  0.92970932E+00  0.33816282E+00
  0.94353002E+00  0.35190296E+00  0.92186561E+00  0.35601392E+00
  0.93716938E+00  0.37017564E+00  0.91317774E+00  0.37500687E+00
  0.93011183E+00  0.38952873E+00  0.90356551E+00  0.39520939E+00
  0.92228958E+00  0.41000782E+00  0.89294578E+00  0.41669016E+00
  0.91363199E+00  0.43165482E+00  0.88123389E+00  0.43951798E+00
  0.90406666E+00  0.45450661E+00  0.86834559E+00  0.46376090E+00
  0.89352092E+00  0.47859340E+00  0.85419944E+00  0.48948504E+00
  0.88192373E+00  0.50393699E+00  0.83871988E+00  0.51675333E+00
  0.86920797E+00  0.53054896E+00  0.82184080E+00  0.54562400E+00
  0.85531329E+00  0.55842872E+00  0.80350962E+00  0.57614900E+00
  0.84018920E+00  0.58756169E+00  0.78369171E+00  0.60837224E+00
  0.82379856E+00  0.61791758E+00  0.76237504E+00  0.64232781E+00
  0.80612111E+00  0.64944892E+00  0.73957461E+00  0.67803818E+00
  0.78715693E+00  0.68209005E+00  0.71533634E+00  0.71551251E+00
  0.76692949E+00  0.71575660E+00  0.68974013E+00  0.75474515E+00
  0.74548808E+00  0.75034564E+00  0.66290141E+00  0.79571445E+00
  0.72290912E+00  0.78573664E+00  0.63497103E+00  0.83838192E+00
  0.69929630E+00  0.82179323E+00  0.60613298E+00  0.88269205E+00
  0.67477897E+00  0.85836602E+00  0.57659972E+00  0.92857304E+00
  0.64950749E+00  0.89529857E+00  0.54660461E+00  0.97594047E+00
  0.62364380E+00  0.93243924E+00  0.51638147E+00  0.10247160E+01
  0.59742009E+00  0.96956619E+00  0.48621865E+00  0.10747354E+01
  0.57100804E+00  0.10065357E+01  0.45635863E+00  0.11258931E+01
  0.54456826E+00  0.10431911E+01  0.42703933E+00  0.11780293E+01
  0.51830064E+00  0.10793820E+01  0.39847945E+00  0.12310143E+01
  0.49238964E+00  0.11149704E+01  0.37087075E+00  0.12847142E+01
  0.46699773E+00  0.11498332E+01  0.34437346E+00  0.13389902E+01
  0.44226660E+00  0.11838640E+01  0.31911382E+00  0.13937058E+01
  0.41831579E+00  0.12169743E+01  0.29518371E+00  0.14487296E+01
  0.39524176E+00  0.12490930E+01  0.27264202E+00  0.15039375E+01
  0.37311811E+00  0.12801664E+01  0.25151729E+00  0.15592138E+01
  0.35199655E+00  0.13101567E+01  0.23181133E+00  0.16144520E+01
  0.33190874E+00  0.13390411E+01  0.21350334E+00  0.16695557E+01
  0.31286848E+00  0.13668097E+01  0.19655424E+00  0.17244386E+01
  0.29487417E+00  0.13934642E+01  0.18091079E+00  0.17790245E+01
  0.27791145E+00  0.14190157E+01  0.16650949E+00  0.18332468E+01
  0.26195558E+00  0.14434836E+01  0.15327999E+00  0.18870481E+01
  0.24697385E+00  0.14668935E+01  0.14114799E+00  0.19403797E+01
  0.23292758E+00  0.14892760E+01  0.13003766E+00  0.19932010E+01
  0.21977401E+00  0.15106655E+01  0.11987349E+00  0.20454785E+01
  0.20746775E+00  0.15310990E+01  0.11058176E+00  0.20971854E+01
  0.19596212E+00  0.15506149E+01  0.10209160E+00  0.21483005E+01
  0.18521015E+00  0.15692530E+01  0.94335700E-01  0.21988081E+01
  0.17516536E+00  0.15870530E+01  0.87250776E-01  0.22486968E+01
  0.16578241E+00  0.16040545E+01  0.80777804E-01  0.22979592E+01
  0.15701751E+00  0.16202964E+01  0.74862106E-01  0.23465914E+01
  0.14882876E+00  0.16358166E+01  0.69453305E-01  0.23945923E+01
  0.14117634E+00  0.16506520E+01  0.64505196E-01  0.24419632E+01
  0.13402265E+00  0.16648379E+01  0.59975553E-01  0.24887079E+01
  0.12733231E+00  0.16784085E+01  0.55825904E-01  0.25348315E+01
  0.12107222E+00  0.16913961E+01  0.52021278E-01  0.25803408E+01
  0.11521147E+00  0.17038316E+01  0.48529949E-01  0.26252437E+01
  0.10972129E+00  0.17157445E+01  0.45323172E-01  0.26695492E+01
  0.10457495E+00  0.17271626E+01  0.42374939E-01  0.27132669E+01
  0.99747663E-01  0.17381122E+01  0.39661728E-01  0.27564070E+01
  0.95216490E-01  0.17486181E+01  0.37162285E-01  0.27989804E+01
  0.90960204E-01  0.17587039E+01  0.34857403E-01  0.28409980E+01
  0.86959186E-01  0.17683917E+01  0.32729733E-01  0.28824712E+01
  0.83195325E-01  0.17777023E+01  0.30763601E-01  0.29234113E+01
  0.79651878E-01  0.17866554E+01  0.28944835E-01  0.29638299E+01
  0.76313441E-01  0.17952694E+01  0.27260646E-01  0.30037382E+01
  0.73165661E-01  0.18035618E+01  0.25699408E-01  0.30431483E+01
  0.70195665E-01  0.18115484E+01  0.24250763E-01  0.30820693E+01
  0.67390554E-01  0.18192463E+01  0.22904891E-01  0.31205194E+01
  0.64741159E-01  0.18266654E+01  0.21654097E-01  0.31584877E+01
  0.62231619E-01  0.18338318E+01  0.20488128E-01  0.31960525E+01
  0.59867220E-01  0.18407233E+01  0.19406611E-01  0.32330187E+01
  0.57599072E-01  0.18474507E+01  0.18384860E-01  0.32700202E+01
  0.55526991E-01  0.18537471E+01  0.17466791E-01  0.33051867E+01
  0.53249525E-01  0.18607709E+01  0.16474425E-01  0.33453815E+01
