  0.99997668E+00  0.99355457E-01  0.99997165E+00  0.99355707E-01
  0.99913273E+00  0.10302584E+00  0.99879328E+00  0.10304334E+00
  0.99881481E+00  0.10656291E+00  0.99834944E+00  0.10658774E+00
  0.99837240E+00  0.11038906E+00  0.99773074E+00  0.11042455E+00
  0.99793328E+00  0.11437355E+00  0.99711674E+00  0.11442037E+00
  0.99744089E+00  0.11857763E+00  0.99642828E+00  0.11863787E+00
  0.99690956E+00  0.12299512E+00  0.99568551E+00  0.12307070E+00
  0.99632740E+00  0.12764720E+00  0.99487185E+00  0.12774054E+00
  0.99569189E+00  0.13254625E+00  0.99398384E+00  0.13266008E+00
  0.99499622E+00  0.13770951E+00  0.99301201E+00  0.13784702E+00
  0.99423428E+00  0.14315399E+00  0.99194791E+00  0.14331888E+00
  0.99339868E+00  0.14889851E+00  0.99078129E+00  0.14909506E+00
  0.99248133E+00  0.15496304E+00  0.98950099E+00  0.15519623E+00
  0.99147312E+00  0.16136904E+00  0.98809440E+00  0.16164470E+00
  0.99036386E+00  0.16813951E+00  0.98654747E+00  0.16846441E+00
  0.98914209E+00  0.17529905E+00  0.98484443E+00  0.17568112E+00
  0.98779498E+00  0.18287401E+00  0.98296763E+00  0.18332250E+00
  0.98630816E+00  0.19089252E+00  0.98089735E+00  0.19141829E+00
  0.98466548E+00  0.19938461E+00  0.97861147E+00  0.20000039E+00
  0.98284887E+00  0.20838229E+00  0.97608531E+00  0.20910301E+00
  0.98083808E+00  0.21791959E+00  0.97329126E+00  0.21876282E+00
  0.97861044E+00  0.22803263E+00  0.97019854E+00  0.22901905E+00
  0.97614064E+00  0.23875962E+00  0.96677285E+00  0.23991359E+00
  0.97340039E+00  0.25014089E+00  0.96297606E+00  0.25149115E+00
  0.97035821E+00  0.26221879E+00  0.95876588E+00  0.26379926E+00
  0.96697912E+00  0.27503764E+00  0.95409557E+00  0.27688839E+00
  0.96322435E+00  0.28864353E+00  0.94891364E+00  0.29081193E+00
  0.95905115E+00  0.30308412E+00  0.94316364E+00  0.30562618E+00
  0.95441251E+00  0.31840828E+00  0.93678402E+00  0.32139023E+00
  0.94925706E+00  0.33466565E+00  0.92970810E+00  0.33816585E+00
  0.94352901E+00  0.35190610E+00  0.92186424E+00  0.35601716E+00
  0.93716825E+00  0.37017899E+00  0.91317619E+00  0.37501035E+00
  0.93011055E+00  0.38953232E+00  0.90356377E+00  0.39521315E+00
  0.92228813E+00  0.41001168E+00  0.89294382E+00  0.41669421E+00
  0.91363035E+00  0.43165899E+00  0.88123168E+00  0.43952238E+00
  0.90406479E+00  0.45451112E+00  0.86834308E+00  0.46376569E+00
  0.89351879E+00  0.47859830E+00  0.85419659E+00  0.48949029E+00
  0.88192128E+00  0.50394234E+00  0.83871663E+00  0.51675910E+00
  0.86920516E+00  0.53055484E+00  0.82183708E+00  0.54563040E+00
  0.85531003E+00  0.55843523E+00  0.80350534E+00  0.57615615E+00
  0.84018541E+00  0.58756896E+00  0.78368676E+00  0.60838032E+00
  0.82379410E+00  0.61792578E+00  0.76236927E+00  0.64233703E+00
  0.80611581E+00  0.64945829E+00  0.73956781E+00  0.67804886E+00
  0.78715054E+00  0.68210096E+00  0.71532821E+00  0.71552511E+00
  0.76692165E+00  0.71576955E+00  0.68973026E+00  0.75476035E+00
  0.74547834E+00  0.75036129E+00  0.66288930E+00  0.79573312E+00
  0.72289751E+00  0.78575511E+00  0.63495678E+00  0.83840430E+00
  0.69928550E+00  0.82181101E+00  0.60611992E+00  0.88271385E+00
  0.67477184E+00  0.85837906E+00  0.57659135E+00  0.92858899E+00
  0.64950851E+00  0.89530054E+00  0.54660548E+00  0.97594261E+00
  0.62366326E+00  0.93241176E+00  0.51640770E+00  0.10246758E+01
  0.59744063E+00  0.96953732E+00  0.48624331E+00  0.10746947E+01
  0.57102758E+00  0.10065074E+01  0.45638130E+00  0.11258528E+01
  0.54458533E+00  0.10431662E+01  0.42705848E+00  0.11779933E+01
  0.51831438E+00  0.10793619E+01  0.39849456E+00  0.12309843E+01
  0.49240085E+00  0.11149538E+01  0.37088286E+00  0.12846887E+01
  0.46700712E+00  0.11498192E+01  0.34438341E+00  0.13389679E+01
  0.44227461E+00  0.11838519E+01  0.31912215E+00  0.13936859E+01
  0.41832279E+00  0.12169636E+01  0.29519084E+00  0.14487115E+01
  0.39524779E+00  0.12490836E+01  0.27264807E+00  0.15039209E+01
  0.37312385E+00  0.12801575E+01  0.25152282E+00  0.15591977E+01
  0.35200063E+00  0.13101497E+01  0.23181543E+00  0.16144383E+01
  0.33191533E+00  0.13390315E+01  0.21350903E+00  0.16695381E+01
  0.31286649E+00  0.13668097E+01  0.19655354E+00  0.17244363E+01
  0.29489412E+00  0.13934387E+01  0.18092612E+00  0.17789768E+01
  0.27787019E+00  0.14190653E+01  0.16647893E+00  0.18333430E+01
  0.26208031E+00  0.14433191E+01  0.15337526E+00  0.18866958E+01
  0.24664453E+00  0.14673460E+01  0.14089395E+00  0.19414316E+01
  0.23383625E+00  0.14879557E+01  0.13074859E+00  0.19898824E+01
  0.21358264E+00  0.15203201E+01  0.11523147E+00  0.20698195E+01
  0.34740116E+00  0.10579094E+01  0.26272194E+00  0.12165107E+01
  0.59865708E+00  0.52090474E+00  0.57149807E+00  0.53313842E+00
  0.59915020E+00  0.49196272E+00  0.57215690E+00  0.50343392E+00
  0.60739083E+00  0.45858513E+00  0.58320273E+00  0.46799834E+00
  0.61387965E+00  0.43346161E+00  0.59194050E+00  0.44142125E+00
  0.62001962E+00  0.41042242E+00  0.60024194E+00  0.41712923E+00
  0.62541435E+00  0.38932694E+00  0.60757030E+00  0.39500274E+00
  0.63017635E+00  0.36982478E+00  0.61407275E+00  0.37464258E+00
  0.63439342E+00  0.35173716E+00  0.61984864E+00  0.35584000E+00
  0.63814896E+00  0.33491564E+00  0.62499355E+00  0.33842208E+00
  0.64150051E+00  0.31923751E+00  0.62958750E+00  0.32224365E+00
  0.64449026E+00  0.30459730E+00  0.63369860E+00  0.30717994E+00
  0.64716165E+00  0.29090288E+00  0.63738535E+00  0.29312535E+00
  0.64955957E+00  0.27807278E+00  0.64069847E+00  0.27998910E+00
  0.65171967E+00  0.26603456E+00  0.64368205E+00  0.26769039E+00
  0.65366703E+00  0.25472378E+00  0.64637424E+00  0.25615673E+00
  0.65542409E+00  0.24408316E+00  0.64880787E+00  0.24532452E+00
  0.65701416E+00  0.23406174E+00  0.65101105E+00  0.23513843E+00
  0.65845786E+00  0.22461409E+00  0.65300798E+00  0.22554943E+00
  0.65977039E+00  0.21569923E+00  0.65481964E+00  0.21651309E+00
  0.66096299E+00  0.20728002E+00  0.65646483E+00  0.20798896E+00
  0.66204569E+00  0.19932179E+00  0.65796010E+00  0.19993967E+00
  0.66303122E+00  0.19179361E+00  0.65932184E+00  0.19233237E+00
  0.66393082E+00  0.18466350E+00  0.66056201E+00  0.18513378E+00
  0.66475946E+00  0.17791085E+00  0.66169917E+00  0.17832179E+00
  0.66550974E+00  0.17149508E+00  0.66272761E+00  0.17185467E+00
  0.66621031E+00  0.16544468E+00  0.66369314E+00  0.16575812E+00
  0.66677644E+00  0.15964174E+00  0.66447157E+00  0.15991838E+00
  0.66733832E+00  0.15446894E+00  0.66532246E+00  0.15470278E+00
  0.66744349E+00  0.14919503E+00  0.66538761E+00  0.14942534E+00
