  0.10029634E+01  0.99346477E-01  0.10041828E+01  0.99286139E-01
  0.10008744E+01  0.10311833E+00  0.10012527E+01  0.10309885E+00
  0.10005704E+01  0.10659892E+00  0.10008296E+01  0.10658512E+00
  0.10001069E+01  0.11043135E+00  0.10001815E+01  0.11042724E+00
  0.99966903E+00  0.11441411E+00  0.99956882E+00  0.11441985E+00
  0.99917463E+00  0.11862054E+00  0.99887707E+00  0.11863821E+00
  0.99864269E+00  0.12303920E+00  0.99813293E+00  0.12307061E+00
  0.99805937E+00  0.12769308E+00  0.99731706E+00  0.12774059E+00
  0.99742281E+00  0.13259383E+00  0.99642694E+00  0.13266007E+00
  0.99672591E+00  0.13775896E+00  0.99545269E+00  0.13784703E+00
  0.99596265E+00  0.14320539E+00  0.99438599E+00  0.14331888E+00
  0.99512559E+00  0.14895198E+00  0.99321649E+00  0.14909506E+00
  0.99420665E+00  0.15501868E+00  0.99193305E+00  0.15519624E+00
  0.99319669E+00  0.16142699E+00  0.99052301E+00  0.16164471E+00
  0.99208550E+00  0.16819988E+00  0.98897227E+00  0.16846442E+00
  0.99086160E+00  0.17536200E+00  0.98726504E+00  0.17568112E+00
  0.98951215E+00  0.18293967E+00  0.98538364E+00  0.18332251E+00
  0.98802274E+00  0.19096106E+00  0.98330826E+00  0.19141830E+00
  0.98637721E+00  0.19945620E+00  0.98101677E+00  0.20000039E+00
  0.98455745E+00  0.20845711E+00  0.97848440E+00  0.20910301E+00
  0.98254316E+00  0.21799784E+00  0.97568348E+00  0.21876283E+00
  0.98031165E+00  0.22811451E+00  0.97258316E+00  0.22901905E+00
  0.97783755E+00  0.23884535E+00  0.96914905E+00  0.23991360E+00
  0.97509254E+00  0.25023071E+00  0.96534293E+00  0.25149115E+00
  0.97204507E+00  0.26231295E+00  0.96112240E+00  0.26379926E+00
  0.96866011E+00  0.27513640E+00  0.95644061E+00  0.27688839E+00
  0.96489882E+00  0.28874718E+00  0.95124595E+00  0.29081193E+00
  0.96071836E+00  0.30319295E+00  0.94548182E+00  0.30562618E+00
  0.95607166E+00  0.31852261E+00  0.93908651E+00  0.32139024E+00
  0.95090724E+00  0.33478582E+00  0.93199320E+00  0.33816586E+00
  0.94516924E+00  0.35203246E+00  0.92413007E+00  0.35601717E+00
  0.93879741E+00  0.37031191E+00  0.91542067E+00  0.37501036E+00
  0.93172745E+00  0.38967219E+00  0.90578461E+00  0.39521315E+00
  0.92389144E+00  0.41015890E+00  0.89513856E+00  0.41669422E+00
  0.91521860E+00  0.43181398E+00  0.88339763E+00  0.43952239E+00
  0.90563641E+00  0.45467432E+00  0.87047736E+00  0.46376570E+00
  0.89507208E+00  0.47877015E+00  0.85629609E+00  0.48949029E+00
  0.88345441E+00  0.50412329E+00  0.84077809E+00  0.51675911E+00
  0.87071618E+00  0.53074534E+00  0.82385705E+00  0.54563041E+00
  0.85679690E+00  0.55863574E+00  0.80548025E+00  0.57615616E+00
  0.84164598E+00  0.58777993E+00  0.78561296E+00  0.60838032E+00
  0.82522618E+00  0.61814765E+00  0.76424308E+00  0.64233704E+00
  0.80751716E+00  0.64969149E+00  0.74138557E+00  0.67804887E+00
  0.78851892E+00  0.68234587E+00  0.71708640E+00  0.71552512E+00
  0.76825486E+00  0.71602655E+00  0.69142553E+00  0.75476035E+00
  0.74677428E+00  0.75063072E+00  0.66451860E+00  0.79573312E+00
  0.72415419E+00  0.78603724E+00  0.63651742E+00  0.83840430E+00
  0.70050114E+00  0.82210609E+00  0.60760968E+00  0.88271385E+00
  0.67594486E+00  0.85868726E+00  0.57800854E+00  0.92858899E+00
  0.65063761E+00  0.89562201E+00  0.54794896E+00  0.97594262E+00
  0.62474744E+00  0.93274655E+00  0.51767697E+00  0.10246758E+01
  0.59847922E+00  0.96988544E+00  0.48743843E+00  0.10746947E+01
  0.57202025E+00  0.10068688E+01  0.45750303E+00  0.11258528E+01
  0.54553203E+00  0.10435408E+01  0.42810813E+00  0.11779933E+01
  0.51921542E+00  0.10797494E+01  0.39947400E+00  0.12309843E+01
  0.49325684E+00  0.11153542E+01  0.37179445E+00  0.12846887E+01
  0.46781895E+00  0.11502320E+01  0.34522986E+00  0.13389679E+01
  0.44304347E+00  0.11842770E+01  0.31990652E+00  0.13936859E+01
  0.41904996E+00  0.12174005E+01  0.29591636E+00  0.14487115E+01
  0.39593499E+00  0.12495319E+01  0.27331828E+00  0.15039208E+01
  0.37377219E+00  0.12806174E+01  0.25214083E+00  0.15591981E+01
  0.35261335E+00  0.13106193E+01  0.23238577E+00  0.16144372E+01
  0.33249014E+00  0.13395147E+01  0.21403224E+00  0.16695417E+01
  0.31341636E+00  0.13672938E+01  0.19704101E+00  0.17244252E+01
  0.29539041E+00  0.13939583E+01  0.18135870E+00  0.17790116E+01
  0.27839789E+00  0.14195194E+01  0.16692166E+00  0.18332343E+01
  0.26241401E+00  0.14439965E+01  0.15365934E+00  0.18870359E+01
  0.24740599E+00  0.14674151E+01  0.14149727E+00  0.19403678E+01
  0.23333509E+00  0.14898060E+01  0.13035940E+00  0.19931894E+01
  0.22015846E+00  0.15112034E+01  0.12017004E+00  0.20454671E+01
  0.20783063E+00  0.15316444E+01  0.11085529E+00  0.20971742E+01
  0.19630485E+00  0.15511676E+01  0.10234411E+00  0.21482895E+01
  0.18553404E+00  0.15698125E+01  0.94569007E-01  0.21987972E+01
  0.17547166E+00  0.15876191E+01  0.87466544E-01  0.22486861E+01
  0.16607228E+00  0.16046268E+01  0.80977550E-01  0.22979486E+01
  0.15729204E+00  0.16208747E+01  0.75047212E-01  0.23465809E+01
  0.14908895E+00  0.16364006E+01  0.69625028E-01  0.23945818E+01
  0.14142314E+00  0.16512414E+01  0.64664676E-01  0.24419528E+01
  0.13425693E+00  0.16654326E+01  0.60123827E-01  0.24886975E+01
  0.12755489E+00  0.16790081E+01  0.55963912E-01  0.25348212E+01
  0.12128385E+00  0.16920005E+01  0.52149876E-01  0.25803305E+01
  0.11541285E+00  0.17044406E+01  0.48649911E-01  0.26252335E+01
  0.10991306E+00  0.17163579E+01  0.45435204E-01  0.26695390E+01
  0.10475772E+00  0.17277801E+01  0.42479679E-01  0.27132567E+01
  0.99921993E-01  0.17387337E+01  0.39759759E-01  0.27563969E+01
  0.95382896E-01  0.17492435E+01  0.37254135E-01  0.27989703E+01
  0.91119168E-01  0.17593330E+01  0.34943555E-01  0.28409879E+01
  0.87111152E-01  0.17690244E+01  0.32810623E-01  0.28824611E+01
  0.83340716E-01  0.17783384E+01  0.30839632E-01  0.29234012E+01
  0.79791056E-01  0.17872948E+01  0.29016363E-01  0.29638198E+01
  0.76446831E-01  0.17959118E+01  0.27328029E-01  0.30037279E+01
  0.73293418E-01  0.18042075E+01  0.25762880E-01  0.30431387E+01
  0.70318578E-01  0.18121963E+01  0.24310793E-01  0.30820574E+01
  0.67507624E-01  0.18198990E+01  0.22961215E-01  0.31205149E+01
  0.64856130E-01  0.18273151E+01  0.21708365E-01  0.31584602E+01
  0.62335375E-01  0.18345001E+01  0.20536691E-01  0.31960959E+01
  0.59985252E-01  0.18413491E+01  0.19460193E-01  0.32328445E+01
  0.57663514E-01  0.18482130E+01  0.18414956E-01  0.32705232E+01
  0.55721587E-01  0.18541303E+01  0.17551721E-01  0.33036356E+01
  0.52585163E-01  0.18636701E+01  0.16188759E-01  0.33588753E+01
