  0.99997668E+00  0.99354679E-01  0.99997165E+00  0.99354928E-01
  0.99913274E+00  0.10302503E+00  0.99879330E+00  0.10304253E+00
  0.99881483E+00  0.10656207E+00  0.99834946E+00  0.10658690E+00
  0.99837242E+00  0.11038819E+00  0.99773078E+00  0.11042368E+00
  0.99793331E+00  0.11437265E+00  0.99711678E+00  0.11441947E+00
  0.99744093E+00  0.11857670E+00  0.99642834E+00  0.11863694E+00
  0.99690961E+00  0.12299415E+00  0.99568557E+00  0.12306973E+00
  0.99632745E+00  0.12764619E+00  0.99487193E+00  0.12773953E+00
  0.99569196E+00  0.13254520E+00  0.99398393E+00  0.13265903E+00
  0.99499630E+00  0.13770842E+00  0.99301212E+00  0.13784593E+00
  0.99423438E+00  0.14315286E+00  0.99194804E+00  0.14331774E+00
  0.99339878E+00  0.14889733E+00  0.99078143E+00  0.14909387E+00
  0.99248145E+00  0.15496180E+00  0.98950116E+00  0.15519500E+00
  0.99147326E+00  0.16136775E+00  0.98809459E+00  0.16164341E+00
  0.99036401E+00  0.16813816E+00  0.98654769E+00  0.16846306E+00
  0.98914226E+00  0.17529765E+00  0.98484467E+00  0.17567971E+00
  0.98779518E+00  0.18287254E+00  0.98296791E+00  0.18332102E+00
  0.98630838E+00  0.19089098E+00  0.98089766E+00  0.19141674E+00
  0.98466573E+00  0.19938300E+00  0.97861182E+00  0.19999876E+00
  0.98284915E+00  0.20838059E+00  0.97608570E+00  0.20910130E+00
  0.98083840E+00  0.21791781E+00  0.97329170E+00  0.21876102E+00
  0.97861080E+00  0.22803076E+00  0.97019903E+00  0.22901715E+00
  0.97614104E+00  0.23875765E+00  0.96677340E+00  0.23991160E+00
  0.97340083E+00  0.25013881E+00  0.96297667E+00  0.25148904E+00
  0.97035871E+00  0.26221660E+00  0.95876657E+00  0.26379703E+00
  0.96697968E+00  0.27503532E+00  0.95409634E+00  0.27688602E+00
  0.96322498E+00  0.28864108E+00  0.94891451E+00  0.29080942E+00
  0.95905186E+00  0.30308153E+00  0.94316461E+00  0.30562351E+00
  0.95441330E+00  0.31840552E+00  0.93678511E+00  0.32138740E+00
  0.94925795E+00  0.33466271E+00  0.92970932E+00  0.33816282E+00
  0.94353002E+00  0.35190296E+00  0.92186561E+00  0.35601392E+00
  0.93716938E+00  0.37017564E+00  0.91317774E+00  0.37500687E+00
  0.93011183E+00  0.38952873E+00  0.90356551E+00  0.39520939E+00
  0.92228958E+00  0.41000782E+00  0.89294578E+00  0.41669016E+00
  0.91363199E+00  0.43165482E+00  0.88123389E+00  0.43951798E+00
  0.90406666E+00  0.45450661E+00  0.86834559E+00  0.46376090E+00
  0.89352092E+00  0.47859340E+00  0.85419944E+00  0.48948504E+00
  0.88192373E+00  0.50393699E+00  0.83871988E+00  0.51675333E+00
  0.86920797E+00  0.53054896E+00  0.82184080E+00  0.54562400E+00
  0.85531329E+00  0.55842872E+00  0.80350962E+00  0.57614900E+00
  0.84018920E+00  0.58756169E+00  0.78369171E+00  0.60837224E+00
  0.82379856E+00  0.61791758E+00  0.76237504E+00  0.64232781E+00
  0.80612111E+00  0.64944892E+00  0.73957461E+00  0.67803818E+00
  0.78715693E+00  0.68209005E+00  0.71533634E+00  0.71551251E+00
  0.76692949E+00  0.71575660E+00  0.68974013E+00  0.75474515E+00
  0.74548808E+00  0.75034564E+00  0.66290141E+00  0.79571445E+00
  0.72290912E+00  0.78573664E+00  0.63497103E+00  0.83838192E+00
  0.69929630E+00  0.82179323E+00  0.60613298E+00  0.88269205E+00
  0.67477897E+00  0.85836602E+00  0.57659972E+00  0.92857304E+00
  0.64950749E+00  0.89529857E+00  0.54660461E+00  0.97594047E+00
  0.62364380E+00  0.93243924E+00  0.51638147E+00  0.10247160E+01
  0.59742009E+00  0.96956619E+00  0.48621865E+00  0.10747354E+01
  0.57100804E+00  0.10065357E+01  0.45635863E+00  0.11258931E+01
  0.54456826E+00  0.10431911E+01  0.42703933E+00  0.11780293E+01
  0.51830064E+00  0.10793820E+01  0.39847945E+00  0.12310143E+01
  0.49238964E+00  0.11149704E+01  0.37087075E+00  0.12847142E+01
  0.46699773E+00  0.11498332E+01  0.34437346E+00  0.13389902E+01
  0.44226659E+00  0.11838640E+01  0.31911381E+00  0.13937058E+01
  0.41831583E+00  0.12169742E+01  0.29518373E+00  0.14487296E+01
  0.39524166E+00  0.12490931E+01  0.27264195E+00  0.15039376E+01
  0.37311840E+00  0.12801661E+01  0.25151749E+00  0.15592134E+01
  0.35199575E+00  0.13101575E+01  0.23181076E+00  0.16144531E+01
  0.33191093E+00  0.13390388E+01  0.21350491E+00  0.16695521E+01
  0.31286250E+00  0.13668164E+01  0.19654989E+00  0.17244497E+01
  0.29489049E+00  0.13934449E+01  0.18092287E+00  0.17789898E+01
  0.27786687E+00  0.14190711E+01  0.16647602E+00  0.18333555E+01
  0.26207727E+00  0.14433245E+01  0.15337265E+00  0.18867080E+01
  0.24664173E+00  0.14673511E+01  0.14089161E+00  0.19414435E+01
  0.23383365E+00  0.14879605E+01  0.13074645E+00  0.19898941E+01
  0.21358034E+00  0.15203246E+01  0.11522964E+00  0.20698308E+01
  0.34714115E+00  0.10584819E+01  0.26240924E+00  0.12174382E+01
  0.59861976E+00  0.52097936E+00  0.57143967E+00  0.53322543E+00
  0.59911830E+00  0.49204101E+00  0.57209796E+00  0.50352657E+00
  0.60736671E+00  0.45866425E+00  0.58314340E+00  0.46809360E+00
  0.61385650E+00  0.43353965E+00  0.59188265E+00  0.44151397E+00
  0.61999498E+00  0.41049690E+00  0.60018779E+00  0.41721546E+00
  0.62539457E+00  0.38939657E+00  0.60752109E+00  0.39508314E+00
  0.63017022E+00  0.36988970E+00  0.61402836E+00  0.37472007E+00
  0.63439990E+00  0.35179809E+00  0.61980830E+00  0.35591503E+00
  0.63815780E+00  0.33497296E+00  0.62495656E+00  0.33849237E+00
  0.64150588E+00  0.31929090E+00  0.62955364E+00  0.32230756E+00
  0.64449651E+00  0.30464595E+00  0.63366807E+00  0.30723789E+00
  0.64717416E+00  0.29094606E+00  0.63735841E+00  0.29317788E+00
  0.64957679E+00  0.27811046E+00  0.64067496E+00  0.28003589E+00
  0.65173704E+00  0.26606767E+00  0.64366114E+00  0.26773162E+00
  0.65368310E+00  0.25475406E+00  0.64635462E+00  0.25619421E+00
  0.65543938E+00  0.24411263E+00  0.64878821E+00  0.24536072E+00
  0.65702713E+00  0.23409212E+00  0.65099053E+00  0.23517498E+00
  0.65846493E+00  0.22464624E+00  0.65298669E+00  0.22558661E+00
  0.65976898E+00  0.21573297E+00  0.65479868E+00  0.21655019E+00
  0.66095360E+00  0.20731429E+00  0.65644599E+00  0.20802485E+00
  0.66203118E+00  0.19935507E+00  0.65794541E+00  0.19997310E+00
  0.66301317E+00  0.19182450E+00  0.65931286E+00  0.19236204E+00
  0.66390818E+00  0.18469118E+00  0.66055936E+00  0.18515875E+00
  0.66472732E+00  0.17793535E+00  0.66170228E+00  0.17834161E+00
  0.66546980E+00  0.17151710E+00  0.66273469E+00  0.17187067E+00
  0.66615699E+00  0.16546577E+00  0.66370198E+00  0.16577151E+00
  0.66673003E+00  0.15966251E+00  0.66447886E+00  0.15993274E+00
  0.66726479E+00  0.15449249E+00  0.66532695E+00  0.15471731E+00
  0.66736826E+00  0.14921933E+00  0.66538885E+00  0.14944112E+00
