  0.10000000E+01  0.00000000E+00  0.10000000E+01  0.00000000E+00
  0.99683579E+00  0.00000000E+00  0.99066667E+00  0.00000000E+00
  0.99367158E+00  0.00000000E+00  0.98133333E+00  0.00000000E+00
  0.99050738E+00  0.00000000E+00  0.97200000E+00  0.00000000E+00
  0.98734317E+00  0.00000000E+00  0.96266667E+00  0.00000000E+00
  0.98417896E+00  0.00000000E+00  0.95333333E+00  0.00000000E+00
  0.98101475E+00  0.00000000E+00  0.94400000E+00  0.00000000E+00
  0.97785055E+00  0.00000000E+00  0.93466667E+00  0.00000000E+00
  0.97468634E+00  0.00000000E+00  0.92533333E+00  0.00000000E+00
  0.97152213E+00  0.00000000E+00  0.91600000E+00  0.00000000E+00
  0.96835792E+00  0.00000000E+00  0.90666667E+00  0.00000000E+00
  0.96519371E+00  0.00000000E+00  0.89733333E+00  0.00000000E+00
  0.96202951E+00  0.00000000E+00  0.88800000E+00  0.00000000E+00
  0.95886530E+00  0.00000000E+00  0.87866667E+00  0.00000000E+00
  0.95570109E+00  0.00000000E+00  0.86933333E+00  0.00000000E+00
  0.95253688E+00  0.00000000E+00  0.86000000E+00  0.00000000E+00
  0.94937267E+00  0.00000000E+00  0.85066667E+00  0.00000000E+00
  0.94620847E+00  0.00000000E+00  0.84133333E+00  0.00000000E+00
  0.94304426E+00  0.00000000E+00  0.83200000E+00  0.00000000E+00
  0.93988005E+00  0.00000000E+00  0.82266667E+00  0.00000000E+00
  0.93671584E+00  0.00000000E+00  0.81333333E+00  0.00000000E+00
  0.93355164E+00  0.00000000E+00  0.80400000E+00  0.00000000E+00
  0.93038743E+00  0.00000000E+00  0.79466667E+00  0.00000000E+00
  0.92722322E+00  0.00000000E+00  0.78533333E+00  0.00000000E+00
  0.92405901E+00  0.00000000E+00  0.77600000E+00  0.00000000E+00
  0.92089480E+00  0.00000000E+00  0.76666667E+00  0.00000000E+00
  0.91773060E+00  0.00000000E+00  0.75733333E+00  0.00000000E+00
  0.91456639E+00  0.00000000E+00  0.74800000E+00  0.00000000E+00
  0.91140218E+00  0.00000000E+00  0.73866667E+00  0.00000000E+00
  0.90823797E+00  0.00000000E+00  0.72933333E+00  0.00000000E+00
  0.90507377E+00  0.00000000E+00  0.72000000E+00  0.00000000E+00
  0.90190956E+00  0.00000000E+00  0.71066667E+00  0.00000000E+00
  0.89874535E+00  0.00000000E+00  0.70133333E+00  0.00000000E+00
  0.89558114E+00  0.00000000E+00  0.69200000E+00  0.00000000E+00
  0.89241693E+00  0.00000000E+00  0.68266667E+00  0.00000000E+00
  0.88925273E+00  0.00000000E+00  0.67333333E+00  0.00000000E+00
  0.88608852E+00  0.00000000E+00  0.66400000E+00  0.00000000E+00
  0.88292431E+00  0.00000000E+00  0.65466667E+00  0.00000000E+00
  0.87976010E+00  0.00000000E+00  0.64533333E+00  0.00000000E+00
  0.87659589E+00  0.00000000E+00  0.63600000E+00  0.00000000E+00
  0.87343169E+00  0.00000000E+00  0.62666667E+00  0.00000000E+00
  0.87026748E+00  0.00000000E+00  0.61733333E+00  0.00000000E+00
  0.86710327E+00  0.00000000E+00  0.60800000E+00  0.00000000E+00
  0.86393906E+00  0.00000000E+00  0.59866667E+00  0.00000000E+00
  0.86077486E+00  0.00000000E+00  0.58933333E+00  0.00000000E+00
  0.85761065E+00  0.00000000E+00  0.58000000E+00  0.00000000E+00
  0.85444644E+00  0.00000000E+00  0.57066667E+00  0.00000000E+00
  0.85128223E+00  0.00000000E+00  0.56133333E+00  0.00000000E+00
  0.84811802E+00  0.00000000E+00  0.55200000E+00  0.00000000E+00
  0.84495382E+00  0.00000000E+00  0.54266667E+00  0.00000000E+00
  0.84178961E+00  0.00000000E+00  0.53333333E+00  0.00000000E+00
  0.83862540E+00  0.00000000E+00  0.52400000E+00  0.00000000E+00
  0.83546119E+00  0.00000000E+00  0.51466667E+00  0.00000000E+00
  0.83229699E+00  0.00000000E+00  0.50533333E+00  0.00000000E+00
  0.82913278E+00  0.00000000E+00  0.49600000E+00  0.00000000E+00
  0.82596857E+00  0.00000000E+00  0.48666667E+00  0.00000000E+00
  0.82280436E+00  0.00000000E+00  0.47733333E+00  0.00000000E+00
  0.81964015E+00  0.00000000E+00  0.46800000E+00  0.00000000E+00
  0.81647595E+00  0.00000000E+00  0.45866667E+00  0.00000000E+00
  0.81331174E+00  0.00000000E+00  0.44933333E+00  0.00000000E+00
  0.81014753E+00  0.00000000E+00  0.44000000E+00  0.00000000E+00
  0.80698332E+00  0.00000000E+00  0.43066667E+00  0.00000000E+00
  0.80381912E+00  0.00000000E+00  0.42133333E+00  0.00000000E+00
  0.80065491E+00  0.00000000E+00  0.41200000E+00  0.00000000E+00
  0.79749070E+00  0.00000000E+00  0.40266667E+00  0.00000000E+00
  0.79432649E+00  0.00000000E+00  0.39333333E+00  0.00000000E+00
  0.79116228E+00  0.00000000E+00  0.38400000E+00  0.00000000E+00
  0.78799808E+00  0.00000000E+00  0.37466667E+00  0.00000000E+00
  0.78483387E+00  0.00000000E+00  0.36533333E+00  0.00000000E+00
  0.78166966E+00  0.00000000E+00  0.35600000E+00  0.00000000E+00
  0.77850545E+00  0.00000000E+00  0.34666667E+00  0.00000000E+00
  0.77534124E+00  0.00000000E+00  0.33733333E+00  0.00000000E+00
  0.77217704E+00  0.00000000E+00  0.32800000E+00  0.00000000E+00
  0.76901283E+00  0.00000000E+00  0.31866667E+00  0.00000000E+00
  0.76584862E+00  0.00000000E+00  0.30933333E+00  0.00000000E+00
  0.76268441E+00  0.00000000E+00  0.30000000E+00  0.00000000E+00
  0.75952021E+00  0.00000000E+00  0.29066667E+00  0.00000000E+00
  0.75635600E+00  0.00000000E+00  0.28133333E+00  0.00000000E+00
  0.75319179E+00  0.00000000E+00  0.27200000E+00  0.00000000E+00
  0.75002758E+00  0.00000000E+00  0.26266667E+00  0.00000000E+00
  0.74686337E+00  0.00000000E+00  0.25333333E+00  0.00000000E+00
  0.74369917E+00  0.00000000E+00  0.24400000E+00  0.00000000E+00
  0.74053496E+00  0.00000000E+00  0.23466667E+00  0.00000000E+00
  0.73737075E+00  0.00000000E+00  0.22533333E+00  0.00000000E+00
  0.73420654E+00  0.00000000E+00  0.21600000E+00  0.00000000E+00
  0.73104234E+00  0.00000000E+00  0.20666667E+00  0.00000000E+00
  0.72787813E+00  0.00000000E+00  0.19733333E+00  0.00000000E+00
  0.72471392E+00  0.00000000E+00  0.18800000E+00  0.00000000E+00
  0.72154971E+00  0.00000000E+00  0.17866667E+00  0.00000000E+00
  0.71838550E+00  0.00000000E+00  0.16933333E+00  0.00000000E+00
  0.71522130E+00  0.00000000E+00  0.16000000E+00  0.00000000E+00
  0.71205709E+00  0.00000000E+00  0.15066667E+00  0.00000000E+00
  0.70889288E+00  0.00000000E+00  0.14133333E+00  0.00000000E+00
  0.70572867E+00  0.00000000E+00  0.13200000E+00  0.00000000E+00
  0.70256446E+00  0.00000000E+00  0.12266667E+00  0.00000000E+00
  0.69940026E+00  0.00000000E+00  0.11333333E+00  0.00000000E+00
  0.69623605E+00  0.00000000E+00  0.10400000E+00  0.00000000E+00
  0.69307184E+00  0.00000000E+00  0.94666667E-01  0.00000000E+00
  0.68990763E+00  0.00000000E+00  0.85333333E-01  0.00000000E+00
  0.68674343E+00  0.00000000E+00  0.76000000E-01  0.00000000E+00
