  0.99997668E+00  0.99355461E-01  0.99997165E+00  0.99355710E-01
  0.99913273E+00  0.10302584E+00  0.99879328E+00  0.10304334E+00
  0.99881481E+00  0.10656291E+00  0.99834944E+00  0.10658774E+00
  0.99837240E+00  0.11038906E+00  0.99773075E+00  0.11042455E+00
  0.99793328E+00  0.11437355E+00  0.99711674E+00  0.11442037E+00
  0.99744090E+00  0.11857764E+00  0.99642828E+00  0.11863787E+00
  0.99690956E+00  0.12299512E+00  0.99568551E+00  0.12307070E+00
  0.99632740E+00  0.12764720E+00  0.99487185E+00  0.12774055E+00
  0.99569189E+00  0.13254625E+00  0.99398384E+00  0.13266008E+00
  0.99499622E+00  0.13770951E+00  0.99301201E+00  0.13784702E+00
  0.99423429E+00  0.14315399E+00  0.99194791E+00  0.14331888E+00
  0.99339868E+00  0.14889852E+00  0.99078129E+00  0.14909506E+00
  0.99248134E+00  0.15496304E+00  0.98950099E+00  0.15519624E+00
  0.99147313E+00  0.16136905E+00  0.98809441E+00  0.16164471E+00
  0.99036386E+00  0.16813951E+00  0.98654747E+00  0.16846442E+00
  0.98914209E+00  0.17529906E+00  0.98484443E+00  0.17568112E+00
  0.98779498E+00  0.18287401E+00  0.98296764E+00  0.18332251E+00
  0.98630816E+00  0.19089252E+00  0.98089735E+00  0.19141830E+00
  0.98466548E+00  0.19938461E+00  0.97861148E+00  0.20000039E+00
  0.98284887E+00  0.20838229E+00  0.97608531E+00  0.20910301E+00
  0.98083808E+00  0.21791959E+00  0.97329126E+00  0.21876283E+00
  0.97861045E+00  0.22803263E+00  0.97019854E+00  0.22901905E+00
  0.97614064E+00  0.23875963E+00  0.96677285E+00  0.23991360E+00
  0.97340039E+00  0.25014089E+00  0.96297606E+00  0.25149115E+00
  0.97035821E+00  0.26221880E+00  0.95876589E+00  0.26379926E+00
  0.96697912E+00  0.27503764E+00  0.95409558E+00  0.27688839E+00
  0.96322436E+00  0.28864354E+00  0.94891365E+00  0.29081193E+00
  0.95905116E+00  0.30308413E+00  0.94316365E+00  0.30562618E+00
  0.95441252E+00  0.31840829E+00  0.93678403E+00  0.32139024E+00
  0.94925707E+00  0.33466566E+00  0.92970811E+00  0.33816586E+00
  0.94352902E+00  0.35190610E+00  0.92186425E+00  0.35601717E+00
  0.93716825E+00  0.37017900E+00  0.91317620E+00  0.37501036E+00
  0.93011056E+00  0.38953233E+00  0.90356378E+00  0.39521315E+00
  0.92228814E+00  0.41001168E+00  0.89294382E+00  0.41669422E+00
  0.91363035E+00  0.43165899E+00  0.88123169E+00  0.43952239E+00
  0.90406480E+00  0.45451113E+00  0.86834309E+00  0.46376570E+00
  0.89351880E+00  0.47859830E+00  0.85419660E+00  0.48949029E+00
  0.88192129E+00  0.50394235E+00  0.83871664E+00  0.51675911E+00
  0.86920516E+00  0.53055485E+00  0.82183709E+00  0.54563041E+00
  0.85531004E+00  0.55843523E+00  0.80350535E+00  0.57615616E+00
  0.84018541E+00  0.58756896E+00  0.78368677E+00  0.60838032E+00
  0.82379411E+00  0.61792578E+00  0.76236928E+00  0.64233704E+00
  0.80611582E+00  0.64945830E+00  0.73956781E+00  0.67804887E+00
  0.78715054E+00  0.68210096E+00  0.71532822E+00  0.71552512E+00
  0.76692166E+00  0.71576955E+00  0.68973027E+00  0.75476035E+00
  0.74547835E+00  0.75036130E+00  0.66288931E+00  0.79573312E+00
  0.72289752E+00  0.78575512E+00  0.63495678E+00  0.83840430E+00
  0.69928551E+00  0.82181102E+00  0.60611992E+00  0.88271385E+00
  0.67477185E+00  0.85837906E+00  0.57659135E+00  0.92858899E+00
  0.64950851E+00  0.89530055E+00  0.54660548E+00  0.97594262E+00
  0.62366327E+00  0.93241177E+00  0.51640771E+00  0.10246758E+01
  0.59744063E+00  0.96953733E+00  0.48624331E+00  0.10746947E+01
  0.57102758E+00  0.10065074E+01  0.45638130E+00  0.11258528E+01
  0.54458533E+00  0.10431662E+01  0.42705848E+00  0.11779933E+01
  0.51831439E+00  0.10793619E+01  0.39849456E+00  0.12309843E+01
  0.49240086E+00  0.11149539E+01  0.37088286E+00  0.12846887E+01
  0.46700712E+00  0.11498192E+01  0.34438342E+00  0.13389679E+01
  0.44227461E+00  0.11838519E+01  0.31912215E+00  0.13936859E+01
  0.41832280E+00  0.12169636E+01  0.29519084E+00  0.14487115E+01
  0.39524779E+00  0.12490836E+01  0.27264807E+00  0.15039209E+01
  0.37312385E+00  0.12801575E+01  0.25152282E+00  0.15591978E+01
  0.35200063E+00  0.13101497E+01  0.23181543E+00  0.16144383E+01
  0.33191533E+00  0.13390315E+01  0.21350903E+00  0.16695381E+01
  0.31286649E+00  0.13668097E+01  0.19655354E+00  0.17244363E+01
  0.29489412E+00  0.13934387E+01  0.18092612E+00  0.17789769E+01
  0.27787019E+00  0.14190653E+01  0.16647893E+00  0.18333430E+01
  0.26208031E+00  0.14433191E+01  0.15337526E+00  0.18866958E+01
  0.24664453E+00  0.14673460E+01  0.14089395E+00  0.19414316E+01
  0.23383625E+00  0.14879557E+01  0.13074859E+00  0.19898824E+01
  0.21358264E+00  0.15203201E+01  0.11523147E+00  0.20698195E+01
  0.34708130E+00  0.10586136E+01  0.26233745E+00  0.12176513E+01
  0.59861826E+00  0.52098382E+00  0.57143767E+00  0.53323026E+00
  0.59911665E+00  0.49204633E+00  0.57209577E+00  0.50353228E+00
  0.60736552E+00  0.45866865E+00  0.58314183E+00  0.46809826E+00
  0.61385544E+00  0.43354372E+00  0.59188124E+00  0.44151826E+00
  0.61999407E+00  0.41050064E+00  0.60018658E+00  0.41721938E+00
  0.62539378E+00  0.38940004E+00  0.60752002E+00  0.39508675E+00
  0.63016952E+00  0.36989293E+00  0.61402743E+00  0.37472342E+00
  0.63439929E+00  0.35180111E+00  0.61980748E+00  0.35591815E+00
  0.63815727E+00  0.33497579E+00  0.62495584E+00  0.33849528E+00
  0.64150542E+00  0.31929356E+00  0.62955300E+00  0.32231029E+00
  0.64449611E+00  0.30464846E+00  0.63366751E+00  0.30724047E+00
  0.64717380E+00  0.29094844E+00  0.63735792E+00  0.29318031E+00
  0.64957648E+00  0.27811271E+00  0.64067452E+00  0.28003819E+00
  0.65173679E+00  0.26606981E+00  0.64366076E+00  0.26773380E+00
  0.65368289E+00  0.25475609E+00  0.64635429E+00  0.25619627E+00
  0.65543921E+00  0.24411456E+00  0.64878792E+00  0.24536268E+00
  0.65702700E+00  0.23409396E+00  0.65099029E+00  0.23517685E+00
  0.65846483E+00  0.22464799E+00  0.65298648E+00  0.22558839E+00
  0.65976891E+00  0.21573465E+00  0.65479850E+00  0.21655189E+00
  0.66095357E+00  0.20731589E+00  0.65644583E+00  0.20802648E+00
  0.66203117E+00  0.19935661E+00  0.65794527E+00  0.19997466E+00
  0.66301318E+00  0.19182598E+00  0.65931274E+00  0.19236354E+00
  0.66390820E+00  0.18469259E+00  0.66055926E+00  0.18516018E+00
  0.66472736E+00  0.17793671E+00  0.66170220E+00  0.17834299E+00
  0.66546985E+00  0.17151841E+00  0.66273462E+00  0.17187199E+00
  0.66615705E+00  0.16546702E+00  0.66370193E+00  0.16577278E+00
  0.66673005E+00  0.15966371E+00  0.66447883E+00  0.15993395E+00
  0.66726490E+00  0.15449365E+00  0.66532694E+00  0.15471849E+00
  0.66736830E+00  0.14922045E+00  0.66538884E+00  0.14944225E+00
