  0.10029634E+01  0.99346425E-01  0.10041828E+01  0.99286087E-01
  0.10008744E+01  0.10311828E+00  0.10012527E+01  0.10309880E+00
  0.10005704E+01  0.10659887E+00  0.10008296E+01  0.10658506E+00
  0.10001069E+01  0.11043130E+00  0.10001815E+01  0.11042718E+00
  0.99966903E+00  0.11441405E+00  0.99956882E+00  0.11441979E+00
  0.99917463E+00  0.11862048E+00  0.99887707E+00  0.11863815E+00
  0.99864270E+00  0.12303914E+00  0.99813293E+00  0.12307055E+00
  0.99805937E+00  0.12769302E+00  0.99731706E+00  0.12774053E+00
  0.99742281E+00  0.13259376E+00  0.99642694E+00  0.13266001E+00
  0.99672591E+00  0.13775890E+00  0.99545269E+00  0.13784697E+00
  0.99596265E+00  0.14320533E+00  0.99438599E+00  0.14331881E+00
  0.99512559E+00  0.14895191E+00  0.99321650E+00  0.14909500E+00
  0.99420666E+00  0.15501861E+00  0.99193305E+00  0.15519617E+00
  0.99319670E+00  0.16142692E+00  0.99052301E+00  0.16164464E+00
  0.99208550E+00  0.16819981E+00  0.98897228E+00  0.16846435E+00
  0.99086161E+00  0.17536193E+00  0.98726505E+00  0.17568105E+00
  0.98951216E+00  0.18293960E+00  0.98538365E+00  0.18332244E+00
  0.98802275E+00  0.19096099E+00  0.98330827E+00  0.19141822E+00
  0.98637722E+00  0.19945613E+00  0.98101678E+00  0.20000032E+00
  0.98455745E+00  0.20845704E+00  0.97848441E+00  0.20910294E+00
  0.98254317E+00  0.21799777E+00  0.97568350E+00  0.21876276E+00
  0.98031167E+00  0.22811444E+00  0.97258318E+00  0.22901898E+00
  0.97783757E+00  0.23884528E+00  0.96914907E+00  0.23991353E+00
  0.97509255E+00  0.25023064E+00  0.96534295E+00  0.25149108E+00
  0.97204509E+00  0.26231288E+00  0.96112242E+00  0.26379919E+00
  0.96866012E+00  0.27513633E+00  0.95644064E+00  0.27688832E+00
  0.96489884E+00  0.28874711E+00  0.95124597E+00  0.29081186E+00
  0.96071838E+00  0.30319288E+00  0.94548184E+00  0.30562611E+00
  0.95607168E+00  0.31852254E+00  0.93908654E+00  0.32139017E+00
  0.95090727E+00  0.33478575E+00  0.93199324E+00  0.33816579E+00
  0.94516926E+00  0.35203239E+00  0.92413010E+00  0.35601710E+00
  0.93879744E+00  0.37031184E+00  0.91542070E+00  0.37501029E+00
  0.93172748E+00  0.38967212E+00  0.90578465E+00  0.39521308E+00
  0.92389147E+00  0.41015883E+00  0.89513860E+00  0.41669415E+00
  0.91521863E+00  0.43181392E+00  0.88339768E+00  0.43952232E+00
  0.90563645E+00  0.45467426E+00  0.87047740E+00  0.46376563E+00
  0.89507212E+00  0.47877009E+00  0.85629614E+00  0.48949023E+00
  0.88345445E+00  0.50412323E+00  0.84077814E+00  0.51675905E+00
  0.87071622E+00  0.53074529E+00  0.82385711E+00  0.54563035E+00
  0.85679694E+00  0.55863568E+00  0.80548031E+00  0.57615610E+00
  0.84164602E+00  0.58777988E+00  0.78561302E+00  0.60838026E+00
  0.82522623E+00  0.61814760E+00  0.76424314E+00  0.64233698E+00
  0.80751721E+00  0.64969144E+00  0.74138563E+00  0.67804881E+00
  0.78851897E+00  0.68234583E+00  0.71708646E+00  0.71552506E+00
  0.76825491E+00  0.71602651E+00  0.69142559E+00  0.75476030E+00
  0.74677433E+00  0.75063068E+00  0.66451867E+00  0.79573307E+00
  0.72415424E+00  0.78603720E+00  0.63651749E+00  0.83840425E+00
  0.70050119E+00  0.82210605E+00  0.60760975E+00  0.88271380E+00
  0.67594492E+00  0.85868723E+00  0.57800860E+00  0.92858895E+00
  0.65063767E+00  0.89562198E+00  0.54794903E+00  0.97594257E+00
  0.62474749E+00  0.93274653E+00  0.51767703E+00  0.10246757E+01
  0.59847927E+00  0.96988542E+00  0.48743849E+00  0.10746946E+01
  0.57202031E+00  0.10068688E+01  0.45750309E+00  0.11258528E+01
  0.54553209E+00  0.10435408E+01  0.42810819E+00  0.11779932E+01
  0.51921547E+00  0.10797494E+01  0.39947406E+00  0.12309843E+01
  0.49325689E+00  0.11153542E+01  0.37179450E+00  0.12846887E+01
  0.46781900E+00  0.11502320E+01  0.34522991E+00  0.13389679E+01
  0.44304352E+00  0.11842770E+01  0.31990657E+00  0.13936859E+01
  0.41905001E+00  0.12174005E+01  0.29591640E+00  0.14487115E+01
  0.39593504E+00  0.12495319E+01  0.27331832E+00  0.15039208E+01
  0.37377223E+00  0.12806174E+01  0.25214087E+00  0.15591981E+01
  0.35261339E+00  0.13106193E+01  0.23238581E+00  0.16144372E+01
  0.33249018E+00  0.13395147E+01  0.21403228E+00  0.16695416E+01
  0.31341640E+00  0.13672938E+01  0.19704104E+00  0.17244252E+01
  0.29539045E+00  0.13939583E+01  0.18135874E+00  0.17790116E+01
  0.27839792E+00  0.14195195E+01  0.16692169E+00  0.18332342E+01
  0.26241404E+00  0.14439965E+01  0.15365937E+00  0.18870359E+01
  0.24740602E+00  0.14674151E+01  0.14149729E+00  0.19403678E+01
  0.23333512E+00  0.14898060E+01  0.13035942E+00  0.19931894E+01
  0.22015849E+00  0.15112034E+01  0.12017006E+00  0.20454671E+01
  0.20783066E+00  0.15316444E+01  0.11085532E+00  0.20971742E+01
  0.19630488E+00  0.15511676E+01  0.10234413E+00  0.21482895E+01
  0.18553407E+00  0.15698126E+01  0.94569027E-01  0.21987972E+01
  0.17547169E+00  0.15876192E+01  0.87466562E-01  0.22486861E+01
  0.16607231E+00  0.16046269E+01  0.80977568E-01  0.22979486E+01
  0.15729206E+00  0.16208747E+01  0.75047229E-01  0.23465809E+01
  0.14908898E+00  0.16364007E+01  0.69625043E-01  0.23945818E+01
  0.14142317E+00  0.16512415E+01  0.64664690E-01  0.24419529E+01
  0.13425695E+00  0.16654327E+01  0.60123840E-01  0.24886976E+01
  0.12755491E+00  0.16790082E+01  0.55963925E-01  0.25348212E+01
  0.12128387E+00  0.16920006E+01  0.52149888E-01  0.25803306E+01
  0.11541287E+00  0.17044407E+01  0.48649922E-01  0.26252335E+01
  0.10991308E+00  0.17163580E+01  0.45435214E-01  0.26695390E+01
  0.10475774E+00  0.17277802E+01  0.42479689E-01  0.27132567E+01
  0.99922010E-01  0.17387338E+01  0.39759769E-01  0.27563969E+01
  0.95382912E-01  0.17492436E+01  0.37254144E-01  0.27989703E+01
  0.91119183E-01  0.17593331E+01  0.34943563E-01  0.28409880E+01
  0.87111167E-01  0.17690245E+01  0.32810631E-01  0.28824612E+01
  0.83340731E-01  0.17783385E+01  0.30839640E-01  0.29234013E+01
  0.79791070E-01  0.17872949E+01  0.29016370E-01  0.29638199E+01
  0.76446844E-01  0.17959119E+01  0.27328035E-01  0.30037280E+01
  0.73293431E-01  0.18042076E+01  0.25762887E-01  0.30431388E+01
  0.70318591E-01  0.18121964E+01  0.24310799E-01  0.30820575E+01
  0.67507636E-01  0.18198991E+01  0.22961221E-01  0.31205150E+01
  0.64856142E-01  0.18273152E+01  0.21708370E-01  0.31584603E+01
  0.62335387E-01  0.18345003E+01  0.20536697E-01  0.31960960E+01
  0.59985263E-01  0.18413493E+01  0.19460198E-01  0.32328446E+01
  0.57663524E-01  0.18482131E+01  0.18414961E-01  0.32705233E+01
  0.55721597E-01  0.18541304E+01  0.17551725E-01  0.33036357E+01
  0.52585173E-01  0.18636703E+01  0.16188763E-01  0.33588754E+01
