  0.50000000E+01  0.00000000E+00  0.50000000E+01  0.00000000E+00
  0.50000000E+01  0.00000000E+00  0.50000000E+01  0.00000000E+00
  0.50000000E+01  0.00000000E+00  0.50000000E+01  0.00000000E+00
  0.50000000E+01  0.00000000E+00  0.50000000E+01  0.00000000E+00
  0.50000000E+01  0.00000000E+00  0.50000000E+01  0.00000000E+00
  0.50000000E+01  0.00000000E+00  0.50000000E+01  0.00000000E+00
  0.50000000E+01  0.00000000E+00  0.50000000E+01  0.00000000E+00
  0.50000000E+01  0.00000000E+00  0.50000000E+01  0.00000000E+00
  0.50000000E+01  0.00000000E+00  0.50000000E+01  0.00000000E+00
  0.50000000E+01  0.00000000E+00  0.50000000E+01  0.00000000E+00
  0.50000000E+01  0.00000000E+00  0.50000000E+01  0.00000000E+00
  0.50000000E+01  0.00000000E+00  0.50000000E+01  0.00000000E+00
  0.50000000E+01  0.00000000E+00  0.50000000E+01  0.00000000E+00
  0.50000000E+01  0.00000000E+00  0.50000000E+01  0.00000000E+00
  0.50000000E+01  0.00000000E+00  0.50000000E+01  0.00000000E+00
  0.50000000E+01  0.00000000E+00  0.50000000E+01  0.00000000E+00
  0.50000000E+01  0.00000000E+00  0.50000000E+01  0.00000000E+00
  0.50000000E+01  0.00000000E+00  0.50000000E+01  0.00000000E+00
  0.49996114E+01  0.14151856E-03  0.49994663E+01  0.11960675E-03
  0.49769273E+01  0.59514801E-02  0.49679691E+01  0.50344517E-02
  0.49103382E+01  0.21916438E-01  0.48752286E+01  0.18589348E-01
  0.48101962E+01  0.46042261E-01  0.47366135E+01  0.39213901E-01
  0.46912462E+01  0.75262097E-01  0.45733763E+01  0.64422555E-01
  0.45653697E+01  0.10687156E+00  0.44023617E+01  0.91979963E-01
  0.44395128E+01  0.13916649E+00  0.42332473E+01  0.12044852E+00
  0.43161840E+01  0.17161044E+00  0.40694528E+01  0.14936941E+00
  0.41957902E+01  0.20403533E+00  0.39113560E+01  0.17860128E+00
  0.40782336E+01  0.23642404E+00  0.37587336E+01  0.20813393E+00
  0.39633923E+01  0.26879734E+00  0.36113312E+01  0.23799116E+00
  0.38511709E+01  0.30116456E+00  0.34689370E+01  0.26818720E+00
  0.37415086E+01  0.33352997E+00  0.33313883E+01  0.29873189E+00
  0.36343601E+01  0.36589437E+00  0.31985455E+01  0.32963204E+00
  0.35296880E+01  0.39825574E+00  0.30702814E+01  0.36089187E+00
  0.34274672E+01  0.43060847E+00  0.29464859E+01  0.39251207E+00
  0.33276990E+01  0.46293824E+00  0.28270822E+01  0.42448450E+00
  0.32304448E+01  0.49520957E+00  0.27120657E+01  0.45677894E+00
  0.31359022E+01  0.52733768E+00  0.26015895E+01  0.48931289E+00
  0.30445585E+01  0.55912720E+00  0.24961319E+01  0.52188523E+00
  0.29574947E+01  0.59015369E+00  0.23968231E+01  0.55404509E+00
  0.28768265E+01  0.61955002E+00  0.23058928E+01  0.58485692E+00
  0.28065395E+01  0.64576531E+00  0.22275209E+01  0.61261183E+00
  0.27517517E+01  0.66628407E+00  0.21669275E+01  0.63456753E+00
  0.27201917E+01  0.67894848E+00  0.21321036E+01  0.64813938E+00
  0.27071650E+01  0.68271642E+00  0.21174999E+01  0.65241210E+00
  0.27074555E+01  0.68271319E+00  0.21178143E+01  0.65239558E+00
  0.27123964E+01  0.68122696E+00  0.21233914E+01  0.65071283E+00
  0.27170160E+01  0.68038007E+00  0.21284708E+01  0.64968048E+00
  0.27169748E+01  0.68031594E+00  0.21283504E+01  0.64963269E+00
  0.27166547E+01  0.68005591E+00  0.21281343E+01  0.64937911E+00
  0.27163396E+01  0.67983561E+00  0.21279110E+01  0.64916514E+00
  0.27158911E+01  0.67993516E+00  0.21274800E+01  0.64927237E+00
  0.27158789E+01  0.68008317E+00  0.21272077E+01  0.64945381E+00
  0.27160698E+01  0.68002225E+00  0.21274928E+01  0.64937493E+00
  0.27158514E+01  0.67989075E+00  0.21275010E+01  0.64922201E+00
  0.27151881E+01  0.67988338E+00  0.21272320E+01  0.64917673E+00
  0.27144998E+01  0.67987464E+00  0.21270361E+01  0.64911598E+00
  0.27144687E+01  0.67986008E+00  0.21271842E+01  0.64907576E+00
  0.27144424E+01  0.67994080E+00  0.21273691E+01  0.64912147E+00
  0.27145700E+01  0.68008026E+00  0.21277637E+01  0.64920968E+00
  0.27144592E+01  0.68014820E+00  0.21281693E+01  0.64919940E+00
  0.27134038E+01  0.68015762E+00  0.21284058E+01  0.64904611E+00
  0.27107224E+01  0.68017791E+00  0.21282921E+01  0.64876202E+00
  0.27045929E+01  0.68008646E+00  0.21284301E+01  0.64791998E+00
  0.26862729E+01  0.67989854E+00  0.21284163E+01  0.64554552E+00
  0.26368471E+01  0.68002022E+00  0.21276927E+01  0.63980236E+00
  0.25310033E+01  0.68014081E+00  0.21268770E+01  0.62706129E+00
  0.23471232E+01  0.68043773E+00  0.21255067E+01  0.60431181E+00
  0.20922623E+01  0.68089596E+00  0.21233121E+01  0.57123906E+00
  0.18436661E+01  0.68100793E+00  0.21230057E+01  0.53635670E+00
  0.17026412E+01  0.68058942E+00  0.21248996E+01  0.51488890E+00
  0.16801095E+01  0.67965381E+00  0.21277755E+01  0.51042229E+00
  0.16805647E+01  0.67977060E+00  0.21280499E+01  0.51054625E+00
  0.16839859E+01  0.67989541E+00  0.21284819E+01  0.51110760E+00
  0.16897940E+01  0.68012125E+00  0.21289771E+01  0.51209875E+00
  0.16943069E+01  0.68044467E+00  0.21295719E+01  0.51295430E+00
  0.16956590E+01  0.68073550E+00  0.21300536E+01  0.51332023E+00
  0.16956689E+01  0.68079908E+00  0.21301827E+01  0.51335411E+00
  0.16954154E+01  0.68078827E+00  0.21301170E+01  0.51331551E+00
  0.16949265E+01  0.68067353E+00  0.21298267E+01  0.51318996E+00
  0.16943761E+01  0.68039064E+00  0.21292162E+01  0.51296690E+00
  0.16940123E+01  0.68013708E+00  0.21286821E+01  0.51278501E+00
  0.16938470E+01  0.68006558E+00  0.21283841E+01  0.51274198E+00
  0.16941402E+01  0.67994992E+00  0.21288761E+01  0.51263987E+00
  0.16938174E+01  0.68026002E+00  0.21283930E+01  0.51288303E+00
  0.16944622E+01  0.68018359E+00  0.21292481E+01  0.51281999E+00
  0.16955962E+01  0.68093167E+00  0.21316403E+01  0.51326751E+00
  0.16952708E+01  0.68245595E+00  0.21301712E+01  0.51454444E+00
  0.16996194E+01  0.68055691E+00  0.21388322E+01  0.51272904E+00
  0.16942678E+01  0.68462272E+00  0.21286817E+01  0.51620590E+00
  0.16919420E+01  0.67525766E+00  0.21249508E+01  0.50924153E+00
  0.16231614E+01  0.62642392E+00  0.20047841E+01  0.47637764E+00
  0.13587611E+01  0.41172743E+00  0.15600596E+01  0.32474820E+00
  0.10699102E+01  0.10053893E+00  0.11020487E+01  0.83722752E-01
  0.10001234E+01  0.25044541E-03  0.10001732E+01  0.21165974E-03
  0.10000000E+01  0.00000000E+00  0.10000000E+01  0.00000000E+00
  0.10000000E+01  0.00000000E+00  0.10000000E+01  0.00000000E+00
  0.10000000E+01  0.00000000E+00  0.10000000E+01  0.00000000E+00
  0.10000000E+01  0.00000000E+00  0.10000000E+01  0.00000000E+00
  0.10000000E+01  0.00000000E+00  0.10000000E+01  0.00000000E+00
  0.10000000E+01  0.00000000E+00  0.10000000E+01  0.00000000E+00
