  0.50000000E+01  0.00000000E+00  0.50000000E+01  0.00000000E+00
  0.50000000E+01  0.00000000E+00  0.50000000E+01  0.00000000E+00
  0.50000000E+01  0.00000000E+00  0.50000000E+01  0.00000000E+00
  0.50000000E+01  0.00000000E+00  0.50000000E+01  0.00000000E+00
  0.50000000E+01  0.00000000E+00  0.50000000E+01  0.00000000E+00
  0.50000000E+01  0.00000000E+00  0.50000000E+01  0.00000000E+00
  0.50000000E+01  0.00000000E+00  0.50000000E+01  0.00000000E+00
  0.50000000E+01  0.00000000E+00  0.50000000E+01  0.00000000E+00
  0.50000000E+01  0.00000000E+00  0.50000000E+01  0.00000000E+00
  0.50000000E+01  0.00000000E+00  0.50000000E+01  0.00000000E+00
  0.50000000E+01  0.00000000E+00  0.50000000E+01  0.00000000E+00
  0.50000000E+01  0.00000000E+00  0.50000000E+01  0.00000000E+00
  0.50000000E+01  0.00000000E+00  0.50000000E+01  0.00000000E+00
  0.50000000E+01  0.00000000E+00  0.50000000E+01  0.00000000E+00
  0.50000000E+01  0.00000000E+00  0.50000000E+01  0.00000000E+00
  0.50000000E+01  0.00000000E+00  0.50000000E+01  0.00000000E+00
  0.50000000E+01  0.00000000E+00  0.50000000E+01  0.00000000E+00
  0.50000000E+01  0.00000000E+00  0.50000000E+01  0.00000000E+00
  0.50000000E+01  0.00000000E+00  0.50000000E+01  0.00000000E+00
  0.50000000E+01  0.00000000E+00  0.50000000E+01  0.00000000E+00
  0.50000000E+01  0.00000000E+00  0.50000000E+01  0.00000000E+00
  0.50000000E+01  0.00000000E+00  0.50000000E+01  0.00000000E+00
  0.50000000E+01  0.00000000E+00  0.50000000E+01  0.00000000E+00
  0.50000000E+01  0.00000000E+00  0.50000000E+01  0.00000000E+00
  0.50000000E+01  0.00000000E+00  0.50000000E+01  0.00000000E+00
  0.50000000E+01  0.00000000E+00  0.50000000E+01  0.00000000E+00
  0.50000000E+01  0.00000000E+00  0.50000000E+01  0.00000000E+00
  0.50000000E+01  0.00000000E+00  0.50000000E+01  0.00000000E+00
  0.50000000E+01  0.00000000E+00  0.50000000E+01  0.00000000E+00
  0.50000000E+01  0.00000000E+00  0.50000000E+01  0.00000000E+00
  0.49987717E+01  0.43117100E-03  0.49983113E+01  0.36442279E-03
  0.49549439E+01  0.11533783E-01  0.49374893E+01  0.97650406E-02
  0.48375227E+01  0.39896848E-01  0.47746355E+01  0.33940323E-01
  0.46682684E+01  0.81403293E-01  0.45424688E+01  0.69744488E-01
  0.44749287E+01  0.13042655E+00  0.42811063E+01  0.11269821E+00
  0.42771933E+01  0.18231558E+00  0.40183093E+01  0.15897086E+00
  0.40838659E+01  0.23504477E+00  0.37661754E+01  0.20685787E+00
  0.38969657E+01  0.28802068E+00  0.35269661E+01  0.25587173E+00
  0.37168704E+01  0.34106332E+00  0.33007967E+01  0.30587947E+00
  0.35437025E+01  0.39405767E+00  0.30874468E+01  0.35679984E+00
  0.33775972E+01  0.44688085E+00  0.28867203E+01  0.40853504E+00
  0.32190723E+01  0.49926935E+00  0.26988639E+01  0.46083533E+00
  0.30698563E+01  0.55054021E+00  0.25255102E+01  0.51299070E+00
  0.29338323E+01  0.59900239E+00  0.23705331E+01  0.56319549E+00
  0.28194066E+01  0.64121895E+00  0.22424058E+01  0.60766481E+00
  0.27385283E+01  0.67166152E+00  0.21532628E+01  0.64017182E+00
  0.27058499E+01  0.68476453E+00  0.21161110E+01  0.65442498E+00
  0.27004222E+01  0.68551454E+00  0.21105500E+01  0.65534603E+00
  0.27122454E+01  0.68125246E+00  0.21243374E+01  0.65057416E+00
  0.27146184E+01  0.68019899E+00  0.21278701E+01  0.64931256E+00
  0.27135922E+01  0.68033955E+00  0.21265809E+01  0.64952076E+00
  0.27142618E+01  0.67989280E+00  0.21270118E+01  0.64910858E+00
  0.27151868E+01  0.67916476E+00  0.21286593E+01  0.64827296E+00
  0.27128207E+01  0.67982756E+00  0.21267167E+01  0.64891898E+00
  0.27104243E+01  0.68038281E+00  0.21272611E+01  0.64907900E+00
  0.27073616E+01  0.68072114E+00  0.21288653E+01  0.64879017E+00
  0.27011131E+01  0.68071206E+00  0.21312032E+01  0.64767688E+00
  0.26757568E+01  0.68093255E+00  0.21308872E+01  0.64488632E+00
  0.25947355E+01  0.68138618E+00  0.21286727E+01  0.63580130E+00
  0.24154360E+01  0.68105708E+00  0.21271196E+01  0.61336828E+00
  0.21308492E+01  0.68147097E+00  0.21224768E+01  0.57708292E+00
  0.18405642E+01  0.68172977E+00  0.21206343E+01  0.53677323E+00
  0.16913797E+01  0.68037198E+00  0.21253633E+01  0.51296340E+00
  0.16751117E+01  0.67990306E+00  0.21281204E+01  0.50980815E+00
  0.16772672E+01  0.68014686E+00  0.21290348E+01  0.51020937E+00
  0.16851529E+01  0.68057036E+00  0.21307765E+01  0.51151658E+00
  0.16929109E+01  0.68137215E+00  0.21314833E+01  0.51321159E+00
  0.16972112E+01  0.68189754E+00  0.21329056E+01  0.51408774E+00
  0.16976872E+01  0.68229626E+00  0.21328329E+01  0.51446922E+00
  0.16988034E+01  0.68209133E+00  0.21360026E+01  0.51410187E+00
  0.16958635E+01  0.68401221E+00  0.21303789E+01  0.51578281E+00
  0.17012906E+01  0.68071040E+00  0.21414373E+01  0.51278457E+00
  0.16931714E+01  0.68263600E+00  0.21269504E+01  0.51475070E+00
  0.16670726E+01  0.65717987E+00  0.20814894E+01  0.49706182E+00
  0.14842381E+01  0.51915070E+00  0.17689651E+01  0.40190332E+00
  0.11592263E+01  0.20979436E+00  0.12393301E+01  0.17148273E+00
  0.10070490E+01  0.12210724E-01  0.10096991E+01  0.10306394E-01
  0.10000000E+01  0.00000000E+00  0.10000000E+01  0.00000000E+00
  0.10000000E+01  0.00000000E+00  0.10000000E+01  0.00000000E+00
  0.10000000E+01  0.00000000E+00  0.10000000E+01  0.00000000E+00
  0.10000000E+01  0.00000000E+00  0.10000000E+01  0.00000000E+00
  0.10000000E+01  0.00000000E+00  0.10000000E+01  0.00000000E+00
  0.10000000E+01  0.00000000E+00  0.10000000E+01  0.00000000E+00
  0.10000000E+01  0.00000000E+00  0.10000000E+01  0.00000000E+00
  0.10000000E+01  0.00000000E+00  0.10000000E+01  0.00000000E+00
  0.10000000E+01  0.00000000E+00  0.10000000E+01  0.00000000E+00
  0.10000000E+01  0.00000000E+00  0.10000000E+01  0.00000000E+00
  0.10000000E+01  0.00000000E+00  0.10000000E+01  0.00000000E+00
  0.10000000E+01  0.00000000E+00  0.10000000E+01  0.00000000E+00
  0.10000000E+01  0.00000000E+00  0.10000000E+01  0.00000000E+00
  0.10000000E+01  0.00000000E+00  0.10000000E+01  0.00000000E+00
  0.10000000E+01  0.00000000E+00  0.10000000E+01  0.00000000E+00
  0.10000000E+01  0.00000000E+00  0.10000000E+01  0.00000000E+00
  0.10000000E+01  0.00000000E+00  0.10000000E+01  0.00000000E+00
  0.10000000E+01  0.00000000E+00  0.10000000E+01  0.00000000E+00
  0.10000000E+01  0.00000000E+00  0.10000000E+01  0.00000000E+00
  0.10000000E+01  0.00000000E+00  0.10000000E+01  0.00000000E+00
  0.10000000E+01  0.00000000E+00  0.10000000E+01  0.00000000E+00
  0.10000000E+01  0.00000000E+00  0.10000000E+01  0.00000000E+00
  0.10000000E+01  0.00000000E+00  0.10000000E+01  0.00000000E+00
