  0.50000000E+01  0.00000000E+00  0.50000000E+01  0.00000000E+00
  0.50000000E+01  0.00000000E+00  0.50000000E+01  0.00000000E+00
  0.50000000E+01  0.00000000E+00  0.50000000E+01  0.00000000E+00
  0.50000000E+01  0.00000000E+00  0.50000000E+01  0.00000000E+00
  0.50000000E+01  0.00000000E+00  0.50000000E+01  0.00000000E+00
  0.50000000E+01  0.00000000E+00  0.50000000E+01  0.00000000E+00
  0.50000000E+01  0.00000000E+00  0.50000000E+01  0.00000000E+00
  0.50000000E+01  0.00000000E+00  0.50000000E+01  0.00000000E+00
  0.50000000E+01  0.00000000E+00  0.50000000E+01  0.00000000E+00
  0.50000000E+01  0.00000000E+00  0.50000000E+01  0.00000000E+00
  0.50000000E+01  0.00000000E+00  0.50000000E+01  0.00000000E+00
  0.50000000E+01  0.00000000E+00  0.50000000E+01  0.00000000E+00
  0.50000000E+01  0.00000000E+00  0.50000000E+01  0.00000000E+00
  0.50000000E+01  0.00000000E+00  0.50000000E+01  0.00000000E+00
  0.50000000E+01  0.00000000E+00  0.50000000E+01  0.00000000E+00
  0.50000000E+01  0.00000000E+00  0.50000000E+01  0.00000000E+00
  0.50000000E+01  0.00000000E+00  0.50000000E+01  0.00000000E+00
  0.50000000E+01  0.00000000E+00  0.50000000E+01  0.00000000E+00
  0.50000000E+01  0.00000000E+00  0.50000000E+01  0.00000000E+00
  0.50000000E+01  0.00000000E+00  0.50000000E+01  0.00000000E+00
  0.50000000E+01  0.00000000E+00  0.50000000E+01  0.00000000E+00
  0.50000000E+01  0.00000000E+00  0.50000000E+01  0.00000000E+00
  0.50000000E+01  0.00000000E+00  0.50000000E+01  0.00000000E+00
  0.50000000E+01  0.00000000E+00  0.50000000E+01  0.00000000E+00
  0.49992257E+01  0.27390311E-03  0.49989364E+01  0.23149708E-03
  0.49679570E+01  0.82142742E-02  0.49555175E+01  0.69510368E-02
  0.48817434E+01  0.28943590E-01  0.48356381E+01  0.24578137E-01
  0.47551206E+01  0.59655990E-01  0.46609792E+01  0.50925140E-01
  0.46074850E+01  0.96362468E-01  0.44595368E+01  0.82781061E-01
  0.44536275E+01  0.13565688E+00  0.42522530E+01  0.11733436E+00
  0.43013108E+01  0.17565670E+00  0.40498846E+01  0.15299590E+00
  0.41528217E+01  0.21583591E+00  0.38554095E+01  0.18931981E+00
  0.40084887E+01  0.25604646E+00  0.36690374E+01  0.22618772E+00
  0.38682089E+01  0.29625424E+00  0.34904636E+01  0.26358092E+00
  0.37318950E+01  0.33645935E+00  0.33194108E+01  0.30151075E+00
  0.35994801E+01  0.37665614E+00  0.31556349E+01  0.33998327E+00
  0.34709225E+01  0.41682978E+00  0.29989291E+01  0.37899552E+00
  0.33462472E+01  0.45694505E+00  0.28491710E+01  0.41852338E+00
  0.32256457E+01  0.49690790E+00  0.27064362E+01  0.45848098E+00
  0.31096720E+01  0.53648365E+00  0.25712127E+01  0.49863271E+00
  0.29996977E+01  0.57513922E+00  0.24448954E+01  0.53841552E+00
  0.28984696E+01  0.61169401E+00  0.23303268E+01  0.57656221E+00
  0.28117635E+01  0.64394526E+00  0.22334984E+01  0.61063475E+00
  0.27469169E+01  0.66825995E+00  0.21617819E+01  0.63664633E+00
  0.27130555E+01  0.68136673E+00  0.21242655E+01  0.65079147E+00
  0.27050415E+01  0.68432773E+00  0.21154641E+01  0.65400981E+00
  0.27087853E+01  0.68277029E+00  0.21194499E+01  0.65235849E+00
  0.27131763E+01  0.68003505E+00  0.21244748E+01  0.64950201E+00
  0.27156300E+01  0.67989062E+00  0.21270222E+01  0.64926849E+00
  0.27161751E+01  0.68013798E+00  0.21274028E+01  0.64951178E+00
  0.27170717E+01  0.68003668E+00  0.21287814E+01  0.64931187E+00
  0.27167043E+01  0.68009450E+00  0.21290331E+01  0.64928479E+00
  0.27149669E+01  0.68044899E+00  0.21280173E+01  0.64957043E+00
  0.27147349E+01  0.68032693E+00  0.21277025E+01  0.64947422E+00
  0.27150421E+01  0.68004888E+00  0.21280263E+01  0.64919611E+00
  0.27147637E+01  0.67999909E+00  0.21278880E+01  0.64913639E+00
  0.27136845E+01  0.68007727E+00  0.21276231E+01  0.64912237E+00
  0.27116672E+01  0.68005596E+00  0.21274280E+01  0.64889046E+00
  0.27084827E+01  0.67990288E+00  0.21277136E+01  0.64831984E+00
  0.27010448E+01  0.67995611E+00  0.21274705E+01  0.64751672E+00
  0.26788235E+01  0.67992838E+00  0.21272003E+01  0.64486234E+00
  0.26169773E+01  0.67987141E+00  0.21273326E+01  0.63730165E+00
  0.24803158E+01  0.68042502E+00  0.21257983E+01  0.62116750E+00
  0.22528614E+01  0.68088809E+00  0.21247517E+01  0.59254982E+00
  0.19703970E+01  0.68193824E+00  0.21239874E+01  0.55511368E+00
  0.17544313E+01  0.68217339E+00  0.21247403E+01  0.52389712E+00
  0.16807455E+01  0.68094261E+00  0.21303720E+01  0.51117518E+00
  0.16794665E+01  0.68091569E+00  0.21303619E+01  0.51096164E+00
  0.16817859E+01  0.68070388E+00  0.21300343E+01  0.51119460E+00
  0.16871731E+01  0.68031921E+00  0.21293099E+01  0.51181040E+00
  0.16928180E+01  0.67992370E+00  0.21286668E+01  0.51244524E+00
  0.16947043E+01  0.67988577E+00  0.21280194E+01  0.51278003E+00
  0.16947194E+01  0.67988564E+00  0.21280479E+01  0.51277879E+00
  0.16944945E+01  0.67999335E+00  0.21281970E+01  0.51280803E+00
  0.16946469E+01  0.68010665E+00  0.21291251E+01  0.51280474E+00
  0.16946407E+01  0.68079726E+00  0.21297984E+01  0.51324338E+00
  0.16956957E+01  0.68135541E+00  0.21314203E+01  0.51362850E+00
  0.16972714E+01  0.68196933E+00  0.21347944E+01  0.51392346E+00
  0.16956447E+01  0.68351220E+00  0.21309829E+01  0.51529948E+00
  0.17006286E+01  0.68075855E+00  0.21406393E+01  0.51281661E+00
  0.16943131E+01  0.68421519E+00  0.21288334E+01  0.51588712E+00
  0.16838737E+01  0.66908650E+00  0.21106260E+01  0.50508838E+00
  0.15649744E+01  0.58264616E+00  0.19054022E+01  0.44627357E+00
  0.12543300E+01  0.31144022E+00  0.13904221E+01  0.25000187E+00
  0.10275412E+01  0.43437666E-01  0.10391847E+01  0.36505281E-01
  0.10000000E+01  0.00000000E+00  0.10000000E+01  0.00000000E+00
  0.10000000E+01  0.00000000E+00  0.10000000E+01  0.00000000E+00
  0.10000000E+01  0.00000000E+00  0.10000000E+01  0.00000000E+00
  0.10000000E+01  0.00000000E+00  0.10000000E+01  0.00000000E+00
  0.10000000E+01  0.00000000E+00  0.10000000E+01  0.00000000E+00
  0.10000000E+01  0.00000000E+00  0.10000000E+01  0.00000000E+00
  0.10000000E+01  0.00000000E+00  0.10000000E+01  0.00000000E+00
  0.10000000E+01  0.00000000E+00  0.10000000E+01  0.00000000E+00
  0.10000000E+01  0.00000000E+00  0.10000000E+01  0.00000000E+00
  0.10000000E+01  0.00000000E+00  0.10000000E+01  0.00000000E+00
  0.10000000E+01  0.00000000E+00  0.10000000E+01  0.00000000E+00
  0.10000000E+01  0.00000000E+00  0.10000000E+01  0.00000000E+00
  0.10000000E+01  0.00000000E+00  0.10000000E+01  0.00000000E+00
  0.10000000E+01  0.00000000E+00  0.10000000E+01  0.00000000E+00
  0.10000000E+01  0.00000000E+00  0.10000000E+01  0.00000000E+00
