  0.50000000E+01  0.00000000E+00  0.50000000E+01  0.00000000E+00
  0.50000000E+01  0.00000000E+00  0.50000000E+01  0.00000000E+00
  0.50000000E+01  0.00000000E+00  0.50000000E+01  0.00000000E+00
  0.50000000E+01  0.00000000E+00  0.50000000E+01  0.00000000E+00
  0.50000000E+01  0.00000000E+00  0.50000000E+01  0.00000000E+00
  0.50000000E+01  0.00000000E+00  0.50000000E+01  0.00000000E+00
  0.50000000E+01  0.00000000E+00  0.50000000E+01  0.00000000E+00
  0.50000000E+01  0.00000000E+00  0.50000000E+01  0.00000000E+00
  0.50000000E+01  0.00000000E+00  0.50000000E+01  0.00000000E+00
  0.50000000E+01  0.00000000E+00  0.50000000E+01  0.00000000E+00
  0.50000000E+01  0.00000000E+00  0.50000000E+01  0.00000000E+00
  0.50000000E+01  0.00000000E+00  0.50000000E+01  0.00000000E+00
  0.50000000E+01  0.00000000E+00  0.50000000E+01  0.00000000E+00
  0.50000000E+01  0.00000000E+00  0.50000000E+01  0.00000000E+00
  0.50000000E+01  0.00000000E+00  0.50000000E+01  0.00000000E+00
  0.50000000E+01  0.00000000E+00  0.50000000E+01  0.00000000E+00
  0.50000000E+01  0.00000000E+00  0.50000000E+01  0.00000000E+00
  0.50000000E+01  0.00000000E+00  0.50000000E+01  0.00000000E+00
  0.50000000E+01  0.00000000E+00  0.50000000E+01  0.00000000E+00
  0.50000000E+01  0.00000000E+00  0.50000000E+01  0.00000000E+00
  0.50000000E+01  0.00000000E+00  0.50000000E+01  0.00000000E+00
  0.50000000E+01  0.00000000E+00  0.50000000E+01  0.00000000E+00
  0.50000000E+01  0.00000000E+00  0.50000000E+01  0.00000000E+00
  0.50000000E+01  0.00000000E+00  0.50000000E+01  0.00000000E+00
  0.50000000E+01  0.00000000E+00  0.50000000E+01  0.00000000E+00
  0.50000000E+01  0.00000000E+00  0.50000000E+01  0.00000000E+00
  0.50000000E+01  0.00000000E+00  0.50000000E+01  0.00000000E+00
  0.50000000E+01  0.00000000E+00  0.50000000E+01  0.00000000E+00
  0.50000000E+01  0.00000000E+00  0.50000000E+01  0.00000000E+00
  0.50000000E+01  0.00000000E+00  0.50000000E+01  0.00000000E+00
  0.50000000E+01  0.00000000E+00  0.50000000E+01  0.00000000E+00
  0.50000000E+01  0.00000000E+00  0.50000000E+01  0.00000000E+00
  0.50000000E+01  0.00000000E+00  0.50000000E+01  0.00000000E+00
  0.50000000E+01  0.00000000E+00  0.50000000E+01  0.00000000E+00
  0.50000000E+01  0.00000000E+00  0.50000000E+01  0.00000000E+00
  0.50000000E+01  0.00000000E+00  0.50000000E+01  0.00000000E+00
  0.49984955E+01  0.53720335E-03  0.49979287E+01  0.45404544E-03
  0.49345738E+01  0.16859785E-01  0.49093748E+01  0.14285642E-01
  0.47588751E+01  0.59636251E-01  0.46668347E+01  0.50896423E-01
  0.45088687E+01  0.12224447E+00  0.43274148E+01  0.10545927E+00
  0.42310387E+01  0.19534524E+00  0.39584677E+01  0.17068634E+00
  0.39546282E+01  0.27184999E+00  0.36007534E+01  0.24078057E+00
  0.36900895E+01  0.34939002E+00  0.32680104E+01  0.31377852E+00
  0.34411516E+01  0.42673047E+00  0.29636040E+01  0.38862565E+00
  0.32103009E+01  0.50261827E+00  0.26893636E+01  0.46411154E+00
  0.30022192E+01  0.57457199E+00  0.24493211E+01  0.53762415E+00
  0.28341425E+01  0.63711134E+00  0.22592882E+01  0.60308198E+00
  0.27135707E+01  0.67797650E+00  0.21312225E+01  0.64655697E+00
  0.26969963E+01  0.68907355E+00  0.21071962E+01  0.65885411E+00
  0.27078667E+01  0.68614694E+00  0.21169202E+01  0.65586509E+00
  0.27193182E+01  0.67998347E+00  0.21352805E+01  0.64854018E+00
  0.27050827E+01  0.68171944E+00  0.21235630E+01  0.65027845E+00
  0.26991098E+01  0.67974577E+00  0.21250431E+01  0.64745397E+00
  0.26925201E+01  0.67868707E+00  0.21292868E+01  0.64501225E+00
  0.26716595E+01  0.67957860E+00  0.21284737E+01  0.64347561E+00
  0.25726190E+01  0.68053371E+00  0.21299259E+01  0.63210775E+00
  0.23198893E+01  0.68412650E+00  0.21216686E+01  0.60459877E+00
  0.19833664E+01  0.68242872E+00  0.21287248E+01  0.55671766E+00
  0.17292971E+01  0.68449232E+00  0.21253914E+01  0.52181904E+00
  0.16723229E+01  0.68217834E+00  0.21337362E+01  0.51041522E+00
  0.16732529E+01  0.68289381E+00  0.21317089E+01  0.51133557E+00
  0.16864793E+01  0.68151582E+00  0.21388339E+01  0.51146262E+00
  0.16896398E+01  0.68488432E+00  0.21302063E+01  0.51551278E+00
  0.17020549E+01  0.68100964E+00  0.21426121E+01  0.51298451E+00
  0.16928410E+01  0.67978779E+00  0.21225955E+01  0.51307849E+00
  0.16379211E+01  0.63511770E+00  0.20268827E+01  0.48252784E+00
  0.13850291E+01  0.43552213E+00  0.16031995E+01  0.34212269E+00
  0.10843200E+01  0.11915920E+00  0.11238317E+01  0.98921717E-01
  0.10004599E+01  0.89545956E-03  0.10006334E+01  0.75673587E-03
  0.10000000E+01  0.00000000E+00  0.10000000E+01  0.00000000E+00
  0.10000000E+01  0.00000000E+00  0.10000000E+01  0.00000000E+00
  0.10000000E+01  0.00000000E+00  0.10000000E+01  0.00000000E+00
  0.10000000E+01  0.00000000E+00  0.10000000E+01  0.00000000E+00
  0.10000000E+01  0.00000000E+00  0.10000000E+01  0.00000000E+00
  0.10000000E+01  0.00000000E+00  0.10000000E+01  0.00000000E+00
  0.10000000E+01  0.00000000E+00  0.10000000E+01  0.00000000E+00
  0.10000000E+01  0.00000000E+00  0.10000000E+01  0.00000000E+00
  0.10000000E+01  0.00000000E+00  0.10000000E+01  0.00000000E+00
  0.10000000E+01  0.00000000E+00  0.10000000E+01  0.00000000E+00
  0.10000000E+01  0.00000000E+00  0.10000000E+01  0.00000000E+00
  0.10000000E+01  0.00000000E+00  0.10000000E+01  0.00000000E+00
  0.10000000E+01  0.00000000E+00  0.10000000E+01  0.00000000E+00
  0.10000000E+01  0.00000000E+00  0.10000000E+01  0.00000000E+00
  0.10000000E+01  0.00000000E+00  0.10000000E+01  0.00000000E+00
  0.10000000E+01  0.00000000E+00  0.10000000E+01  0.00000000E+00
  0.10000000E+01  0.00000000E+00  0.10000000E+01  0.00000000E+00
  0.10000000E+01  0.00000000E+00  0.10000000E+01  0.00000000E+00
  0.10000000E+01  0.00000000E+00  0.10000000E+01  0.00000000E+00
  0.10000000E+01  0.00000000E+00  0.10000000E+01  0.00000000E+00
  0.10000000E+01  0.00000000E+00  0.10000000E+01  0.00000000E+00
  0.10000000E+01  0.00000000E+00  0.10000000E+01  0.00000000E+00
  0.10000000E+01  0.00000000E+00  0.10000000E+01  0.00000000E+00
  0.10000000E+01  0.00000000E+00  0.10000000E+01  0.00000000E+00
  0.10000000E+01  0.00000000E+00  0.10000000E+01  0.00000000E+00
  0.10000000E+01  0.00000000E+00  0.10000000E+01  0.00000000E+00
  0.10000000E+01  0.00000000E+00  0.10000000E+01  0.00000000E+00
  0.10000000E+01  0.00000000E+00  0.10000000E+01  0.00000000E+00
  0.10000000E+01  0.00000000E+00  0.10000000E+01  0.00000000E+00
  0.10000000E+01  0.00000000E+00  0.10000000E+01  0.00000000E+00
  0.10000000E+01  0.00000000E+00  0.10000000E+01  0.00000000E+00
