  0.50000000E+01  0.00000000E+00  0.50000000E+01  0.00000000E+00
  0.50000000E+01  0.00000000E+00  0.50000000E+01  0.00000000E+00
  0.50000000E+01  0.00000000E+00  0.50000000E+01  0.00000000E+00
  0.50000000E+01  0.00000000E+00  0.50000000E+01  0.00000000E+00
  0.50000000E+01  0.00000000E+00  0.50000000E+01  0.00000000E+00
  0.50000000E+01  0.00000000E+00  0.50000000E+01  0.00000000E+00
  0.50000000E+01  0.00000000E+00  0.50000000E+01  0.00000000E+00
  0.50000000E+01  0.00000000E+00  0.50000000E+01  0.00000000E+00
  0.50000000E+01  0.00000000E+00  0.50000000E+01  0.00000000E+00
  0.50000000E+01  0.00000000E+00  0.50000000E+01  0.00000000E+00
  0.50000000E+01  0.00000000E+00  0.50000000E+01  0.00000000E+00
  0.50000000E+01  0.00000000E+00  0.50000000E+01  0.00000000E+00
  0.50000000E+01  0.00000000E+00  0.50000000E+01  0.00000000E+00
  0.50000000E+01  0.00000000E+00  0.50000000E+01  0.00000000E+00
  0.50000000E+01  0.00000000E+00  0.50000000E+01  0.00000000E+00
  0.50000000E+01  0.00000000E+00  0.50000000E+01  0.00000000E+00
  0.50000000E+01  0.00000000E+00  0.50000000E+01  0.00000000E+00
  0.50000000E+01  0.00000000E+00  0.50000000E+01  0.00000000E+00
  0.50000000E+01  0.00000000E+00  0.50000000E+01  0.00000000E+00
  0.50000000E+01  0.00000000E+00  0.50000000E+01  0.00000000E+00
  0.50000000E+01  0.00000000E+00  0.50000000E+01  0.00000000E+00
  0.50000000E+01  0.00000000E+00  0.50000000E+01  0.00000000E+00
  0.50000000E+01  0.00000000E+00  0.50000000E+01  0.00000000E+00
  0.50000000E+01  0.00000000E+00  0.50000000E+01  0.00000000E+00
  0.50000000E+01  0.00000000E+00  0.50000000E+01  0.00000000E+00
  0.50000000E+01  0.00000000E+00  0.50000000E+01  0.00000000E+00
  0.50000000E+01  0.00000000E+00  0.50000000E+01  0.00000000E+00
  0.50000000E+01  0.00000000E+00  0.50000000E+01  0.00000000E+00
  0.50000000E+01  0.00000000E+00  0.50000000E+01  0.00000000E+00
  0.50000000E+01  0.00000000E+00  0.50000000E+01  0.00000000E+00
  0.50000000E+01  0.00000000E+00  0.50000000E+01  0.00000000E+00
  0.50000000E+01  0.00000000E+00  0.50000000E+01  0.00000000E+00
  0.50000000E+01  0.00000000E+00  0.50000000E+01  0.00000000E+00
  0.50000000E+01  0.00000000E+00  0.50000000E+01  0.00000000E+00
  0.50000000E+01  0.00000000E+00  0.50000000E+01  0.00000000E+00
  0.50000000E+01  0.00000000E+00  0.50000000E+01  0.00000000E+00
  0.50000000E+01  0.00000000E+00  0.50000000E+01  0.00000000E+00
  0.50000000E+01  0.00000000E+00  0.50000000E+01  0.00000000E+00
  0.50000000E+01  0.00000000E+00  0.50000000E+01  0.00000000E+00
  0.50000000E+01  0.00000000E+00  0.50000000E+01  0.00000000E+00
  0.50000000E+01  0.00000000E+00  0.50000000E+01  0.00000000E+00
  0.50000000E+01  0.00000000E+00  0.50000000E+01  0.00000000E+00
  0.50000000E+01  0.00000000E+00  0.50000000E+01  0.00000000E+00
  0.50000000E+01  0.00000000E+00  0.50000000E+01  0.00000000E+00
  0.50000000E+01  0.00000000E+00  0.50000000E+01  0.00000000E+00
  0.50000000E+01  0.00000000E+00  0.50000000E+01  0.00000000E+00
  0.50000000E+01  0.00000000E+00  0.50000000E+01  0.00000000E+00
  0.50000000E+01  0.00000000E+00  0.50000000E+01  0.00000000E+00
  0.50000000E+01  0.00000000E+00  0.50000000E+01  0.00000000E+00
  0.50000000E+01  0.00000000E+00  0.50000000E+01  0.00000000E+00
  0.50000000E+01  0.00000000E+00  0.50000000E+01  0.00000000E+00
  0.50000000E+01  0.00000000E+00  0.50000000E+01  0.00000000E+00
  0.50000000E+01  0.00000000E+00  0.50000000E+01  0.00000000E+00
  0.50000000E+01  0.00000000E+00  0.50000000E+01  0.00000000E+00
  0.50000000E+01  0.00000000E+00  0.50000000E+01  0.00000000E+00
  0.50000000E+01  0.00000000E+00  0.50000000E+01  0.00000000E+00
  0.50000000E+01  0.00000000E+00  0.50000000E+01  0.00000000E+00
  0.50000000E+01  0.00000000E+00  0.50000000E+01  0.00000000E+00
  0.50000000E+01  0.00000000E+00  0.50000000E+01  0.00000000E+00
  0.50000000E+01  0.00000000E+00  0.50000000E+01  0.00000000E+00
  0.50000000E+01  0.00000000E+00  0.50000000E+01  0.00000000E+00
  0.50000000E+01  0.00000000E+00  0.50000000E+01  0.00000000E+00
  0.50000000E+01  0.00000000E+00  0.50000000E+01  0.00000000E+00
  0.50000000E+01  0.00000000E+00  0.50000000E+01  0.00000000E+00
  0.50000000E+01  0.00000000E+00  0.50000000E+01  0.00000000E+00
  0.50000000E+01  0.00000000E+00  0.50000000E+01  0.00000000E+00
  0.50000000E+01  0.00000000E+00  0.50000000E+01  0.00000000E+00
  0.50000000E+01  0.00000000E+00  0.50000000E+01  0.00000000E+00
  0.50000000E+01  0.00000000E+00  0.50000000E+01  0.00000000E+00
  0.50000000E+01  0.00000000E+00  0.50000000E+01  0.00000000E+00
  0.50000000E+01  0.00000000E+00  0.50000000E+01  0.00000000E+00
  0.50000000E+01  0.00000000E+00  0.50000000E+01  0.00000000E+00
  0.50000000E+01  0.00000000E+00  0.50000000E+01  0.00000000E+00
  0.50000000E+01  0.00000000E+00  0.50000000E+01  0.00000000E+00
  0.50000000E+01  0.00000000E+00  0.50000000E+01  0.00000000E+00
  0.50000000E+01  0.00000000E+00  0.50000000E+01  0.00000000E+00
  0.50000000E+01  0.00000000E+00  0.50000000E+01  0.00000000E+00
  0.50000000E+01  0.00000000E+00  0.50000000E+01  0.00000000E+00
  0.50000000E+01  0.00000000E+00  0.50000000E+01  0.00000000E+00
  0.50000000E+01  0.00000000E+00  0.50000000E+01  0.00000000E+00
  0.50000000E+01  0.00000000E+00  0.50000000E+01  0.00000000E+00
  0.50000000E+01  0.00000000E+00  0.50000000E+01  0.00000000E+00
  0.50000000E+01  0.00000000E+00  0.50000000E+01  0.00000000E+00
  0.50000000E+01  0.00000000E+00  0.50000000E+01  0.00000000E+00
  0.50000000E+01  0.00000000E+00  0.50000000E+01  0.00000000E+00
  0.50000000E+01  0.00000000E+00  0.50000000E+01  0.00000000E+00
  0.50000000E+01  0.00000000E+00  0.50000000E+01  0.00000000E+00
  0.50000000E+01  0.00000000E+00  0.50000000E+01  0.00000000E+00
  0.50000000E+01  0.00000000E+00  0.50000000E+01  0.00000000E+00
  0.50000000E+01  0.00000000E+00  0.50000000E+01  0.00000000E+00
  0.50000000E+01  0.00000000E+00  0.50000000E+01  0.00000000E+00
  0.50000000E+01  0.00000000E+00  0.50000000E+01  0.00000000E+00
  0.50000000E+01  0.00000000E+00  0.50000000E+01  0.00000000E+00
  0.50000000E+01  0.00000000E+00  0.50000000E+01  0.00000000E+00
  0.50000000E+01  0.00000000E+00  0.50000000E+01  0.00000000E+00
  0.50000000E+01  0.00000000E+00  0.50000000E+01  0.00000000E+00
  0.50000000E+01  0.00000000E+00  0.50000000E+01  0.00000000E+00
  0.50000000E+01  0.00000000E+00  0.50000000E+01  0.00000000E+00
  0.50000000E+01  0.00000000E+00  0.50000000E+01  0.00000000E+00
  0.50000000E+01  0.00000000E+00  0.50000000E+01  0.00000000E+00
  0.50000000E+01  0.00000000E+00  0.50000000E+01  0.00000000E+00
  0.50000000E+01  0.00000000E+00  0.50000000E+01  0.00000000E+00
  0.50000000E+01  0.00000000E+00  0.50000000E+01  0.00000000E+00
  0.50000000E+01  0.00000000E+00  0.50000000E+01  0.00000000E+00
  0.50000000E+01  0.00000000E+00  0.50000000E+01  0.00000000E+00
  0.50000000E+01  0.00000000E+00  0.50000000E+01  0.00000000E+00
  0.50000000E+01  0.00000000E+00  0.50000000E+01  0.00000000E+00
  0.50000000E+01  0.00000000E+00  0.50000000E+01  0.00000000E+00
  0.50000000E+01  0.00000000E+00  0.50000000E+01  0.00000000E+00
  0.50000000E+01  0.00000000E+00  0.50000000E+01  0.00000000E+00
  0.50000000E+01  0.00000000E+00  0.50000000E+01  0.00000000E+00
  0.50000000E+01  0.00000000E+00  0.50000000E+01  0.00000000E+00
  0.50000000E+01  0.00000000E+00  0.50000000E+01  0.00000000E+00
  0.50000000E+01  0.00000000E+00  0.50000000E+01  0.00000000E+00
  0.50000000E+01  0.00000000E+00  0.50000000E+01  0.00000000E+00
  0.50000000E+01  0.00000000E+00  0.50000000E+01  0.00000000E+00
  0.50000000E+01  0.00000000E+00  0.50000000E+01  0.00000000E+00
  0.50000000E+01  0.00000000E+00  0.50000000E+01  0.00000000E+00
  0.50000000E+01  0.00000000E+00  0.50000000E+01  0.00000000E+00
  0.50000000E+01  0.00000000E+00  0.50000000E+01  0.00000000E+00
  0.50000000E+01  0.00000000E+00  0.50000000E+01  0.00000000E+00
  0.50000000E+01  0.00000000E+00  0.50000000E+01  0.00000000E+00
  0.50000000E+01  0.00000000E+00  0.50000000E+01  0.00000000E+00
  0.50000000E+01  0.00000000E+00  0.50000000E+01  0.00000000E+00
  0.50000000E+01  0.00000000E+00  0.50000000E+01  0.00000000E+00
  0.50000000E+01  0.00000000E+00  0.50000000E+01  0.00000000E+00
  0.50000000E+01  0.00000000E+00  0.50000000E+01  0.00000000E+00
  0.50000000E+01  0.00000000E+00  0.50000000E+01  0.00000000E+00
  0.50000000E+01  0.00000000E+00  0.50000000E+01  0.00000000E+00
  0.50000000E+01  0.00000000E+00  0.50000000E+01  0.00000000E+00
  0.50000000E+01  0.00000000E+00  0.50000000E+01  0.00000000E+00
  0.50000000E+01  0.00000000E+00  0.50000000E+01  0.00000000E+00
  0.50000000E+01  0.00000000E+00  0.50000000E+01  0.00000000E+00
  0.50000000E+01  0.00000000E+00  0.50000000E+01  0.00000000E+00
  0.50000000E+01  0.00000000E+00  0.50000000E+01  0.00000000E+00
  0.50000000E+01  0.00000000E+00  0.50000000E+01  0.00000000E+00
  0.50000000E+01  0.00000000E+00  0.50000000E+01  0.00000000E+00
  0.50000000E+01  0.00000000E+00  0.50000000E+01  0.00000000E+00
  0.50000000E+01  0.00000000E+00  0.50000000E+01  0.00000000E+00
  0.50000000E+01  0.00000000E+00  0.50000000E+01  0.00000000E+00
  0.50000000E+01  0.00000000E+00  0.50000000E+01  0.00000000E+00
  0.50000000E+01  0.00000000E+00  0.50000000E+01  0.00000000E+00
  0.50000000E+01  0.00000000E+00  0.50000000E+01  0.00000000E+00
  0.50000000E+01  0.00000000E+00  0.50000000E+01  0.00000000E+00
  0.50000000E+01  0.00000000E+00  0.50000000E+01  0.00000000E+00
  0.50000000E+01  0.00000000E+00  0.50000000E+01  0.00000000E+00
  0.50000000E+01  0.00000000E+00  0.50000000E+01  0.00000000E+00
  0.50000000E+01  0.00000000E+00  0.50000000E+01  0.00000000E+00
  0.50000000E+01  0.00000000E+00  0.50000000E+01  0.00000000E+00
  0.50000000E+01  0.00000000E+00  0.50000000E+01  0.00000000E+00
  0.50000000E+01  0.00000000E+00  0.50000000E+01  0.00000000E+00
  0.50000000E+01  0.00000000E+00  0.50000000E+01  0.00000000E+00
  0.50000000E+01  0.00000000E+00  0.50000000E+01  0.00000000E+00
  0.50000000E+01  0.00000000E+00  0.50000000E+01  0.00000000E+00
  0.50000000E+01  0.00000000E+00  0.50000000E+01  0.00000000E+00
  0.50000000E+01  0.00000000E+00  0.50000000E+01  0.00000000E+00
  0.50000000E+01  0.00000000E+00  0.50000000E+01  0.00000000E+00
  0.50000000E+01  0.00000000E+00  0.50000000E+01  0.00000000E+00
  0.50000000E+01  0.00000000E+00  0.50000000E+01  0.00000000E+00
  0.50000000E+01  0.00000000E+00  0.50000000E+01  0.00000000E+00
  0.50000000E+01  0.00000000E+00  0.50000000E+01  0.00000000E+00
  0.50000000E+01  0.00000000E+00  0.50000000E+01  0.00000000E+00
  0.50000000E+01  0.00000000E+00  0.50000000E+01  0.00000000E+00
  0.50000000E+01  0.00000000E+00  0.50000000E+01  0.00000000E+00
  0.50000000E+01  0.00000000E+00  0.50000000E+01  0.00000000E+00
  0.50000000E+01  0.00000000E+00  0.50000000E+01  0.00000000E+00
  0.50000000E+01  0.00000000E+00  0.50000000E+01  0.00000000E+00
  0.50000000E+01  0.00000000E+00  0.50000000E+01  0.00000000E+00
  0.50000000E+01  0.00000000E+00  0.50000000E+01  0.00000000E+00
  0.50000000E+01  0.00000000E+00  0.50000000E+01  0.00000000E+00
  0.50000000E+01  0.00000000E+00  0.50000000E+01  0.00000000E+00
  0.50000000E+01  0.00000000E+00  0.50000000E+01  0.00000000E+00
  0.50000000E+01  0.00000000E+00  0.50000000E+01  0.00000000E+00
  0.50000000E+01  0.00000000E+00  0.50000000E+01  0.00000000E+00
  0.50000000E+01  0.00000000E+00  0.50000000E+01  0.00000000E+00
  0.50000000E+01  0.00000000E+00  0.50000000E+01  0.00000000E+00
  0.50000000E+01  0.00000000E+00  0.50000000E+01  0.00000000E+00
  0.50000000E+01  0.00000000E+00  0.50000000E+01  0.00000000E+00
  0.50000000E+01  0.00000000E+00  0.50000000E+01  0.00000000E+00
  0.50000000E+01  0.00000000E+00  0.50000000E+01  0.00000000E+00
  0.50000000E+01  0.00000000E+00  0.50000000E+01  0.00000000E+00
  0.50000000E+01  0.00000000E+00  0.50000000E+01  0.00000000E+00
  0.50000000E+01  0.00000000E+00  0.50000000E+01  0.00000000E+00
  0.50000000E+01  0.00000000E+00  0.50000000E+01  0.00000000E+00
  0.50000000E+01  0.00000000E+00  0.50000000E+01  0.00000000E+00
  0.50000000E+01  0.00000000E+00  0.50000000E+01  0.00000000E+00
  0.50000000E+01  0.00000000E+00  0.50000000E+01  0.00000000E+00
  0.50000000E+01  0.00000000E+00  0.50000000E+01  0.00000000E+00
  0.50000000E+01  0.00000000E+00  0.50000000E+01  0.00000000E+00
  0.50000000E+01  0.00000000E+00  0.50000000E+01  0.00000000E+00
  0.50000000E+01  0.46046974E-15  0.50000000E+01  0.38916797E-15
  0.50000000E+01  0.30295572E-14  0.50000000E+01  0.25604432E-14
  0.50000000E+01  0.14215766E-13  0.50000000E+01  0.12014515E-13
  0.50000000E+01  0.61019729E-13  0.50000000E+01  0.51571084E-13
  0.50000000E+01  0.25104602E-12  0.50000000E+01  0.21217261E-12
  0.50000000E+01  0.10064527E-11  0.50000000E+01  0.85060779E-12
  0.50000000E+01  0.39355758E-11  0.50000000E+01  0.33261686E-11
  0.50000000E+01  0.15017474E-10  0.50000000E+01  0.12692083E-10
  0.50000000E+01  0.55889712E-10  0.50000000E+01  0.47235428E-10
  0.50000000E+01  0.20273887E-09  0.50000000E+01  0.17134562E-09
  0.50000000E+01  0.71633961E-09  0.50000000E+01  0.60541748E-09
  0.50000000E+01  0.24635353E-08  0.50000000E+01  0.20820674E-08
  0.50000000E+01  0.82396400E-08  0.50000000E+01  0.69637669E-08
  0.49999999E+01  0.26778789E-07  0.49999998E+01  0.22632208E-07
  0.49999997E+01  0.84488590E-07  0.49999995E+01  0.71405893E-07
  0.49999990E+01  0.25851361E-06  0.49999985E+01  0.21848389E-06
  0.49999970E+01  0.76622714E-06  0.49999955E+01  0.64758022E-06
  0.49999913E+01  0.21972547E-05  0.49999872E+01  0.18570199E-05
  0.49999757E+01  0.60876926E-05  0.49999645E+01  0.51450451E-05
  0.49999348E+01  0.16270656E-04  0.49999049E+01  0.13751255E-04
  0.49998316E+01  0.41877956E-04  0.49997551E+01  0.35393603E-04
  0.49995819E+01  0.10359662E-03  0.49993938E+01  0.87556774E-04
  0.49990045E+01  0.24576926E-03  0.49985606E+01  0.20772216E-03
  0.49977319E+01  0.55777082E-03  0.49967307E+01  0.47144961E-03
  0.49950702E+01  0.12076499E-02  0.49929172E+01  0.10208705E-02
  0.49898082E+01  0.24871879E-02  0.49854086E+01  0.21029847E-02
  0.49800227E+01  0.48580686E-02  0.49715081E+01  0.41093318E-02
  0.49629873E+01  0.89744083E-02  0.49474318E+01  0.75966739E-02
  0.49353493E+01  0.15645633E-01  0.49085946E+01  0.13258961E-01
  0.48937038E+01  0.25712128E-01  0.48504482E+01  0.21827395E-01
  0.48354982E+01  0.39847124E-01  0.47697529E+01  0.33908270E-01
  0.47599154E+01  0.58358258E-01  0.46657652E+01  0.49816875E-01
  0.46682334E+01  0.81093942E-01  0.45406549E+01  0.69493058E-01
  0.45633807E+01  0.10752091E+00  0.43988076E+01  0.92556042E-01
  0.44488663E+01  0.13695071E+00  0.42453053E+01  0.11848694E+00
  0.43277004E+01  0.16883123E+00  0.40842679E+01  0.14687919E+00
  0.42039062E+01  0.20196925E+00  0.39213161E+01  0.17673876E+00
  0.40831662E+01  0.23496188E+00  0.37646322E+01  0.20680958E+00
  0.39671540E+01  0.26787716E+00  0.36153604E+01  0.23715670E+00
  0.38539306E+01  0.30047017E+00  0.34719151E+01  0.26754987E+00
  0.37437973E+01  0.33267328E+00  0.33337094E+01  0.29795193E+00
  0.36374829E+01  0.36484824E+00  0.32018912E+01  0.32865893E+00
  0.35351518E+01  0.39692203E+00  0.30761298E+01  0.35961922E+00
  0.34352155E+01  0.42847952E+00  0.29551079E+01  0.39044186E+00
  0.33372302E+01  0.45923624E+00  0.28383819E+01  0.42085240E+00
  0.32455896E+01  0.48987688E+00  0.27289106E+01  0.45151801E+00
  0.31607173E+01  0.52062920E+00  0.26289707E+01  0.48246350E+00
  0.30745098E+01  0.54841616E+00  0.25308958E+01  0.51085428E+00
  0.29963952E+01  0.57435714E+00  0.24407621E+01  0.53784215E+00
  0.29357902E+01  0.60137327E+00  0.23693664E+01  0.56575253E+00
  0.28729017E+01  0.62215570E+00  0.23010552E+01  0.58753256E+00
  0.28178291E+01  0.63790401E+00  0.22405862E+01  0.60459955E+00
  0.27883650E+01  0.65477310E+00  0.22046132E+01  0.62235105E+00
  0.27631135E+01  0.66598338E+00  0.21774373E+01  0.63405351E+00
  0.27368487E+01  0.67030936E+00  0.21510284E+01  0.63901874E+00
  0.27245315E+01  0.67412682E+00  0.21368988E+01  0.64332663E+00
  0.27235704E+01  0.67830437E+00  0.21347968E+01  0.64751769E+00
  0.27219552E+01  0.68019162E+00  0.21330183E+01  0.64939727E+00
  0.27174232E+01  0.68009417E+00  0.21291520E+01  0.64935224E+00
  0.27139809E+01  0.67949694E+00  0.21257864E+01  0.64888401E+00
  0.27138578E+01  0.67959769E+00  0.21253344E+01  0.64903452E+00
  0.27156534E+01  0.68007041E+00  0.21267154E+01  0.64948982E+00
  0.27165996E+01  0.68041540E+00  0.21280707E+01  0.64972549E+00
  0.27160923E+01  0.68032436E+00  0.21281736E+01  0.64956219E+00
  0.27148218E+01  0.67999357E+00  0.21275050E+01  0.64919648E+00
  0.27144992E+01  0.67978627E+00  0.21270029E+01  0.64903660E+00
  0.27147644E+01  0.67980245E+00  0.21271610E+01  0.64905965E+00
  0.27148073E+01  0.67997307E+00  0.21277332E+01  0.64914037E+00
  0.27143819E+01  0.68006349E+00  0.21281142E+01  0.64911770E+00
  0.27132720E+01  0.68001795E+00  0.21280981E+01  0.64894397E+00
  0.27113723E+01  0.67988971E+00  0.21278231E+01  0.64863634E+00
  0.27072484E+01  0.67983450E+00  0.21277048E+01  0.64810826E+00
  0.26955112E+01  0.67985693E+00  0.21277699E+01  0.64671324E+00
  0.26650469E+01  0.67994576E+00  0.21279787E+01  0.64310079E+00
  0.25987394E+01  0.68000259E+00  0.21280886E+01  0.63508677E+00
  0.24767315E+01  0.68003484E+00  0.21280484E+01  0.62003450E+00
  0.22835536E+01  0.68014717E+00  0.21282156E+01  0.59543818E+00
  0.20275245E+01  0.68023167E+00  0.21278331E+01  0.56118637E+00
  0.18440445E+01  0.68014999E+00  0.21278174E+01  0.53512989E+00
  0.17519452E+01  0.68002523E+00  0.21278948E+01  0.52149025E+00
  0.17111118E+01  0.67996739E+00  0.21280481E+01  0.51531472E+00
  0.16956438E+01  0.67992339E+00  0.21281346E+01  0.51293666E+00
  0.16910479E+01  0.67987132E+00  0.21280962E+01  0.51220644E+00
  0.16903276E+01  0.67979922E+00  0.21279621E+01  0.51205918E+00
  0.16906425E+01  0.67975720E+00  0.21278695E+01  0.51208635E+00
  0.16916818E+01  0.67975369E+00  0.21278697E+01  0.51224105E+00
  0.16926801E+01  0.67976792E+00  0.21279099E+01  0.51239807E+00
  0.16931209E+01  0.67980875E+00  0.21280255E+01  0.51248164E+00
  0.16933356E+01  0.67987052E+00  0.21281933E+01  0.51254048E+00
  0.16934441E+01  0.67990892E+00  0.21283039E+01  0.51257255E+00
  0.16935285E+01  0.67993798E+00  0.21283820E+01  0.51259782E+00
  0.16936318E+01  0.67997302E+00  0.21284594E+01  0.51263055E+00
  0.16938070E+01  0.68003035E+00  0.21285808E+01  0.51268566E+00
  0.16940597E+01  0.68012762E+00  0.21287923E+01  0.51277177E+00
  0.16941876E+01  0.68015234E+00  0.21288620E+01  0.51280138E+00
  0.16941786E+01  0.68009590E+00  0.21287528E+01  0.51277061E+00
  0.16937529E+01  0.67974846E+00  0.21280233E+01  0.51253209E+00
  0.16917792E+01  0.67832283E+00  0.21250109E+01  0.51152124E+00
  0.16845840E+01  0.67309471E+00  0.21140213E+01  0.50781300E+00
  0.16598992E+01  0.65478738E+00  0.20758338E+01  0.49485829E+00
  0.15815669E+01  0.59495756E+00  0.19515993E+01  0.45265825E+00
  0.13800560E+01  0.42185754E+00  0.16288619E+01  0.32817691E+00
  0.11144220E+01  0.14538014E+00  0.11865024E+01  0.11907802E+00
  0.10240366E+01  0.31757105E-01  0.10374916E+01  0.26665046E-01
  0.10047368E+01  0.62918720E-02  0.10072714E+01  0.53109079E-02
  0.10009137E+01  0.12143353E-02  0.10013971E+01  0.10260529E-02
  0.10001753E+01  0.23306992E-03  0.10002679E+01  0.19697092E-03
  0.10000336E+01  0.44668669E-04  0.10000513E+01  0.37751582E-04
  0.10000064E+01  0.85530265E-05  0.10000098E+01  0.72286145E-05
  0.10000012E+01  0.16360812E-05  0.10000019E+01  0.13827406E-05
  0.10000002E+01  0.31258592E-06  0.10000004E+01  0.26418330E-06
  0.10000000E+01  0.59635050E-07  0.10000001E+01  0.50400816E-07
  0.10000000E+01  0.11357240E-07  0.10000000E+01  0.95986200E-08
  0.10000000E+01  0.21584296E-08  0.10000000E+01  0.18242060E-08
  0.10000000E+01  0.40919820E-09  0.10000000E+01  0.34583560E-09
  0.10000000E+01  0.77352772E-10  0.10000000E+01  0.65375025E-10
  0.10000000E+01  0.14573686E-10  0.10000000E+01  0.12317013E-10
  0.10000000E+01  0.27346153E-11  0.10000000E+01  0.23111718E-11
  0.10000000E+01  0.51077729E-12  0.10000000E+01  0.43168560E-12
  0.10000000E+01  0.94895930E-13  0.10000000E+01  0.80201699E-13
  0.10000000E+01  0.17361032E-13  0.10000000E+01  0.14672750E-13
  0.10000000E+01  0.29717583E-14  0.10000000E+01  0.25115942E-14
  0.10000000E+01  0.35534708E-15  0.10000000E+01  0.30032310E-15
  0.10000000E+01  0.00000000E+00  0.10000000E+01  0.00000000E+00
  0.10000000E+01  0.00000000E+00  0.10000000E+01  0.00000000E+00
  0.10000000E+01  0.00000000E+00  0.10000000E+01  0.00000000E+00
  0.10000000E+01  0.00000000E+00  0.10000000E+01  0.00000000E+00
  0.10000000E+01  0.00000000E+00  0.10000000E+01  0.00000000E+00
  0.10000000E+01  0.00000000E+00  0.10000000E+01  0.00000000E+00
  0.10000000E+01  0.00000000E+00  0.10000000E+01  0.00000000E+00
  0.10000000E+01  0.00000000E+00  0.10000000E+01  0.00000000E+00
  0.10000000E+01  0.00000000E+00  0.10000000E+01  0.00000000E+00
  0.10000000E+01  0.00000000E+00  0.10000000E+01  0.00000000E+00
  0.10000000E+01  0.00000000E+00  0.10000000E+01  0.00000000E+00
  0.10000000E+01  0.00000000E+00  0.10000000E+01  0.00000000E+00
  0.10000000E+01  0.00000000E+00  0.10000000E+01  0.00000000E+00
  0.10000000E+01  0.00000000E+00  0.10000000E+01  0.00000000E+00
  0.10000000E+01  0.00000000E+00  0.10000000E+01  0.00000000E+00
  0.10000000E+01  0.00000000E+00  0.10000000E+01  0.00000000E+00
  0.10000000E+01  0.00000000E+00  0.10000000E+01  0.00000000E+00
  0.10000000E+01  0.00000000E+00  0.10000000E+01  0.00000000E+00
  0.10000000E+01  0.00000000E+00  0.10000000E+01  0.00000000E+00
  0.10000000E+01  0.00000000E+00  0.10000000E+01  0.00000000E+00
  0.10000000E+01  0.00000000E+00  0.10000000E+01  0.00000000E+00
  0.10000000E+01  0.00000000E+00  0.10000000E+01  0.00000000E+00
  0.10000000E+01  0.00000000E+00  0.10000000E+01  0.00000000E+00
  0.10000000E+01  0.00000000E+00  0.10000000E+01  0.00000000E+00
  0.10000000E+01  0.00000000E+00  0.10000000E+01  0.00000000E+00
  0.10000000E+01  0.00000000E+00  0.10000000E+01  0.00000000E+00
  0.10000000E+01  0.00000000E+00  0.10000000E+01  0.00000000E+00
  0.10000000E+01  0.00000000E+00  0.10000000E+01  0.00000000E+00
  0.10000000E+01  0.00000000E+00  0.10000000E+01  0.00000000E+00
  0.10000000E+01  0.00000000E+00  0.10000000E+01  0.00000000E+00
  0.10000000E+01  0.00000000E+00  0.10000000E+01  0.00000000E+00
  0.10000000E+01  0.00000000E+00  0.10000000E+01  0.00000000E+00
  0.10000000E+01  0.00000000E+00  0.10000000E+01  0.00000000E+00
  0.10000000E+01  0.00000000E+00  0.10000000E+01  0.00000000E+00
  0.10000000E+01  0.00000000E+00  0.10000000E+01  0.00000000E+00
  0.10000000E+01  0.00000000E+00  0.10000000E+01  0.00000000E+00
  0.10000000E+01  0.00000000E+00  0.10000000E+01  0.00000000E+00
  0.10000000E+01  0.00000000E+00  0.10000000E+01  0.00000000E+00
  0.10000000E+01  0.00000000E+00  0.10000000E+01  0.00000000E+00
  0.10000000E+01  0.00000000E+00  0.10000000E+01  0.00000000E+00
  0.10000000E+01  0.00000000E+00  0.10000000E+01  0.00000000E+00
  0.10000000E+01  0.00000000E+00  0.10000000E+01  0.00000000E+00
  0.10000000E+01  0.00000000E+00  0.10000000E+01  0.00000000E+00
  0.10000000E+01  0.00000000E+00  0.10000000E+01  0.00000000E+00
  0.10000000E+01  0.00000000E+00  0.10000000E+01  0.00000000E+00
  0.10000000E+01  0.00000000E+00  0.10000000E+01  0.00000000E+00
  0.10000000E+01  0.00000000E+00  0.10000000E+01  0.00000000E+00
  0.10000000E+01  0.00000000E+00  0.10000000E+01  0.00000000E+00
  0.10000000E+01  0.00000000E+00  0.10000000E+01  0.00000000E+00
  0.10000000E+01  0.00000000E+00  0.10000000E+01  0.00000000E+00
  0.10000000E+01  0.00000000E+00  0.10000000E+01  0.00000000E+00
  0.10000000E+01  0.00000000E+00  0.10000000E+01  0.00000000E+00
  0.10000000E+01  0.00000000E+00  0.10000000E+01  0.00000000E+00
  0.10000000E+01  0.00000000E+00  0.10000000E+01  0.00000000E+00
  0.10000000E+01  0.00000000E+00  0.10000000E+01  0.00000000E+00
  0.10000000E+01  0.00000000E+00  0.10000000E+01  0.00000000E+00
  0.10000000E+01  0.00000000E+00  0.10000000E+01  0.00000000E+00
  0.10000000E+01  0.00000000E+00  0.10000000E+01  0.00000000E+00
  0.10000000E+01  0.00000000E+00  0.10000000E+01  0.00000000E+00
  0.10000000E+01  0.00000000E+00  0.10000000E+01  0.00000000E+00
  0.10000000E+01  0.00000000E+00  0.10000000E+01  0.00000000E+00
  0.10000000E+01  0.00000000E+00  0.10000000E+01  0.00000000E+00
  0.10000000E+01  0.00000000E+00  0.10000000E+01  0.00000000E+00
  0.10000000E+01  0.00000000E+00  0.10000000E+01  0.00000000E+00
  0.10000000E+01  0.00000000E+00  0.10000000E+01  0.00000000E+00
  0.10000000E+01  0.00000000E+00  0.10000000E+01  0.00000000E+00
  0.10000000E+01  0.00000000E+00  0.10000000E+01  0.00000000E+00
  0.10000000E+01  0.00000000E+00  0.10000000E+01  0.00000000E+00
  0.10000000E+01  0.00000000E+00  0.10000000E+01  0.00000000E+00
  0.10000000E+01  0.00000000E+00  0.10000000E+01  0.00000000E+00
  0.10000000E+01  0.00000000E+00  0.10000000E+01  0.00000000E+00
  0.10000000E+01  0.00000000E+00  0.10000000E+01  0.00000000E+00
  0.10000000E+01  0.00000000E+00  0.10000000E+01  0.00000000E+00
  0.10000000E+01  0.00000000E+00  0.10000000E+01  0.00000000E+00
  0.10000000E+01  0.00000000E+00  0.10000000E+01  0.00000000E+00
  0.10000000E+01  0.00000000E+00  0.10000000E+01  0.00000000E+00
  0.10000000E+01  0.00000000E+00  0.10000000E+01  0.00000000E+00
  0.10000000E+01  0.00000000E+00  0.10000000E+01  0.00000000E+00
  0.10000000E+01  0.00000000E+00  0.10000000E+01  0.00000000E+00
  0.10000000E+01  0.00000000E+00  0.10000000E+01  0.00000000E+00
  0.10000000E+01  0.00000000E+00  0.10000000E+01  0.00000000E+00
  0.10000000E+01  0.00000000E+00  0.10000000E+01  0.00000000E+00
  0.10000000E+01  0.00000000E+00  0.10000000E+01  0.00000000E+00
  0.10000000E+01  0.00000000E+00  0.10000000E+01  0.00000000E+00
  0.10000000E+01  0.00000000E+00  0.10000000E+01  0.00000000E+00
  0.10000000E+01  0.00000000E+00  0.10000000E+01  0.00000000E+00
  0.10000000E+01  0.00000000E+00  0.10000000E+01  0.00000000E+00
  0.10000000E+01  0.00000000E+00  0.10000000E+01  0.00000000E+00
  0.10000000E+01  0.00000000E+00  0.10000000E+01  0.00000000E+00
  0.10000000E+01  0.00000000E+00  0.10000000E+01  0.00000000E+00
  0.10000000E+01  0.00000000E+00  0.10000000E+01  0.00000000E+00
  0.10000000E+01  0.00000000E+00  0.10000000E+01  0.00000000E+00
  0.10000000E+01  0.00000000E+00  0.10000000E+01  0.00000000E+00
  0.10000000E+01  0.00000000E+00  0.10000000E+01  0.00000000E+00
  0.10000000E+01  0.00000000E+00  0.10000000E+01  0.00000000E+00
  0.10000000E+01  0.00000000E+00  0.10000000E+01  0.00000000E+00
  0.10000000E+01  0.00000000E+00  0.10000000E+01  0.00000000E+00
  0.10000000E+01  0.00000000E+00  0.10000000E+01  0.00000000E+00
  0.10000000E+01  0.00000000E+00  0.10000000E+01  0.00000000E+00
  0.10000000E+01  0.00000000E+00  0.10000000E+01  0.00000000E+00
  0.10000000E+01  0.00000000E+00  0.10000000E+01  0.00000000E+00
  0.10000000E+01  0.00000000E+00  0.10000000E+01  0.00000000E+00
  0.10000000E+01  0.00000000E+00  0.10000000E+01  0.00000000E+00
  0.10000000E+01  0.00000000E+00  0.10000000E+01  0.00000000E+00
  0.10000000E+01  0.00000000E+00  0.10000000E+01  0.00000000E+00
  0.10000000E+01  0.00000000E+00  0.10000000E+01  0.00000000E+00
  0.10000000E+01  0.00000000E+00  0.10000000E+01  0.00000000E+00
  0.10000000E+01  0.00000000E+00  0.10000000E+01  0.00000000E+00
  0.10000000E+01  0.00000000E+00  0.10000000E+01  0.00000000E+00
  0.10000000E+01  0.00000000E+00  0.10000000E+01  0.00000000E+00
  0.10000000E+01  0.00000000E+00  0.10000000E+01  0.00000000E+00
  0.10000000E+01  0.00000000E+00  0.10000000E+01  0.00000000E+00
  0.10000000E+01  0.00000000E+00  0.10000000E+01  0.00000000E+00
  0.10000000E+01  0.00000000E+00  0.10000000E+01  0.00000000E+00
  0.10000000E+01  0.00000000E+00  0.10000000E+01  0.00000000E+00
  0.10000000E+01  0.00000000E+00  0.10000000E+01  0.00000000E+00
  0.10000000E+01  0.00000000E+00  0.10000000E+01  0.00000000E+00
  0.10000000E+01  0.00000000E+00  0.10000000E+01  0.00000000E+00
  0.10000000E+01  0.00000000E+00  0.10000000E+01  0.00000000E+00
  0.10000000E+01  0.00000000E+00  0.10000000E+01  0.00000000E+00
  0.10000000E+01  0.00000000E+00  0.10000000E+01  0.00000000E+00
  0.10000000E+01  0.00000000E+00  0.10000000E+01  0.00000000E+00
  0.10000000E+01  0.00000000E+00  0.10000000E+01  0.00000000E+00
  0.10000000E+01  0.00000000E+00  0.10000000E+01  0.00000000E+00
  0.10000000E+01  0.00000000E+00  0.10000000E+01  0.00000000E+00
  0.10000000E+01  0.00000000E+00  0.10000000E+01  0.00000000E+00
  0.10000000E+01  0.00000000E+00  0.10000000E+01  0.00000000E+00
  0.10000000E+01  0.00000000E+00  0.10000000E+01  0.00000000E+00
  0.10000000E+01  0.00000000E+00  0.10000000E+01  0.00000000E+00
  0.10000000E+01  0.00000000E+00  0.10000000E+01  0.00000000E+00
  0.10000000E+01  0.00000000E+00  0.10000000E+01  0.00000000E+00
  0.10000000E+01  0.00000000E+00  0.10000000E+01  0.00000000E+00
  0.10000000E+01  0.00000000E+00  0.10000000E+01  0.00000000E+00
  0.10000000E+01  0.00000000E+00  0.10000000E+01  0.00000000E+00
  0.10000000E+01  0.00000000E+00  0.10000000E+01  0.00000000E+00
  0.10000000E+01  0.00000000E+00  0.10000000E+01  0.00000000E+00
  0.10000000E+01  0.00000000E+00  0.10000000E+01  0.00000000E+00
  0.10000000E+01  0.00000000E+00  0.10000000E+01  0.00000000E+00
  0.10000000E+01  0.00000000E+00  0.10000000E+01  0.00000000E+00
  0.10000000E+01  0.00000000E+00  0.10000000E+01  0.00000000E+00
  0.10000000E+01  0.00000000E+00  0.10000000E+01  0.00000000E+00
  0.10000000E+01  0.00000000E+00  0.10000000E+01  0.00000000E+00
  0.10000000E+01  0.00000000E+00  0.10000000E+01  0.00000000E+00
  0.10000000E+01  0.00000000E+00  0.10000000E+01  0.00000000E+00
  0.10000000E+01  0.00000000E+00  0.10000000E+01  0.00000000E+00
  0.10000000E+01  0.00000000E+00  0.10000000E+01  0.00000000E+00
  0.10000000E+01  0.00000000E+00  0.10000000E+01  0.00000000E+00
  0.10000000E+01  0.00000000E+00  0.10000000E+01  0.00000000E+00
  0.10000000E+01  0.00000000E+00  0.10000000E+01  0.00000000E+00
  0.10000000E+01  0.00000000E+00  0.10000000E+01  0.00000000E+00
  0.10000000E+01  0.00000000E+00  0.10000000E+01  0.00000000E+00
  0.10000000E+01  0.00000000E+00  0.10000000E+01  0.00000000E+00
  0.10000000E+01  0.00000000E+00  0.10000000E+01  0.00000000E+00
  0.10000000E+01  0.00000000E+00  0.10000000E+01  0.00000000E+00
  0.10000000E+01  0.00000000E+00  0.10000000E+01  0.00000000E+00
  0.10000000E+01  0.00000000E+00  0.10000000E+01  0.00000000E+00
  0.10000000E+01  0.00000000E+00  0.10000000E+01  0.00000000E+00
  0.10000000E+01  0.00000000E+00  0.10000000E+01  0.00000000E+00
  0.10000000E+01  0.00000000E+00  0.10000000E+01  0.00000000E+00
  0.10000000E+01  0.00000000E+00  0.10000000E+01  0.00000000E+00
  0.10000000E+01  0.00000000E+00  0.10000000E+01  0.00000000E+00
  0.10000000E+01  0.00000000E+00  0.10000000E+01  0.00000000E+00
  0.10000000E+01  0.00000000E+00  0.10000000E+01  0.00000000E+00
  0.10000000E+01  0.00000000E+00  0.10000000E+01  0.00000000E+00
  0.10000000E+01  0.00000000E+00  0.10000000E+01  0.00000000E+00
  0.10000000E+01  0.00000000E+00  0.10000000E+01  0.00000000E+00
  0.10000000E+01  0.00000000E+00  0.10000000E+01  0.00000000E+00
  0.10000000E+01  0.00000000E+00  0.10000000E+01  0.00000000E+00
  0.10000000E+01  0.00000000E+00  0.10000000E+01  0.00000000E+00
  0.10000000E+01  0.00000000E+00  0.10000000E+01  0.00000000E+00
  0.10000000E+01  0.00000000E+00  0.10000000E+01  0.00000000E+00
  0.10000000E+01  0.00000000E+00  0.10000000E+01  0.00000000E+00
  0.10000000E+01  0.00000000E+00  0.10000000E+01  0.00000000E+00
  0.10000000E+01  0.00000000E+00  0.10000000E+01  0.00000000E+00
  0.10000000E+01  0.00000000E+00  0.10000000E+01  0.00000000E+00
  0.10000000E+01  0.00000000E+00  0.10000000E+01  0.00000000E+00
  0.10000000E+01  0.00000000E+00  0.10000000E+01  0.00000000E+00
  0.10000000E+01  0.00000000E+00  0.10000000E+01  0.00000000E+00
  0.10000000E+01  0.00000000E+00  0.10000000E+01  0.00000000E+00
  0.10000000E+01  0.00000000E+00  0.10000000E+01  0.00000000E+00
  0.10000000E+01  0.00000000E+00  0.10000000E+01  0.00000000E+00
  0.10000000E+01  0.00000000E+00  0.10000000E+01  0.00000000E+00
  0.10000000E+01  0.00000000E+00  0.10000000E+01  0.00000000E+00
  0.10000000E+01  0.00000000E+00  0.10000000E+01  0.00000000E+00
  0.10000000E+01  0.00000000E+00  0.10000000E+01  0.00000000E+00
  0.10000000E+01  0.00000000E+00  0.10000000E+01  0.00000000E+00
  0.10000000E+01  0.00000000E+00  0.10000000E+01  0.00000000E+00
