  0.50000000E+01  0.00000000E+00  0.50000000E+01  0.00000000E+00
  0.50000000E+01  0.00000000E+00  0.50000000E+01  0.00000000E+00
  0.50000000E+01  0.00000000E+00  0.50000000E+01  0.00000000E+00
  0.50000000E+01  0.00000000E+00  0.50000000E+01  0.00000000E+00
  0.50000000E+01  0.00000000E+00  0.50000000E+01  0.00000000E+00
  0.50000000E+01  0.00000000E+00  0.50000000E+01  0.00000000E+00
  0.50000000E+01  0.00000000E+00  0.50000000E+01  0.00000000E+00
  0.50000000E+01  0.00000000E+00  0.50000000E+01  0.00000000E+00
  0.50000000E+01  0.00000000E+00  0.50000000E+01  0.00000000E+00
  0.50000000E+01  0.00000000E+00  0.50000000E+01  0.00000000E+00
  0.50000000E+01  0.00000000E+00  0.50000000E+01  0.00000000E+00
  0.50000000E+01  0.00000000E+00  0.50000000E+01  0.00000000E+00
  0.50000000E+01  0.00000000E+00  0.50000000E+01  0.00000000E+00
  0.50000000E+01  0.00000000E+00  0.50000000E+01  0.00000000E+00
  0.50000000E+01  0.00000000E+00  0.50000000E+01  0.00000000E+00
  0.50000000E+01  0.00000000E+00  0.50000000E+01  0.00000000E+00
  0.50000000E+01  0.00000000E+00  0.50000000E+01  0.00000000E+00
  0.50000000E+01  0.00000000E+00  0.50000000E+01  0.00000000E+00
  0.50000000E+01  0.00000000E+00  0.50000000E+01  0.00000000E+00
  0.50000000E+01  0.00000000E+00  0.50000000E+01  0.00000000E+00
  0.50000000E+01  0.00000000E+00  0.50000000E+01  0.00000000E+00
  0.50000000E+01  0.00000000E+00  0.50000000E+01  0.00000000E+00
  0.50000000E+01  0.00000000E+00  0.50000000E+01  0.00000000E+00
  0.50000000E+01  0.00000000E+00  0.50000000E+01  0.00000000E+00
  0.50000000E+01  0.00000000E+00  0.50000000E+01  0.00000000E+00
  0.50000000E+01  0.00000000E+00  0.50000000E+01  0.00000000E+00
  0.50000000E+01  0.00000000E+00  0.50000000E+01  0.00000000E+00
  0.50000000E+01  0.00000000E+00  0.50000000E+01  0.00000000E+00
  0.50000000E+01  0.00000000E+00  0.50000000E+01  0.00000000E+00
  0.50000000E+01  0.00000000E+00  0.50000000E+01  0.00000000E+00
  0.50000000E+01  0.00000000E+00  0.50000000E+01  0.00000000E+00
  0.50000000E+01  0.00000000E+00  0.50000000E+01  0.00000000E+00
  0.50000000E+01  0.00000000E+00  0.50000000E+01  0.00000000E+00
  0.50000000E+01  0.00000000E+00  0.50000000E+01  0.00000000E+00
  0.50000000E+01  0.00000000E+00  0.50000000E+01  0.00000000E+00
  0.50000000E+01  0.00000000E+00  0.50000000E+01  0.00000000E+00
  0.50000000E+01  0.00000000E+00  0.50000000E+01  0.00000000E+00
  0.50000000E+01  0.00000000E+00  0.50000000E+01  0.00000000E+00
  0.50000000E+01  0.00000000E+00  0.50000000E+01  0.00000000E+00
  0.50000000E+01  0.00000000E+00  0.50000000E+01  0.00000000E+00
  0.50000000E+01  0.00000000E+00  0.50000000E+01  0.00000000E+00
  0.50000000E+01  0.00000000E+00  0.50000000E+01  0.00000000E+00
  0.50000000E+01  0.00000000E+00  0.50000000E+01  0.00000000E+00
  0.50000000E+01  0.00000000E+00  0.50000000E+01  0.00000000E+00
  0.50000000E+01  0.00000000E+00  0.50000000E+01  0.00000000E+00
  0.50000000E+01  0.00000000E+00  0.50000000E+01  0.00000000E+00
  0.50000000E+01  0.00000000E+00  0.50000000E+01  0.00000000E+00
  0.50000000E+01  0.00000000E+00  0.50000000E+01  0.00000000E+00
  0.50000000E+01  0.00000000E+00  0.50000000E+01  0.00000000E+00
  0.50000000E+01  0.00000000E+00  0.50000000E+01  0.00000000E+00
  0.50000000E+01  0.00000000E+00  0.50000000E+01  0.00000000E+00
  0.50000000E+01  0.00000000E+00  0.50000000E+01  0.00000000E+00
  0.50000000E+01  0.00000000E+00  0.50000000E+01  0.00000000E+00
  0.50000000E+01  0.00000000E+00  0.50000000E+01  0.00000000E+00
  0.50000000E+01  0.00000000E+00  0.50000000E+01  0.00000000E+00
  0.50000000E+01  0.00000000E+00  0.50000000E+01  0.00000000E+00
  0.50000000E+01  0.00000000E+00  0.50000000E+01  0.00000000E+00
  0.50000000E+01  0.00000000E+00  0.50000000E+01  0.00000000E+00
  0.50000000E+01  0.00000000E+00  0.50000000E+01  0.00000000E+00
  0.50000000E+01  0.00000000E+00  0.50000000E+01  0.00000000E+00
  0.50000000E+01  0.00000000E+00  0.50000000E+01  0.00000000E+00
  0.50000000E+01  0.00000000E+00  0.50000000E+01  0.00000000E+00
  0.50000000E+01  0.00000000E+00  0.50000000E+01  0.00000000E+00
  0.50000000E+01  0.00000000E+00  0.50000000E+01  0.00000000E+00
  0.50000000E+01  0.00000000E+00  0.50000000E+01  0.00000000E+00
  0.50000000E+01  0.00000000E+00  0.50000000E+01  0.00000000E+00
  0.50000000E+01  0.00000000E+00  0.50000000E+01  0.00000000E+00
  0.50000000E+01  0.00000000E+00  0.50000000E+01  0.00000000E+00
  0.50000000E+01  0.00000000E+00  0.50000000E+01  0.00000000E+00
  0.50000000E+01  0.00000000E+00  0.50000000E+01  0.00000000E+00
  0.50000000E+01  0.00000000E+00  0.50000000E+01  0.00000000E+00
  0.50000000E+01  0.00000000E+00  0.50000000E+01  0.00000000E+00
  0.50000000E+01  0.00000000E+00  0.50000000E+01  0.00000000E+00
  0.50000000E+01  0.00000000E+00  0.50000000E+01  0.00000000E+00
  0.50000000E+01  0.00000000E+00  0.50000000E+01  0.00000000E+00
  0.50000000E+01  0.00000000E+00  0.50000000E+01  0.00000000E+00
  0.50000000E+01  0.00000000E+00  0.50000000E+01  0.00000000E+00
  0.50000000E+01  0.00000000E+00  0.50000000E+01  0.00000000E+00
  0.50000000E+01  0.00000000E+00  0.50000000E+01  0.00000000E+00
  0.50000000E+01  0.00000000E+00  0.50000000E+01  0.00000000E+00
  0.50000000E+01  0.00000000E+00  0.50000000E+01  0.00000000E+00
  0.50000000E+01  0.00000000E+00  0.50000000E+01  0.00000000E+00
  0.50000000E+01  0.00000000E+00  0.50000000E+01  0.00000000E+00
  0.50000000E+01  0.00000000E+00  0.50000000E+01  0.00000000E+00
  0.50000000E+01  0.00000000E+00  0.50000000E+01  0.00000000E+00
  0.50000000E+01  0.30239121E-15  0.50000000E+01  0.25556722E-15
  0.50000000E+01  0.13233463E-14  0.50000000E+01  0.11184318E-14
  0.50000000E+01  0.33224173E-14  0.50000000E+01  0.28079552E-14
  0.50000000E+01  0.74532756E-14  0.50000000E+01  0.62991677E-14
  0.50000000E+01  0.17063573E-13  0.50000000E+01  0.14421351E-13
  0.50000000E+01  0.41402557E-13  0.50000000E+01  0.34991547E-13
  0.50000000E+01  0.10208902E-12  0.50000000E+01  0.86280971E-13
  0.50000000E+01  0.25139186E-12  0.50000000E+01  0.21246490E-12
  0.50000000E+01  0.61385067E-12  0.50000000E+01  0.51879851E-12
  0.50000000E+01  0.14868991E-11  0.50000000E+01  0.12566591E-11
  0.50000000E+01  0.35648813E-11  0.50000000E+01  0.30128746E-11
  0.50000000E+01  0.84579900E-11  0.50000000E+01  0.71483063E-11
  0.50000000E+01  0.19853385E-10  0.50000000E+01  0.16779173E-10
  0.50000000E+01  0.46090400E-10  0.50000000E+01  0.38953498E-10
  0.50000000E+01  0.10581737E-09  0.50000000E+01  0.89432002E-10
  0.50000000E+01  0.24020270E-09  0.50000000E+01  0.20300833E-09
  0.50000000E+01  0.53900265E-09  0.50000000E+01  0.45554038E-09
  0.50000000E+01  0.11953896E-08  0.50000000E+01  0.10102887E-08
  0.50000000E+01  0.26196286E-08  0.50000000E+01  0.22139903E-08
  0.50000000E+01  0.56712990E-08  0.50000000E+01  0.47931225E-08
  0.50000000E+01  0.12126465E-07  0.49999999E+01  0.10248734E-07
  0.49999999E+01  0.25602657E-07  0.49999998E+01  0.21638194E-07
  0.49999998E+01  0.53360339E-07  0.49999997E+01  0.45097719E-07
  0.49999996E+01  0.10975177E-06  0.49999994E+01  0.92757175E-07
  0.49999991E+01  0.22270630E-06  0.49999987E+01  0.18822118E-06
  0.49999982E+01  0.44569878E-06  0.49999974E+01  0.37668425E-06
  0.49999964E+01  0.87940420E-06  0.49999948E+01  0.74323232E-06
  0.49999930E+01  0.17100667E-05  0.49999899E+01  0.14452706E-05
  0.49999865E+01  0.32759865E-05  0.49999807E+01  0.27687155E-05
  0.49999745E+01  0.61800089E-05  0.49999637E+01  0.52230665E-05
  0.49999527E+01  0.11474987E-04  0.49999325E+01  0.96981536E-05
  0.49999135E+01  0.20961023E-04  0.49998767E+01  0.17715363E-04
  0.49998444E+01  0.37647152E-04  0.49997784E+01  0.31817861E-04
  0.49997250E+01  0.66443525E-04  0.49996088E+01  0.56155681E-04
  0.49995228E+01  0.11515783E-03  0.49993218E+01  0.97328089E-04
  0.49991873E+01  0.19586237E-03  0.49988463E+01  0.16553956E-03
  0.49986428E+01  0.32666233E-03  0.49980753E+01  0.27609573E-03
  0.49977793E+01  0.53381526E-03  0.49968541E+01  0.45119801E-03
  0.49964428E+01  0.85401302E-03  0.49949664E+01  0.72187940E-03
  0.49944266E+01  0.13364414E-02  0.49921224E+01  0.11297598E-02
  0.49914661E+01  0.20440098E-02  0.49879524E+01  0.17281119E-02
  0.49872406E+01  0.30529651E-02  0.49820094E+01  0.25815808E-02
  0.49813855E+01  0.44500964E-02  0.49737875E+01  0.37638895E-02
  0.49735173E+01  0.63270105E-02  0.49627572E+01  0.53530937E-02
  0.49632712E+01  0.87716025E-02  0.49484185E+01  0.74244745E-02
  0.49503453E+01  0.11857750E-01  0.49303633E+01  0.10041915E-01
  0.49345456E+01  0.15635146E-01  0.49083362E+01  0.13249343E-01
  0.49158179E+01  0.20121654E-01  0.48822792E+01  0.17064212E-01
  0.48942597E+01  0.25300237E-01  0.48523458E+01  0.21474754E-01
  0.48701080E+01  0.31121420E-01  0.48188822E+01  0.26441831E-01
  0.48437042E+01  0.37510697E-01  0.47823778E+01  0.31904944E-01
  0.48154477E+01  0.44378982E-01  0.47433992E+01  0.37790864E-01
  0.47857473E+01  0.51633620E-01  0.47025231E+01  0.44022831E-01
  0.47549811E+01  0.59187766E-01  0.46602806E+01  0.50528488E-01
  0.47234700E+01  0.66966912E-01  0.46171209E+01  0.57245481E-01
  0.46914637E+01  0.74912453E-01  0.45733935E+01  0.64124634E-01
  0.46591377E+01  0.82983200E-01  0.45293428E+01  0.71131398E-01
  0.46266050E+01  0.91154522E-01  0.44851153E+01  0.78245363E-01
  0.45940060E+01  0.99381903E-01  0.44409160E+01  0.85428502E-01
  0.45614685E+01  0.10764529E+00  0.43969336E+01  0.92663437E-01
  0.45290129E+01  0.11593407E+00  0.43531883E+01  0.99941329E-01
  0.44966692E+01  0.12424253E+00  0.43097182E+01  0.10725741E+00
  0.44644605E+01  0.13256404E+00  0.42665540E+01  0.11460606E+00
  0.44324094E+01  0.14089239E+00  0.42237250E+01  0.12198197E+00
  0.44005377E+01  0.14922282E+00  0.41812591E+01  0.12938102E+00
  0.43688502E+01  0.15755138E+00  0.41391643E+01  0.13679979E+00
  0.43373668E+01  0.16588008E+00  0.40974544E+01  0.14424017E+00
  0.43060622E+01  0.17420430E+00  0.40561096E+01  0.15169811E+00
  0.42749482E+01  0.18252388E+00  0.40151324E+01  0.15917365E+00
  0.42440460E+01  0.19084488E+00  0.39745471E+01  0.16667202E+00
  0.42133166E+01  0.19915896E+00  0.39343149E+01  0.17418604E+00
  0.41827771E+01  0.20746751E+00  0.38944434E+01  0.18171708E+00
  0.41524508E+01  0.21577773E+00  0.38549600E+01  0.18927136E+00
  0.41222940E+01  0.22408052E+00  0.38158216E+01  0.19684099E+00
  0.40923243E+01  0.23237754E+00  0.37770346E+01  0.20442767E+00
  0.40625621E+01  0.24067608E+00  0.37386244E+01  0.21203766E+00
  0.40329761E+01  0.24896901E+00  0.37005593E+01  0.21966478E+00
  0.40035619E+01  0.25725421E+00  0.36628265E+01  0.22730740E+00
  0.39743480E+01  0.26553936E+00  0.36254543E+01  0.23497227E+00
  0.39453285E+01  0.27382406E+00  0.35884409E+01  0.24265893E+00
  0.39164691E+01  0.28209999E+00  0.35517453E+01  0.25036032E+00
  0.38877891E+01  0.29037082E+00  0.35153816E+01  0.25807983E+00
  0.38593051E+01  0.29864351E+00  0.34793688E+01  0.26582351E+00
  0.38310034E+01  0.30691436E+00  0.34436942E+01  0.27358808E+00
  0.38028600E+01  0.31517665E+00  0.34083269E+01  0.28136792E+00
  0.37748907E+01  0.32343387E+00  0.33732823E+01  0.28916607E+00
  0.37471221E+01  0.33169492E+00  0.33385801E+01  0.29699068E+00
  0.37195083E+01  0.33995114E+00  0.33041918E+01  0.30483345E+00
  0.36920833E+01  0.34820266E+00  0.32701174E+01  0.31269587E+00
  0.36647949E+01  0.35644623E+00  0.32363463E+01  0.32057330E+00
  0.36377360E+01  0.36469396E+00  0.32029093E+01  0.32847916E+00
  0.36107880E+01  0.37293442E+00  0.31697699E+01  0.33639969E+00
  0.35840839E+01  0.38117487E+00  0.31369552E+01  0.34434611E+00
  0.35574572E+01  0.38940403E+00  0.31044215E+01  0.35230267E+00
  0.35311046E+01  0.39763661E+00  0.30722117E+01  0.36028989E+00
  0.35048043E+01  0.40586045E+00  0.30402883E+01  0.36828770E+00
  0.34788175E+01  0.41408706E+00  0.30086900E+01  0.37631779E+00
  0.34528267E+01  0.42230057E+00  0.29773594E+01  0.38435224E+00
  0.34271871E+01  0.43051748E+00  0.29463491E+01  0.39242221E+00
  0.34015301E+01  0.43872256E+00  0.29156114E+01  0.40049611E+00
  0.33762325E+01  0.44693097E+00  0.28851974E+01  0.40860609E+00
  0.33509120E+01  0.45512391E+00  0.28550450E+01  0.41671648E+00
  0.33259525E+01  0.46332012E+00  0.28252126E+01  0.42486367E+00
  0.33009681E+01  0.47150030E+00  0.27956449E+01  0.43300969E+00
  0.32763584E+01  0.47968357E+00  0.27664024E+01  0.44119325E+00
  0.32517210E+01  0.48784721E+00  0.27374191E+01  0.44937179E+00
  0.32274613E+01  0.49600985E+00  0.27087611E+01  0.45758465E+00
  0.32031660E+01  0.50414926E+00  0.26803656E+01  0.46578750E+00
  0.31792868E+01  0.51229345E+00  0.26523206E+01  0.47403088E+00
  0.31554094E+01  0.52041417E+00  0.26245540E+01  0.48226439E+00
  0.31318096E+01  0.52850174E+00  0.25970530E+01  0.49050075E+00
  0.31083626E+01  0.53658725E+00  0.25699103E+01  0.49875032E+00
  0.30852447E+01  0.54466602E+00  0.25431495E+01  0.50702005E+00
  0.30622243E+01  0.55268060E+00  0.25166188E+01  0.51525235E+00
  0.30393366E+01  0.56065205E+00  0.24904127E+01  0.52345956E+00
  0.30170500E+01  0.56864193E+00  0.24647388E+01  0.53171715E+00
  0.29948111E+01  0.57654924E+00  0.24393882E+01  0.53990413E+00
  0.29726941E+01  0.58433004E+00  0.24142971E+01  0.54799167E+00
  0.29513145E+01  0.59211205E+00  0.23898734E+01  0.55610933E+00
  0.29303495E+01  0.59984211E+00  0.23661252E+01  0.56417493E+00
  0.29093713E+01  0.60730015E+00  0.23425768E+01  0.57199473E+00
  0.28890406E+01  0.61459120E+00  0.23196625E+01  0.57967789E+00
  0.28700289E+01  0.62192405E+00  0.22981239E+01  0.58739434E+00
  0.28514983E+01  0.62896094E+00  0.22773831E+01  0.59480987E+00
  0.28328400E+01  0.63537761E+00  0.22568083E+01  0.60163291E+00
  0.28157980E+01  0.64159539E+00  0.22377264E+01  0.60826731E+00
  0.28012217E+01  0.64788262E+00  0.22212023E+01  0.61491062E+00
  0.27868608E+01  0.65335630E+00  0.22053709E+01  0.62073022E+00
  0.27724489E+01  0.65781599E+00  0.21898523E+01  0.62555396E+00
  0.27611113E+01  0.66217948E+00  0.21770301E+01  0.63026246E+00
  0.27527342E+01  0.66650848E+00  0.21674799E+01  0.63481367E+00
  0.27441186E+01  0.66964208E+00  0.21582104E+01  0.63816542E+00
  0.27357721E+01  0.67174708E+00  0.21493697E+01  0.64051038E+00
  0.27304617E+01  0.67387477E+00  0.21432474E+01  0.64283139E+00
  0.27274866E+01  0.67597053E+00  0.21398326E+01  0.64499325E+00
  0.27242328E+01  0.67720825E+00  0.21364360E+01  0.64630184E+00
  0.27209307E+01  0.67775052E+00  0.21329601E+01  0.64695373E+00
  0.27190439E+01  0.67829304E+00  0.21307863E+01  0.64757714E+00
  0.27184937E+01  0.67897677E+00  0.21301171E+01  0.64826612E+00
  0.27179852E+01  0.67939956E+00  0.21296125E+01  0.64868595E+00
  0.27171510E+01  0.67950996E+00  0.21287668E+01  0.64882063E+00
  0.27164994E+01  0.67952142E+00  0.21280333E+01  0.64886558E+00
  0.27162767E+01  0.67962526E+00  0.21277585E+01  0.64898004E+00
  0.27163375E+01  0.67976873E+00  0.21278216E+01  0.64911467E+00
  0.27162740E+01  0.67982860E+00  0.21277730E+01  0.64917167E+00
  0.27161208E+01  0.67981609E+00  0.21276077E+01  0.64916663E+00
  0.27160462E+01  0.67980713E+00  0.21275065E+01  0.64916460E+00
  0.27160683E+01  0.67981817E+00  0.21275236E+01  0.64917518E+00
  0.27161129E+01  0.67982695E+00  0.21275755E+01  0.64918097E+00
  0.27161416E+01  0.67982081E+00  0.21276049E+01  0.64917406E+00
  0.27161450E+01  0.67980296E+00  0.21276056E+01  0.64915729E+00
  0.27161539E+01  0.67978777E+00  0.21276094E+01  0.64914330E+00
  0.27161914E+01  0.67978332E+00  0.21276438E+01  0.64913827E+00
  0.27162361E+01  0.67978559E+00  0.21276899E+01  0.64913876E+00
  0.27162637E+01  0.67978226E+00  0.21277181E+01  0.64913456E+00
  0.27162652E+01  0.67977011E+00  0.21277180E+01  0.64912316E+00
  0.27162647E+01  0.67975894E+00  0.21277120E+01  0.64911334E+00
  0.27162818E+01  0.67975419E+00  0.21277240E+01  0.64910901E+00
  0.27163095E+01  0.67975509E+00  0.21277505E+01  0.64910915E+00
  0.27163331E+01  0.67975632E+00  0.21277745E+01  0.64910946E+00
  0.27163443E+01  0.67975265E+00  0.21277857E+01  0.64910560E+00
  0.27163431E+01  0.67974505E+00  0.21277832E+01  0.64909859E+00
  0.27163450E+01  0.67973941E+00  0.21277824E+01  0.64909354E+00
  0.27163568E+01  0.67973744E+00  0.21277922E+01  0.64909159E+00
  0.27163734E+01  0.67973845E+00  0.21278080E+01  0.64909212E+00
  0.27163861E+01  0.67973888E+00  0.21278197E+01  0.64909227E+00
  0.27163904E+01  0.67973644E+00  0.21278227E+01  0.64908999E+00
  0.27163893E+01  0.67973265E+00  0.21278187E+01  0.64908684E+00
  0.27163921E+01  0.67973084E+00  0.21278179E+01  0.64908559E+00
  0.27163996E+01  0.67973085E+00  0.21278214E+01  0.64908596E+00
  0.27164085E+01  0.67973205E+00  0.21278270E+01  0.64908730E+00
  0.27164146E+01  0.67973233E+00  0.21278298E+01  0.64908788E+00
  0.27164188E+01  0.67973165E+00  0.21278298E+01  0.64908773E+00
  0.27164226E+01  0.67973059E+00  0.21278287E+01  0.64908734E+00
  0.27164287E+01  0.67972978E+00  0.21278296E+01  0.64908715E+00
  0.27164366E+01  0.67972903E+00  0.21278328E+01  0.64908689E+00
  0.27164457E+01  0.67972828E+00  0.21278380E+01  0.64908648E+00
  0.27164553E+01  0.67972763E+00  0.21278431E+01  0.64908623E+00
  0.27164626E+01  0.67972657E+00  0.21278460E+01  0.64908563E+00
  0.27164669E+01  0.67972518E+00  0.21278460E+01  0.64908483E+00
  0.27164719E+01  0.67972448E+00  0.21278464E+01  0.64908470E+00
  0.27164781E+01  0.67972463E+00  0.21278476E+01  0.64908540E+00
  0.27164830E+01  0.67972505E+00  0.21278485E+01  0.64908624E+00
  0.27164866E+01  0.67972543E+00  0.21278482E+01  0.64908708E+00
  0.27164893E+01  0.67972576E+00  0.21278470E+01  0.64908790E+00
  0.27164906E+01  0.67972573E+00  0.21278455E+01  0.64908827E+00
  0.27164916E+01  0.67972581E+00  0.21278447E+01  0.64908858E+00
  0.27164934E+01  0.67972593E+00  0.21278452E+01  0.64908882E+00
  0.27164951E+01  0.67972582E+00  0.21278464E+01  0.64908874E+00
  0.27164976E+01  0.67972528E+00  0.21278487E+01  0.64908818E+00
  0.27165015E+01  0.67972413E+00  0.21278522E+01  0.64908701E+00
  0.27165052E+01  0.67972279E+00  0.21278553E+01  0.64908570E+00
  0.27165086E+01  0.67972211E+00  0.21278576E+01  0.64908512E+00
  0.27165127E+01  0.67972195E+00  0.21278590E+01  0.64908523E+00
  0.27165176E+01  0.67972203E+00  0.21278596E+01  0.64908581E+00
  0.27165234E+01  0.67972223E+00  0.21278593E+01  0.64908672E+00
  0.27165303E+01  0.67972270E+00  0.21278582E+01  0.64908817E+00
  0.27165394E+01  0.67972321E+00  0.21278568E+01  0.64908996E+00
  0.27165519E+01  0.67972353E+00  0.21278561E+01  0.64909186E+00
  0.27165652E+01  0.67972368E+00  0.21278562E+01  0.64909358E+00
  0.27165728E+01  0.67972355E+00  0.21278568E+01  0.64909427E+00
  0.27165778E+01  0.67972294E+00  0.21278587E+01  0.64909400E+00
  0.27165827E+01  0.67972163E+00  0.21278626E+01  0.64909274E+00
  0.27165868E+01  0.67972015E+00  0.21278670E+01  0.64909114E+00
  0.27165859E+01  0.67971923E+00  0.21278703E+01  0.64908966E+00
  0.27165817E+01  0.67971875E+00  0.21278716E+01  0.64908850E+00
  0.27165740E+01  0.67971883E+00  0.21278721E+01  0.64908757E+00
  0.27165624E+01  0.67971911E+00  0.21278719E+01  0.64908649E+00
  0.27165458E+01  0.67971984E+00  0.21278704E+01  0.64908544E+00
  0.27165243E+01  0.67972083E+00  0.21278679E+01  0.64908419E+00
  0.27164997E+01  0.67972159E+00  0.21278663E+01  0.64908221E+00
  0.27164719E+01  0.67972191E+00  0.21278659E+01  0.64907928E+00
  0.27164397E+01  0.67972196E+00  0.21278662E+01  0.64907542E+00
  0.27164016E+01  0.67972157E+00  0.21278678E+01  0.64907025E+00
  0.27163541E+01  0.67972062E+00  0.21278712E+01  0.64906315E+00
  0.27162877E+01  0.67971981E+00  0.21278743E+01  0.64905397E+00
  0.27161893E+01  0.67971941E+00  0.21278759E+01  0.64904159E+00
  0.27160370E+01  0.67971955E+00  0.21278766E+01  0.64902342E+00
  0.27157921E+01  0.67971988E+00  0.21278765E+01  0.64899448E+00
  0.27153845E+01  0.67972050E+00  0.21278759E+01  0.64894646E+00
  0.27146906E+01  0.67972106E+00  0.21278754E+01  0.64886415E+00
  0.27134938E+01  0.67972153E+00  0.21278761E+01  0.64872146E+00
  0.27114270E+01  0.67972154E+00  0.21278780E+01  0.64847407E+00
  0.27078903E+01  0.67972112E+00  0.21278822E+01  0.64804997E+00
  0.27019403E+01  0.67972084E+00  0.21278879E+01  0.64733647E+00
  0.26921598E+01  0.67972202E+00  0.21278923E+01  0.64616424E+00
  0.26765271E+01  0.67972494E+00  0.21278936E+01  0.64428802E+00
  0.26523065E+01  0.67972982E+00  0.21278933E+01  0.64137088E+00
  0.26160122E+01  0.67973731E+00  0.21278915E+01  0.63697478E+00
  0.25635157E+01  0.67974785E+00  0.21278886E+01  0.63056138E+00
  0.24903522E+01  0.67976224E+00  0.21278837E+01  0.62151192E+00
  0.23922952E+01  0.67977768E+00  0.21278846E+01  0.60916681E+00
  0.22662183E+01  0.67982758E+00  0.21279329E+01  0.59293443E+00
  0.21099368E+01  0.67990680E+00  0.21279268E+01  0.57219196E+00
  0.19600372E+01  0.67990691E+00  0.21278653E+01  0.55150002E+00
  0.18575457E+01  0.67987913E+00  0.21278767E+01  0.53686392E+00
  0.17909567E+01  0.67984147E+00  0.21278939E+01  0.52712207E+00
  0.17493296E+01  0.67980263E+00  0.21278992E+01  0.52092972E+00
  0.17242656E+01  0.67977160E+00  0.21279022E+01  0.51716039E+00
  0.17097343E+01  0.67974964E+00  0.21279041E+01  0.51495971E+00
  0.17016195E+01  0.67973565E+00  0.21279050E+01  0.51372553E+00
  0.16972708E+01  0.67972724E+00  0.21279046E+01  0.51306236E+00
  0.16950513E+01  0.67972307E+00  0.21279032E+01  0.51272380E+00
  0.16939901E+01  0.67972175E+00  0.21279012E+01  0.51256252E+00
  0.16935283E+01  0.67972261E+00  0.21278975E+01  0.51249376E+00
  0.16933582E+01  0.67972401E+00  0.21278929E+01  0.51246964E+00
  0.16933232E+01  0.67972506E+00  0.21278902E+01  0.51246545E+00
  0.16933309E+01  0.67972594E+00  0.21278898E+01  0.51246732E+00
  0.16933711E+01  0.67972594E+00  0.21278899E+01  0.51247340E+00
  0.16934542E+01  0.67972550E+00  0.21278903E+01  0.51248559E+00
  0.16935726E+01  0.67972412E+00  0.21278930E+01  0.51250214E+00
  0.16936639E+01  0.67972176E+00  0.21278980E+01  0.51251358E+00
  0.16937213E+01  0.67971929E+00  0.21279040E+01  0.51251968E+00
  0.16937535E+01  0.67971752E+00  0.21279082E+01  0.51252271E+00
  0.16937741E+01  0.67971683E+00  0.21279109E+01  0.51252496E+00
  0.16937847E+01  0.67971711E+00  0.21279126E+01  0.51252658E+00
  0.16937909E+01  0.67971764E+00  0.21279128E+01  0.51252790E+00
  0.16937935E+01  0.67971859E+00  0.21279121E+01  0.51252910E+00
  0.16937931E+01  0.67972016E+00  0.21279100E+01  0.51253047E+00
  0.16937912E+01  0.67972253E+00  0.21279064E+01  0.51253240E+00
  0.16937885E+01  0.67972551E+00  0.21279021E+01  0.51253476E+00
  0.16937851E+01  0.67972765E+00  0.21278983E+01  0.51253632E+00
  0.16937840E+01  0.67972952E+00  0.21278970E+01  0.51253772E+00
  0.16937846E+01  0.67973078E+00  0.21278978E+01  0.51253867E+00
  0.16937859E+01  0.67973100E+00  0.21278995E+01  0.51253883E+00
  0.16937887E+01  0.67973019E+00  0.21279033E+01  0.51253817E+00
  0.16937937E+01  0.67972822E+00  0.21279101E+01  0.51253662E+00
  0.16937985E+01  0.67972643E+00  0.21279161E+01  0.51253529E+00
  0.16938027E+01  0.67972607E+00  0.21279204E+01  0.51253511E+00
  0.16938062E+01  0.67972692E+00  0.21279222E+01  0.51253608E+00
  0.16938084E+01  0.67972858E+00  0.21279222E+01  0.51253766E+00
  0.16938110E+01  0.67973109E+00  0.21279210E+01  0.51254009E+00
  0.16938120E+01  0.67973388E+00  0.21279194E+01  0.51254255E+00
  0.16938133E+01  0.67973580E+00  0.21279187E+01  0.51254428E+00
  0.16938155E+01  0.67973690E+00  0.21279204E+01  0.51254523E+00
  0.16938187E+01  0.67973678E+00  0.21279238E+01  0.51254522E+00
  0.16938241E+01  0.67973547E+00  0.21279305E+01  0.51254423E+00
  0.16938307E+01  0.67973330E+00  0.21279393E+01  0.51254254E+00
  0.16938369E+01  0.67973223E+00  0.21279466E+01  0.51254179E+00
  0.16938413E+01  0.67973212E+00  0.21279514E+01  0.51254179E+00
  0.16938450E+01  0.67973280E+00  0.21279536E+01  0.51254261E+00
  0.16938483E+01  0.67973404E+00  0.21279541E+01  0.51254399E+00
  0.16938509E+01  0.67973570E+00  0.21279536E+01  0.51254569E+00
  0.16938525E+01  0.67973799E+00  0.21279517E+01  0.51254788E+00
  0.16938515E+01  0.67974130E+00  0.21279476E+01  0.51255072E+00
  0.16938497E+01  0.67974523E+00  0.21279422E+01  0.51255405E+00
  0.16938501E+01  0.67974856E+00  0.21279388E+01  0.51255704E+00
  0.16938516E+01  0.67975071E+00  0.21279374E+01  0.51255905E+00
  0.16938548E+01  0.67975196E+00  0.21279389E+01  0.51256030E+00
  0.16938585E+01  0.67975172E+00  0.21279419E+01  0.51256031E+00
  0.16938635E+01  0.67974980E+00  0.21279492E+01  0.51255875E+00
  0.16938696E+01  0.67974673E+00  0.21279596E+01  0.51255610E+00
  0.16938735E+01  0.67974457E+00  0.21279680E+01  0.51255406E+00
  0.16938761E+01  0.67974369E+00  0.21279737E+01  0.51255309E+00
  0.16938787E+01  0.67974416E+00  0.21279778E+01  0.51255336E+00
  0.16938825E+01  0.67974522E+00  0.21279805E+01  0.51255440E+00
  0.16938855E+01  0.67974665E+00  0.21279824E+01  0.51255570E+00
  0.16938855E+01  0.67974842E+00  0.21279832E+01  0.51255695E+00
  0.16938846E+01  0.67975060E+00  0.21279828E+01  0.51255849E+00
  0.16938825E+01  0.67975360E+00  0.21279812E+01  0.51256063E+00
  0.16938803E+01  0.67975772E+00  0.21279780E+01  0.51256380E+00
  0.16938786E+01  0.67976277E+00  0.21279734E+01  0.51256790E+00
  0.16938783E+01  0.67976718E+00  0.21279702E+01  0.51257156E+00
  0.16938793E+01  0.67977121E+00  0.21279719E+01  0.51257456E+00
  0.16938821E+01  0.67977265E+00  0.21279778E+01  0.51257534E+00
  0.16938861E+01  0.67977197E+00  0.21279878E+01  0.51257424E+00
  0.16938930E+01  0.67976968E+00  0.21280029E+01  0.51257173E+00
  0.16938998E+01  0.67976789E+00  0.21280175E+01  0.51256966E+00
  0.16939065E+01  0.67976827E+00  0.21280298E+01  0.51256948E+00
  0.16939113E+01  0.67976975E+00  0.21280371E+01  0.51257043E+00
  0.16939166E+01  0.67977233E+00  0.21280419E+01  0.51257260E+00
  0.16939248E+01  0.67977565E+00  0.21280460E+01  0.51257586E+00
  0.16939339E+01  0.67977927E+00  0.21280509E+01  0.51257938E+00
  0.16939377E+01  0.67978252E+00  0.21280569E+01  0.51258168E+00
  0.16939375E+01  0.67978658E+00  0.21280627E+01  0.51258401E+00
  0.16939348E+01  0.67979213E+00  0.21280654E+01  0.51258746E+00
  0.16939294E+01  0.67979901E+00  0.21280653E+01  0.51259184E+00
  0.16939269E+01  0.67980699E+00  0.21280644E+01  0.51259758E+00
  0.16939301E+01  0.67981514E+00  0.21280672E+01  0.51260389E+00
  0.16939419E+01  0.67982114E+00  0.21280782E+01  0.51260887E+00
  0.16939528E+01  0.67982209E+00  0.21280900E+01  0.51260982E+00
  0.16939598E+01  0.67982024E+00  0.21281028E+01  0.51260793E+00
  0.16939554E+01  0.67981128E+00  0.21281066E+01  0.51260006E+00
  0.16939264E+01  0.67978943E+00  0.21280803E+01  0.51258236E+00
  0.16938355E+01  0.67972276E+00  0.21279498E+01  0.51253405E+00
  0.16935238E+01  0.67949187E+00  0.21274591E+01  0.51237188E+00
  0.16924067E+01  0.67866691E+00  0.21257225E+01  0.51178993E+00
  0.16884119E+01  0.67574177E+00  0.21195882E+01  0.50971827E+00
  0.16744464E+01  0.66549256E+00  0.20981142E+01  0.50245855E+00
  0.16281133E+01  0.63061391E+00  0.20257841E+01  0.47779903E+00
  0.14942324E+01  0.52291049E+00  0.18110014E+01  0.40143295E+00
  0.12226135E+01  0.26755152E+00  0.13700775E+01  0.21360699E+00
  0.10507452E+01  0.66420295E-01  0.10805678E+01  0.55355336E-01
  0.10102015E+01  0.13536075E-01  0.10157406E+01  0.11408836E-01
  0.10019800E+01  0.26308974E-02  0.10030308E+01  0.22223490E-02
  0.10003810E+01  0.50638229E-03  0.10005823E+01  0.42792811E-03
  0.10000732E+01  0.97261157E-04  0.10001118E+01  0.82199095E-04
  0.10000141E+01  0.18673379E-04  0.10000215E+01  0.15781827E-04
  0.10000027E+01  0.35849355E-05  0.10000041E+01  0.30298214E-05
  0.10000005E+01  0.68823917E-06  0.10000008E+01  0.58166819E-06
  0.10000001E+01  0.13212937E-06  0.10000002E+01  0.11166970E-06
  0.10000000E+01  0.25366506E-07  0.10000000E+01  0.21438611E-07
  0.10000000E+01  0.48699308E-08  0.10000000E+01  0.41158428E-08
  0.10000000E+01  0.93494465E-09  0.10000000E+01  0.79017245E-09
  0.10000000E+01  0.17949464E-09  0.10000000E+01  0.15170066E-09
  0.10000000E+01  0.34460174E-10  0.10000000E+01  0.29124163E-10
  0.10000000E+01  0.66157712E-11  0.10000000E+01  0.55913472E-11
  0.10000000E+01  0.12699501E-11  0.10000000E+01  0.10733037E-11
  0.10000000E+01  0.24350248E-12  0.10000000E+01  0.20579716E-12
  0.10000000E+01  0.46531846E-13  0.10000000E+01  0.39326588E-13
  0.10000000E+01  0.87233649E-14  0.10000000E+01  0.73725891E-14
  0.10000000E+01  0.15195683E-14  0.10000000E+01  0.12842697E-14
  0.10000000E+01  0.17875735E-15  0.10000000E+01  0.15107754E-15
  0.10000000E+01  0.00000000E+00  0.10000000E+01  0.00000000E+00
  0.10000000E+01  0.00000000E+00  0.10000000E+01  0.00000000E+00
  0.10000000E+01  0.00000000E+00  0.10000000E+01  0.00000000E+00
  0.10000000E+01  0.00000000E+00  0.10000000E+01  0.00000000E+00
  0.10000000E+01  0.00000000E+00  0.10000000E+01  0.00000000E+00
  0.10000000E+01  0.00000000E+00  0.10000000E+01  0.00000000E+00
  0.10000000E+01  0.00000000E+00  0.10000000E+01  0.00000000E+00
  0.10000000E+01  0.00000000E+00  0.10000000E+01  0.00000000E+00
  0.10000000E+01  0.00000000E+00  0.10000000E+01  0.00000000E+00
  0.10000000E+01  0.00000000E+00  0.10000000E+01  0.00000000E+00
  0.10000000E+01  0.00000000E+00  0.10000000E+01  0.00000000E+00
  0.10000000E+01  0.00000000E+00  0.10000000E+01  0.00000000E+00
  0.10000000E+01  0.00000000E+00  0.10000000E+01  0.00000000E+00
  0.10000000E+01  0.00000000E+00  0.10000000E+01  0.00000000E+00
  0.10000000E+01  0.00000000E+00  0.10000000E+01  0.00000000E+00
  0.10000000E+01  0.00000000E+00  0.10000000E+01  0.00000000E+00
  0.10000000E+01  0.00000000E+00  0.10000000E+01  0.00000000E+00
  0.10000000E+01  0.00000000E+00  0.10000000E+01  0.00000000E+00
  0.10000000E+01  0.00000000E+00  0.10000000E+01  0.00000000E+00
  0.10000000E+01  0.00000000E+00  0.10000000E+01  0.00000000E+00
  0.10000000E+01  0.00000000E+00  0.10000000E+01  0.00000000E+00
  0.10000000E+01  0.00000000E+00  0.10000000E+01  0.00000000E+00
  0.10000000E+01  0.00000000E+00  0.10000000E+01  0.00000000E+00
  0.10000000E+01  0.00000000E+00  0.10000000E+01  0.00000000E+00
  0.10000000E+01  0.00000000E+00  0.10000000E+01  0.00000000E+00
  0.10000000E+01  0.00000000E+00  0.10000000E+01  0.00000000E+00
  0.10000000E+01  0.00000000E+00  0.10000000E+01  0.00000000E+00
  0.10000000E+01  0.00000000E+00  0.10000000E+01  0.00000000E+00
  0.10000000E+01  0.00000000E+00  0.10000000E+01  0.00000000E+00
  0.10000000E+01  0.00000000E+00  0.10000000E+01  0.00000000E+00
  0.10000000E+01  0.00000000E+00  0.10000000E+01  0.00000000E+00
  0.10000000E+01  0.00000000E+00  0.10000000E+01  0.00000000E+00
  0.10000000E+01  0.00000000E+00  0.10000000E+01  0.00000000E+00
  0.10000000E+01  0.00000000E+00  0.10000000E+01  0.00000000E+00
  0.10000000E+01  0.00000000E+00  0.10000000E+01  0.00000000E+00
  0.10000000E+01  0.00000000E+00  0.10000000E+01  0.00000000E+00
  0.10000000E+01  0.00000000E+00  0.10000000E+01  0.00000000E+00
  0.10000000E+01  0.00000000E+00  0.10000000E+01  0.00000000E+00
  0.10000000E+01  0.00000000E+00  0.10000000E+01  0.00000000E+00
  0.10000000E+01  0.00000000E+00  0.10000000E+01  0.00000000E+00
  0.10000000E+01  0.00000000E+00  0.10000000E+01  0.00000000E+00
  0.10000000E+01  0.00000000E+00  0.10000000E+01  0.00000000E+00
  0.10000000E+01  0.00000000E+00  0.10000000E+01  0.00000000E+00
  0.10000000E+01  0.00000000E+00  0.10000000E+01  0.00000000E+00
  0.10000000E+01  0.00000000E+00  0.10000000E+01  0.00000000E+00
  0.10000000E+01  0.00000000E+00  0.10000000E+01  0.00000000E+00
  0.10000000E+01  0.00000000E+00  0.10000000E+01  0.00000000E+00
  0.10000000E+01  0.00000000E+00  0.10000000E+01  0.00000000E+00
  0.10000000E+01  0.00000000E+00  0.10000000E+01  0.00000000E+00
  0.10000000E+01  0.00000000E+00  0.10000000E+01  0.00000000E+00
  0.10000000E+01  0.00000000E+00  0.10000000E+01  0.00000000E+00
  0.10000000E+01  0.00000000E+00  0.10000000E+01  0.00000000E+00
  0.10000000E+01  0.00000000E+00  0.10000000E+01  0.00000000E+00
  0.10000000E+01  0.00000000E+00  0.10000000E+01  0.00000000E+00
  0.10000000E+01  0.00000000E+00  0.10000000E+01  0.00000000E+00
  0.10000000E+01  0.00000000E+00  0.10000000E+01  0.00000000E+00
  0.10000000E+01  0.00000000E+00  0.10000000E+01  0.00000000E+00
  0.10000000E+01  0.00000000E+00  0.10000000E+01  0.00000000E+00
  0.10000000E+01  0.00000000E+00  0.10000000E+01  0.00000000E+00
  0.10000000E+01  0.00000000E+00  0.10000000E+01  0.00000000E+00
  0.10000000E+01  0.00000000E+00  0.10000000E+01  0.00000000E+00
  0.10000000E+01  0.00000000E+00  0.10000000E+01  0.00000000E+00
