  0.50000000E+01  0.00000000E+00  0.50000000E+01  0.00000000E+00
  0.50000000E+01  0.00000000E+00  0.50000000E+01  0.00000000E+00
  0.50000000E+01  0.00000000E+00  0.50000000E+01  0.00000000E+00
  0.50000000E+01  0.00000000E+00  0.50000000E+01  0.00000000E+00
  0.50000000E+01  0.00000000E+00  0.50000000E+01  0.00000000E+00
  0.50000000E+01  0.00000000E+00  0.50000000E+01  0.00000000E+00
  0.50000000E+01  0.00000000E+00  0.50000000E+01  0.00000000E+00
  0.50000000E+01  0.00000000E+00  0.50000000E+01  0.00000000E+00
  0.50000000E+01  0.00000000E+00  0.50000000E+01  0.00000000E+00
  0.50000000E+01  0.00000000E+00  0.50000000E+01  0.00000000E+00
  0.50000000E+01  0.00000000E+00  0.50000000E+01  0.00000000E+00
  0.50000000E+01  0.00000000E+00  0.50000000E+01  0.00000000E+00
  0.50000000E+01  0.00000000E+00  0.50000000E+01  0.00000000E+00
  0.50000000E+01  0.00000000E+00  0.50000000E+01  0.00000000E+00
  0.50000000E+01  0.00000000E+00  0.50000000E+01  0.00000000E+00
  0.50000000E+01  0.00000000E+00  0.50000000E+01  0.00000000E+00
  0.50000000E+01  0.00000000E+00  0.50000000E+01  0.00000000E+00
  0.50000000E+01  0.00000000E+00  0.50000000E+01  0.00000000E+00
  0.50000000E+01  0.00000000E+00  0.50000000E+01  0.00000000E+00
  0.50000000E+01  0.00000000E+00  0.50000000E+01  0.00000000E+00
  0.50000000E+01  0.00000000E+00  0.50000000E+01  0.00000000E+00
  0.50000000E+01  0.00000000E+00  0.50000000E+01  0.00000000E+00
  0.50000000E+01  0.00000000E+00  0.50000000E+01  0.00000000E+00
  0.50000000E+01  0.00000000E+00  0.50000000E+01  0.00000000E+00
  0.50000000E+01  0.00000000E+00  0.50000000E+01  0.00000000E+00
  0.50000000E+01  0.00000000E+00  0.50000000E+01  0.00000000E+00
  0.50000000E+01  0.00000000E+00  0.50000000E+01  0.00000000E+00
  0.50000000E+01  0.00000000E+00  0.50000000E+01  0.00000000E+00
  0.50000000E+01  0.00000000E+00  0.50000000E+01  0.00000000E+00
  0.50000000E+01  0.00000000E+00  0.50000000E+01  0.00000000E+00
  0.50000000E+01  0.00000000E+00  0.50000000E+01  0.00000000E+00
  0.50000000E+01  0.00000000E+00  0.50000000E+01  0.00000000E+00
  0.50000000E+01  0.00000000E+00  0.50000000E+01  0.00000000E+00
  0.50000000E+01  0.00000000E+00  0.50000000E+01  0.00000000E+00
  0.50000000E+01  0.00000000E+00  0.50000000E+01  0.00000000E+00
  0.50000000E+01  0.00000000E+00  0.50000000E+01  0.00000000E+00
  0.50000000E+01  0.00000000E+00  0.50000000E+01  0.00000000E+00
  0.50000000E+01  0.00000000E+00  0.50000000E+01  0.00000000E+00
  0.50000000E+01  0.00000000E+00  0.50000000E+01  0.00000000E+00
  0.50000000E+01  0.00000000E+00  0.50000000E+01  0.00000000E+00
  0.50000000E+01  0.00000000E+00  0.50000000E+01  0.00000000E+00
  0.50000000E+01  0.00000000E+00  0.50000000E+01  0.00000000E+00
  0.50000000E+01  0.00000000E+00  0.50000000E+01  0.00000000E+00
  0.50000000E+01  0.00000000E+00  0.50000000E+01  0.00000000E+00
  0.50000000E+01  0.00000000E+00  0.50000000E+01  0.00000000E+00
  0.50000000E+01  0.00000000E+00  0.50000000E+01  0.00000000E+00
  0.50000000E+01  0.00000000E+00  0.50000000E+01  0.00000000E+00
  0.50000000E+01  0.00000000E+00  0.50000000E+01  0.00000000E+00
  0.50000000E+01  0.00000000E+00  0.50000000E+01  0.00000000E+00
  0.50000000E+01  0.00000000E+00  0.50000000E+01  0.00000000E+00
  0.50000000E+01  0.00000000E+00  0.50000000E+01  0.00000000E+00
  0.50000000E+01  0.00000000E+00  0.50000000E+01  0.00000000E+00
  0.50000000E+01  0.16002040E-15  0.50000000E+01  0.13524192E-15
  0.50000000E+01  0.97104351E-15  0.50000000E+01  0.82068156E-15
  0.50000000E+01  0.26544448E-14  0.50000000E+01  0.22434154E-14
  0.50000000E+01  0.53705587E-14  0.50000000E+01  0.45389506E-14
  0.50000000E+01  0.11304198E-13  0.50000000E+01  0.95537911E-14
  0.50000000E+01  0.24967612E-13  0.50000000E+01  0.21101483E-13
  0.50000000E+01  0.56495505E-13  0.50000000E+01  0.47747416E-13
  0.50000000E+01  0.13039013E-12  0.50000000E+01  0.11019977E-12
  0.50000000E+01  0.29986622E-12  0.50000000E+01  0.25343321E-12
  0.50000000E+01  0.68759775E-12  0.50000000E+01  0.58112617E-12
  0.50000000E+01  0.15640995E-11  0.50000000E+01  0.13219054E-11
  0.50000000E+01  0.35282790E-11  0.50000000E+01  0.29819400E-11
  0.50000000E+01  0.78879802E-11  0.50000000E+01  0.66665601E-11
  0.50000000E+01  0.17469383E-10  0.50000000E+01  0.14764324E-10
  0.50000000E+01  0.38324413E-10  0.50000000E+01  0.32390041E-10
  0.50000000E+01  0.83265322E-10  0.50000000E+01  0.70372042E-10
  0.50000000E+01  0.17913597E-09  0.50000000E+01  0.15139753E-09
  0.50000000E+01  0.38155810E-09  0.50000000E+01  0.32247546E-09
  0.50000000E+01  0.80449891E-09  0.50000000E+01  0.67992569E-09
  0.50000000E+01  0.16788155E-08  0.50000000E+01  0.14188581E-08
  0.50000000E+01  0.34666991E-08  0.50000000E+01  0.29298955E-08
  0.50000000E+01  0.70824300E-08  0.50000000E+01  0.59857459E-08
  0.49999999E+01  0.14312494E-07  0.49999999E+01  0.12096266E-07
  0.49999999E+01  0.28603848E-07  0.49999998E+01  0.24174664E-07
  0.49999998E+01  0.56521488E-07  0.49999997E+01  0.47769377E-07
  0.49999995E+01  0.11040307E-06  0.49999994E+01  0.93307630E-07
  0.49999991E+01  0.21311765E-06  0.49999987E+01  0.18011730E-06
  0.49999983E+01  0.40645627E-06  0.49999976E+01  0.34351827E-06
  0.49999968E+01  0.76567125E-06  0.49999955E+01  0.64711040E-06
  0.49999941E+01  0.14242118E-05  0.49999916E+01  0.12036790E-05
  0.49999892E+01  0.26149955E-05  0.49999846E+01  0.22100756E-05
  0.49999804E+01  0.47378521E-05  0.49999721E+01  0.40042192E-05
  0.49999650E+01  0.84672975E-05  0.49999502E+01  0.71561832E-05
  0.49999383E+01  0.14920618E-04  0.49999122E+01  0.12610257E-04
  0.49998927E+01  0.25913097E-04  0.49998474E+01  0.21900663E-04
  0.49998162E+01  0.44334193E-04  0.49997389E+01  0.37469522E-04
  0.49996900E+01  0.74683596E-04  0.49995600E+01  0.63119980E-04
  0.49994855E+01  0.12380582E-03  0.49992704E+01  0.10463727E-03
  0.49991603E+01  0.20185112E-03  0.49988103E+01  0.17060130E-03
  0.49986530E+01  0.32346193E-03  0.49980931E+01  0.27339054E-03
  0.49978775E+01  0.50913132E-03  0.49969981E+01  0.43033237E-03
  0.49967174E+01  0.78659783E-03  0.49953616E+01  0.66488672E-03
  0.49950205E+01  0.11920352E-02  0.49929704E+01  0.10076604E-02
  0.49925963E+01  0.17706829E-02  0.49895585E+01  0.14969557E-02
  0.49892178E+01  0.25764848E-02  0.49848092E+01  0.21784898E-02
  0.49846290E+01  0.36703073E-02  0.49783669E+01  0.31039261E-02
  0.49785603E+01  0.51164636E-02  0.49698584E+01  0.43279850E-02
  0.49707504E+01  0.69775909E-02  0.49589243E+01  0.59041683E-02
  0.49609739E+01  0.93083839E-02  0.49452572E+01  0.78795116E-02
  0.49490689E+01  0.12149159E-01  0.49286404E+01  0.10289171E-01
  0.49349603E+01  0.15520522E-01  0.49089789E+01  0.13151902E-01
  0.49186714E+01  0.19420356E-01  0.48863165E+01  0.16467447E-01
  0.49003232E+01  0.23823911E-01  0.48608320E+01  0.20216506E-01
  0.48801192E+01  0.28687035E-01  0.48328182E+01  0.24363329E-01
  0.48583195E+01  0.33951804E-01  0.48026452E+01  0.28860353E-01
  0.48352112E+01  0.39553327E-01  0.47707187E+01  0.33653855E-01
  0.48110793E+01  0.45426347E-01  0.47374399E+01  0.38689507E-01
  0.47861843E+01  0.51510616E-01  0.47031744E+01  0.43916922E-01
  0.47607473E+01  0.57754501E-01  0.46682317E+01  0.49292766E-01
  0.47349431E+01  0.64116897E-01  0.46328558E+01  0.54782453E-01
  0.47088978E+01  0.70567975E-01  0.45972228E+01  0.60360871E-01
  0.46826942E+01  0.77089303E-01  0.45614421E+01  0.66012613E-01
  0.46564207E+01  0.83654182E-01  0.45256407E+01  0.71714952E-01
  0.46301842E+01  0.90241080E-01  0.44899741E+01  0.77449298E-01
  0.46039987E+01  0.96845272E-01  0.44544598E+01  0.83211717E-01
  0.45778763E+01  0.10346461E+00  0.44191115E+01  0.89000482E-01
  0.45518220E+01  0.11009671E+00  0.43839357E+01  0.94813655E-01
  0.45258437E+01  0.11673970E+00  0.43489424E+01  0.10064970E+00
  0.44999504E+01  0.12339137E+00  0.43141435E+01  0.10650680E+00
  0.44741515E+01  0.13004926E+00  0.42795510E+01  0.11238287E+00
  0.44484562E+01  0.13671097E+00  0.42451768E+01  0.11827587E+00
  0.44228731E+01  0.14337422E+00  0.42110319E+01  0.12418382E+00
  0.43974094E+01  0.15003755E+00  0.41771251E+01  0.13010550E+00
  0.43720656E+01  0.15669995E+00  0.41434564E+01  0.13604006E+00
  0.43468425E+01  0.16336111E+00  0.41100254E+01  0.14198726E+00
  0.43217462E+01  0.17002207E+00  0.40768378E+01  0.14794803E+00
  0.42967619E+01  0.17667983E+00  0.40438785E+01  0.15391982E+00
  0.42719042E+01  0.18333661E+00  0.40111590E+01  0.15990462E+00
  0.42471742E+01  0.18999338E+00  0.39786829E+01  0.16590322E+00
  0.42225541E+01  0.19664611E+00  0.39464298E+01  0.17191223E+00
  0.41980571E+01  0.20329686E+00  0.39144099E+01  0.17793348E+00
  0.41736915E+01  0.20994848E+00  0.38826340E+01  0.18396943E+00
  0.41494348E+01  0.21659606E+00  0.38510784E+01  0.19001585E+00
  0.41252969E+01  0.22324074E+00  0.38197483E+01  0.19607385E+00
  0.41012894E+01  0.22988638E+00  0.37886576E+01  0.20214675E+00
  0.40773928E+01  0.23652868E+00  0.37577871E+01  0.20823081E+00
  0.40536103E+01  0.24316743E+00  0.37271348E+01  0.21432599E+00
  0.40299562E+01  0.24980684E+00  0.36967159E+01  0.22043596E+00
  0.40064174E+01  0.25644420E+00  0.36665193E+01  0.22655829E+00
  0.39829859E+01  0.26307716E+00  0.36365320E+01  0.23269112E+00
  0.39596765E+01  0.26970953E+00  0.36067678E+01  0.23883778E+00
  0.39364900E+01  0.27634239E+00  0.35772301E+01  0.24499918E+00
  0.39134099E+01  0.28297149E+00  0.35478994E+01  0.25117169E+00
  0.38904392E+01  0.28959716E+00  0.35187764E+01  0.25735568E+00
  0.38675904E+01  0.29622304E+00  0.34898734E+01  0.26355436E+00
  0.38448612E+01  0.30284908E+00  0.34611900E+01  0.26976765E+00
  0.38222319E+01  0.30947087E+00  0.34327034E+01  0.27599177E+00
  0.37997155E+01  0.31609048E+00  0.34044215E+01  0.28222877E+00
  0.37773126E+01  0.32270978E+00  0.33763532E+01  0.28847996E+00
  0.37550358E+01  0.32932937E+00  0.33485002E+01  0.29474628E+00
  0.37328455E+01  0.33594382E+00  0.33208364E+01  0.30102247E+00
  0.37107860E+01  0.34255822E+00  0.32933798E+01  0.30731405E+00
  0.36888136E+01  0.34916941E+00  0.32661220E+01  0.31361681E+00
  0.36669854E+01  0.35578217E+00  0.32390771E+01  0.31993674E+00
  0.36452283E+01  0.36238999E+00  0.32122191E+01  0.32626611E+00
  0.36236174E+01  0.36899809E+00  0.31855662E+01  0.33261203E+00
  0.36020724E+01  0.37560160E+00  0.31591022E+01  0.33896730E+00
  0.35806878E+01  0.38220691E+00  0.31328466E+01  0.34534103E+00
  0.35593539E+01  0.38880714E+00  0.31067742E+01  0.35172316E+00
  0.35381903E+01  0.39540832E+00  0.30809053E+01  0.35812382E+00
  0.35170617E+01  0.40200388E+00  0.30552174E+01  0.36453159E+00
  0.34961240E+01  0.40860167E+00  0.30297344E+01  0.37096014E+00
  0.34751984E+01  0.41519364E+00  0.30044283E+01  0.37739449E+00
  0.34544840E+01  0.42178716E+00  0.29793246E+01  0.38385042E+00
  0.34337613E+01  0.42837404E+00  0.29543946E+01  0.39031022E+00
  0.34132624E+01  0.43496328E+00  0.29296676E+01  0.39679321E+00
  0.33927560E+01  0.44154573E+00  0.29051136E+01  0.40327977E+00
  0.33724706E+01  0.44812987E+00  0.28807616E+01  0.40978901E+00
  0.33521731E+01  0.45470585E+00  0.28565784E+01  0.41630026E+00
  0.33321020E+01  0.46128391E+00  0.28325962E+01  0.42283517E+00
  0.33120184E+01  0.46785358E+00  0.28087842E+01  0.42937141E+00
  0.32921659E+01  0.47442539E+00  0.27851756E+01  0.43593172E+00
  0.32722956E+01  0.48098665E+00  0.27617322E+01  0.44249105E+00
  0.32526592E+01  0.48754952E+00  0.27384909E+01  0.44907445E+00
  0.32330065E+01  0.49410157E+00  0.27154166E+01  0.45565620E+00
  0.32135895E+01  0.50065328E+00  0.26925455E+01  0.46226043E+00
  0.31941672E+01  0.50719625E+00  0.26698514E+01  0.46886444E+00
  0.31749791E+01  0.51373543E+00  0.26473564E+01  0.47548819E+00
  0.31557672E+01  0.52025837E+00  0.26250228E+01  0.48210430E+00
  0.31368050E+01  0.52678111E+00  0.26029044E+01  0.48874332E+00
  0.31178968E+01  0.53329917E+00  0.25809941E+01  0.49538660E+00
  0.30991007E+01  0.53979181E+00  0.25592386E+01  0.50202429E+00
  0.30804634E+01  0.54627233E+00  0.25376809E+01  0.50866834E+00
  0.30619223E+01  0.55275602E+00  0.25163759E+01  0.51532213E+00
  0.30436153E+01  0.55921713E+00  0.24952703E+01  0.52197840E+00
  0.30253026E+01  0.56563706E+00  0.24743159E+01  0.52860428E+00
  0.30071801E+01  0.57204549E+00  0.24536169E+01  0.53523302E+00
  0.29894006E+01  0.57845588E+00  0.24332398E+01  0.54188338E+00
  0.29716078E+01  0.58480734E+00  0.24130438E+01  0.54848145E+00
  0.29539533E+01  0.59108601E+00  0.23930248E+01  0.55502799E+00
  0.29366922E+01  0.59735352E+00  0.23733933E+01  0.56158017E+00
  0.29197337E+01  0.60361095E+00  0.23542201E+01  0.56812146E+00
  0.29028833E+01  0.60973816E+00  0.23352567E+01  0.57454870E+00
  0.28861771E+01  0.61570307E+00  0.23165006E+01  0.58083474E+00
  0.28701273E+01  0.62164797E+00  0.22984218E+01  0.58710560E+00
  0.28548271E+01  0.62757994E+00  0.22812009E+01  0.59335305E+00
  0.28394927E+01  0.63317584E+00  0.22641493E+01  0.59927777E+00
  0.28244172E+01  0.63844220E+00  0.22474649E+01  0.60488880E+00
  0.28109140E+01  0.64375920E+00  0.22322155E+01  0.61054145E+00
  0.27983708E+01  0.64888571E+00  0.22181883E+01  0.61596726E+00
  0.27854097E+01  0.65327106E+00  0.22041102E+01  0.62066505E+00
  0.27738351E+01  0.65738366E+00  0.21912555E+01  0.62509885E+00
  0.27646734E+01  0.66158914E+00  0.21808247E+01  0.62955822E+00
  0.27556494E+01  0.66505909E+00  0.21709712E+01  0.63325872E+00
  0.27466727E+01  0.66770997E+00  0.21613825E+01  0.63615287E+00
  0.27401316E+01  0.67033486E+00  0.21539330E+01  0.63899493E+00
  0.27354915E+01  0.67286895E+00  0.21486703E+01  0.64165158E+00
  0.27306192E+01  0.67457210E+00  0.21434875E+01  0.64347910E+00
  0.27260147E+01  0.67565080E+00  0.21386032E+01  0.64469941E+00
  0.27232025E+01  0.67674905E+00  0.21353605E+01  0.64590404E+00
  0.27218462E+01  0.67787747E+00  0.21337853E+01  0.64705861E+00
  0.27204131E+01  0.67855641E+00  0.21322853E+01  0.64776386E+00
  0.27187110E+01  0.67879227E+00  0.21305206E+01  0.64805450E+00
  0.27175658E+01  0.67893848E+00  0.21292355E+01  0.64825309E+00
  0.27171728E+01  0.67921635E+00  0.21287393E+01  0.64854708E+00
  0.27172153E+01  0.67953059E+00  0.21287829E+01  0.64884557E+00
  0.27170300E+01  0.67969599E+00  0.21286295E+01  0.64900474E+00
  0.27165684E+01  0.67970079E+00  0.21281579E+01  0.64902609E+00
  0.27161556E+01  0.67965114E+00  0.21276925E+01  0.64900034E+00
  0.27160192E+01  0.67968435E+00  0.21275186E+01  0.64904229E+00
  0.27161357E+01  0.67977895E+00  0.21276280E+01  0.64912985E+00
  0.27162185E+01  0.67984025E+00  0.21277446E+01  0.64918049E+00
  0.27161816E+01  0.67984015E+00  0.21277168E+01  0.64918024E+00
  0.27160872E+01  0.67980210E+00  0.21276150E+01  0.64914813E+00
  0.27160433E+01  0.67977712E+00  0.21275529E+01  0.64912851E+00
  0.27160725E+01  0.67977585E+00  0.21275795E+01  0.64912673E+00
  0.27161396E+01  0.67978876E+00  0.21276532E+01  0.64913585E+00
  0.27161865E+01  0.67979477E+00  0.21277081E+01  0.64913881E+00
  0.27161960E+01  0.67978463E+00  0.21277195E+01  0.64912852E+00
  0.27161798E+01  0.67976613E+00  0.21276999E+01  0.64911192E+00
  0.27161803E+01  0.67975556E+00  0.21276954E+01  0.64910257E+00
  0.27162032E+01  0.67975342E+00  0.21277170E+01  0.64909997E+00
  0.27162335E+01  0.67975673E+00  0.21277507E+01  0.64910160E+00
  0.27162528E+01  0.67975690E+00  0.21277732E+01  0.64910063E+00
  0.27162558E+01  0.67975063E+00  0.21277779E+01  0.64909429E+00
  0.27162502E+01  0.67974229E+00  0.21277717E+01  0.64908660E+00
  0.27162532E+01  0.67973774E+00  0.21277738E+01  0.64908230E+00
  0.27162658E+01  0.67973711E+00  0.21277868E+01  0.64908121E+00
  0.27162803E+01  0.67973835E+00  0.21278023E+01  0.64908177E+00
  0.27162891E+01  0.67973752E+00  0.21278110E+01  0.64908071E+00
  0.27162899E+01  0.67973402E+00  0.21278107E+01  0.64907752E+00
  0.27162903E+01  0.67973079E+00  0.21278078E+01  0.64907491E+00
  0.27162968E+01  0.67972965E+00  0.21278102E+01  0.64907424E+00
  0.27163072E+01  0.67973015E+00  0.21278161E+01  0.64907506E+00
  0.27163169E+01  0.67973081E+00  0.21278215E+01  0.64907602E+00
  0.27163235E+01  0.67973023E+00  0.21278235E+01  0.64907595E+00
  0.27163279E+01  0.67972882E+00  0.21278228E+01  0.64907523E+00
  0.27163331E+01  0.67972761E+00  0.21278228E+01  0.64907469E+00
  0.27163399E+01  0.67972680E+00  0.21278252E+01  0.64907438E+00
  0.27163478E+01  0.67972639E+00  0.21278295E+01  0.64907428E+00
  0.27163559E+01  0.67972613E+00  0.21278339E+01  0.64907432E+00
  0.27163623E+01  0.67972538E+00  0.21278366E+01  0.64907396E+00
  0.27163661E+01  0.67972410E+00  0.21278367E+01  0.64907317E+00
  0.27163700E+01  0.67972323E+00  0.21278368E+01  0.64907278E+00
  0.27163751E+01  0.67972308E+00  0.21278383E+01  0.64907303E+00
  0.27163803E+01  0.67972337E+00  0.21278402E+01  0.64907363E+00
  0.27163841E+01  0.67972341E+00  0.21278410E+01  0.64907402E+00
  0.27163869E+01  0.67972325E+00  0.21278406E+01  0.64907426E+00
  0.27163895E+01  0.67972300E+00  0.21278397E+01  0.64907447E+00
  0.27163922E+01  0.67972297E+00  0.21278394E+01  0.64907479E+00
  0.27163947E+01  0.67972295E+00  0.21278397E+01  0.64907504E+00
  0.27163972E+01  0.67972284E+00  0.21278403E+01  0.64907513E+00
  0.27163999E+01  0.67972251E+00  0.21278413E+01  0.64907498E+00
  0.27164030E+01  0.67972185E+00  0.21278429E+01  0.64907450E+00
  0.27164065E+01  0.67972092E+00  0.21278446E+01  0.64907376E+00
  0.27164098E+01  0.67972013E+00  0.21278460E+01  0.64907318E+00
  0.27164136E+01  0.67971977E+00  0.21278474E+01  0.64907308E+00
  0.27164166E+01  0.67971941E+00  0.21278478E+01  0.64907304E+00
  0.27164194E+01  0.67971916E+00  0.21278477E+01  0.64907314E+00
  0.27164226E+01  0.67971912E+00  0.21278476E+01  0.64907350E+00
  0.27164265E+01  0.67971922E+00  0.21278476E+01  0.64907407E+00
  0.27164311E+01  0.67971945E+00  0.21278479E+01  0.64907478E+00
  0.27164363E+01  0.67971967E+00  0.21278488E+01  0.64907549E+00
  0.27164416E+01  0.67971967E+00  0.21278495E+01  0.64907600E+00
  0.27164473E+01  0.67971942E+00  0.21278505E+01  0.64907629E+00
  0.27164537E+01  0.67971882E+00  0.21278521E+01  0.64907624E+00
  0.27164610E+01  0.67971792E+00  0.21278545E+01  0.64907590E+00
  0.27164675E+01  0.67971697E+00  0.21278564E+01  0.64907547E+00
  0.27164739E+01  0.67971659E+00  0.21278582E+01  0.64907560E+00
  0.27164801E+01  0.67971664E+00  0.21278599E+01  0.64907613E+00
  0.27164851E+01  0.67971681E+00  0.21278607E+01  0.64907677E+00
  0.27164904E+01  0.67971706E+00  0.21278610E+01  0.64907759E+00
  0.27164943E+01  0.67971735E+00  0.21278609E+01  0.64907836E+00
  0.27164982E+01  0.67971767E+00  0.21278605E+01  0.64907919E+00
  0.27165018E+01  0.67971790E+00  0.21278603E+01  0.64907987E+00
  0.27165042E+01  0.67971808E+00  0.21278604E+01  0.64908030E+00
  0.27165063E+01  0.67971812E+00  0.21278609E+01  0.64908051E+00
  0.27165082E+01  0.67971803E+00  0.21278618E+01  0.64908052E+00
  0.27165103E+01  0.67971776E+00  0.21278632E+01  0.64908031E+00
  0.27165125E+01  0.67971746E+00  0.21278647E+01  0.64908005E+00
  0.27165145E+01  0.67971726E+00  0.21278659E+01  0.64907991E+00
  0.27165166E+01  0.67971710E+00  0.21278667E+01  0.64907988E+00
  0.27165191E+01  0.67971693E+00  0.21278673E+01  0.64907993E+00
  0.27165224E+01  0.67971675E+00  0.21278679E+01  0.64908008E+00
  0.27165272E+01  0.67971653E+00  0.21278686E+01  0.64908033E+00
  0.27165340E+01  0.67971617E+00  0.21278697E+01  0.64908062E+00
  0.27165435E+01  0.67971554E+00  0.21278716E+01  0.64908087E+00
  0.27165558E+01  0.67971476E+00  0.21278741E+01  0.64908121E+00
  0.27165700E+01  0.67971419E+00  0.21278760E+01  0.64908207E+00
  0.27165829E+01  0.67971397E+00  0.21278772E+01  0.64908322E+00
  0.27165904E+01  0.67971404E+00  0.21278777E+01  0.64908410E+00
  0.27165923E+01  0.67971420E+00  0.21278776E+01  0.64908450E+00
  0.27165915E+01  0.67971466E+00  0.21278766E+01  0.64908499E+00
  0.27165885E+01  0.67971551E+00  0.21278743E+01  0.64908581E+00
  0.27165845E+01  0.67971628E+00  0.21278723E+01  0.64908636E+00
  0.27165790E+01  0.67971674E+00  0.21278715E+01  0.64908628E+00
  0.27165714E+01  0.67971680E+00  0.21278712E+01  0.64908547E+00
  0.27165607E+01  0.67971666E+00  0.21278715E+01  0.64908402E+00
  0.27165473E+01  0.67971610E+00  0.21278730E+01  0.64908165E+00
  0.27165313E+01  0.67971495E+00  0.21278763E+01  0.64907813E+00
  0.27165098E+01  0.67971384E+00  0.21278794E+01  0.64907402E+00
  0.27164814E+01  0.67971330E+00  0.21278813E+01  0.64906983E+00
  0.27164445E+01  0.67971319E+00  0.21278821E+01  0.64906520E+00
  0.27163957E+01  0.67971328E+00  0.21278820E+01  0.64905947E+00
  0.27163276E+01  0.67971375E+00  0.21278808E+01  0.64905196E+00
  0.27162279E+01  0.67971482E+00  0.21278781E+01  0.64904150E+00
  0.27160766E+01  0.67971603E+00  0.21278749E+01  0.64902505E+00
  0.27158374E+01  0.67971695E+00  0.21278731E+01  0.64899763E+00
  0.27154461E+01  0.67971734E+00  0.21278724E+01  0.64895134E+00
  0.27147942E+01  0.67971749E+00  0.21278729E+01  0.64887351E+00
  0.27137038E+01  0.67971719E+00  0.21278748E+01  0.64874262E+00
  0.27118878E+01  0.67971639E+00  0.21278786E+01  0.64852416E+00
  0.27088941E+01  0.67971546E+00  0.21278828E+01  0.64816458E+00
  0.27040395E+01  0.67971583E+00  0.21278865E+01  0.64758332E+00
  0.26963251E+01  0.67971712E+00  0.21278877E+01  0.64665995E+00
  0.26843459E+01  0.67971937E+00  0.21278876E+01  0.64522402E+00
  0.26662035E+01  0.67972305E+00  0.21278861E+01  0.64304364E+00
  0.26394556E+01  0.67972849E+00  0.21278829E+01  0.63981553E+00
  0.26011256E+01  0.67973538E+00  0.21278797E+01  0.63515979E+00
  0.25478109E+01  0.67974427E+00  0.21278777E+01  0.62862523E+00
  0.24759340E+01  0.67975546E+00  0.21278759E+01  0.61970509E+00
  0.23821643E+01  0.67976695E+00  0.21278807E+01  0.60786655E+00
  0.22640324E+01  0.67980619E+00  0.21279124E+01  0.59263261E+00
  0.21195777E+01  0.67987327E+00  0.21279295E+01  0.57346908E+00
  0.19762319E+01  0.67987900E+00  0.21278727E+01  0.55375002E+00
  0.18747187E+01  0.67985979E+00  0.21278750E+01  0.53932473E+00
  0.18062799E+01  0.67983174E+00  0.21278840E+01  0.52936591E+00
  0.17616406E+01  0.67980122E+00  0.21278859E+01  0.52276008E+00
  0.17334263E+01  0.67977466E+00  0.21278849E+01  0.51853680E+00
  0.17161394E+01  0.67975470E+00  0.21278847E+01  0.51592959E+00
  0.17058739E+01  0.67974066E+00  0.21278852E+01  0.51437352E+00
  0.16999718E+01  0.67973116E+00  0.21278864E+01  0.51347560E+00
  0.16966974E+01  0.67972457E+00  0.21278884E+01  0.51297562E+00
  0.16949590E+01  0.67971969E+00  0.21278913E+01  0.51270873E+00
  0.16940830E+01  0.67971622E+00  0.21278940E+01  0.51257328E+00
  0.16936800E+01  0.67971426E+00  0.21278964E+01  0.51251055E+00
  0.16935206E+01  0.67971335E+00  0.21278979E+01  0.51248556E+00
  0.16934756E+01  0.67971326E+00  0.21278988E+01  0.51247857E+00
  0.16934734E+01  0.67971344E+00  0.21278988E+01  0.51247839E+00
  0.16934893E+01  0.67971416E+00  0.21278977E+01  0.51248145E+00
  0.16935329E+01  0.67971572E+00  0.21278948E+01  0.51248958E+00
  0.16936057E+01  0.67971787E+00  0.21278906E+01  0.51250272E+00
  0.16936796E+01  0.67971955E+00  0.21278873E+01  0.51251556E+00
  0.16937236E+01  0.67972050E+00  0.21278854E+01  0.51252317E+00
  0.16937490E+01  0.67972098E+00  0.21278849E+01  0.51252745E+00
  0.16937636E+01  0.67972115E+00  0.21278851E+01  0.51252974E+00
  0.16937712E+01  0.67972084E+00  0.21278861E+01  0.51253055E+00
  0.16937766E+01  0.67971974E+00  0.21278888E+01  0.51253021E+00
  0.16937819E+01  0.67971770E+00  0.21278937E+01  0.51252888E+00
  0.16937859E+01  0.67971581E+00  0.21278981E+01  0.51252753E+00
  0.16937876E+01  0.67971491E+00  0.21279014E+01  0.51252673E+00
  0.16937878E+01  0.67971422E+00  0.21279026E+01  0.51252608E+00
  0.16937881E+01  0.67971430E+00  0.21279033E+01  0.51252610E+00
  0.16937882E+01  0.67971465E+00  0.21279032E+01  0.51252639E+00
  0.16937882E+01  0.67971547E+00  0.21279025E+01  0.51252709E+00
  0.16937874E+01  0.67971704E+00  0.21279001E+01  0.51252845E+00
  0.16937858E+01  0.67971947E+00  0.21278955E+01  0.51253059E+00
  0.16937845E+01  0.67972161E+00  0.21278911E+01  0.51253253E+00
  0.16937849E+01  0.67972285E+00  0.21278880E+01  0.51253391E+00
  0.16937863E+01  0.67972360E+00  0.21278868E+01  0.51253484E+00
  0.16937886E+01  0.67972399E+00  0.21278868E+01  0.51253546E+00
  0.16937910E+01  0.67972387E+00  0.21278874E+01  0.51253568E+00
  0.16937943E+01  0.67972305E+00  0.21278897E+01  0.51253528E+00
  0.16937989E+01  0.67972110E+00  0.21278946E+01  0.51253391E+00
  0.16938040E+01  0.67971869E+00  0.21279005E+01  0.51253215E+00
  0.16938082E+01  0.67971711E+00  0.21279050E+01  0.51253106E+00
  0.16938112E+01  0.67971616E+00  0.21279072E+01  0.51253053E+00
  0.16938133E+01  0.67971608E+00  0.21279086E+01  0.51253063E+00
  0.16938154E+01  0.67971637E+00  0.21279089E+01  0.51253112E+00
  0.16938182E+01  0.67971695E+00  0.21279086E+01  0.51253201E+00
  0.16938189E+01  0.67971816E+00  0.21279067E+01  0.51253326E+00
  0.16938192E+01  0.67972011E+00  0.21279029E+01  0.51253524E+00
  0.16938183E+01  0.67972255E+00  0.21278974E+01  0.51253760E+00
  0.16938183E+01  0.67972464E+00  0.21278930E+01  0.51253970E+00
  0.16938189E+01  0.67972585E+00  0.21278902E+01  0.51254104E+00
  0.16938199E+01  0.67972623E+00  0.21278887E+01  0.51254166E+00
  0.16938219E+01  0.67972645E+00  0.21278891E+01  0.51254208E+00
  0.16938251E+01  0.67972595E+00  0.21278911E+01  0.51254195E+00
  0.16938299E+01  0.67972425E+00  0.21278960E+01  0.51254080E+00
  0.16938352E+01  0.67972179E+00  0.21279027E+01  0.51253894E+00
  0.16938396E+01  0.67972029E+00  0.21279081E+01  0.51253783E+00
  0.16938408E+01  0.67971970E+00  0.21279108E+01  0.51253725E+00
  0.16938417E+01  0.67972017E+00  0.21279115E+01  0.51253765E+00
  0.16938418E+01  0.67972125E+00  0.21279110E+01  0.51253853E+00
  0.16938410E+01  0.67972336E+00  0.21279087E+01  0.51254028E+00
  0.16938394E+01  0.67972583E+00  0.21279051E+01  0.51254234E+00
  0.16938392E+01  0.67972794E+00  0.21279034E+01  0.51254411E+00
  0.16938391E+01  0.67972917E+00  0.21279036E+01  0.51254499E+00
  0.16938398E+01  0.67972932E+00  0.21279050E+01  0.51254503E+00
  0.16938420E+01  0.67972839E+00  0.21279092E+01  0.51254418E+00
  0.16938463E+01  0.67972626E+00  0.21279166E+01  0.51254234E+00
  0.16938503E+01  0.67972456E+00  0.21279232E+01  0.51254085E+00
  0.16938534E+01  0.67972430E+00  0.21279281E+01  0.51254053E+00
  0.16938547E+01  0.67972514E+00  0.21279301E+01  0.51254112E+00
  0.16938541E+01  0.67972673E+00  0.21279303E+01  0.51254221E+00
  0.16938526E+01  0.67972911E+00  0.21279291E+01  0.51254391E+00
  0.16938494E+01  0.67973265E+00  0.21279251E+01  0.51254658E+00
  0.16938459E+01  0.67973631E+00  0.21279206E+01  0.51254937E+00
  0.16938451E+01  0.67973904E+00  0.21279179E+01  0.51255163E+00
  0.16938463E+01  0.67974119E+00  0.21279177E+01  0.51255344E+00
  0.16938495E+01  0.67974225E+00  0.21279198E+01  0.51255449E+00
  0.16938541E+01  0.67974217E+00  0.21279234E+01  0.51255468E+00
  0.16938599E+01  0.67974079E+00  0.21279304E+01  0.51255367E+00
  0.16938661E+01  0.67973831E+00  0.21279400E+01  0.51255159E+00
  0.16938695E+01  0.67973642E+00  0.21279476E+01  0.51254976E+00
  0.16938705E+01  0.67973553E+00  0.21279528E+01  0.51254862E+00
  0.16938711E+01  0.67973576E+00  0.21279567E+01  0.51254840E+00
  0.16938714E+01  0.67973644E+00  0.21279585E+01  0.51254875E+00
  0.16938725E+01  0.67973760E+00  0.21279591E+01  0.51254971E+00
  0.16938727E+01  0.67973912E+00  0.21279590E+01  0.51255091E+00
  0.16938721E+01  0.67974105E+00  0.21279584E+01  0.51255235E+00
  0.16938703E+01  0.67974359E+00  0.21279563E+01  0.51255424E+00
  0.16938668E+01  0.67974712E+00  0.21279519E+01  0.51255690E+00
  0.16938623E+01  0.67975094E+00  0.21279463E+01  0.51255978E+00
  0.16938610E+01  0.67975405E+00  0.21279431E+01  0.51256232E+00
  0.16938620E+01  0.67975613E+00  0.21279429E+01  0.51256406E+00
  0.16938643E+01  0.67975672E+00  0.21279453E+01  0.51256457E+00
  0.16938673E+01  0.67975576E+00  0.21279511E+01  0.51256359E+00
  0.16938718E+01  0.67975279E+00  0.21279622E+01  0.51256070E+00
  0.16938756E+01  0.67974997E+00  0.21279734E+01  0.51255779E+00
  0.16938764E+01  0.67974838E+00  0.21279813E+01  0.51255577E+00
  0.16938776E+01  0.67974887E+00  0.21279873E+01  0.51255559E+00
  0.16938792E+01  0.67975005E+00  0.21279902E+01  0.51255637E+00
  0.16938824E+01  0.67975166E+00  0.21279918E+01  0.51255788E+00
  0.16938895E+01  0.67975360E+00  0.21279935E+01  0.51256022E+00
  0.16939002E+01  0.67975553E+00  0.21279963E+01  0.51256294E+00
  0.16939033E+01  0.67975851E+00  0.21279986E+01  0.51256539E+00
  0.16939017E+01  0.67976247E+00  0.21279989E+01  0.51256810E+00
  0.16938969E+01  0.67976768E+00  0.21279969E+01  0.51257154E+00
  0.16938883E+01  0.67977418E+00  0.21279924E+01  0.51257567E+00
  0.16938820E+01  0.67977963E+00  0.21279892E+01  0.51257922E+00
  0.16938848E+01  0.67978388E+00  0.21279931E+01  0.51258238E+00
  0.16938935E+01  0.67978456E+00  0.21280026E+01  0.51258307E+00
  0.16939085E+01  0.67978301E+00  0.21280183E+01  0.51258227E+00
  0.16939201E+01  0.67978126E+00  0.21280352E+01  0.51258067E+00
  0.16939238E+01  0.67978113E+00  0.21280507E+01  0.51257927E+00
  0.16939226E+01  0.67977805E+00  0.21280595E+01  0.51257570E+00
  0.16939049E+01  0.67976970E+00  0.21280431E+01  0.51256872E+00
  0.16938563E+01  0.67973876E+00  0.21279683E+01  0.51254704E+00
  0.16936993E+01  0.67961645E+00  0.21277092E+01  0.51246226E+00
  0.16931066E+01  0.67917304E+00  0.21267805E+01  0.51215008E+00
  0.16909406E+01  0.67759415E+00  0.21234663E+01  0.51103086E+00
  0.16832959E+01  0.67201373E+00  0.21117712E+01  0.50707352E+00
  0.16571837E+01  0.65265264E+00  0.20714040E+01  0.49336803E+00
  0.15749632E+01  0.58975569E+00  0.19408664E+01  0.44899914E+00
  0.13666660E+01  0.40954087E+00  0.16071812E+01  0.31917731E+00
  0.11065730E+01  0.13581535E+00  0.11730977E+01  0.11148278E+00
  0.10223522E+01  0.29544932E-01  0.10348178E+01  0.24819174E-01
  0.10044012E+01  0.58460387E-02  0.10067537E+01  0.49350286E-02
  0.10008493E+01  0.11286965E-02  0.10012986E+01  0.95370868E-03
  0.10001632E+01  0.21689871E-03  0.10002493E+01  0.18330497E-03
  0.10000313E+01  0.41646424E-04  0.10000479E+01  0.35197362E-04
  0.10000060E+01  0.79951830E-05  0.10000092E+01  0.67571523E-05
  0.10000012E+01  0.15348584E-05  0.10000018E+01  0.12971917E-05
  0.10000002E+01  0.29465245E-06  0.10000003E+01  0.24902676E-06
  0.10000000E+01  0.56565936E-07  0.10000001E+01  0.47806941E-07
  0.10000000E+01  0.10859310E-07  0.10000000E+01  0.91777919E-08
  0.10000000E+01  0.20847353E-08  0.10000000E+01  0.17619229E-08
  0.10000000E+01  0.40022135E-09  0.10000000E+01  0.33824878E-09
  0.10000000E+01  0.76833632E-10  0.10000000E+01  0.64936271E-10
  0.10000000E+01  0.14750418E-10  0.10000000E+01  0.12466379E-10
  0.10000000E+01  0.28313813E-11  0.10000000E+01  0.23929540E-11
  0.10000000E+01  0.54331990E-12  0.10000000E+01  0.45918913E-12
  0.10000000E+01  0.10418867E-12  0.10000000E+01  0.88055501E-13
  0.10000000E+01  0.19839024E-13  0.10000000E+01  0.16767036E-13
  0.10000000E+01  0.36121424E-14  0.10000000E+01  0.30528175E-14
  0.10000000E+01  0.51113248E-15  0.10000000E+01  0.43198579E-15
  0.10000000E+01  0.00000000E+00  0.10000000E+01  0.00000000E+00
  0.10000000E+01  0.00000000E+00  0.10000000E+01  0.00000000E+00
  0.10000000E+01  0.00000000E+00  0.10000000E+01  0.00000000E+00
  0.10000000E+01  0.00000000E+00  0.10000000E+01  0.00000000E+00
  0.10000000E+01  0.00000000E+00  0.10000000E+01  0.00000000E+00
  0.10000000E+01  0.00000000E+00  0.10000000E+01  0.00000000E+00
  0.10000000E+01  0.00000000E+00  0.10000000E+01  0.00000000E+00
  0.10000000E+01  0.00000000E+00  0.10000000E+01  0.00000000E+00
  0.10000000E+01  0.00000000E+00  0.10000000E+01  0.00000000E+00
  0.10000000E+01  0.00000000E+00  0.10000000E+01  0.00000000E+00
  0.10000000E+01  0.00000000E+00  0.10000000E+01  0.00000000E+00
  0.10000000E+01  0.00000000E+00  0.10000000E+01  0.00000000E+00
  0.10000000E+01  0.00000000E+00  0.10000000E+01  0.00000000E+00
  0.10000000E+01  0.00000000E+00  0.10000000E+01  0.00000000E+00
  0.10000000E+01  0.00000000E+00  0.10000000E+01  0.00000000E+00
  0.10000000E+01  0.00000000E+00  0.10000000E+01  0.00000000E+00
  0.10000000E+01  0.00000000E+00  0.10000000E+01  0.00000000E+00
  0.10000000E+01  0.00000000E+00  0.10000000E+01  0.00000000E+00
  0.10000000E+01  0.00000000E+00  0.10000000E+01  0.00000000E+00
  0.10000000E+01  0.00000000E+00  0.10000000E+01  0.00000000E+00
  0.10000000E+01  0.00000000E+00  0.10000000E+01  0.00000000E+00
