  0.50000000E+01  0.00000000E+00  0.50000000E+01  0.00000000E+00
  0.50000000E+01  0.00000000E+00  0.50000000E+01  0.00000000E+00
  0.50000000E+01  0.00000000E+00  0.50000000E+01  0.00000000E+00
  0.50000000E+01  0.00000000E+00  0.50000000E+01  0.00000000E+00
  0.50000000E+01  0.00000000E+00  0.50000000E+01  0.00000000E+00
  0.50000000E+01  0.00000000E+00  0.50000000E+01  0.00000000E+00
  0.50000000E+01  0.00000000E+00  0.50000000E+01  0.00000000E+00
  0.50000000E+01  0.00000000E+00  0.50000000E+01  0.00000000E+00
  0.50000000E+01  0.00000000E+00  0.50000000E+01  0.00000000E+00
  0.50000000E+01  0.00000000E+00  0.50000000E+01  0.00000000E+00
  0.50000000E+01  0.00000000E+00  0.50000000E+01  0.00000000E+00
  0.50000000E+01  0.00000000E+00  0.50000000E+01  0.00000000E+00
  0.50000000E+01  0.00000000E+00  0.50000000E+01  0.00000000E+00
  0.50000000E+01  0.00000000E+00  0.50000000E+01  0.00000000E+00
  0.50000000E+01  0.00000000E+00  0.50000000E+01  0.00000000E+00
  0.50000000E+01  0.00000000E+00  0.50000000E+01  0.00000000E+00
  0.50000000E+01  0.00000000E+00  0.50000000E+01  0.00000000E+00
  0.50000000E+01  0.00000000E+00  0.50000000E+01  0.00000000E+00
  0.50000000E+01  0.00000000E+00  0.50000000E+01  0.00000000E+00
  0.50000000E+01  0.00000000E+00  0.50000000E+01  0.00000000E+00
  0.50000000E+01  0.00000000E+00  0.50000000E+01  0.00000000E+00
  0.50000000E+01  0.00000000E+00  0.50000000E+01  0.00000000E+00
  0.50000000E+01  0.00000000E+00  0.50000000E+01  0.00000000E+00
  0.50000000E+01  0.00000000E+00  0.50000000E+01  0.00000000E+00
  0.50000000E+01  0.00000000E+00  0.50000000E+01  0.00000000E+00
  0.50000000E+01  0.00000000E+00  0.50000000E+01  0.00000000E+00
  0.50000000E+01  0.00000000E+00  0.50000000E+01  0.00000000E+00
  0.50000000E+01  0.00000000E+00  0.50000000E+01  0.00000000E+00
  0.50000000E+01  0.00000000E+00  0.50000000E+01  0.00000000E+00
  0.50000000E+01  0.00000000E+00  0.50000000E+01  0.00000000E+00
  0.50000000E+01  0.00000000E+00  0.50000000E+01  0.00000000E+00
  0.50000000E+01  0.00000000E+00  0.50000000E+01  0.00000000E+00
  0.50000000E+01  0.00000000E+00  0.50000000E+01  0.00000000E+00
  0.50000000E+01  0.00000000E+00  0.50000000E+01  0.00000000E+00
  0.50000000E+01  0.00000000E+00  0.50000000E+01  0.00000000E+00
  0.50000000E+01  0.00000000E+00  0.50000000E+01  0.00000000E+00
  0.50000000E+01  0.00000000E+00  0.50000000E+01  0.00000000E+00
  0.50000000E+01  0.00000000E+00  0.50000000E+01  0.00000000E+00
  0.50000000E+01  0.00000000E+00  0.50000000E+01  0.00000000E+00
  0.50000000E+01  0.00000000E+00  0.50000000E+01  0.00000000E+00
  0.50000000E+01  0.00000000E+00  0.50000000E+01  0.00000000E+00
  0.50000000E+01  0.00000000E+00  0.50000000E+01  0.00000000E+00
  0.50000000E+01  0.00000000E+00  0.50000000E+01  0.00000000E+00
  0.50000000E+01  0.00000000E+00  0.50000000E+01  0.00000000E+00
  0.50000000E+01  0.00000000E+00  0.50000000E+01  0.00000000E+00
  0.50000000E+01  0.00000000E+00  0.50000000E+01  0.00000000E+00
  0.50000000E+01  0.00000000E+00  0.50000000E+01  0.00000000E+00
  0.50000000E+01  0.00000000E+00  0.50000000E+01  0.00000000E+00
  0.50000000E+01  0.00000000E+00  0.50000000E+01  0.00000000E+00
  0.50000000E+01  0.00000000E+00  0.50000000E+01  0.00000000E+00
  0.50000000E+01  0.00000000E+00  0.50000000E+01  0.00000000E+00
  0.50000000E+01  0.00000000E+00  0.50000000E+01  0.00000000E+00
  0.50000000E+01  0.00000000E+00  0.50000000E+01  0.00000000E+00
  0.50000000E+01  0.00000000E+00  0.50000000E+01  0.00000000E+00
  0.50000000E+01  0.00000000E+00  0.50000000E+01  0.00000000E+00
  0.50000000E+01  0.00000000E+00  0.50000000E+01  0.00000000E+00
  0.50000000E+01  0.00000000E+00  0.50000000E+01  0.00000000E+00
  0.50000000E+01  0.00000000E+00  0.50000000E+01  0.00000000E+00
  0.50000000E+01  0.00000000E+00  0.50000000E+01  0.00000000E+00
  0.50000000E+01  0.00000000E+00  0.50000000E+01  0.00000000E+00
  0.50000000E+01  0.00000000E+00  0.50000000E+01  0.00000000E+00
  0.50000000E+01  0.00000000E+00  0.50000000E+01  0.00000000E+00
  0.50000000E+01  0.00000000E+00  0.50000000E+01  0.00000000E+00
  0.50000000E+01  0.00000000E+00  0.50000000E+01  0.00000000E+00
  0.50000000E+01  0.00000000E+00  0.50000000E+01  0.00000000E+00
  0.50000000E+01  0.00000000E+00  0.50000000E+01  0.00000000E+00
  0.50000000E+01  0.00000000E+00  0.50000000E+01  0.00000000E+00
  0.50000000E+01  0.00000000E+00  0.50000000E+01  0.00000000E+00
  0.50000000E+01  0.00000000E+00  0.50000000E+01  0.00000000E+00
  0.50000000E+01  0.00000000E+00  0.50000000E+01  0.00000000E+00
  0.50000000E+01  0.00000000E+00  0.50000000E+01  0.00000000E+00
  0.50000000E+01  0.00000000E+00  0.50000000E+01  0.00000000E+00
  0.50000000E+01  0.00000000E+00  0.50000000E+01  0.00000000E+00
  0.50000000E+01  0.00000000E+00  0.50000000E+01  0.00000000E+00
  0.50000000E+01  0.00000000E+00  0.50000000E+01  0.00000000E+00
  0.50000000E+01  0.00000000E+00  0.50000000E+01  0.00000000E+00
  0.50000000E+01  0.00000000E+00  0.50000000E+01  0.00000000E+00
  0.50000000E+01  0.00000000E+00  0.50000000E+01  0.00000000E+00
  0.50000000E+01  0.00000000E+00  0.50000000E+01  0.00000000E+00
  0.50000000E+01  0.00000000E+00  0.50000000E+01  0.00000000E+00
  0.50000000E+01  0.00000000E+00  0.50000000E+01  0.00000000E+00
  0.50000000E+01  0.00000000E+00  0.50000000E+01  0.00000000E+00
  0.50000000E+01  0.00000000E+00  0.50000000E+01  0.00000000E+00
  0.50000000E+01  0.00000000E+00  0.50000000E+01  0.00000000E+00
  0.50000000E+01  0.00000000E+00  0.50000000E+01  0.00000000E+00
  0.50000000E+01  0.00000000E+00  0.50000000E+01  0.00000000E+00
  0.50000000E+01  0.00000000E+00  0.50000000E+01  0.00000000E+00
  0.50000000E+01  0.00000000E+00  0.50000000E+01  0.00000000E+00
  0.50000000E+01  0.00000000E+00  0.50000000E+01  0.00000000E+00
  0.50000000E+01  0.00000000E+00  0.50000000E+01  0.00000000E+00
  0.50000000E+01  0.00000000E+00  0.50000000E+01  0.00000000E+00
  0.50000000E+01  0.00000000E+00  0.50000000E+01  0.00000000E+00
  0.50000000E+01  0.00000000E+00  0.50000000E+01  0.00000000E+00
  0.50000000E+01  0.00000000E+00  0.50000000E+01  0.00000000E+00
  0.50000000E+01  0.00000000E+00  0.50000000E+01  0.00000000E+00
  0.50000000E+01  0.00000000E+00  0.50000000E+01  0.00000000E+00
  0.50000000E+01  0.00000000E+00  0.50000000E+01  0.00000000E+00
  0.50000000E+01  0.00000000E+00  0.50000000E+01  0.00000000E+00
  0.50000000E+01  0.00000000E+00  0.50000000E+01  0.00000000E+00
  0.50000000E+01  0.00000000E+00  0.50000000E+01  0.00000000E+00
  0.50000000E+01  0.00000000E+00  0.50000000E+01  0.00000000E+00
  0.50000000E+01  0.00000000E+00  0.50000000E+01  0.00000000E+00
  0.50000000E+01  0.00000000E+00  0.50000000E+01  0.00000000E+00
  0.50000000E+01  0.00000000E+00  0.50000000E+01  0.00000000E+00
  0.50000000E+01  0.00000000E+00  0.50000000E+01  0.00000000E+00
  0.50000000E+01  0.00000000E+00  0.50000000E+01  0.00000000E+00
  0.50000000E+01  0.00000000E+00  0.50000000E+01  0.00000000E+00
  0.50000000E+01  0.00000000E+00  0.50000000E+01  0.00000000E+00
  0.50000000E+01  0.00000000E+00  0.50000000E+01  0.00000000E+00
  0.50000000E+01  0.00000000E+00  0.50000000E+01  0.00000000E+00
  0.50000000E+01  0.00000000E+00  0.50000000E+01  0.00000000E+00
  0.50000000E+01  0.00000000E+00  0.50000000E+01  0.00000000E+00
  0.50000000E+01  0.00000000E+00  0.50000000E+01  0.00000000E+00
  0.50000000E+01  0.00000000E+00  0.50000000E+01  0.00000000E+00
  0.50000000E+01  0.00000000E+00  0.50000000E+01  0.00000000E+00
  0.50000000E+01  0.00000000E+00  0.50000000E+01  0.00000000E+00
  0.50000000E+01  0.00000000E+00  0.50000000E+01  0.00000000E+00
  0.50000000E+01  0.00000000E+00  0.50000000E+01  0.00000000E+00
  0.50000000E+01  0.00000000E+00  0.50000000E+01  0.00000000E+00
  0.50000000E+01  0.00000000E+00  0.50000000E+01  0.00000000E+00
  0.50000000E+01  0.00000000E+00  0.50000000E+01  0.00000000E+00
  0.50000000E+01  0.00000000E+00  0.50000000E+01  0.00000000E+00
  0.50000000E+01  0.00000000E+00  0.50000000E+01  0.00000000E+00
  0.50000000E+01  0.00000000E+00  0.50000000E+01  0.00000000E+00
  0.50000000E+01  0.00000000E+00  0.50000000E+01  0.00000000E+00
  0.50000000E+01  0.00000000E+00  0.50000000E+01  0.00000000E+00
  0.50000000E+01  0.00000000E+00  0.50000000E+01  0.00000000E+00
  0.50000000E+01  0.00000000E+00  0.50000000E+01  0.00000000E+00
  0.50000000E+01  0.00000000E+00  0.50000000E+01  0.00000000E+00
  0.50000000E+01  0.00000000E+00  0.50000000E+01  0.00000000E+00
  0.50000000E+01  0.00000000E+00  0.50000000E+01  0.00000000E+00
  0.50000000E+01  0.00000000E+00  0.50000000E+01  0.00000000E+00
  0.50000000E+01  0.00000000E+00  0.50000000E+01  0.00000000E+00
  0.50000000E+01  0.00000000E+00  0.50000000E+01  0.00000000E+00
  0.50000000E+01  0.00000000E+00  0.50000000E+01  0.00000000E+00
  0.50000000E+01  0.00000000E+00  0.50000000E+01  0.00000000E+00
  0.50000000E+01  0.00000000E+00  0.50000000E+01  0.00000000E+00
  0.50000000E+01  0.00000000E+00  0.50000000E+01  0.00000000E+00
  0.50000000E+01  0.00000000E+00  0.50000000E+01  0.00000000E+00
  0.50000000E+01  0.00000000E+00  0.50000000E+01  0.00000000E+00
  0.50000000E+01  0.00000000E+00  0.50000000E+01  0.00000000E+00
  0.50000000E+01  0.00000000E+00  0.50000000E+01  0.00000000E+00
  0.50000000E+01  0.00000000E+00  0.50000000E+01  0.00000000E+00
  0.50000000E+01  0.00000000E+00  0.50000000E+01  0.00000000E+00
  0.50000000E+01  0.00000000E+00  0.50000000E+01  0.00000000E+00
  0.50000000E+01  0.00000000E+00  0.50000000E+01  0.00000000E+00
  0.50000000E+01  0.00000000E+00  0.50000000E+01  0.00000000E+00
  0.50000000E+01  0.00000000E+00  0.50000000E+01  0.00000000E+00
  0.50000000E+01  0.00000000E+00  0.50000000E+01  0.00000000E+00
  0.50000000E+01  0.00000000E+00  0.50000000E+01  0.00000000E+00
  0.50000000E+01  0.00000000E+00  0.50000000E+01  0.00000000E+00
  0.50000000E+01  0.00000000E+00  0.50000000E+01  0.00000000E+00
  0.50000000E+01  0.00000000E+00  0.50000000E+01  0.00000000E+00
  0.50000000E+01  0.22820626E-15  0.50000000E+01  0.19286949E-15
  0.50000000E+01  0.13262196E-14  0.50000000E+01  0.11208601E-14
  0.50000000E+01  0.47971135E-14  0.50000000E+01  0.40543009E-14
  0.50000000E+01  0.15704533E-13  0.50000000E+01  0.13272753E-13
  0.50000000E+01  0.50012979E-13  0.50000000E+01  0.42268682E-13
  0.50000000E+01  0.15624547E-12  0.50000000E+01  0.13205152E-12
  0.50000000E+01  0.48074178E-12  0.50000000E+01  0.40630096E-12
  0.50000000E+01  0.14542589E-11  0.50000000E+01  0.12290731E-11
  0.50000000E+01  0.43295243E-11  0.50000000E+01  0.36591159E-11
  0.50000000E+01  0.12681655E-10  0.50000000E+01  0.10717955E-10
  0.50000000E+01  0.36539269E-10  0.50000000E+01  0.30881319E-10
  0.50000000E+01  0.10351379E-09  0.50000000E+01  0.87485121E-10
  0.50000000E+01  0.28824387E-09  0.50000000E+01  0.24361054E-09
  0.50000000E+01  0.78864327E-09  0.50000000E+01  0.66652522E-09
  0.50000000E+01  0.21192914E-08  0.50000000E+01  0.17911281E-08
  0.50000000E+01  0.55912163E-08  0.50000000E+01  0.47254403E-08
  0.49999999E+01  0.14475461E-07  0.49999999E+01  0.12233997E-07
  0.49999999E+01  0.36758705E-07  0.49999998E+01  0.31066777E-07
  0.49999996E+01  0.91509455E-07  0.49999995E+01  0.77339607E-07
  0.49999991E+01  0.22320757E-06  0.49999987E+01  0.18864483E-06
  0.49999978E+01  0.53312509E-06  0.49999969E+01  0.45057299E-06
  0.49999950E+01  0.12460770E-05  0.49999927E+01  0.10531275E-05
  0.49999884E+01  0.28480627E-05  0.49999833E+01  0.24070536E-05
  0.49999741E+01  0.63607451E-05  0.49999627E+01  0.53758170E-05
  0.49999435E+01  0.13869229E-04  0.49999186E+01  0.11721667E-04
  0.49998795E+01  0.29496954E-04  0.49998269E+01  0.24929607E-04
  0.49997498E+01  0.61127226E-04  0.49996411E+01  0.51662497E-04
  0.49994943E+01  0.12329052E-03  0.49992757E+01  0.10420179E-03
  0.49990064E+01  0.24172190E-03  0.49985793E+01  0.20430102E-03
  0.49981048E+01  0.46003990E-03  0.49972950E+01  0.38883618E-03
  0.49964960E+01  0.84863805E-03  0.49950084E+01  0.71733685E-03
  0.49937307E+01  0.15150127E-02  0.49910869E+01  0.12807585E-02
  0.49891633E+01  0.26132780E-02  0.49846260E+01  0.22096280E-02
  0.49819327E+01  0.43487878E-02  0.49744251E+01  0.36781690E-02
  0.49709886E+01  0.69724555E-02  0.49590299E+01  0.58999014E-02
  0.49551834E+01  0.10759997E-01  0.49368668E+01  0.91107118E-02
  0.49334365E+01  0.15975239E-01  0.49064753E+01  0.13538586E-01
  0.49049400E+01  0.22823612E-01  0.48667956E+01  0.19364918E-01
  0.48693466E+01  0.31409061E-01  0.48174240E+01  0.26688173E-01
  0.48268673E+01  0.41710052E-01  0.47587379E+01  0.35502874E-01
  0.47782343E+01  0.53584919E-01  0.46918316E+01  0.45702618E-01
  0.47245387E+01  0.66805315E-01  0.46182821E+01  0.57106623E-01
  0.46670045E+01  0.81105570E-01  0.45398321E+01  0.69500173E-01
  0.46067733E+01  0.96232010E-01  0.44580929E+01  0.82675990E-01
  0.45447486E+01  0.11198146E+00  0.43743341E+01  0.96467515E-01
  0.44815211E+01  0.12822897E+00  0.42893549E+01  0.11077426E+00
  0.44176483E+01  0.14481470E+00  0.42039243E+01  0.12546332E+00
  0.43541477E+01  0.16147241E+00  0.41195103E+01  0.14030176E+00
  0.42914798E+01  0.17814668E+00  0.40366953E+01  0.15524023E+00
  0.42295237E+01  0.19477240E+00  0.39553733E+01  0.17022188E+00
  0.41686089E+01  0.21139952E+00  0.38757608E+01  0.18529217E+00
  0.41084039E+01  0.22798578E+00  0.37976399E+01  0.20041186E+00
  0.40489255E+01  0.24450711E+00  0.37208790E+01  0.21556319E+00
  0.39903492E+01  0.26102453E+00  0.36457029E+01  0.23079805E+00
  0.39326579E+01  0.27753826E+00  0.35720801E+01  0.24611684E+00
  0.38755467E+01  0.29398430E+00  0.34996869E+01  0.26146406E+00
  0.38191917E+01  0.31038817E+00  0.34286266E+01  0.27686419E+00
  0.37636984E+01  0.32680284E+00  0.33590533E+01  0.29236189E+00
  0.37090132E+01  0.34320722E+00  0.32908835E+01  0.30793946E+00
  0.36548530E+01  0.35954163E+00  0.32238331E+01  0.32354438E+00
  0.36014389E+01  0.37583727E+00  0.31580274E+01  0.33920787E+00
  0.35488087E+01  0.39214004E+00  0.30936073E+01  0.35496528E+00
  0.34970653E+01  0.40844010E+00  0.30305572E+01  0.37081303E+00
  0.34457556E+01  0.42465539E+00  0.29685615E+01  0.38667121E+00
  0.33952094E+01  0.44080457E+00  0.29077118E+01  0.40256839E+00
  0.33454121E+01  0.45695003E+00  0.28482277E+01  0.41854500E+00
  0.32968231E+01  0.47310917E+00  0.27902705E+01  0.43463232E+00
  0.32482319E+01  0.48906561E+00  0.27331640E+01  0.45060269E+00
  0.32010038E+01  0.50493364E+00  0.26773890E+01  0.46661388E+00
  0.31548196E+01  0.52084979E+00  0.26235321E+01  0.48271695E+00
  0.31092244E+01  0.53640266E+00  0.25706250E+01  0.49857854E+00
  0.30646329E+01  0.55168313E+00  0.25192094E+01  0.51426004E+00
  0.30227564E+01  0.56707385E+00  0.24707422E+01  0.53010691E+00
  0.29812012E+01  0.58174619E+00  0.24235502E+01  0.54530461E+00
  0.29404960E+01  0.59546778E+00  0.23777251E+01  0.55965932E+00
  0.29049065E+01  0.60937463E+00  0.23367456E+01  0.57422318E+00
  0.28718301E+01  0.62245981E+00  0.22994410E+01  0.58791634E+00
  0.28376923E+01  0.63313135E+00  0.22623773E+01  0.59928021E+00
  0.28101685E+01  0.64334803E+00  0.22310608E+01  0.61022843E+00
  0.27900264E+01  0.65351930E+00  0.22079037E+01  0.62088117E+00
  0.27689084E+01  0.66054829E+00  0.21853537E+01  0.62839683E+00
  0.27501670E+01  0.66535797E+00  0.21652266E+01  0.63375180E+00
  0.27401218E+01  0.67050168E+00  0.21532140E+01  0.63925951E+00
  0.27338978E+01  0.67473481E+00  0.21463206E+01  0.64359542E+00
  0.27264005E+01  0.67654808E+00  0.21387717E+01  0.64557583E+00
  0.27206209E+01  0.67724443E+00  0.21324828E+01  0.64650617E+00
  0.27185111E+01  0.67826005E+00  0.21298190E+01  0.64762922E+00
  0.27186180E+01  0.67940141E+00  0.21299055E+01  0.64871862E+00
  0.27180335E+01  0.67992736E+00  0.21294942E+01  0.64921370E+00
  0.27166970E+01  0.67987730E+00  0.21281827E+01  0.64920623E+00
  0.27156837E+01  0.67968113E+00  0.21269812E+01  0.64908110E+00
  0.27155625E+01  0.67974304E+00  0.21267721E+01  0.64915765E+00
  0.27159934E+01  0.67992423E+00  0.21272179E+01  0.64931415E+00
  0.27162744E+01  0.68001926E+00  0.21275950E+01  0.64938094E+00
  0.27162912E+01  0.67997860E+00  0.21276259E+01  0.64933940E+00
  0.27161371E+01  0.67986820E+00  0.21274454E+01  0.64924311E+00
  0.27160951E+01  0.67980789E+00  0.21273572E+01  0.64919396E+00
  0.27161975E+01  0.67980563E+00  0.21274425E+01  0.64919102E+00
  0.27163563E+01  0.67983728E+00  0.21276084E+01  0.64921491E+00
  0.27164355E+01  0.67984386E+00  0.21276971E+01  0.64921711E+00
  0.27164368E+01  0.67982204E+00  0.21276977E+01  0.64919635E+00
  0.27164087E+01  0.67979395E+00  0.21276599E+01  0.64917192E+00
  0.27164192E+01  0.67978342E+00  0.21276689E+01  0.64916175E+00
  0.27164500E+01  0.67978500E+00  0.21277117E+01  0.64916041E+00
  0.27164712E+01  0.67978877E+00  0.21277552E+01  0.64915991E+00
  0.27164698E+01  0.67978333E+00  0.21277723E+01  0.64915195E+00
  0.27164436E+01  0.67977308E+00  0.21277678E+01  0.64913972E+00
  0.27164284E+01  0.67976777E+00  0.21277724E+01  0.64913213E+00
  0.27164259E+01  0.67976850E+00  0.21277919E+01  0.64912954E+00
  0.27164271E+01  0.67977143E+00  0.21278155E+01  0.64912890E+00
  0.27164199E+01  0.67977027E+00  0.21278283E+01  0.64912495E+00
  0.27163974E+01  0.67976508E+00  0.21278325E+01  0.64911669E+00
  0.27163649E+01  0.67975897E+00  0.21278358E+01  0.64910646E+00
  0.27163278E+01  0.67975533E+00  0.21278488E+01  0.64909657E+00
  0.27162767E+01  0.67975533E+00  0.21278706E+01  0.64908714E+00
  0.27161977E+01  0.67975656E+00  0.21278900E+01  0.64907592E+00
  0.27160752E+01  0.67975511E+00  0.21278990E+01  0.64905852E+00
  0.27158912E+01  0.67975195E+00  0.21278964E+01  0.64903391E+00
  0.27156464E+01  0.67975142E+00  0.21278950E+01  0.64900437E+00
  0.27153118E+01  0.67975322E+00  0.21278952E+01  0.64896607E+00
  0.27147986E+01  0.67975710E+00  0.21278995E+01  0.64890781E+00
  0.27138819E+01  0.67976059E+00  0.21279041E+01  0.64880087E+00
  0.27120688E+01  0.67976207E+00  0.21279049E+01  0.64858538E+00
  0.27083635E+01  0.67976342E+00  0.21279058E+01  0.64814334E+00
  0.27008888E+01  0.67976564E+00  0.21279081E+01  0.64725010E+00
  0.26864053E+01  0.67977064E+00  0.21279120E+01  0.64551647E+00
  0.26598436E+01  0.67978002E+00  0.21279179E+01  0.64232525E+00
  0.26140792E+01  0.67979391E+00  0.21279287E+01  0.63678685E+00
  0.25403019E+01  0.67981600E+00  0.21279397E+01  0.62775528E+00
  0.24293942E+01  0.67984389E+00  0.21279471E+01  0.61392280E+00
  0.22744046E+01  0.67993616E+00  0.21280923E+01  0.59407702E+00
  0.20744154E+01  0.68004314E+00  0.21279903E+01  0.56746031E+00
  0.19049735E+01  0.68002113E+00  0.21279307E+01  0.54378111E+00
  0.18034205E+01  0.67996355E+00  0.21279605E+01  0.52903980E+00
  0.17466183E+01  0.67989630E+00  0.21279761E+01  0.52058818E+00
  0.17169662E+01  0.67984278E+00  0.21279777E+01  0.51610946E+00
  0.17025972E+01  0.67980989E+00  0.21279776E+01  0.51392045E+00
  0.16962195E+01  0.67979353E+00  0.21279765E+01  0.51294479E+00
  0.16937065E+01  0.67978825E+00  0.21279791E+01  0.51256038E+00
  0.16928898E+01  0.67978827E+00  0.21279837E+01  0.51243625E+00
  0.16927327E+01  0.67978902E+00  0.21279902E+01  0.51241226E+00
  0.16927588E+01  0.67978880E+00  0.21279984E+01  0.51241506E+00
  0.16928904E+01  0.67978723E+00  0.21280102E+01  0.51243237E+00
  0.16931087E+01  0.67978548E+00  0.21280225E+01  0.51246261E+00
  0.16932898E+01  0.67978547E+00  0.21280349E+01  0.51248852E+00
  0.16934146E+01  0.67978660E+00  0.21280449E+01  0.51250704E+00
  0.16935330E+01  0.67978912E+00  0.21280539E+01  0.51252578E+00
  0.16936479E+01  0.67979290E+00  0.21280627E+01  0.51254496E+00
  0.16937423E+01  0.67979751E+00  0.21280717E+01  0.51256163E+00
  0.16938128E+01  0.67980276E+00  0.21280807E+01  0.51257518E+00
  0.16938580E+01  0.67980857E+00  0.21280891E+01  0.51258538E+00
  0.16938807E+01  0.67981582E+00  0.21280965E+01  0.51259340E+00
  0.16938944E+01  0.67982328E+00  0.21281012E+01  0.51260051E+00
  0.16938968E+01  0.67983002E+00  0.21281010E+01  0.51260599E+00
  0.16938997E+01  0.67983485E+00  0.21281008E+01  0.51261009E+00
  0.16939037E+01  0.67983683E+00  0.21281021E+01  0.51261204E+00
  0.16939079E+01  0.67983609E+00  0.21281048E+01  0.51261179E+00
  0.16939119E+01  0.67983289E+00  0.21281112E+01  0.51260921E+00
  0.16939119E+01  0.67982808E+00  0.21281187E+01  0.51260467E+00
  0.16939105E+01  0.67982292E+00  0.21281236E+01  0.51260000E+00
  0.16939079E+01  0.67981719E+00  0.21281226E+01  0.51259540E+00
  0.16939038E+01  0.67981229E+00  0.21281159E+01  0.51259189E+00
  0.16939010E+01  0.67980725E+00  0.21281032E+01  0.51258921E+00
  0.16938975E+01  0.67980163E+00  0.21280883E+01  0.51258622E+00
  0.16938936E+01  0.67979812E+00  0.21280787E+01  0.51258414E+00
  0.16938883E+01  0.67979605E+00  0.21280724E+01  0.51258254E+00
  0.16938810E+01  0.67979491E+00  0.21280659E+01  0.51258136E+00
  0.16938780E+01  0.67979522E+00  0.21280592E+01  0.51258193E+00
  0.16938769E+01  0.67979765E+00  0.21280493E+01  0.51258480E+00
  0.16938787E+01  0.67980183E+00  0.21280384E+01  0.51258954E+00
  0.16938821E+01  0.67980602E+00  0.21280319E+01  0.51259399E+00
  0.16938809E+01  0.67980352E+00  0.21280247E+01  0.51259279E+00
  0.16938641E+01  0.67978702E+00  0.21280067E+01  0.51257999E+00
  0.16937838E+01  0.67972791E+00  0.21279041E+01  0.51253561E+00
  0.16934933E+01  0.67951178E+00  0.21274745E+01  0.51238044E+00
  0.16924416E+01  0.67872883E+00  0.21258545E+01  0.51182603E+00
  0.16886294E+01  0.67592986E+00  0.21199869E+01  0.50984505E+00
  0.16751989E+01  0.66605942E+00  0.20993047E+01  0.50285691E+00
  0.16303882E+01  0.63233673E+00  0.20293702E+01  0.47901517E+00
  0.14999861E+01  0.52782209E+00  0.18201823E+01  0.40495775E+00
  0.12303383E+01  0.27569062E+00  0.13831165E+01  0.21975606E+00
  0.10529533E+01  0.69245449E-01  0.10841744E+01  0.57674284E-01
  0.10106653E+01  0.14150693E-01  0.10164637E+01  0.11925359E-01
  0.10020701E+01  0.27507441E-02  0.10031692E+01  0.23235292E-02
  0.10003983E+01  0.52933515E-03  0.10006087E+01  0.44732282E-03
  0.10000765E+01  0.10164030E-03  0.10001168E+01  0.85900004E-04
  0.10000147E+01  0.19507555E-04  0.10000224E+01  0.16486829E-04
  0.10000028E+01  0.37436617E-05  0.10000043E+01  0.31639693E-05
  0.10000005E+01  0.71841029E-06  0.10000008E+01  0.60716743E-06
  0.10000001E+01  0.13785867E-06  0.10000002E+01  0.11651184E-06
  0.10000000E+01  0.26453436E-07  0.10000000E+01  0.22357234E-07
  0.10000000E+01  0.50759519E-08  0.10000000E+01  0.42899624E-08
  0.10000000E+01  0.97396008E-09  0.10000000E+01  0.82314651E-09
  0.10000000E+01  0.18687565E-09  0.10000000E+01  0.15793875E-09
  0.10000000E+01  0.35854893E-10  0.10000000E+01  0.30302915E-10
  0.10000000E+01  0.68791360E-11  0.10000000E+01  0.58139311E-11
  0.10000000E+01  0.13200033E-11  0.10000000E+01  0.11156064E-11
  0.10000000E+01  0.25302091E-12  0.10000000E+01  0.21384170E-12
  0.10000000E+01  0.48106184E-13  0.10000000E+01  0.40657146E-13
  0.10000000E+01  0.90087220E-14  0.10000000E+01  0.76137598E-14
  0.10000000E+01  0.15557021E-14  0.10000000E+01  0.13148082E-14
  0.10000000E+01  0.18565846E-15  0.10000000E+01  0.15691004E-15
  0.10000000E+01  0.00000000E+00  0.10000000E+01  0.00000000E+00
  0.10000000E+01  0.00000000E+00  0.10000000E+01  0.00000000E+00
  0.10000000E+01  0.00000000E+00  0.10000000E+01  0.00000000E+00
  0.10000000E+01  0.00000000E+00  0.10000000E+01  0.00000000E+00
  0.10000000E+01  0.00000000E+00  0.10000000E+01  0.00000000E+00
  0.10000000E+01  0.00000000E+00  0.10000000E+01  0.00000000E+00
  0.10000000E+01  0.00000000E+00  0.10000000E+01  0.00000000E+00
  0.10000000E+01  0.00000000E+00  0.10000000E+01  0.00000000E+00
  0.10000000E+01  0.00000000E+00  0.10000000E+01  0.00000000E+00
  0.10000000E+01  0.00000000E+00  0.10000000E+01  0.00000000E+00
  0.10000000E+01  0.00000000E+00  0.10000000E+01  0.00000000E+00
  0.10000000E+01  0.00000000E+00  0.10000000E+01  0.00000000E+00
  0.10000000E+01  0.00000000E+00  0.10000000E+01  0.00000000E+00
  0.10000000E+01  0.00000000E+00  0.10000000E+01  0.00000000E+00
  0.10000000E+01  0.00000000E+00  0.10000000E+01  0.00000000E+00
  0.10000000E+01  0.00000000E+00  0.10000000E+01  0.00000000E+00
  0.10000000E+01  0.00000000E+00  0.10000000E+01  0.00000000E+00
  0.10000000E+01  0.00000000E+00  0.10000000E+01  0.00000000E+00
  0.10000000E+01  0.00000000E+00  0.10000000E+01  0.00000000E+00
  0.10000000E+01  0.00000000E+00  0.10000000E+01  0.00000000E+00
  0.10000000E+01  0.00000000E+00  0.10000000E+01  0.00000000E+00
  0.10000000E+01  0.00000000E+00  0.10000000E+01  0.00000000E+00
  0.10000000E+01  0.00000000E+00  0.10000000E+01  0.00000000E+00
  0.10000000E+01  0.00000000E+00  0.10000000E+01  0.00000000E+00
  0.10000000E+01  0.00000000E+00  0.10000000E+01  0.00000000E+00
  0.10000000E+01  0.00000000E+00  0.10000000E+01  0.00000000E+00
  0.10000000E+01  0.00000000E+00  0.10000000E+01  0.00000000E+00
  0.10000000E+01  0.00000000E+00  0.10000000E+01  0.00000000E+00
  0.10000000E+01  0.00000000E+00  0.10000000E+01  0.00000000E+00
  0.10000000E+01  0.00000000E+00  0.10000000E+01  0.00000000E+00
  0.10000000E+01  0.00000000E+00  0.10000000E+01  0.00000000E+00
  0.10000000E+01  0.00000000E+00  0.10000000E+01  0.00000000E+00
  0.10000000E+01  0.00000000E+00  0.10000000E+01  0.00000000E+00
  0.10000000E+01  0.00000000E+00  0.10000000E+01  0.00000000E+00
  0.10000000E+01  0.00000000E+00  0.10000000E+01  0.00000000E+00
  0.10000000E+01  0.00000000E+00  0.10000000E+01  0.00000000E+00
  0.10000000E+01  0.00000000E+00  0.10000000E+01  0.00000000E+00
  0.10000000E+01  0.00000000E+00  0.10000000E+01  0.00000000E+00
  0.10000000E+01  0.00000000E+00  0.10000000E+01  0.00000000E+00
  0.10000000E+01  0.00000000E+00  0.10000000E+01  0.00000000E+00
  0.10000000E+01  0.00000000E+00  0.10000000E+01  0.00000000E+00
  0.10000000E+01  0.00000000E+00  0.10000000E+01  0.00000000E+00
  0.10000000E+01  0.00000000E+00  0.10000000E+01  0.00000000E+00
  0.10000000E+01  0.00000000E+00  0.10000000E+01  0.00000000E+00
  0.10000000E+01  0.00000000E+00  0.10000000E+01  0.00000000E+00
  0.10000000E+01  0.00000000E+00  0.10000000E+01  0.00000000E+00
  0.10000000E+01  0.00000000E+00  0.10000000E+01  0.00000000E+00
  0.10000000E+01  0.00000000E+00  0.10000000E+01  0.00000000E+00
  0.10000000E+01  0.00000000E+00  0.10000000E+01  0.00000000E+00
  0.10000000E+01  0.00000000E+00  0.10000000E+01  0.00000000E+00
  0.10000000E+01  0.00000000E+00  0.10000000E+01  0.00000000E+00
  0.10000000E+01  0.00000000E+00  0.10000000E+01  0.00000000E+00
  0.10000000E+01  0.00000000E+00  0.10000000E+01  0.00000000E+00
  0.10000000E+01  0.00000000E+00  0.10000000E+01  0.00000000E+00
  0.10000000E+01  0.00000000E+00  0.10000000E+01  0.00000000E+00
  0.10000000E+01  0.00000000E+00  0.10000000E+01  0.00000000E+00
  0.10000000E+01  0.00000000E+00  0.10000000E+01  0.00000000E+00
  0.10000000E+01  0.00000000E+00  0.10000000E+01  0.00000000E+00
  0.10000000E+01  0.00000000E+00  0.10000000E+01  0.00000000E+00
  0.10000000E+01  0.00000000E+00  0.10000000E+01  0.00000000E+00
  0.10000000E+01  0.00000000E+00  0.10000000E+01  0.00000000E+00
  0.10000000E+01  0.00000000E+00  0.10000000E+01  0.00000000E+00
  0.10000000E+01  0.00000000E+00  0.10000000E+01  0.00000000E+00
  0.10000000E+01  0.00000000E+00  0.10000000E+01  0.00000000E+00
  0.10000000E+01  0.00000000E+00  0.10000000E+01  0.00000000E+00
  0.10000000E+01  0.00000000E+00  0.10000000E+01  0.00000000E+00
  0.10000000E+01  0.00000000E+00  0.10000000E+01  0.00000000E+00
  0.10000000E+01  0.00000000E+00  0.10000000E+01  0.00000000E+00
  0.10000000E+01  0.00000000E+00  0.10000000E+01  0.00000000E+00
  0.10000000E+01  0.00000000E+00  0.10000000E+01  0.00000000E+00
  0.10000000E+01  0.00000000E+00  0.10000000E+01  0.00000000E+00
  0.10000000E+01  0.00000000E+00  0.10000000E+01  0.00000000E+00
  0.10000000E+01  0.00000000E+00  0.10000000E+01  0.00000000E+00
  0.10000000E+01  0.00000000E+00  0.10000000E+01  0.00000000E+00
  0.10000000E+01  0.00000000E+00  0.10000000E+01  0.00000000E+00
  0.10000000E+01  0.00000000E+00  0.10000000E+01  0.00000000E+00
  0.10000000E+01  0.00000000E+00  0.10000000E+01  0.00000000E+00
  0.10000000E+01  0.00000000E+00  0.10000000E+01  0.00000000E+00
  0.10000000E+01  0.00000000E+00  0.10000000E+01  0.00000000E+00
  0.10000000E+01  0.00000000E+00  0.10000000E+01  0.00000000E+00
  0.10000000E+01  0.00000000E+00  0.10000000E+01  0.00000000E+00
  0.10000000E+01  0.00000000E+00  0.10000000E+01  0.00000000E+00
  0.10000000E+01  0.00000000E+00  0.10000000E+01  0.00000000E+00
  0.10000000E+01  0.00000000E+00  0.10000000E+01  0.00000000E+00
  0.10000000E+01  0.00000000E+00  0.10000000E+01  0.00000000E+00
  0.10000000E+01  0.00000000E+00  0.10000000E+01  0.00000000E+00
  0.10000000E+01  0.00000000E+00  0.10000000E+01  0.00000000E+00
  0.10000000E+01  0.00000000E+00  0.10000000E+01  0.00000000E+00
  0.10000000E+01  0.00000000E+00  0.10000000E+01  0.00000000E+00
  0.10000000E+01  0.00000000E+00  0.10000000E+01  0.00000000E+00
  0.10000000E+01  0.00000000E+00  0.10000000E+01  0.00000000E+00
  0.10000000E+01  0.00000000E+00  0.10000000E+01  0.00000000E+00
  0.10000000E+01  0.00000000E+00  0.10000000E+01  0.00000000E+00
  0.10000000E+01  0.00000000E+00  0.10000000E+01  0.00000000E+00
  0.10000000E+01  0.00000000E+00  0.10000000E+01  0.00000000E+00
  0.10000000E+01  0.00000000E+00  0.10000000E+01  0.00000000E+00
  0.10000000E+01  0.00000000E+00  0.10000000E+01  0.00000000E+00
  0.10000000E+01  0.00000000E+00  0.10000000E+01  0.00000000E+00
  0.10000000E+01  0.00000000E+00  0.10000000E+01  0.00000000E+00
  0.10000000E+01  0.00000000E+00  0.10000000E+01  0.00000000E+00
  0.10000000E+01  0.00000000E+00  0.10000000E+01  0.00000000E+00
  0.10000000E+01  0.00000000E+00  0.10000000E+01  0.00000000E+00
  0.10000000E+01  0.00000000E+00  0.10000000E+01  0.00000000E+00
  0.10000000E+01  0.00000000E+00  0.10000000E+01  0.00000000E+00
  0.10000000E+01  0.00000000E+00  0.10000000E+01  0.00000000E+00
  0.10000000E+01  0.00000000E+00  0.10000000E+01  0.00000000E+00
  0.10000000E+01  0.00000000E+00  0.10000000E+01  0.00000000E+00
  0.10000000E+01  0.00000000E+00  0.10000000E+01  0.00000000E+00
  0.10000000E+01  0.00000000E+00  0.10000000E+01  0.00000000E+00
  0.10000000E+01  0.00000000E+00  0.10000000E+01  0.00000000E+00
  0.10000000E+01  0.00000000E+00  0.10000000E+01  0.00000000E+00
  0.10000000E+01  0.00000000E+00  0.10000000E+01  0.00000000E+00
  0.10000000E+01  0.00000000E+00  0.10000000E+01  0.00000000E+00
  0.10000000E+01  0.00000000E+00  0.10000000E+01  0.00000000E+00
  0.10000000E+01  0.00000000E+00  0.10000000E+01  0.00000000E+00
  0.10000000E+01  0.00000000E+00  0.10000000E+01  0.00000000E+00
  0.10000000E+01  0.00000000E+00  0.10000000E+01  0.00000000E+00
  0.10000000E+01  0.00000000E+00  0.10000000E+01  0.00000000E+00
  0.10000000E+01  0.00000000E+00  0.10000000E+01  0.00000000E+00
  0.10000000E+01  0.00000000E+00  0.10000000E+01  0.00000000E+00
  0.10000000E+01  0.00000000E+00  0.10000000E+01  0.00000000E+00
  0.10000000E+01  0.00000000E+00  0.10000000E+01  0.00000000E+00
  0.10000000E+01  0.00000000E+00  0.10000000E+01  0.00000000E+00
  0.10000000E+01  0.00000000E+00  0.10000000E+01  0.00000000E+00
  0.10000000E+01  0.00000000E+00  0.10000000E+01  0.00000000E+00
  0.10000000E+01  0.00000000E+00  0.10000000E+01  0.00000000E+00
  0.10000000E+01  0.00000000E+00  0.10000000E+01  0.00000000E+00
  0.10000000E+01  0.00000000E+00  0.10000000E+01  0.00000000E+00
  0.10000000E+01  0.00000000E+00  0.10000000E+01  0.00000000E+00
  0.10000000E+01  0.00000000E+00  0.10000000E+01  0.00000000E+00
  0.10000000E+01  0.00000000E+00  0.10000000E+01  0.00000000E+00
  0.10000000E+01  0.00000000E+00  0.10000000E+01  0.00000000E+00
  0.10000000E+01  0.00000000E+00  0.10000000E+01  0.00000000E+00
  0.10000000E+01  0.00000000E+00  0.10000000E+01  0.00000000E+00
  0.10000000E+01  0.00000000E+00  0.10000000E+01  0.00000000E+00
  0.10000000E+01  0.00000000E+00  0.10000000E+01  0.00000000E+00
  0.10000000E+01  0.00000000E+00  0.10000000E+01  0.00000000E+00
  0.10000000E+01  0.00000000E+00  0.10000000E+01  0.00000000E+00
  0.10000000E+01  0.00000000E+00  0.10000000E+01  0.00000000E+00
  0.10000000E+01  0.00000000E+00  0.10000000E+01  0.00000000E+00
  0.10000000E+01  0.00000000E+00  0.10000000E+01  0.00000000E+00
  0.10000000E+01  0.00000000E+00  0.10000000E+01  0.00000000E+00
  0.10000000E+01  0.00000000E+00  0.10000000E+01  0.00000000E+00
  0.10000000E+01  0.00000000E+00  0.10000000E+01  0.00000000E+00
  0.10000000E+01  0.00000000E+00  0.10000000E+01  0.00000000E+00
