  0.50000000E+01  0.00000000E+00  0.50000000E+01  0.00000000E+00
  0.50000000E+01  0.00000000E+00  0.50000000E+01  0.00000000E+00
  0.50000000E+01  0.00000000E+00  0.50000000E+01  0.00000000E+00
  0.50000000E+01  0.00000000E+00  0.50000000E+01  0.00000000E+00
  0.50000000E+01  0.00000000E+00  0.50000000E+01  0.00000000E+00
  0.50000000E+01  0.00000000E+00  0.50000000E+01  0.00000000E+00
  0.50000000E+01  0.00000000E+00  0.50000000E+01  0.00000000E+00
  0.50000000E+01  0.00000000E+00  0.50000000E+01  0.00000000E+00
  0.50000000E+01  0.00000000E+00  0.50000000E+01  0.00000000E+00
  0.50000000E+01  0.00000000E+00  0.50000000E+01  0.00000000E+00
  0.50000000E+01  0.00000000E+00  0.50000000E+01  0.00000000E+00
  0.50000000E+01  0.00000000E+00  0.50000000E+01  0.00000000E+00
  0.50000000E+01  0.00000000E+00  0.50000000E+01  0.00000000E+00
  0.50000000E+01  0.00000000E+00  0.50000000E+01  0.00000000E+00
  0.50000000E+01  0.00000000E+00  0.50000000E+01  0.00000000E+00
  0.50000000E+01  0.00000000E+00  0.50000000E+01  0.00000000E+00
  0.50000000E+01  0.00000000E+00  0.50000000E+01  0.00000000E+00
  0.50000000E+01  0.00000000E+00  0.50000000E+01  0.00000000E+00
  0.50000000E+01  0.00000000E+00  0.50000000E+01  0.00000000E+00
  0.50000000E+01  0.00000000E+00  0.50000000E+01  0.00000000E+00
  0.50000000E+01  0.00000000E+00  0.50000000E+01  0.00000000E+00
  0.50000000E+01  0.00000000E+00  0.50000000E+01  0.00000000E+00
  0.50000000E+01  0.00000000E+00  0.50000000E+01  0.00000000E+00
  0.50000000E+01  0.00000000E+00  0.50000000E+01  0.00000000E+00
  0.50000000E+01  0.00000000E+00  0.50000000E+01  0.00000000E+00
  0.50000000E+01  0.00000000E+00  0.50000000E+01  0.00000000E+00
  0.50000000E+01  0.00000000E+00  0.50000000E+01  0.00000000E+00
  0.50000000E+01  0.00000000E+00  0.50000000E+01  0.00000000E+00
  0.50000000E+01  0.00000000E+00  0.50000000E+01  0.00000000E+00
  0.50000000E+01  0.00000000E+00  0.50000000E+01  0.00000000E+00
  0.50000000E+01  0.00000000E+00  0.50000000E+01  0.00000000E+00
  0.50000000E+01  0.00000000E+00  0.50000000E+01  0.00000000E+00
  0.50000000E+01  0.00000000E+00  0.50000000E+01  0.00000000E+00
  0.50000000E+01  0.00000000E+00  0.50000000E+01  0.00000000E+00
  0.50000000E+01  0.00000000E+00  0.50000000E+01  0.00000000E+00
  0.50000000E+01  0.00000000E+00  0.50000000E+01  0.00000000E+00
  0.50000000E+01  0.00000000E+00  0.50000000E+01  0.00000000E+00
  0.50000000E+01  0.00000000E+00  0.50000000E+01  0.00000000E+00
  0.50000000E+01  0.00000000E+00  0.50000000E+01  0.00000000E+00
  0.50000000E+01  0.00000000E+00  0.50000000E+01  0.00000000E+00
  0.50000000E+01  0.00000000E+00  0.50000000E+01  0.00000000E+00
  0.50000000E+01  0.00000000E+00  0.50000000E+01  0.00000000E+00
  0.50000000E+01  0.00000000E+00  0.50000000E+01  0.00000000E+00
  0.50000000E+01  0.00000000E+00  0.50000000E+01  0.00000000E+00
  0.50000000E+01  0.00000000E+00  0.50000000E+01  0.00000000E+00
  0.50000000E+01  0.00000000E+00  0.50000000E+01  0.00000000E+00
  0.50000000E+01  0.00000000E+00  0.50000000E+01  0.00000000E+00
  0.50000000E+01  0.00000000E+00  0.50000000E+01  0.00000000E+00
  0.50000000E+01  0.00000000E+00  0.50000000E+01  0.00000000E+00
  0.50000000E+01  0.00000000E+00  0.50000000E+01  0.00000000E+00
  0.50000000E+01  0.00000000E+00  0.50000000E+01  0.00000000E+00
  0.50000000E+01  0.00000000E+00  0.50000000E+01  0.00000000E+00
  0.50000000E+01  0.00000000E+00  0.50000000E+01  0.00000000E+00
  0.50000000E+01  0.00000000E+00  0.50000000E+01  0.00000000E+00
  0.50000000E+01  0.00000000E+00  0.50000000E+01  0.00000000E+00
  0.50000000E+01  0.00000000E+00  0.50000000E+01  0.00000000E+00
  0.50000000E+01  0.00000000E+00  0.50000000E+01  0.00000000E+00
  0.50000000E+01  0.00000000E+00  0.50000000E+01  0.00000000E+00
  0.50000000E+01  0.00000000E+00  0.50000000E+01  0.00000000E+00
  0.50000000E+01  0.00000000E+00  0.50000000E+01  0.00000000E+00
  0.50000000E+01  0.00000000E+00  0.50000000E+01  0.00000000E+00
  0.50000000E+01  0.00000000E+00  0.50000000E+01  0.00000000E+00
  0.50000000E+01  0.00000000E+00  0.50000000E+01  0.00000000E+00
  0.50000000E+01  0.00000000E+00  0.50000000E+01  0.00000000E+00
  0.50000000E+01  0.00000000E+00  0.50000000E+01  0.00000000E+00
  0.50000000E+01  0.00000000E+00  0.50000000E+01  0.00000000E+00
  0.50000000E+01  0.00000000E+00  0.50000000E+01  0.00000000E+00
  0.50000000E+01  0.00000000E+00  0.50000000E+01  0.00000000E+00
  0.50000000E+01  0.00000000E+00  0.50000000E+01  0.00000000E+00
  0.50000000E+01  0.00000000E+00  0.50000000E+01  0.00000000E+00
  0.50000000E+01  0.00000000E+00  0.50000000E+01  0.00000000E+00
  0.50000000E+01  0.00000000E+00  0.50000000E+01  0.00000000E+00
  0.50000000E+01  0.00000000E+00  0.50000000E+01  0.00000000E+00
  0.50000000E+01  0.00000000E+00  0.50000000E+01  0.00000000E+00
  0.50000000E+01  0.00000000E+00  0.50000000E+01  0.00000000E+00
  0.50000000E+01  0.00000000E+00  0.50000000E+01  0.00000000E+00
  0.50000000E+01  0.00000000E+00  0.50000000E+01  0.00000000E+00
  0.50000000E+01  0.00000000E+00  0.50000000E+01  0.00000000E+00
  0.50000000E+01  0.00000000E+00  0.50000000E+01  0.00000000E+00
  0.50000000E+01  0.00000000E+00  0.50000000E+01  0.00000000E+00
  0.50000000E+01  0.00000000E+00  0.50000000E+01  0.00000000E+00
  0.50000000E+01  0.00000000E+00  0.50000000E+01  0.00000000E+00
  0.50000000E+01  0.00000000E+00  0.50000000E+01  0.00000000E+00
  0.50000000E+01  0.00000000E+00  0.50000000E+01  0.00000000E+00
  0.50000000E+01  0.00000000E+00  0.50000000E+01  0.00000000E+00
  0.50000000E+01  0.00000000E+00  0.50000000E+01  0.00000000E+00
  0.50000000E+01  0.00000000E+00  0.50000000E+01  0.00000000E+00
  0.50000000E+01  0.00000000E+00  0.50000000E+01  0.00000000E+00
  0.50000000E+01  0.00000000E+00  0.50000000E+01  0.00000000E+00
  0.50000000E+01  0.00000000E+00  0.50000000E+01  0.00000000E+00
  0.50000000E+01  0.00000000E+00  0.50000000E+01  0.00000000E+00
  0.50000000E+01  0.00000000E+00  0.50000000E+01  0.00000000E+00
  0.50000000E+01  0.00000000E+00  0.50000000E+01  0.00000000E+00
  0.50000000E+01  0.00000000E+00  0.50000000E+01  0.00000000E+00
  0.50000000E+01  0.00000000E+00  0.50000000E+01  0.00000000E+00
  0.50000000E+01  0.00000000E+00  0.50000000E+01  0.00000000E+00
  0.50000000E+01  0.00000000E+00  0.50000000E+01  0.00000000E+00
  0.50000000E+01  0.00000000E+00  0.50000000E+01  0.00000000E+00
  0.50000000E+01  0.00000000E+00  0.50000000E+01  0.00000000E+00
  0.50000000E+01  0.00000000E+00  0.50000000E+01  0.00000000E+00
  0.50000000E+01  0.00000000E+00  0.50000000E+01  0.00000000E+00
  0.50000000E+01  0.00000000E+00  0.50000000E+01  0.00000000E+00
  0.50000000E+01  0.00000000E+00  0.50000000E+01  0.00000000E+00
  0.50000000E+01  0.00000000E+00  0.50000000E+01  0.00000000E+00
  0.50000000E+01  0.00000000E+00  0.50000000E+01  0.00000000E+00
  0.50000000E+01  0.00000000E+00  0.50000000E+01  0.00000000E+00
  0.50000000E+01  0.00000000E+00  0.50000000E+01  0.00000000E+00
  0.50000000E+01  0.00000000E+00  0.50000000E+01  0.00000000E+00
  0.50000000E+01  0.00000000E+00  0.50000000E+01  0.00000000E+00
  0.50000000E+01  0.00000000E+00  0.50000000E+01  0.00000000E+00
  0.50000000E+01  0.00000000E+00  0.50000000E+01  0.00000000E+00
  0.50000000E+01  0.00000000E+00  0.50000000E+01  0.00000000E+00
  0.50000000E+01  0.00000000E+00  0.50000000E+01  0.00000000E+00
  0.50000000E+01  0.00000000E+00  0.50000000E+01  0.00000000E+00
  0.50000000E+01  0.00000000E+00  0.50000000E+01  0.00000000E+00
  0.50000000E+01  0.00000000E+00  0.50000000E+01  0.00000000E+00
  0.50000000E+01  0.00000000E+00  0.50000000E+01  0.00000000E+00
  0.50000000E+01  0.00000000E+00  0.50000000E+01  0.00000000E+00
  0.50000000E+01  0.50686738E-16  0.50000000E+01  0.42838112E-16
  0.50000000E+01  0.72249917E-15  0.50000000E+01  0.61062325E-15
  0.50000000E+01  0.24202938E-14  0.50000000E+01  0.20455216E-14
  0.50000000E+01  0.61474648E-14  0.50000000E+01  0.51955561E-14
  0.50000000E+01  0.16198071E-13  0.50000000E+01  0.13689869E-13
  0.50000000E+01  0.43752514E-13  0.50000000E+01  0.36977624E-13
  0.50000000E+01  0.11861688E-12  0.50000000E+01  0.10024956E-12
  0.50000000E+01  0.31902034E-12  0.50000000E+01  0.26962140E-12
  0.50000000E+01  0.84859357E-12  0.50000000E+01  0.71719247E-12
  0.50000000E+01  0.22288929E-11  0.50000000E+01  0.18837583E-11
  0.50000000E+01  0.57829594E-11  0.50000000E+01  0.48874928E-11
  0.50000000E+01  0.14814176E-10  0.50000000E+01  0.12520264E-10
  0.50000000E+01  0.37459068E-10  0.50000000E+01  0.31658691E-10
  0.50000000E+01  0.93472885E-10  0.50000000E+01  0.78999007E-10
  0.50000000E+01  0.23012927E-09  0.50000000E+01  0.19449473E-09
  0.50000000E+01  0.55885751E-09  0.50000000E+01  0.47232081E-09
  0.50000000E+01  0.13383133E-08  0.50000000E+01  0.11310812E-08
  0.50000000E+01  0.31595053E-08  0.50000000E+01  0.26702694E-08
  0.50000000E+01  0.73511554E-08  0.50000000E+01  0.62128604E-08
  0.49999999E+01  0.16851158E-07  0.49999999E+01  0.14241828E-07
  0.49999998E+01  0.38044807E-07  0.49999998E+01  0.32153731E-07
  0.49999997E+01  0.84566249E-07  0.49999995E+01  0.71471527E-07
  0.49999992E+01  0.18499872E-06  0.49999989E+01  0.15635246E-06
  0.49999984E+01  0.39813696E-06  0.49999977E+01  0.33648717E-06
  0.49999966E+01  0.84255323E-06  0.49999951E+01  0.71208756E-06
  0.49999928E+01  0.17524973E-05  0.49999897E+01  0.14811310E-05
  0.49999853E+01  0.35808804E-05  0.49999790E+01  0.30263983E-05
  0.49999705E+01  0.71837802E-05  0.49999578E+01  0.60714102E-05
  0.49999419E+01  0.14141122E-04  0.49999169E+01  0.11951459E-04
  0.49998877E+01  0.27295747E-04  0.49998395E+01  0.23069228E-04
  0.49997873E+01  0.51626439E-04  0.49996964E+01  0.43632701E-04
  0.49996055E+01  0.95603018E-04  0.49994376E+01  0.80800655E-04
  0.49992843E+01  0.17318805E-03  0.49989808E+01  0.14637506E-03
  0.49987308E+01  0.30662213E-03  0.49981950E+01  0.25915689E-03
  0.49978025E+01  0.53001755E-03  0.49968790E+01  0.44798798E-03
  0.49962894E+01  0.89354187E-03  0.49947373E+01  0.75529804E-03
  0.49938961E+01  0.14675732E-02  0.49913555E+01  0.12406414E-02
  0.49902296E+01  0.23456870E-02  0.49861839E+01  0.19832715E-02
  0.49847986E+01  0.36448447E-02  0.49785380E+01  0.30823923E-02
  0.49770326E+01  0.55009890E-02  0.49676274E+01  0.46535833E-02
  0.49663278E+01  0.80587726E-02  0.49526207E+01  0.68203246E-02
  0.49521168E+01  0.11455589E-01  0.49327450E+01  0.97007318E-02
  0.49339538E+01  0.15802219E-01  0.49074043E+01  0.13391391E-01
  0.49115942E+01  0.21164490E-01  0.48762884E+01  0.17951897E-01
  0.48850454E+01  0.27551146E-01  0.48394413E+01  0.23394423E-01
  0.48545714E+01  0.34911919E-01  0.47972633E+01  0.29681673E-01
  0.48206482E+01  0.43146653E-01  0.47504451E+01  0.36734038E-01
  0.47838831E+01  0.52122779E-01  0.46998539E+01  0.44443847E-01
  0.47449222E+01  0.61696016E-01  0.46464042E+01  0.52692543E-01
  0.47043696E+01  0.71729151E-01  0.45909462E+01  0.61366491E-01
  0.46627315E+01  0.82105572E-01  0.45341892E+01  0.70368614E-01
  0.46203872E+01  0.92737135E-01  0.44766640E+01  0.79625395E-01
  0.45775818E+01  0.10356875E+00  0.44187047E+01  0.89091296E-01
  0.45345022E+01  0.11455155E+00  0.43605638E+01  0.98725749E-01
  0.44914573E+01  0.12560131E+00  0.43026904E+01  0.10845604E+00
  0.44485965E+01  0.13669286E+00  0.42452979E+01  0.11826037E+00
  0.44060026E+01  0.14780210E+00  0.41884838E+01  0.12811812E+00
  0.43637266E+01  0.15891081E+00  0.41323208E+01  0.13801338E+00
  0.43218356E+01  0.17002059E+00  0.40768672E+01  0.14794774E+00
  0.42802336E+01  0.18111352E+00  0.40220410E+01  0.15790553E+00
  0.42390403E+01  0.19220674E+00  0.39679217E+01  0.16790237E+00
  0.41981726E+01  0.20329129E+00  0.39144721E+01  0.17792964E+00
  0.41576327E+01  0.21435745E+00  0.38616454E+01  0.18797991E+00
  0.41174827E+01  0.22542577E+00  0.38095191E+01  0.19807075E+00
  0.40776568E+01  0.23648180E+00  0.37580281E+01  0.20818960E+00
  0.40381407E+01  0.24751995E+00  0.37071392E+01  0.21833203E+00
  0.39990082E+01  0.25855951E+00  0.36569220E+01  0.22851504E+00
  0.39602149E+01  0.26959341E+00  0.36073453E+01  0.23873207E+00
  0.39217047E+01  0.28060657E+00  0.35583304E+01  0.24897063E+00
  0.38835353E+01  0.29161220E+00  0.35099291E+01  0.25924246E+00
  0.38457358E+01  0.30262266E+00  0.34621772E+01  0.26955818E+00
  0.38082374E+01  0.31362113E+00  0.34150027E+01  0.27990315E+00
  0.37710195E+01  0.32460125E+00  0.33683672E+01  0.29027247E+00
  0.37341335E+01  0.33557628E+00  0.33223222E+01  0.30067775E+00
  0.36976091E+01  0.34655608E+00  0.32769000E+01  0.31112751E+00
  0.36613807E+01  0.35752380E+00  0.32320332E+01  0.32160699E+00
  0.36254080E+01  0.36847108E+00  0.31876724E+01  0.33210927E+00
  0.35897907E+01  0.37941817E+00  0.31438812E+01  0.34265385E+00
  0.35544447E+01  0.39035878E+00  0.31006594E+01  0.35323098E+00
  0.35195271E+01  0.40130038E+00  0.30580289E+01  0.36385381E+00
  0.34847153E+01  0.41221122E+00  0.30158576E+01  0.37448466E+00
  0.34504288E+01  0.42312414E+00  0.29742551E+01  0.38516891E+00
  0.34161675E+01  0.43401405E+00  0.29331612E+01  0.39585979E+00
  0.33825835E+01  0.44491763E+00  0.28926740E+01  0.40662129E+00
  0.33489253E+01  0.45578515E+00  0.28526382E+01  0.41737415E+00
  0.33159420E+01  0.46665350E+00  0.28131896E+01  0.42818799E+00
  0.32828862E+01  0.47747754E+00  0.27741969E+01  0.43898351E+00
  0.32505563E+01  0.48831074E+00  0.27358193E+01  0.44984967E+00
  0.32181912E+01  0.49910294E+00  0.26979415E+01  0.46069741E+00
  0.31865375E+01  0.50987652E+00  0.26606532E+01  0.47159195E+00
  0.31548507E+01  0.52060141E+00  0.26238859E+01  0.48245661E+00
  0.31238969E+01  0.53128023E+00  0.25877074E+01  0.49334463E+00
  0.30930510E+01  0.54191363E+00  0.25521574E+01  0.50420352E+00
  0.30629714E+01  0.55251081E+00  0.25173524E+01  0.51508182E+00
  0.30331472E+01  0.56296755E+00  0.24830916E+01  0.52585950E+00
  0.30036046E+01  0.57325689E+00  0.24494339E+01  0.53650502E+00
  0.29752758E+01  0.58353714E+00  0.24169988E+01  0.54717958E+00
  0.29478624E+01  0.59370677E+00  0.23857428E+01  0.55776311E+00
  0.29203377E+01  0.60336494E+00  0.23548275E+01  0.56787539E+00
  0.28937849E+01  0.61264756E+00  0.23250180E+01  0.57765251E+00
  0.28701060E+01  0.62210983E+00  0.22979909E+01  0.58759469E+00
  0.28470762E+01  0.63090278E+00  0.22722614E+01  0.59685498E+00
  0.28237300E+01  0.63848317E+00  0.22468099E+01  0.60494217E+00
  0.28046451E+01  0.64611221E+00  0.22249439E+01  0.61308877E+00
  0.27881594E+01  0.65329429E+00  0.22064669E+01  0.62066169E+00
  0.27707622E+01  0.65862207E+00  0.21879578E+01  0.62640097E+00
  0.27573670E+01  0.66352974E+00  0.21728094E+01  0.63173197E+00
  0.27483662E+01  0.66839748E+00  0.21624467E+01  0.63684741E+00
  0.27390979E+01  0.67159815E+00  0.21526239E+01  0.64027298E+00
  0.27306650E+01  0.67355801E+00  0.21436933E+01  0.64248632E+00
  0.27261178E+01  0.67559677E+00  0.21383209E+01  0.64470260E+00
  0.27239716E+01  0.67748805E+00  0.21358626E+01  0.64662464E+00
  0.27214475E+01  0.67843601E+00  0.21333090E+01  0.64761660E+00
  0.27187633E+01  0.67866137E+00  0.21304876E+01  0.64794077E+00
  0.27172543E+01  0.67885973E+00  0.21287502E+01  0.64821463E+00
  0.27170318E+01  0.67932715E+00  0.21284091E+01  0.64868636E+00
  0.27172030E+01  0.67975454E+00  0.21286256E+01  0.64908191E+00
  0.27168752E+01  0.67990889E+00  0.21283610E+01  0.64923048E+00
  0.27162605E+01  0.67983125E+00  0.21277233E+01  0.64918018E+00
  0.27158509E+01  0.67974111E+00  0.21272239E+01  0.64912134E+00
  0.27158550E+01  0.67977729E+00  0.21271965E+01  0.64916055E+00
  0.27161006E+01  0.67986910E+00  0.21274555E+01  0.64923806E+00
  0.27162361E+01  0.67990784E+00  0.21276339E+01  0.64926404E+00
  0.27162414E+01  0.67988141E+00  0.21276446E+01  0.64923779E+00
  0.27161561E+01  0.67981923E+00  0.21275454E+01  0.64918336E+00
  0.27161397E+01  0.67978703E+00  0.21275076E+01  0.64915641E+00
  0.27162026E+01  0.67978542E+00  0.21275636E+01  0.64915385E+00
  0.27162977E+01  0.67980305E+00  0.21276651E+01  0.64916656E+00
  0.27163474E+01  0.67980574E+00  0.21277211E+01  0.64916652E+00
  0.27163481E+01  0.67979010E+00  0.21277215E+01  0.64915162E+00
  0.27163291E+01  0.67976918E+00  0.21276928E+01  0.64913375E+00
  0.27163406E+01  0.67976102E+00  0.21276965E+01  0.64912676E+00
  0.27163743E+01  0.67976210E+00  0.21277260E+01  0.64912732E+00
  0.27164089E+01  0.67976673E+00  0.21277617E+01  0.64913043E+00
  0.27164257E+01  0.67976442E+00  0.21277782E+01  0.64912771E+00
  0.27164256E+01  0.67975601E+00  0.21277763E+01  0.64911996E+00
  0.27164249E+01  0.67974818E+00  0.21277720E+01  0.64911307E+00
  0.27164356E+01  0.67974442E+00  0.21277805E+01  0.64910945E+00
  0.27164534E+01  0.67974444E+00  0.21277996E+01  0.64910869E+00
  0.27164689E+01  0.67974501E+00  0.21278174E+01  0.64910837E+00
  0.27164761E+01  0.67974237E+00  0.21278260E+01  0.64910537E+00
  0.27164740E+01  0.67973718E+00  0.21278240E+01  0.64910050E+00
  0.27164754E+01  0.67973403E+00  0.21278235E+01  0.64909772E+00
  0.27164844E+01  0.67973379E+00  0.21278292E+01  0.64909769E+00
  0.27164970E+01  0.67973541E+00  0.21278372E+01  0.64909953E+00
  0.27165062E+01  0.67973577E+00  0.21278403E+01  0.64910052E+00
  0.27165130E+01  0.67973519E+00  0.21278389E+01  0.64910098E+00
  0.27165205E+01  0.67973432E+00  0.21278359E+01  0.64910149E+00
  0.27165312E+01  0.67973433E+00  0.21278354E+01  0.64910286E+00
  0.27165454E+01  0.67973465E+00  0.21278370E+01  0.64910462E+00
  0.27165582E+01  0.67973479E+00  0.21278396E+01  0.64910588E+00
  0.27165673E+01  0.67973438E+00  0.21278425E+01  0.64910614E+00
  0.27165724E+01  0.67973319E+00  0.21278457E+01  0.64910512E+00
  0.27165769E+01  0.67973124E+00  0.21278501E+01  0.64910313E+00
  0.27165760E+01  0.67972916E+00  0.21278543E+01  0.64910040E+00
  0.27165732E+01  0.67972826E+00  0.21278591E+01  0.64909848E+00
  0.27165676E+01  0.67972825E+00  0.21278633E+01  0.64909715E+00
  0.27165559E+01  0.67972800E+00  0.21278644E+01  0.64909535E+00
  0.27165379E+01  0.67972800E+00  0.21278641E+01  0.64909325E+00
  0.27165165E+01  0.67972845E+00  0.21278628E+01  0.64909131E+00
  0.27164926E+01  0.67972963E+00  0.21278602E+01  0.64908998E+00
  0.27164665E+01  0.67973128E+00  0.21278576E+01  0.64908883E+00
  0.27164382E+01  0.67973236E+00  0.21278561E+01  0.64908671E+00
  0.27164047E+01  0.67973262E+00  0.21278552E+01  0.64908310E+00
  0.27163633E+01  0.67973253E+00  0.21278556E+01  0.64907801E+00
  0.27163105E+01  0.67973182E+00  0.21278582E+01  0.64907062E+00
  0.27162395E+01  0.67973005E+00  0.21278642E+01  0.64905953E+00
  0.27161370E+01  0.67972773E+00  0.21278716E+01  0.64904394E+00
  0.27159822E+01  0.67972629E+00  0.21278772E+01  0.64902322E+00
  0.27157421E+01  0.67972567E+00  0.21278797E+01  0.64899357E+00
  0.27153527E+01  0.67972585E+00  0.21278802E+01  0.64894712E+00
  0.27146865E+01  0.67972661E+00  0.21278792E+01  0.64886839E+00
  0.27134976E+01  0.67972833E+00  0.21278761E+01  0.64872840E+00
  0.27113332E+01  0.67973080E+00  0.21278716E+01  0.64847267E+00
  0.27073973E+01  0.67973346E+00  0.21278683E+01  0.64800486E+00
  0.27003608E+01  0.67973652E+00  0.21278671E+01  0.64716531E+00
  0.26881399E+01  0.67974029E+00  0.21278681E+01  0.64570267E+00
  0.26676778E+01  0.67974466E+00  0.21278729E+01  0.64324384E+00
  0.26347977E+01  0.67975018E+00  0.21278819E+01  0.63927127E+00
  0.25842522E+01  0.67975876E+00  0.21278931E+01  0.63311607E+00
  0.25101056E+01  0.67977356E+00  0.21279002E+01  0.62397994E+00
  0.24065751E+01  0.67979175E+00  0.21279084E+01  0.61099143E+00
  0.22693504E+01  0.67985575E+00  0.21279923E+01  0.59336035E+00
  0.20963160E+01  0.67994886E+00  0.21279518E+01  0.57037400E+00
  0.19380553E+01  0.67994168E+00  0.21278834E+01  0.54842446E+00
  0.18351083E+01  0.67990735E+00  0.21278929E+01  0.53363177E+00
  0.17717935E+01  0.67986229E+00  0.21279030E+01  0.52430932E+00
  0.17346945E+01  0.67981924E+00  0.21279009E+01  0.51875851E+00
  0.17139717E+01  0.67978846E+00  0.21279006E+01  0.51562732E+00
  0.17029653E+01  0.67976831E+00  0.21279024E+01  0.51395363E+00
  0.16974280E+01  0.67975589E+00  0.21279065E+01  0.51310752E+00
  0.16948117E+01  0.67974779E+00  0.21279129E+01  0.51270505E+00
  0.16936754E+01  0.67974172E+00  0.21279211E+01  0.51252757E+00
  0.16932520E+01  0.67973723E+00  0.21279286E+01  0.51245922E+00
  0.16931385E+01  0.67973543E+00  0.21279349E+01  0.51243994E+00
  0.16931326E+01  0.67973587E+00  0.21279396E+01  0.51243880E+00
  0.16931680E+01  0.67973699E+00  0.21279409E+01  0.51244484E+00
  0.16932630E+01  0.67973883E+00  0.21279400E+01  0.51246073E+00
  0.16934132E+01  0.67974188E+00  0.21279363E+01  0.51248620E+00
  0.16935652E+01  0.67974485E+00  0.21279328E+01  0.51251185E+00
  0.16936568E+01  0.67974685E+00  0.21279311E+01  0.51252743E+00
  0.16937152E+01  0.67974812E+00  0.21279327E+01  0.51253704E+00
  0.16937552E+01  0.67974805E+00  0.21279362E+01  0.51254262E+00
  0.16937824E+01  0.67974659E+00  0.21279433E+01  0.51254476E+00
  0.16938031E+01  0.67974406E+00  0.21279529E+01  0.51254484E+00
  0.16938164E+01  0.67974244E+00  0.21279608E+01  0.51254467E+00
  0.16938233E+01  0.67974123E+00  0.21279651E+01  0.51254429E+00
  0.16938281E+01  0.67974143E+00  0.21279687E+01  0.51254473E+00
  0.16938292E+01  0.67974230E+00  0.21279705E+01  0.51254534E+00
  0.16938285E+01  0.67974376E+00  0.21279708E+01  0.51254628E+00
  0.16938270E+01  0.67974570E+00  0.21279704E+01  0.51254758E+00
  0.16938250E+01  0.67974830E+00  0.21279689E+01  0.51254942E+00
  0.16938226E+01  0.67975185E+00  0.21279657E+01  0.51255212E+00
  0.16938193E+01  0.67975601E+00  0.21279608E+01  0.51255535E+00
  0.16938186E+01  0.67976001E+00  0.21279578E+01  0.51255862E+00
  0.16938192E+01  0.67976251E+00  0.21279563E+01  0.51256078E+00
  0.16938216E+01  0.67976397E+00  0.21279588E+01  0.51256193E+00
  0.16938261E+01  0.67976357E+00  0.21279646E+01  0.51256162E+00
  0.16938338E+01  0.67976179E+00  0.21279754E+01  0.51256014E+00
  0.16938431E+01  0.67975954E+00  0.21279884E+01  0.51255829E+00
  0.16938517E+01  0.67975832E+00  0.21279995E+01  0.51255734E+00
  0.16938602E+01  0.67975904E+00  0.21280086E+01  0.51255805E+00
  0.16938676E+01  0.67976089E+00  0.21280151E+01  0.51255980E+00
  0.16938717E+01  0.67976344E+00  0.21280198E+01  0.51256178E+00
  0.16938746E+01  0.67976624E+00  0.21280238E+01  0.51256383E+00
  0.16938776E+01  0.67976925E+00  0.21280279E+01  0.51256607E+00
  0.16938806E+01  0.67977296E+00  0.21280311E+01  0.51256894E+00
  0.16938838E+01  0.67977754E+00  0.21280322E+01  0.51257273E+00
  0.16938858E+01  0.67978291E+00  0.21280315E+01  0.51257719E+00
  0.16938859E+01  0.67978890E+00  0.21280292E+01  0.51258199E+00
  0.16938876E+01  0.67979501E+00  0.21280290E+01  0.51258688E+00
  0.16938928E+01  0.67979947E+00  0.21280333E+01  0.51259051E+00
  0.16939020E+01  0.67980165E+00  0.21280435E+01  0.51259232E+00
  0.16939139E+01  0.67980198E+00  0.21280590E+01  0.51259250E+00
  0.16939265E+01  0.67980153E+00  0.21280781E+01  0.51259176E+00
  0.16939386E+01  0.67980246E+00  0.21280975E+01  0.51259195E+00
  0.16939475E+01  0.67980506E+00  0.21281136E+01  0.51259332E+00
  0.16939557E+01  0.67980877E+00  0.21281256E+01  0.51259593E+00
  0.16939668E+01  0.67981310E+00  0.21281336E+01  0.51259989E+00
  0.16939733E+01  0.67981645E+00  0.21281374E+01  0.51260296E+00
  0.16939749E+01  0.67981863E+00  0.21281387E+01  0.51260468E+00
  0.16939737E+01  0.67981958E+00  0.21281382E+01  0.51260527E+00
  0.16939688E+01  0.67981977E+00  0.21281357E+01  0.51260498E+00
  0.16939601E+01  0.67982056E+00  0.21281291E+01  0.51260506E+00
  0.16939522E+01  0.67982254E+00  0.21281169E+01  0.51260683E+00
  0.16939485E+01  0.67982499E+00  0.21281018E+01  0.51260993E+00
  0.16939456E+01  0.67982470E+00  0.21280843E+01  0.51261137E+00
  0.16939431E+01  0.67981898E+00  0.21280717E+01  0.51260820E+00
  0.16939278E+01  0.67980214E+00  0.21280524E+01  0.51259551E+00
  0.16938707E+01  0.67975952E+00  0.21279834E+01  0.51256305E+00
  0.16936955E+01  0.67962967E+00  0.21277318E+01  0.51246893E+00
  0.16931104E+01  0.67919177E+00  0.21268299E+01  0.51215882E+00
  0.16910319E+01  0.67766231E+00  0.21236189E+01  0.51107770E+00
  0.16836822E+01  0.67227342E+00  0.21123171E+01  0.50726212E+00
  0.16584667E+01  0.65357118E+00  0.20733114E+01  0.49402622E+00
  0.15786855E+01  0.59261188E+00  0.19468222E+01  0.45101503E+00
  0.13746838E+01  0.41697229E+00  0.16201612E+01  0.32461268E+00
  0.11113839E+01  0.14169461E+00  0.11813231E+01  0.11615476E+00
  0.10233927E+01  0.30910983E-01  0.10364681E+01  0.25959241E-01
  0.10046102E+01  0.61234186E-02  0.10070758E+01  0.51688942E-02
  0.10008899E+01  0.11826547E-02  0.10013607E+01  0.99929064E-03
  0.10001710E+01  0.22728667E-03  0.10002613E+01  0.19208363E-03
  0.10000328E+01  0.43643888E-04  0.10000502E+01  0.36885498E-04
  0.10000063E+01  0.83792296E-05  0.10000096E+01  0.70817299E-05
  0.10000012E+01  0.16086816E-05  0.10000018E+01  0.13595836E-05
  0.10000002E+01  0.30883836E-06  0.10000004E+01  0.26101604E-06
  0.10000000E+01  0.59290975E-07  0.10000001E+01  0.50110020E-07
  0.10000000E+01  0.11382623E-07  0.10000000E+01  0.96200719E-08
  0.10000000E+01  0.21852092E-08  0.10000000E+01  0.18468389E-08
  0.10000000E+01  0.41950889E-09  0.10000000E+01  0.35454972E-09
  0.10000000E+01  0.80535369E-10  0.10000000E+01  0.68064810E-10
  0.10000000E+01  0.15460648E-10  0.10000000E+01  0.13066633E-10
  0.10000000E+01  0.29679315E-11  0.10000000E+01  0.25083600E-11
  0.10000000E+01  0.56980064E-12  0.10000000E+01  0.48156944E-12
  0.10000000E+01  0.10909889E-12  0.10000000E+01  0.92205391E-13
  0.10000000E+01  0.20559502E-13  0.10000000E+01  0.17375950E-13
  0.10000000E+01  0.38091983E-14  0.10000000E+01  0.32193602E-14
  0.10000000E+01  0.57274507E-15  0.10000000E+01  0.48405793E-15
  0.10000000E+01  0.00000000E+00  0.10000000E+01  0.00000000E+00
  0.10000000E+01  0.00000000E+00  0.10000000E+01  0.00000000E+00
  0.10000000E+01  0.00000000E+00  0.10000000E+01  0.00000000E+00
  0.10000000E+01  0.00000000E+00  0.10000000E+01  0.00000000E+00
  0.10000000E+01  0.00000000E+00  0.10000000E+01  0.00000000E+00
  0.10000000E+01  0.00000000E+00  0.10000000E+01  0.00000000E+00
  0.10000000E+01  0.00000000E+00  0.10000000E+01  0.00000000E+00
  0.10000000E+01  0.00000000E+00  0.10000000E+01  0.00000000E+00
  0.10000000E+01  0.00000000E+00  0.10000000E+01  0.00000000E+00
  0.10000000E+01  0.00000000E+00  0.10000000E+01  0.00000000E+00
  0.10000000E+01  0.00000000E+00  0.10000000E+01  0.00000000E+00
  0.10000000E+01  0.00000000E+00  0.10000000E+01  0.00000000E+00
  0.10000000E+01  0.00000000E+00  0.10000000E+01  0.00000000E+00
  0.10000000E+01  0.00000000E+00  0.10000000E+01  0.00000000E+00
  0.10000000E+01  0.00000000E+00  0.10000000E+01  0.00000000E+00
  0.10000000E+01  0.00000000E+00  0.10000000E+01  0.00000000E+00
  0.10000000E+01  0.00000000E+00  0.10000000E+01  0.00000000E+00
  0.10000000E+01  0.00000000E+00  0.10000000E+01  0.00000000E+00
  0.10000000E+01  0.00000000E+00  0.10000000E+01  0.00000000E+00
  0.10000000E+01  0.00000000E+00  0.10000000E+01  0.00000000E+00
  0.10000000E+01  0.00000000E+00  0.10000000E+01  0.00000000E+00
  0.10000000E+01  0.00000000E+00  0.10000000E+01  0.00000000E+00
  0.10000000E+01  0.00000000E+00  0.10000000E+01  0.00000000E+00
  0.10000000E+01  0.00000000E+00  0.10000000E+01  0.00000000E+00
  0.10000000E+01  0.00000000E+00  0.10000000E+01  0.00000000E+00
  0.10000000E+01  0.00000000E+00  0.10000000E+01  0.00000000E+00
  0.10000000E+01  0.00000000E+00  0.10000000E+01  0.00000000E+00
  0.10000000E+01  0.00000000E+00  0.10000000E+01  0.00000000E+00
  0.10000000E+01  0.00000000E+00  0.10000000E+01  0.00000000E+00
  0.10000000E+01  0.00000000E+00  0.10000000E+01  0.00000000E+00
  0.10000000E+01  0.00000000E+00  0.10000000E+01  0.00000000E+00
  0.10000000E+01  0.00000000E+00  0.10000000E+01  0.00000000E+00
  0.10000000E+01  0.00000000E+00  0.10000000E+01  0.00000000E+00
  0.10000000E+01  0.00000000E+00  0.10000000E+01  0.00000000E+00
  0.10000000E+01  0.00000000E+00  0.10000000E+01  0.00000000E+00
  0.10000000E+01  0.00000000E+00  0.10000000E+01  0.00000000E+00
  0.10000000E+01  0.00000000E+00  0.10000000E+01  0.00000000E+00
  0.10000000E+01  0.00000000E+00  0.10000000E+01  0.00000000E+00
  0.10000000E+01  0.00000000E+00  0.10000000E+01  0.00000000E+00
  0.10000000E+01  0.00000000E+00  0.10000000E+01  0.00000000E+00
  0.10000000E+01  0.00000000E+00  0.10000000E+01  0.00000000E+00
  0.10000000E+01  0.00000000E+00  0.10000000E+01  0.00000000E+00
  0.10000000E+01  0.00000000E+00  0.10000000E+01  0.00000000E+00
  0.10000000E+01  0.00000000E+00  0.10000000E+01  0.00000000E+00
  0.10000000E+01  0.00000000E+00  0.10000000E+01  0.00000000E+00
  0.10000000E+01  0.00000000E+00  0.10000000E+01  0.00000000E+00
  0.10000000E+01  0.00000000E+00  0.10000000E+01  0.00000000E+00
  0.10000000E+01  0.00000000E+00  0.10000000E+01  0.00000000E+00
  0.10000000E+01  0.00000000E+00  0.10000000E+01  0.00000000E+00
  0.10000000E+01  0.00000000E+00  0.10000000E+01  0.00000000E+00
  0.10000000E+01  0.00000000E+00  0.10000000E+01  0.00000000E+00
  0.10000000E+01  0.00000000E+00  0.10000000E+01  0.00000000E+00
  0.10000000E+01  0.00000000E+00  0.10000000E+01  0.00000000E+00
  0.10000000E+01  0.00000000E+00  0.10000000E+01  0.00000000E+00
  0.10000000E+01  0.00000000E+00  0.10000000E+01  0.00000000E+00
  0.10000000E+01  0.00000000E+00  0.10000000E+01  0.00000000E+00
  0.10000000E+01  0.00000000E+00  0.10000000E+01  0.00000000E+00
  0.10000000E+01  0.00000000E+00  0.10000000E+01  0.00000000E+00
  0.10000000E+01  0.00000000E+00  0.10000000E+01  0.00000000E+00
  0.10000000E+01  0.00000000E+00  0.10000000E+01  0.00000000E+00
  0.10000000E+01  0.00000000E+00  0.10000000E+01  0.00000000E+00
  0.10000000E+01  0.00000000E+00  0.10000000E+01  0.00000000E+00
  0.10000000E+01  0.00000000E+00  0.10000000E+01  0.00000000E+00
  0.10000000E+01  0.00000000E+00  0.10000000E+01  0.00000000E+00
  0.10000000E+01  0.00000000E+00  0.10000000E+01  0.00000000E+00
  0.10000000E+01  0.00000000E+00  0.10000000E+01  0.00000000E+00
  0.10000000E+01  0.00000000E+00  0.10000000E+01  0.00000000E+00
  0.10000000E+01  0.00000000E+00  0.10000000E+01  0.00000000E+00
  0.10000000E+01  0.00000000E+00  0.10000000E+01  0.00000000E+00
  0.10000000E+01  0.00000000E+00  0.10000000E+01  0.00000000E+00
  0.10000000E+01  0.00000000E+00  0.10000000E+01  0.00000000E+00
  0.10000000E+01  0.00000000E+00  0.10000000E+01  0.00000000E+00
  0.10000000E+01  0.00000000E+00  0.10000000E+01  0.00000000E+00
  0.10000000E+01  0.00000000E+00  0.10000000E+01  0.00000000E+00
  0.10000000E+01  0.00000000E+00  0.10000000E+01  0.00000000E+00
  0.10000000E+01  0.00000000E+00  0.10000000E+01  0.00000000E+00
  0.10000000E+01  0.00000000E+00  0.10000000E+01  0.00000000E+00
  0.10000000E+01  0.00000000E+00  0.10000000E+01  0.00000000E+00
  0.10000000E+01  0.00000000E+00  0.10000000E+01  0.00000000E+00
  0.10000000E+01  0.00000000E+00  0.10000000E+01  0.00000000E+00
  0.10000000E+01  0.00000000E+00  0.10000000E+01  0.00000000E+00
  0.10000000E+01  0.00000000E+00  0.10000000E+01  0.00000000E+00
  0.10000000E+01  0.00000000E+00  0.10000000E+01  0.00000000E+00
  0.10000000E+01  0.00000000E+00  0.10000000E+01  0.00000000E+00
  0.10000000E+01  0.00000000E+00  0.10000000E+01  0.00000000E+00
  0.10000000E+01  0.00000000E+00  0.10000000E+01  0.00000000E+00
  0.10000000E+01  0.00000000E+00  0.10000000E+01  0.00000000E+00
  0.10000000E+01  0.00000000E+00  0.10000000E+01  0.00000000E+00
  0.10000000E+01  0.00000000E+00  0.10000000E+01  0.00000000E+00
  0.10000000E+01  0.00000000E+00  0.10000000E+01  0.00000000E+00
  0.10000000E+01  0.00000000E+00  0.10000000E+01  0.00000000E+00
  0.10000000E+01  0.00000000E+00  0.10000000E+01  0.00000000E+00
  0.10000000E+01  0.00000000E+00  0.10000000E+01  0.00000000E+00
  0.10000000E+01  0.00000000E+00  0.10000000E+01  0.00000000E+00
  0.10000000E+01  0.00000000E+00  0.10000000E+01  0.00000000E+00
  0.10000000E+01  0.00000000E+00  0.10000000E+01  0.00000000E+00
  0.10000000E+01  0.00000000E+00  0.10000000E+01  0.00000000E+00
  0.10000000E+01  0.00000000E+00  0.10000000E+01  0.00000000E+00
  0.10000000E+01  0.00000000E+00  0.10000000E+01  0.00000000E+00
  0.10000000E+01  0.00000000E+00  0.10000000E+01  0.00000000E+00
  0.10000000E+01  0.00000000E+00  0.10000000E+01  0.00000000E+00
  0.10000000E+01  0.00000000E+00  0.10000000E+01  0.00000000E+00
  0.10000000E+01  0.00000000E+00  0.10000000E+01  0.00000000E+00
  0.10000000E+01  0.00000000E+00  0.10000000E+01  0.00000000E+00
