  0.50000000E+01  0.00000000E+00  0.50000000E+01 -0.64377513E+00
  0.50000000E+01  0.00000000E+00  0.50000000E+01 -0.64377513E+00
  0.50000000E+01  0.00000000E+00  0.50000000E+01 -0.64377513E+00
  0.50000000E+01  0.00000000E+00  0.50000000E+01 -0.64377513E+00
  0.50000000E+01  0.00000000E+00  0.50000000E+01 -0.64377513E+00
  0.50000000E+01  0.00000000E+00  0.50000000E+01 -0.64377513E+00
  0.50000000E+01  0.00000000E+00  0.50000000E+01 -0.64377513E+00
  0.50000000E+01  0.00000000E+00  0.50000000E+01 -0.64377513E+00
  0.50000000E+01  0.00000000E+00  0.50000000E+01 -0.64377513E+00
  0.50000000E+01  0.00000000E+00  0.50000000E+01 -0.64377513E+00
  0.50000000E+01  0.00000000E+00  0.50000000E+01 -0.64377513E+00
  0.50000000E+01  0.00000000E+00  0.50000000E+01 -0.64377513E+00
  0.50000000E+01  0.00000000E+00  0.50000000E+01 -0.64377513E+00
  0.50000000E+01  0.00000000E+00  0.50000000E+01 -0.64377513E+00
  0.50000000E+01  0.00000000E+00  0.50000000E+01 -0.64377513E+00
  0.50000000E+01  0.00000000E+00  0.50000000E+01 -0.64377513E+00
  0.50000000E+01  0.00000000E+00  0.50000000E+01 -0.64377513E+00
  0.50000000E+01  0.00000000E+00  0.50000000E+01 -0.64377513E+00
  0.50000000E+01  0.00000000E+00  0.50000000E+01 -0.64377513E+00
  0.50000000E+01  0.00000000E+00  0.50000000E+01 -0.64377513E+00
  0.50000000E+01  0.00000000E+00  0.50000000E+01 -0.64377513E+00
  0.50000000E+01  0.00000000E+00  0.50000000E+01 -0.64377513E+00
  0.50000000E+01  0.00000000E+00  0.50000000E+01 -0.64377513E+00
  0.50000000E+01  0.00000000E+00  0.50000000E+01 -0.64377513E+00
  0.50000000E+01  0.00000000E+00  0.50000000E+01 -0.64377513E+00
  0.50000000E+01  0.00000000E+00  0.50000000E+01 -0.64377513E+00
  0.50000000E+01  0.00000000E+00  0.50000000E+01 -0.64377513E+00
  0.50000000E+01  0.00000000E+00  0.50000000E+01 -0.64377513E+00
  0.50000000E+01  0.00000000E+00  0.50000000E+01 -0.64377513E+00
  0.50000000E+01  0.00000000E+00  0.50000000E+01 -0.64377513E+00
  0.50000000E+01  0.00000000E+00  0.50000000E+01 -0.64377513E+00
  0.50000000E+01  0.00000000E+00  0.50000000E+01 -0.64377513E+00
  0.50000000E+01  0.00000000E+00  0.50000000E+01 -0.64377513E+00
  0.50000000E+01  0.00000000E+00  0.50000000E+01 -0.64377513E+00
  0.50000000E+01  0.00000000E+00  0.50000000E+01 -0.64377513E+00
  0.50000000E+01  0.00000000E+00  0.50000000E+01 -0.64377513E+00
  0.50000000E+01  0.00000000E+00  0.50000000E+01 -0.64377513E+00
  0.50000000E+01  0.00000000E+00  0.50000000E+01 -0.64377513E+00
  0.50000000E+01  0.00000000E+00  0.50000000E+01 -0.64377513E+00
  0.50000000E+01  0.00000000E+00  0.50000000E+01 -0.64377513E+00
  0.50000000E+01  0.00000000E+00  0.50000000E+01 -0.64377513E+00
  0.50000000E+01  0.00000000E+00  0.50000000E+01 -0.64377513E+00
  0.50000000E+01  0.00000000E+00  0.50000000E+01 -0.64377513E+00
  0.50000000E+01  0.00000000E+00  0.50000000E+01 -0.64377513E+00
  0.50000000E+01  0.00000000E+00  0.50000000E+01 -0.64377513E+00
  0.50000000E+01  0.00000000E+00  0.50000000E+01 -0.64377513E+00
  0.50000000E+01  0.00000000E+00  0.50000000E+01 -0.64377513E+00
  0.50000000E+01  0.00000000E+00  0.50000000E+01 -0.64377513E+00
  0.50000000E+01  0.00000000E+00  0.50000000E+01 -0.64377513E+00
  0.50000000E+01  0.00000000E+00  0.50000000E+01 -0.64377513E+00
  0.50000000E+01  0.00000000E+00  0.50000000E+01 -0.64377513E+00
  0.50000000E+01  0.00000000E+00  0.50000000E+01 -0.64377513E+00
  0.50000000E+01  0.00000000E+00  0.50000000E+01 -0.64377513E+00
  0.50000000E+01  0.00000000E+00  0.50000000E+01 -0.64377513E+00
  0.50000000E+01  0.00000000E+00  0.50000000E+01 -0.64377513E+00
  0.50000000E+01  0.00000000E+00  0.50000000E+01 -0.64377513E+00
  0.50000000E+01  0.00000000E+00  0.50000000E+01 -0.64377513E+00
  0.50000000E+01  0.00000000E+00  0.50000000E+01 -0.64377513E+00
  0.50000000E+01  0.00000000E+00  0.50000000E+01 -0.64377513E+00
  0.50000000E+01  0.00000000E+00  0.50000000E+01 -0.64377513E+00
  0.50000000E+01  0.00000000E+00  0.50000000E+01 -0.64377513E+00
  0.50000000E+01  0.00000000E+00  0.50000000E+01 -0.64377513E+00
  0.50000000E+01  0.00000000E+00  0.50000000E+01 -0.64377513E+00
  0.50000000E+01  0.00000000E+00  0.50000000E+01 -0.64377513E+00
  0.50000000E+01  0.00000000E+00  0.50000000E+01 -0.64377513E+00
  0.50000000E+01  0.00000000E+00  0.50000000E+01 -0.64377513E+00
  0.50000000E+01  0.00000000E+00  0.50000000E+01 -0.64377513E+00
  0.50000000E+01  0.00000000E+00  0.50000000E+01 -0.64377513E+00
  0.50000000E+01  0.00000000E+00  0.50000000E+01 -0.64377513E+00
  0.50000000E+01  0.00000000E+00  0.50000000E+01 -0.64377513E+00
  0.50000000E+01  0.00000000E+00  0.50000000E+01 -0.64377513E+00
  0.50000000E+01  0.00000000E+00  0.50000000E+01 -0.64377513E+00
  0.50000000E+01  0.00000000E+00  0.50000000E+01 -0.64377513E+00
  0.50000000E+01  0.00000000E+00  0.50000000E+01 -0.64377513E+00
  0.50000000E+01  0.00000000E+00  0.50000000E+01 -0.64377513E+00
  0.50000000E+01  0.00000000E+00  0.50000000E+01 -0.64377513E+00
  0.50000000E+01  0.00000000E+00  0.50000000E+01 -0.64377513E+00
  0.50000000E+01  0.00000000E+00  0.50000000E+01 -0.64377513E+00
  0.50000000E+01  0.00000000E+00  0.50000000E+01 -0.64377513E+00
  0.50000000E+01  0.00000000E+00  0.50000000E+01 -0.64377513E+00
  0.50000000E+01  0.00000000E+00  0.50000000E+01 -0.64377513E+00
  0.50000000E+01  0.00000000E+00  0.50000000E+01 -0.64377513E+00
  0.50000000E+01  0.00000000E+00  0.50000000E+01 -0.64377513E+00
  0.50000000E+01  0.00000000E+00  0.50000000E+01 -0.64377513E+00
  0.50000000E+01  0.00000000E+00  0.50000000E+01 -0.64377513E+00
  0.50000000E+01  0.00000000E+00  0.50000000E+01 -0.64377513E+00
  0.50000000E+01  0.00000000E+00  0.50000000E+01 -0.64377513E+00
  0.50000000E+01  0.00000000E+00  0.50000000E+01 -0.64377513E+00
  0.50000000E+01  0.00000000E+00  0.50000000E+01 -0.64377513E+00
  0.50000000E+01  0.00000000E+00  0.50000000E+01 -0.64377513E+00
  0.50000000E+01  0.00000000E+00  0.50000000E+01 -0.64377513E+00
  0.50000000E+01  0.00000000E+00  0.50000000E+01 -0.64377513E+00
  0.50000000E+01  0.00000000E+00  0.50000000E+01 -0.64377513E+00
  0.50000000E+01  0.00000000E+00  0.50000000E+01 -0.64377513E+00
  0.50000000E+01  0.00000000E+00  0.50000000E+01 -0.64377513E+00
  0.50000000E+01  0.00000000E+00  0.50000000E+01 -0.64377513E+00
  0.50000000E+01  0.00000000E+00  0.50000000E+01 -0.64377513E+00
  0.50000000E+01  0.00000000E+00  0.50000000E+01 -0.64377513E+00
  0.50000000E+01  0.00000000E+00  0.50000000E+01 -0.64377513E+00
  0.50000000E+01  0.00000000E+00  0.50000000E+01 -0.64377513E+00
  0.50000000E+01  0.00000000E+00  0.50000000E+01 -0.64377513E+00
  0.50000000E+01  0.00000000E+00  0.50000000E+01 -0.64377513E+00
  0.50000000E+01  0.00000000E+00  0.50000000E+01 -0.64377513E+00
  0.50000000E+01  0.00000000E+00  0.50000000E+01 -0.64377513E+00
  0.50000000E+01  0.00000000E+00  0.50000000E+01 -0.64377513E+00
  0.50000000E+01  0.00000000E+00  0.50000000E+01 -0.64377513E+00
  0.50000000E+01  0.00000000E+00  0.50000000E+01 -0.64377513E+00
  0.50000000E+01  0.00000000E+00  0.50000000E+01 -0.64377513E+00
  0.50000000E+01  0.00000000E+00  0.50000000E+01 -0.64377513E+00
  0.50000000E+01  0.00000000E+00  0.50000000E+01 -0.64377513E+00
  0.50000000E+01  0.00000000E+00  0.50000000E+01 -0.64377513E+00
  0.50000000E+01  0.00000000E+00  0.50000000E+01 -0.64377513E+00
  0.50000000E+01  0.00000000E+00  0.50000000E+01 -0.64377513E+00
  0.50000000E+01  0.00000000E+00  0.50000000E+01 -0.64377513E+00
  0.50000000E+01  0.00000000E+00  0.50000000E+01 -0.64377513E+00
  0.50000000E+01  0.00000000E+00  0.50000000E+01 -0.64377513E+00
  0.50000000E+01  0.00000000E+00  0.50000000E+01 -0.64377513E+00
  0.50000000E+01  0.00000000E+00  0.50000000E+01 -0.64377513E+00
  0.50000000E+01  0.00000000E+00  0.50000000E+01 -0.64377513E+00
  0.50000000E+01  0.00000000E+00  0.50000000E+01 -0.64377513E+00
  0.50000000E+01  0.00000000E+00  0.50000000E+01 -0.64377513E+00
  0.50000000E+01  0.00000000E+00  0.50000000E+01 -0.64377513E+00
  0.50000000E+01  0.00000000E+00  0.50000000E+01 -0.64377513E+00
  0.50000000E+01  0.00000000E+00  0.50000000E+01 -0.64377513E+00
  0.50000000E+01  0.00000000E+00  0.50000000E+01 -0.64377513E+00
  0.50000000E+01  0.00000000E+00  0.50000000E+01 -0.64377513E+00
  0.50000000E+01  0.00000000E+00  0.50000000E+01 -0.64377513E+00
  0.50000000E+01  0.00000000E+00  0.50000000E+01 -0.64377513E+00
  0.50000000E+01  0.00000000E+00  0.50000000E+01 -0.64377513E+00
  0.50000000E+01  0.00000000E+00  0.50000000E+01 -0.64377513E+00
  0.50000000E+01  0.00000000E+00  0.50000000E+01 -0.64377513E+00
  0.50000000E+01  0.00000000E+00  0.50000000E+01 -0.64377513E+00
  0.50000000E+01  0.00000000E+00  0.50000000E+01 -0.64377513E+00
  0.50000000E+01  0.00000000E+00  0.50000000E+01 -0.64377513E+00
  0.50000000E+01  0.00000000E+00  0.50000000E+01 -0.64377513E+00
  0.50000000E+01  0.00000000E+00  0.50000000E+01 -0.64377513E+00
  0.50000000E+01  0.00000000E+00  0.50000000E+01 -0.64377513E+00
  0.50000000E+01  0.00000000E+00  0.50000000E+01 -0.64377513E+00
  0.50000000E+01  0.00000000E+00  0.50000000E+01 -0.64377513E+00
  0.50000000E+01  0.00000000E+00  0.50000000E+01 -0.64377513E+00
  0.50000000E+01  0.00000000E+00  0.50000000E+01 -0.64377513E+00
  0.50000000E+01  0.00000000E+00  0.50000000E+01 -0.64377513E+00
  0.50000000E+01  0.00000000E+00  0.50000000E+01 -0.64377513E+00
  0.50000000E+01  0.00000000E+00  0.50000000E+01 -0.64377513E+00
  0.50000000E+01  0.00000000E+00  0.50000000E+01 -0.64377513E+00
  0.50000000E+01  0.00000000E+00  0.50000000E+01 -0.64377513E+00
  0.50000000E+01  0.00000000E+00  0.50000000E+01 -0.64377513E+00
  0.50000000E+01  0.00000000E+00  0.50000000E+01 -0.64377513E+00
  0.50000000E+01  0.00000000E+00  0.50000000E+01 -0.64377513E+00
  0.50000000E+01  0.00000000E+00  0.50000000E+01 -0.64377513E+00
  0.50000000E+01  0.00000000E+00  0.50000000E+01 -0.64377513E+00
  0.50000000E+01  0.00000000E+00  0.50000000E+01 -0.64377513E+00
  0.50000000E+01  0.26564799E-16  0.50000000E+01 -0.64377513E+00
  0.50000000E+01  0.49587578E-15  0.50000000E+01 -0.64377513E+00
  0.50000000E+01  0.25767811E-14  0.50000000E+01 -0.64377513E+00
  0.50000000E+01  0.87220876E-14  0.50000000E+01 -0.64377513E+00
  0.50000000E+01  0.28185174E-13  0.50000000E+01 -0.64377513E+00
  0.50000000E+01  0.88566778E-13  0.50000000E+01 -0.64377513E+00
  0.50000000E+01  0.27224408E-12  0.50000000E+01 -0.64377513E+00
  0.50000000E+01  0.82030953E-12  0.50000000E+01 -0.64377513E+00
  0.50000000E+01  0.24334959E-11  0.50000000E+01 -0.64377513E+00
  0.50000000E+01  0.71032973E-11  0.50000000E+01 -0.64377513E+00
  0.50000000E+01  0.20400093E-10  0.50000000E+01 -0.64377513E+00
  0.50000000E+01  0.57633280E-10  0.50000000E+01 -0.64377513E+00
  0.50000000E+01  0.16011601E-09  0.50000000E+01 -0.64377513E+00
  0.50000000E+01  0.43727893E-09  0.50000000E+01 -0.64377513E+00
  0.50000000E+01  0.11734996E-08  0.50000000E+01 -0.64377513E+00
  0.50000000E+01  0.30934168E-08  0.50000000E+01 -0.64377513E+00
  0.50000000E+01  0.80065557E-08  0.50000000E+01 -0.64377513E+00
  0.49999999E+01  0.20338235E-07  0.49999999E+01 -0.64377513E+00
  0.49999998E+01  0.50679997E-07  0.49999997E+01 -0.64377513E+00
  0.49999995E+01  0.12382162E-06  0.49999993E+01 -0.64377513E+00
  0.49999987E+01  0.29645400E-06  0.49999982E+01 -0.64377513E+00
  0.49999971E+01  0.69512831E-06  0.49999959E+01 -0.64377513E+00
  0.49999933E+01  0.15953067E-05  0.49999906E+01 -0.64377513E+00
  0.49999849E+01  0.35809290E-05  0.49999788E+01 -0.64377513E+00
  0.49999668E+01  0.78558431E-05  0.49999535E+01 -0.64377513E+00
  0.49999289E+01  0.16829741E-04  0.49999004E+01 -0.64377513E+00
  0.49998514E+01  0.35176764E-04  0.49997919E+01 -0.64377513E+00
  0.49996972E+01  0.71662906E-04  0.49995761E+01 -0.64377513E+00
  0.49993994E+01  0.14213967E-03  0.49991592E+01 -0.64377513E+00
  0.49988416E+01  0.27415385E-03  0.49983783E+01 -0.64377512E+00
  0.49978303E+01  0.51352498E-03  0.49969628E+01 -0.64377512E+00
  0.49960593E+01  0.93284010E-03  0.49944839E+01 -0.64377510E+00
  0.49930695E+01  0.16409527E-02  0.49903004E+01 -0.64377506E+00
  0.49882161E+01  0.27912138E-02  0.49835111E+01 -0.64377497E+00
  0.49806567E+01  0.45846079E-02  0.49729422E+01 -0.64377477E+00
  0.49693842E+01  0.72630375E-02  0.49571941E+01 -0.64377439E+00
  0.49533188E+01  0.11088917E-01  0.49347755E+01 -0.64377374E+00
  0.49314595E+01  0.16310954E-01  0.49043186E+01 -0.64377278E+00
  0.49030671E+01  0.23122025E-01  0.48648396E+01 -0.64377155E+00
  0.48678266E+01  0.31620769E-01  0.48159644E+01 -0.64377022E+00
  0.48259290E+01  0.41790165E-01  0.47580381E+01 -0.64376908E+00
  0.47780396E+01  0.53501581E-01  0.46920705E+01 -0.64376846E+00
  0.47251606E+01  0.66543340E-01  0.46195325E+01 -0.64376863E+00
  0.46684374E+01  0.80663822E-01  0.45420771E+01 -0.64376971E+00
  0.46089688E+01  0.95615641E-01  0.44612728E+01 -0.64377166E+00
  0.45476645E+01  0.11119102E+00  0.43784070E+01 -0.64377433E+00
  0.44851490E+01  0.12724751E+00  0.42943617E+01 -0.64377744E+00
  0.44218959E+01  0.14366519E+00  0.42097909E+01 -0.64378294E+00
  0.43587503E+01  0.16021618E+00  0.41258302E+01 -0.64379224E+00
  0.42961521E+01  0.17683187E+00  0.40430961E+01 -0.64379689E+00
  0.42342864E+01  0.19345449E+00  0.39618026E+01 -0.64380156E+00
  0.41732048E+01  0.21006269E+00  0.38820052E+01 -0.64380614E+00
  0.41129165E+01  0.22665508E+00  0.38037015E+01 -0.64381064E+00
  0.40533755E+01  0.24321844E+00  0.37268187E+01 -0.64381500E+00
  0.39946341E+01  0.25976813E+00  0.36514102E+01 -0.64381930E+00
  0.39366443E+01  0.27629323E+00  0.35774013E+01 -0.64382346E+00
  0.38793692E+01  0.29278582E+00  0.35047317E+01 -0.64382758E+00
  0.38229013E+01  0.30927548E+00  0.34335060E+01 -0.64383154E+00
  0.37671338E+01  0.32573438E+00  0.33635761E+01 -0.64383546E+00
  0.37120451E+01  0.34215789E+00  0.32949035E+01 -0.64383922E+00
  0.36577474E+01  0.35858352E+00  0.32276151E+01 -0.64384295E+00
  0.36041487E+01  0.37498463E+00  0.31615843E+01 -0.64384656E+00
  0.35511748E+01  0.39133993E+00  0.30967086E+01 -0.64385004E+00
  0.34989517E+01  0.40768927E+00  0.30331306E+01 -0.64385345E+00
  0.34474832E+01  0.42403205E+00  0.29708421E+01 -0.64385674E+00
  0.33966125E+01  0.44031675E+00  0.29096417E+01 -0.64386009E+00
  0.33464131E+01  0.45656036E+00  0.28496109E+01 -0.64386216E+00
  0.32970627E+01  0.47280729E+00  0.27909330E+01 -0.64386880E+00
  0.32484109E+01  0.48900791E+00  0.27334689E+01 -0.64386079E+00
  0.32003983E+01  0.50508110E+00  0.26769979E+01 -0.64388938E+00
  0.31530538E+01  0.52108399E+00  0.26218501E+01 -0.64383975E+00
  0.31072912E+01  0.53712112E+00  0.25685129E+01 -0.64392479E+00
  0.30617272E+01  0.55289220E+00  0.25161756E+01 -0.64383073E+00
  0.30171627E+01  0.56825218E+00  0.24648936E+01 -0.64389494E+00
  0.29749531E+01  0.58377264E+00  0.24167623E+01 -0.64389080E+00
  0.29338981E+01  0.59872924E+00  0.23702520E+01 -0.64386843E+00
  0.28933242E+01  0.61246397E+00  0.23245166E+01 -0.64385641E+00
  0.28582545E+01  0.62648041E+00  0.22851327E+01 -0.64387142E+00
  0.28252822E+01  0.63898751E+00  0.22482375E+01 -0.64390499E+00
  0.27933498E+01  0.64904645E+00  0.22128773E+01 -0.64384447E+00
  0.27711849E+01  0.65928913E+00  0.21882936E+01 -0.64386289E+00
  0.27523189E+01  0.66695199E+00  0.21674144E+01 -0.64388632E+00
  0.27348747E+01  0.67131590E+00  0.21482875E+01 -0.64384886E+00
  0.27261111E+01  0.67544020E+00  0.21386778E+01 -0.64383871E+00
  0.27222620E+01  0.67852446E+00  0.21344103E+01 -0.64385795E+00
  0.27181197E+01  0.67944735E+00  0.21298242E+01 -0.64387703E+00
  0.27151821E+01  0.67953761E+00  0.21266234E+01 -0.64386714E+00
  0.27145179E+01  0.67985778E+00  0.21259230E+01 -0.64385404E+00
  0.27151026E+01  0.68021194E+00  0.21265892E+01 -0.64384226E+00
  0.27155706E+01  0.68032836E+00  0.21271129E+01 -0.64383734E+00
  0.27157276E+01  0.68022393E+00  0.21272771E+01 -0.64384100E+00
  0.27155324E+01  0.67999943E+00  0.21270519E+01 -0.64384631E+00
  0.27154025E+01  0.67982819E+00  0.21269047E+01 -0.64384851E+00
  0.27155760E+01  0.67979401E+00  0.21271024E+01 -0.64384502E+00
  0.27159087E+01  0.67985881E+00  0.21274915E+01 -0.64383360E+00
  0.27161218E+01  0.67989544E+00  0.21277516E+01 -0.64382123E+00
  0.27161355E+01  0.67985960E+00  0.21277830E+01 -0.64381350E+00
  0.27160108E+01  0.67978227E+00  0.21276629E+01 -0.64380566E+00
  0.27159454E+01  0.67972997E+00  0.21275985E+01 -0.64380227E+00
  0.27159942E+01  0.67972313E+00  0.21276592E+01 -0.64379889E+00
  0.27160996E+01  0.67974836E+00  0.21277906E+01 -0.64379145E+00
  0.27161536E+01  0.67976303E+00  0.21278789E+01 -0.64377782E+00
  0.27161315E+01  0.67975201E+00  0.21278866E+01 -0.64376278E+00
  0.27160408E+01  0.67972612E+00  0.21278415E+01 -0.64373722E+00
  0.27159755E+01  0.67970830E+00  0.21278156E+01 -0.64371571E+00
  0.27159615E+01  0.67970550E+00  0.21278354E+01 -0.64369918E+00
  0.27159626E+01  0.67971284E+00  0.21278825E+01 -0.64367761E+00
  0.27159543E+01  0.67971799E+00  0.21279213E+01 -0.64365511E+00
  0.27159027E+01  0.67971327E+00  0.21279312E+01 -0.64362391E+00
  0.27157941E+01  0.67970352E+00  0.21279163E+01 -0.64357491E+00
  0.27156627E+01  0.67969780E+00  0.21279044E+01 -0.64351274E+00
  0.27155312E+01  0.67969998E+00  0.21279021E+01 -0.64344602E+00
  0.27154041E+01  0.67970684E+00  0.21279056E+01 -0.64337888E+00
  0.27152805E+01  0.67971425E+00  0.21279100E+01 -0.64331311E+00
  0.27151513E+01  0.67971784E+00  0.21279040E+01 -0.64324930E+00
  0.27150149E+01  0.67971681E+00  0.21278905E+01 -0.64318527E+00
  0.27148645E+01  0.67971522E+00  0.21278801E+01 -0.64311259E+00
  0.27146951E+01  0.67971547E+00  0.21278806E+01 -0.64302501E+00
  0.27144841E+01  0.67971622E+00  0.21278880E+01 -0.64291273E+00
  0.27141839E+01  0.67971723E+00  0.21278970E+01 -0.64275364E+00
  0.27137209E+01  0.67971666E+00  0.21278996E+01 -0.64251358E+00
  0.27129542E+01  0.67971623E+00  0.21278967E+01 -0.64211938E+00
  0.27115963E+01  0.67971755E+00  0.21278893E+01 -0.64142190E+00
  0.27090694E+01  0.67972057E+00  0.21278776E+01 -0.64012219E+00
  0.27042965E+01  0.67972447E+00  0.21278742E+01 -0.63765508E+00
  0.26953889E+01  0.67972725E+00  0.21278754E+01 -0.63303548E+00
  0.26792725E+01  0.67972775E+00  0.21278748E+01 -0.62463967E+00
  0.26513502E+01  0.67972745E+00  0.21278750E+01 -0.60997279E+00
  0.26053385E+01  0.67972688E+00  0.21278761E+01 -0.58546329E+00
  0.25335495E+01  0.67972631E+00  0.21278792E+01 -0.54634396E+00
  0.24279104E+01  0.67972503E+00  0.21278861E+01 -0.48671429E+00
  0.22818744E+01  0.67972232E+00  0.21278972E+01 -0.39986179E+00
  0.20941107E+01  0.67972053E+00  0.21279063E+01 -0.27964202E+00
  0.19235560E+01  0.67971897E+00  0.21279075E+01 -0.16070664E+00
  0.18170737E+01  0.67971902E+00  0.21279071E+01 -0.80979409E-01
  0.17556018E+01  0.67972101E+00  0.21279031E+01 -0.32799366E-01
  0.17224794E+01  0.67972442E+00  0.21278960E+01 -0.61369866E-02
  0.17058774E+01  0.67972782E+00  0.21278934E+01  0.74211167E-02
  0.16981924E+01  0.67972987E+00  0.21278930E+01  0.13742145E-01
  0.16949668E+01  0.67973076E+00  0.21278941E+01  0.16404357E-01
  0.16938002E+01  0.67973067E+00  0.21278958E+01  0.17369162E-01
  0.16934848E+01  0.67973032E+00  0.21278980E+01  0.17630853E-01
  0.16934549E+01  0.67973043E+00  0.21279002E+01  0.17656602E-01
  0.16935056E+01  0.67973105E+00  0.21279024E+01  0.17615749E-01
  0.16936348E+01  0.67973148E+00  0.21279062E+01  0.17510769E-01
  0.16937657E+01  0.67973052E+00  0.21279122E+01  0.17405355E-01
  0.16938329E+01  0.67972746E+00  0.21279212E+01  0.17354036E-01
  0.16938683E+01  0.67972380E+00  0.21279308E+01  0.17329290E-01
  0.16938861E+01  0.67972032E+00  0.21279345E+01  0.17316280E-01
  0.16938867E+01  0.67971854E+00  0.21279304E+01  0.17313913E-01
  0.16938818E+01  0.67971903E+00  0.21279209E+01  0.17313458E-01
  0.16938699E+01  0.67972018E+00  0.21279070E+01  0.17316768E-01
  0.16938517E+01  0.67972013E+00  0.21278912E+01  0.17324378E-01
  0.16938300E+01  0.67971820E+00  0.21278788E+01  0.17336502E-01
  0.16938045E+01  0.67971413E+00  0.21278674E+01  0.17352217E-01
  0.16937829E+01  0.67970782E+00  0.21278555E+01  0.17364432E-01
  0.16937700E+01  0.67970114E+00  0.21278430E+01  0.17369300E-01
  0.16937640E+01  0.67969744E+00  0.21278355E+01  0.17370656E-01
  0.16937625E+01  0.67969643E+00  0.21278325E+01  0.17370498E-01
  0.16937639E+01  0.67969624E+00  0.21278329E+01  0.17369537E-01
  0.16937691E+01  0.67969606E+00  0.21278365E+01  0.17366976E-01
  0.16937791E+01  0.67969599E+00  0.21278453E+01  0.17362859E-01
  0.16937945E+01  0.67969478E+00  0.21278610E+01  0.17357502E-01
  0.16938133E+01  0.67969418E+00  0.21278804E+01  0.17351075E-01
  0.16938264E+01  0.67969772E+00  0.21278943E+01  0.17346776E-01
  0.16938331E+01  0.67970521E+00  0.21279008E+01  0.17344298E-01
  0.16938377E+01  0.67971487E+00  0.21279038E+01  0.17341865E-01
  0.16938422E+01  0.67972471E+00  0.21279090E+01  0.17340652E-01
  0.16938468E+01  0.67973128E+00  0.21279133E+01  0.17338796E-01
  0.16938498E+01  0.67973562E+00  0.21279136E+01  0.17336499E-01
  0.16938506E+01  0.67973535E+00  0.21279086E+01  0.17333444E-01
  0.16938568E+01  0.67972721E+00  0.21279169E+01  0.17332250E-01
  0.16938397E+01  0.67972362E+00  0.21278878E+01  0.17332723E-01
  0.16938044E+01  0.67969555E+00  0.21278302E+01  0.17334783E-01
  0.16936927E+01  0.67960854E+00  0.21276382E+01  0.17336899E-01
  0.16933335E+01  0.67932806E+00  0.21270055E+01  0.17336452E-01
  0.16921629E+01  0.67840584E+00  0.21249392E+01  0.17332703E-01
  0.16883202E+01  0.67538109E+00  0.21181766E+01  0.17327936E-01
  0.16758193E+01  0.66552400E+00  0.20962353E+01  0.17320013E-01
  0.16363861E+01  0.63405316E+00  0.20273419E+01  0.17239207E-01
  0.15231475E+01  0.53995224E+00  0.18322234E+01  0.16439690E-01
  0.12784649E+01  0.30867380E+00  0.14268676E+01  0.11557482E-01
  0.10712199E+01  0.83672742E-01  0.11030647E+01  0.17749993E-02
  0.10150306E+01  0.17769022E-01  0.10211967E+01  0.88856769E-04
  0.10030048E+01  0.35547830E-02  0.10042128E+01  0.35258836E-05
  0.10005943E+01  0.70313815E-03  0.10008322E+01  0.13754927E-06
  0.10001173E+01  0.13875685E-03  0.10001642E+01  0.53542290E-08
  0.10000231E+01  0.27367848E-04  0.10000324E+01  0.20827429E-09
  0.10000046E+01  0.53973048E-05  0.10000064E+01  0.81004092E-11
  0.10000009E+01  0.10643891E-05  0.10000013E+01  0.31552538E-12
  0.10000002E+01  0.20990284E-06  0.10000002E+01  0.13100632E-13
  0.10000000E+01  0.41393435E-07  0.10000000E+01  0.11102230E-14
  0.10000000E+01  0.81627918E-08  0.10000000E+01  0.22204460E-15
  0.10000000E+01  0.16096743E-08  0.10000000E+01  0.11102230E-14
  0.10000000E+01  0.31741421E-09  0.10000000E+01  0.11102230E-14
  0.10000000E+01  0.62589520E-10  0.10000000E+01  0.24424907E-14
  0.10000000E+01  0.12341800E-10  0.10000000E+01  0.13322676E-14
  0.10000000E+01  0.24337970E-11  0.10000000E+01  0.22204460E-15
  0.10000000E+01  0.47973744E-12  0.10000000E+01  0.00000000E+00
  0.10000000E+01  0.94338108E-13  0.10000000E+01  0.44408921E-15
  0.10000000E+01  0.18495716E-13  0.10000000E+01  0.44408921E-15
  0.10000000E+01  0.36305184E-14  0.10000000E+01  0.44408921E-15
  0.10000000E+01  0.57557032E-15  0.10000000E+01  0.66613381E-15
  0.10000000E+01  0.22137334E-16  0.10000000E+01  0.00000000E+00
  0.10000000E+01  0.00000000E+00  0.10000000E+01  0.00000000E+00
  0.10000000E+01  0.00000000E+00  0.10000000E+01  0.00000000E+00
  0.10000000E+01  0.00000000E+00  0.10000000E+01  0.00000000E+00
  0.10000000E+01  0.00000000E+00  0.10000000E+01  0.00000000E+00
  0.10000000E+01  0.00000000E+00  0.10000000E+01  0.00000000E+00
  0.10000000E+01  0.00000000E+00  0.10000000E+01  0.00000000E+00
  0.10000000E+01  0.00000000E+00  0.10000000E+01  0.00000000E+00
  0.10000000E+01  0.00000000E+00  0.10000000E+01  0.00000000E+00
  0.10000000E+01  0.00000000E+00  0.10000000E+01  0.00000000E+00
  0.10000000E+01  0.00000000E+00  0.10000000E+01  0.00000000E+00
  0.10000000E+01  0.00000000E+00  0.10000000E+01  0.00000000E+00
  0.10000000E+01  0.00000000E+00  0.10000000E+01  0.00000000E+00
  0.10000000E+01  0.00000000E+00  0.10000000E+01  0.00000000E+00
  0.10000000E+01  0.00000000E+00  0.10000000E+01  0.00000000E+00
  0.10000000E+01  0.00000000E+00  0.10000000E+01  0.00000000E+00
  0.10000000E+01  0.00000000E+00  0.10000000E+01  0.00000000E+00
  0.10000000E+01  0.00000000E+00  0.10000000E+01  0.00000000E+00
  0.10000000E+01  0.00000000E+00  0.10000000E+01  0.00000000E+00
  0.10000000E+01  0.00000000E+00  0.10000000E+01  0.00000000E+00
  0.10000000E+01  0.00000000E+00  0.10000000E+01  0.00000000E+00
  0.10000000E+01  0.00000000E+00  0.10000000E+01  0.00000000E+00
  0.10000000E+01  0.00000000E+00  0.10000000E+01  0.00000000E+00
  0.10000000E+01  0.00000000E+00  0.10000000E+01  0.00000000E+00
  0.10000000E+01  0.00000000E+00  0.10000000E+01  0.00000000E+00
  0.10000000E+01  0.00000000E+00  0.10000000E+01  0.00000000E+00
  0.10000000E+01  0.00000000E+00  0.10000000E+01  0.00000000E+00
  0.10000000E+01  0.00000000E+00  0.10000000E+01  0.00000000E+00
  0.10000000E+01  0.00000000E+00  0.10000000E+01  0.00000000E+00
  0.10000000E+01  0.00000000E+00  0.10000000E+01  0.00000000E+00
  0.10000000E+01  0.00000000E+00  0.10000000E+01  0.00000000E+00
  0.10000000E+01  0.00000000E+00  0.10000000E+01  0.00000000E+00
  0.10000000E+01  0.00000000E+00  0.10000000E+01  0.00000000E+00
  0.10000000E+01  0.00000000E+00  0.10000000E+01  0.00000000E+00
  0.10000000E+01  0.00000000E+00  0.10000000E+01  0.00000000E+00
  0.10000000E+01  0.00000000E+00  0.10000000E+01  0.00000000E+00
  0.10000000E+01  0.00000000E+00  0.10000000E+01  0.00000000E+00
  0.10000000E+01  0.00000000E+00  0.10000000E+01  0.00000000E+00
  0.10000000E+01  0.00000000E+00  0.10000000E+01  0.00000000E+00
  0.10000000E+01  0.00000000E+00  0.10000000E+01  0.00000000E+00
  0.10000000E+01  0.00000000E+00  0.10000000E+01  0.00000000E+00
  0.10000000E+01  0.00000000E+00  0.10000000E+01  0.00000000E+00
  0.10000000E+01  0.00000000E+00  0.10000000E+01  0.00000000E+00
  0.10000000E+01  0.00000000E+00  0.10000000E+01  0.00000000E+00
  0.10000000E+01  0.00000000E+00  0.10000000E+01  0.00000000E+00
  0.10000000E+01  0.00000000E+00  0.10000000E+01  0.00000000E+00
  0.10000000E+01  0.00000000E+00  0.10000000E+01  0.00000000E+00
  0.10000000E+01  0.00000000E+00  0.10000000E+01  0.00000000E+00
  0.10000000E+01  0.00000000E+00  0.10000000E+01  0.00000000E+00
  0.10000000E+01  0.00000000E+00  0.10000000E+01  0.00000000E+00
  0.10000000E+01  0.00000000E+00  0.10000000E+01  0.00000000E+00
  0.10000000E+01  0.00000000E+00  0.10000000E+01  0.00000000E+00
  0.10000000E+01  0.00000000E+00  0.10000000E+01  0.00000000E+00
  0.10000000E+01  0.00000000E+00  0.10000000E+01  0.00000000E+00
  0.10000000E+01  0.00000000E+00  0.10000000E+01  0.00000000E+00
  0.10000000E+01  0.00000000E+00  0.10000000E+01  0.00000000E+00
  0.10000000E+01  0.00000000E+00  0.10000000E+01  0.00000000E+00
  0.10000000E+01  0.00000000E+00  0.10000000E+01  0.00000000E+00
  0.10000000E+01  0.00000000E+00  0.10000000E+01  0.00000000E+00
  0.10000000E+01  0.00000000E+00  0.10000000E+01  0.00000000E+00
  0.10000000E+01  0.00000000E+00  0.10000000E+01  0.00000000E+00
  0.10000000E+01  0.00000000E+00  0.10000000E+01  0.00000000E+00
  0.10000000E+01  0.00000000E+00  0.10000000E+01  0.00000000E+00
  0.10000000E+01  0.00000000E+00  0.10000000E+01  0.00000000E+00
  0.10000000E+01  0.00000000E+00  0.10000000E+01  0.00000000E+00
  0.10000000E+01  0.00000000E+00  0.10000000E+01  0.00000000E+00
  0.10000000E+01  0.00000000E+00  0.10000000E+01  0.00000000E+00
  0.10000000E+01  0.00000000E+00  0.10000000E+01  0.00000000E+00
  0.10000000E+01  0.00000000E+00  0.10000000E+01  0.00000000E+00
  0.10000000E+01  0.00000000E+00  0.10000000E+01  0.00000000E+00
  0.10000000E+01  0.00000000E+00  0.10000000E+01  0.00000000E+00
  0.10000000E+01  0.00000000E+00  0.10000000E+01  0.00000000E+00
  0.10000000E+01  0.00000000E+00  0.10000000E+01  0.00000000E+00
  0.10000000E+01  0.00000000E+00  0.10000000E+01  0.00000000E+00
  0.10000000E+01  0.00000000E+00  0.10000000E+01  0.00000000E+00
  0.10000000E+01  0.00000000E+00  0.10000000E+01  0.00000000E+00
  0.10000000E+01  0.00000000E+00  0.10000000E+01  0.00000000E+00
  0.10000000E+01  0.00000000E+00  0.10000000E+01  0.00000000E+00
  0.10000000E+01  0.00000000E+00  0.10000000E+01  0.00000000E+00
  0.10000000E+01  0.00000000E+00  0.10000000E+01  0.00000000E+00
  0.10000000E+01  0.00000000E+00  0.10000000E+01  0.00000000E+00
  0.10000000E+01  0.00000000E+00  0.10000000E+01  0.00000000E+00
  0.10000000E+01  0.00000000E+00  0.10000000E+01  0.00000000E+00
  0.10000000E+01  0.00000000E+00  0.10000000E+01  0.00000000E+00
  0.10000000E+01  0.00000000E+00  0.10000000E+01  0.00000000E+00
  0.10000000E+01  0.00000000E+00  0.10000000E+01  0.00000000E+00
  0.10000000E+01  0.00000000E+00  0.10000000E+01  0.00000000E+00
  0.10000000E+01  0.00000000E+00  0.10000000E+01  0.00000000E+00
  0.10000000E+01  0.00000000E+00  0.10000000E+01  0.00000000E+00
  0.10000000E+01  0.00000000E+00  0.10000000E+01  0.00000000E+00
  0.10000000E+01  0.00000000E+00  0.10000000E+01  0.00000000E+00
  0.10000000E+01  0.00000000E+00  0.10000000E+01  0.00000000E+00
  0.10000000E+01  0.00000000E+00  0.10000000E+01  0.00000000E+00
  0.10000000E+01  0.00000000E+00  0.10000000E+01  0.00000000E+00
  0.10000000E+01  0.00000000E+00  0.10000000E+01  0.00000000E+00
  0.10000000E+01  0.00000000E+00  0.10000000E+01  0.00000000E+00
  0.10000000E+01  0.00000000E+00  0.10000000E+01  0.00000000E+00
  0.10000000E+01  0.00000000E+00  0.10000000E+01  0.00000000E+00
  0.10000000E+01  0.00000000E+00  0.10000000E+01  0.00000000E+00
  0.10000000E+01  0.00000000E+00  0.10000000E+01  0.00000000E+00
  0.10000000E+01  0.00000000E+00  0.10000000E+01  0.00000000E+00
  0.10000000E+01  0.00000000E+00  0.10000000E+01  0.00000000E+00
  0.10000000E+01  0.00000000E+00  0.10000000E+01  0.00000000E+00
  0.10000000E+01  0.00000000E+00  0.10000000E+01  0.00000000E+00
  0.10000000E+01  0.00000000E+00  0.10000000E+01  0.00000000E+00
  0.10000000E+01  0.00000000E+00  0.10000000E+01  0.00000000E+00
  0.10000000E+01  0.00000000E+00  0.10000000E+01  0.00000000E+00
  0.10000000E+01  0.00000000E+00  0.10000000E+01  0.00000000E+00
  0.10000000E+01  0.00000000E+00  0.10000000E+01  0.00000000E+00
  0.10000000E+01  0.00000000E+00  0.10000000E+01  0.00000000E+00
  0.10000000E+01  0.00000000E+00  0.10000000E+01  0.00000000E+00
  0.10000000E+01  0.00000000E+00  0.10000000E+01  0.00000000E+00
  0.10000000E+01  0.00000000E+00  0.10000000E+01  0.00000000E+00
  0.10000000E+01  0.00000000E+00  0.10000000E+01  0.00000000E+00
  0.10000000E+01  0.00000000E+00  0.10000000E+01  0.00000000E+00
  0.10000000E+01  0.00000000E+00  0.10000000E+01  0.00000000E+00
  0.10000000E+01  0.00000000E+00  0.10000000E+01  0.00000000E+00
  0.10000000E+01  0.00000000E+00  0.10000000E+01  0.00000000E+00
  0.10000000E+01  0.00000000E+00  0.10000000E+01  0.00000000E+00
  0.10000000E+01  0.00000000E+00  0.10000000E+01  0.00000000E+00
  0.10000000E+01  0.00000000E+00  0.10000000E+01  0.00000000E+00
  0.10000000E+01  0.00000000E+00  0.10000000E+01  0.00000000E+00
  0.10000000E+01  0.00000000E+00  0.10000000E+01  0.00000000E+00
  0.10000000E+01  0.00000000E+00  0.10000000E+01  0.00000000E+00
  0.10000000E+01  0.00000000E+00  0.10000000E+01  0.00000000E+00
  0.10000000E+01  0.00000000E+00  0.10000000E+01  0.00000000E+00
  0.10000000E+01  0.00000000E+00  0.10000000E+01  0.00000000E+00
  0.10000000E+01  0.00000000E+00  0.10000000E+01  0.00000000E+00
  0.10000000E+01  0.00000000E+00  0.10000000E+01  0.00000000E+00
  0.10000000E+01  0.00000000E+00  0.10000000E+01  0.00000000E+00
  0.10000000E+01  0.00000000E+00  0.10000000E+01  0.00000000E+00
  0.10000000E+01  0.00000000E+00  0.10000000E+01  0.00000000E+00
  0.10000000E+01  0.00000000E+00  0.10000000E+01  0.00000000E+00
  0.10000000E+01  0.00000000E+00  0.10000000E+01  0.00000000E+00
  0.10000000E+01  0.00000000E+00  0.10000000E+01  0.00000000E+00
  0.10000000E+01  0.00000000E+00  0.10000000E+01  0.00000000E+00
  0.10000000E+01  0.00000000E+00  0.10000000E+01  0.00000000E+00
  0.10000000E+01  0.00000000E+00  0.10000000E+01  0.00000000E+00
  0.10000000E+01  0.00000000E+00  0.10000000E+01  0.00000000E+00
  0.10000000E+01  0.00000000E+00  0.10000000E+01  0.00000000E+00
  0.10000000E+01  0.00000000E+00  0.10000000E+01  0.00000000E+00
  0.10000000E+01  0.00000000E+00  0.10000000E+01  0.00000000E+00
  0.10000000E+01  0.00000000E+00  0.10000000E+01  0.00000000E+00
  0.10000000E+01  0.00000000E+00  0.10000000E+01  0.00000000E+00
  0.10000000E+01  0.00000000E+00  0.10000000E+01  0.00000000E+00
