  0.50000000E+01  0.00000000E+00  0.50000000E+01 -0.64377513E+00
  0.50000000E+01  0.00000000E+00  0.50000000E+01 -0.64377513E+00
  0.50000000E+01  0.00000000E+00  0.50000000E+01 -0.64377513E+00
  0.50000000E+01  0.00000000E+00  0.50000000E+01 -0.64377513E+00
  0.50000000E+01  0.00000000E+00  0.50000000E+01 -0.64377513E+00
  0.50000000E+01  0.00000000E+00  0.50000000E+01 -0.64377513E+00
  0.50000000E+01  0.00000000E+00  0.50000000E+01 -0.64377513E+00
  0.50000000E+01  0.00000000E+00  0.50000000E+01 -0.64377513E+00
  0.50000000E+01  0.00000000E+00  0.50000000E+01 -0.64377513E+00
  0.50000000E+01  0.00000000E+00  0.50000000E+01 -0.64377513E+00
  0.50000000E+01  0.00000000E+00  0.50000000E+01 -0.64377513E+00
  0.50000000E+01  0.00000000E+00  0.50000000E+01 -0.64377513E+00
  0.50000000E+01  0.00000000E+00  0.50000000E+01 -0.64377513E+00
  0.50000000E+01  0.00000000E+00  0.50000000E+01 -0.64377513E+00
  0.50000000E+01  0.00000000E+00  0.50000000E+01 -0.64377513E+00
  0.50000000E+01  0.00000000E+00  0.50000000E+01 -0.64377513E+00
  0.50000000E+01  0.00000000E+00  0.50000000E+01 -0.64377513E+00
  0.50000000E+01  0.00000000E+00  0.50000000E+01 -0.64377513E+00
  0.50000000E+01  0.00000000E+00  0.50000000E+01 -0.64377513E+00
  0.50000000E+01  0.00000000E+00  0.50000000E+01 -0.64377513E+00
  0.50000000E+01  0.00000000E+00  0.50000000E+01 -0.64377513E+00
  0.50000000E+01  0.00000000E+00  0.50000000E+01 -0.64377513E+00
  0.50000000E+01  0.00000000E+00  0.50000000E+01 -0.64377513E+00
  0.50000000E+01  0.00000000E+00  0.50000000E+01 -0.64377513E+00
  0.50000000E+01  0.00000000E+00  0.50000000E+01 -0.64377513E+00
  0.50000000E+01  0.00000000E+00  0.50000000E+01 -0.64377513E+00
  0.50000000E+01  0.00000000E+00  0.50000000E+01 -0.64377513E+00
  0.50000000E+01  0.00000000E+00  0.50000000E+01 -0.64377513E+00
  0.50000000E+01  0.00000000E+00  0.50000000E+01 -0.64377513E+00
  0.50000000E+01  0.00000000E+00  0.50000000E+01 -0.64377513E+00
  0.50000000E+01  0.00000000E+00  0.50000000E+01 -0.64377513E+00
  0.50000000E+01  0.00000000E+00  0.50000000E+01 -0.64377513E+00
  0.50000000E+01  0.00000000E+00  0.50000000E+01 -0.64377513E+00
  0.50000000E+01  0.00000000E+00  0.50000000E+01 -0.64377513E+00
  0.50000000E+01  0.00000000E+00  0.50000000E+01 -0.64377513E+00
  0.50000000E+01  0.00000000E+00  0.50000000E+01 -0.64377513E+00
  0.50000000E+01  0.00000000E+00  0.50000000E+01 -0.64377513E+00
  0.50000000E+01  0.00000000E+00  0.50000000E+01 -0.64377513E+00
  0.50000000E+01  0.00000000E+00  0.50000000E+01 -0.64377513E+00
  0.50000000E+01  0.00000000E+00  0.50000000E+01 -0.64377513E+00
  0.50000000E+01  0.00000000E+00  0.50000000E+01 -0.64377513E+00
  0.50000000E+01  0.00000000E+00  0.50000000E+01 -0.64377513E+00
  0.50000000E+01  0.00000000E+00  0.50000000E+01 -0.64377513E+00
  0.50000000E+01  0.00000000E+00  0.50000000E+01 -0.64377513E+00
  0.50000000E+01  0.00000000E+00  0.50000000E+01 -0.64377513E+00
  0.50000000E+01  0.00000000E+00  0.50000000E+01 -0.64377513E+00
  0.50000000E+01  0.00000000E+00  0.50000000E+01 -0.64377513E+00
  0.50000000E+01  0.00000000E+00  0.50000000E+01 -0.64377513E+00
  0.50000000E+01  0.00000000E+00  0.50000000E+01 -0.64377513E+00
  0.50000000E+01  0.00000000E+00  0.50000000E+01 -0.64377513E+00
  0.50000000E+01  0.00000000E+00  0.50000000E+01 -0.64377513E+00
  0.50000000E+01  0.88556070E-16  0.50000000E+01 -0.64377513E+00
  0.50000000E+01  0.73501566E-15  0.50000000E+01 -0.64377513E+00
  0.50000000E+01  0.24087269E-14  0.50000000E+01 -0.64377513E+00
  0.50000000E+01  0.46314880E-14  0.50000000E+01 -0.64377513E+00
  0.50000000E+01  0.96172008E-14  0.50000000E+01 -0.64377513E+00
  0.50000000E+01  0.20615876E-13  0.50000000E+01 -0.64377513E+00
  0.50000000E+01  0.46164329E-13  0.50000000E+01 -0.64377513E+00
  0.50000000E+01  0.10553238E-12  0.50000000E+01 -0.64377513E+00
  0.50000000E+01  0.24091704E-12  0.50000000E+01 -0.64377513E+00
  0.50000000E+01  0.54832206E-12  0.50000000E+01 -0.64377513E+00
  0.50000000E+01  0.12374661E-11  0.50000000E+01 -0.64377513E+00
  0.50000000E+01  0.27696384E-11  0.50000000E+01 -0.64377513E+00
  0.50000000E+01  0.61425391E-11  0.50000000E+01 -0.64377513E+00
  0.50000000E+01  0.13496181E-10  0.50000000E+01 -0.64377513E+00
  0.50000000E+01  0.29379421E-10  0.50000000E+01 -0.64377513E+00
  0.50000000E+01  0.63351410E-10  0.50000000E+01 -0.64377513E+00
  0.50000000E+01  0.13529929E-09  0.50000000E+01 -0.64377513E+00
  0.50000000E+01  0.28615624E-09  0.50000000E+01 -0.64377513E+00
  0.50000000E+01  0.59924949E-09  0.50000000E+01 -0.64377513E+00
  0.50000000E+01  0.12423470E-08  0.50000000E+01 -0.64377513E+00
  0.50000000E+01  0.25493888E-08  0.50000000E+01 -0.64377513E+00
  0.50000000E+01  0.51773948E-08  0.50000000E+01 -0.64377513E+00
  0.50000000E+01  0.10403717E-07  0.49999999E+01 -0.64377513E+00
  0.49999999E+01  0.20681588E-07  0.49999999E+01 -0.64377513E+00
  0.49999998E+01  0.40663876E-07  0.49999998E+01 -0.64377513E+00
  0.49999997E+01  0.79062353E-07  0.49999995E+01 -0.64377513E+00
  0.49999994E+01  0.15197352E-06  0.49999991E+01 -0.64377513E+00
  0.49999988E+01  0.28873438E-06  0.49999983E+01 -0.64377513E+00
  0.49999977E+01  0.54206346E-06  0.49999968E+01 -0.64377513E+00
  0.49999958E+01  0.10053199E-05  0.49999941E+01 -0.64377513E+00
  0.49999922E+01  0.18413414E-05  0.49999891E+01 -0.64377513E+00
  0.49999859E+01  0.33296979E-05  0.49999803E+01 -0.64377513E+00
  0.49999749E+01  0.59425179E-05  0.49999648E+01 -0.64377513E+00
  0.49999558E+01  0.10463455E-04  0.49999381E+01 -0.64377513E+00
  0.49999232E+01  0.18169808E-04  0.49998925E+01 -0.64377513E+00
  0.49998686E+01  0.31103896E-04  0.49998160E+01 -0.64377513E+00
  0.49997783E+01  0.52465356E-04  0.49996896E+01 -0.64377513E+00
  0.49996317E+01  0.87159127E-04  0.49994844E+01 -0.64377513E+00
  0.49993977E+01  0.14253081E-03  0.49991568E+01 -0.64377513E+00
  0.49990311E+01  0.22930724E-03  0.49986436E+01 -0.64377513E+00
  0.49984674E+01  0.36272951E-03  0.49978545E+01 -0.64377512E+00
  0.49976179E+01  0.56381268E-03  0.49966654E+01 -0.64377512E+00
  0.49963644E+01  0.86059053E-03  0.49949110E+01 -0.64377512E+00
  0.49945549E+01  0.12891094E-02  0.49923786E+01 -0.64377511E+00
  0.49920022E+01  0.18938446E-02  0.49888069E+01 -0.64377509E+00
  0.49884864E+01  0.27271570E-02  0.49838887E+01 -0.64377507E+00
  0.49837631E+01  0.38474398E-02  0.49772836E+01 -0.64377502E+00
  0.49775778E+01  0.53157561E-02  0.49686379E+01 -0.64377496E+00
  0.49696872E+01  0.71910672E-02  0.49576148E+01 -0.64377488E+00
  0.49598830E+01  0.95245387E-02  0.49439282E+01 -0.64377478E+00
  0.49480168E+01  0.12353796E-01  0.49273773E+01 -0.64377468E+00
  0.49340195E+01  0.15698220E-01  0.49078744E+01 -0.64377459E+00
  0.49179121E+01  0.19556305E-01  0.48854585E+01 -0.64377453E+00
  0.48998043E+01  0.23905719E-01  0.48602933E+01 -0.64377454E+00
  0.48798812E+01  0.28706095E-01  0.48326480E+01 -0.64377464E+00
  0.48583818E+01  0.33903946E-01  0.48028654E+01 -0.64377484E+00
  0.48355724E+01  0.39438671E-01  0.47713254E+01 -0.64377516E+00
  0.48117215E+01  0.45248511E-01  0.47384082E+01 -0.64377560E+00
  0.47870784E+01  0.51275529E-01  0.47044658E+01 -0.64377614E+00
  0.47618594E+01  0.57469123E-01  0.46698021E+01 -0.64377677E+00
  0.47362396E+01  0.63788026E-01  0.46346624E+01 -0.64377747E+00
  0.47103503E+01  0.70201195E-01  0.45992301E+01 -0.64377823E+00
  0.46842772E+01  0.76688415E-01  0.45636247E+01 -0.64377902E+00
  0.46580946E+01  0.83230008E-01  0.45279486E+01 -0.64378004E+00
  0.46319288E+01  0.89794529E-01  0.44923743E+01 -0.64378132E+00
  0.46058247E+01  0.96376036E-01  0.44569657E+01 -0.64378220E+00
  0.45797913E+01  0.10297044E+00  0.44217328E+01 -0.64378310E+00
  0.45538314E+01  0.10957603E+00  0.43866793E+01 -0.64378399E+00
  0.45279497E+01  0.11619200E+00  0.43518107E+01 -0.64378488E+00
  0.45021495E+01  0.12281726E+00  0.43171313E+01 -0.64378577E+00
  0.44764350E+01  0.12945075E+00  0.42826461E+01 -0.64378665E+00
  0.44508109E+01  0.13609128E+00  0.42483610E+01 -0.64378754E+00
  0.44252822E+01  0.14273754E+00  0.42142819E+01 -0.64378842E+00
  0.43998540E+01  0.14938814E+00  0.41804153E+01 -0.64378929E+00
  0.43745317E+01  0.15604170E+00  0.41467672E+01 -0.64379017E+00
  0.43493200E+01  0.16269687E+00  0.41133436E+01 -0.64379104E+00
  0.43242234E+01  0.16935246E+00  0.40801496E+01 -0.64379190E+00
  0.42992444E+01  0.17600775E+00  0.40471875E+01 -0.64379276E+00
  0.42743837E+01  0.18266265E+00  0.40144576E+01 -0.64379362E+00
  0.42496405E+01  0.18931678E+00  0.39819579E+01 -0.64379447E+00
  0.42250134E+01  0.19596963E+00  0.39496859E+01 -0.64379532E+00
  0.42005076E+01  0.20262250E+00  0.39176475E+01 -0.64379616E+00
  0.41761165E+01  0.20927354E+00  0.38858332E+01 -0.64379700E+00
  0.41518421E+01  0.21592327E+00  0.38542449E+01 -0.64379783E+00
  0.41276893E+01  0.22257302E+00  0.38228881E+01 -0.64379866E+00
  0.41036492E+01  0.22922039E+00  0.37917505E+01 -0.64379948E+00
  0.40797258E+01  0.23586650E+00  0.37608363E+01 -0.64380030E+00
  0.40559231E+01  0.24251252E+00  0.37301501E+01 -0.64380112E+00
  0.40322317E+01  0.24915598E+00  0.36996790E+01 -0.64380193E+00
  0.40086557E+01  0.25579800E+00  0.36694271E+01 -0.64380273E+00
  0.39851997E+01  0.26244008E+00  0.36394000E+01 -0.64380353E+00
  0.39618548E+01  0.26907977E+00  0.36095852E+01 -0.64380433E+00
  0.39386217E+01  0.27571734E+00  0.35799829E+01 -0.64380512E+00
  0.39155075E+01  0.28235508E+00  0.35506014E+01 -0.64380591E+00
  0.38925067E+01  0.28899139E+00  0.35214328E+01 -0.64380669E+00
  0.38696132E+01  0.29562476E+00  0.34924688E+01 -0.64380747E+00
  0.38468349E+01  0.30225756E+00  0.34637185E+01 -0.64380825E+00
  0.38241731E+01  0.30889033E+00  0.34351828E+01 -0.64380902E+00
  0.38016178E+01  0.31552028E+00  0.34068482E+01 -0.64380978E+00
  0.37791717E+01  0.32214828E+00  0.33787176E+01 -0.64381055E+00
  0.37568417E+01  0.32877668E+00  0.33507988E+01 -0.64381130E+00
  0.37346209E+01  0.33540339E+00  0.33230823E+01 -0.64381206E+00
  0.37125050E+01  0.34202732E+00  0.32955622E+01 -0.64381280E+00
  0.36905021E+01  0.34865108E+00  0.32682476E+01 -0.64381355E+00
  0.36686106E+01  0.35527423E+00  0.32411360E+01 -0.64381429E+00
  0.36468223E+01  0.36189448E+00  0.32142164E+01 -0.64381503E+00
  0.36251421E+01  0.36851340E+00  0.31874942E+01 -0.64381576E+00
  0.36035747E+01  0.37513257E+00  0.31609744E+01 -0.64381649E+00
  0.35821128E+01  0.38174978E+00  0.31346473E+01 -0.64381722E+00
  0.35607529E+01  0.38836409E+00  0.31085079E+01 -0.64381793E+00
  0.35395020E+01  0.39497780E+00  0.30825642E+01 -0.64381865E+00
  0.35183625E+01  0.40159162E+00  0.30568182E+01 -0.64381936E+00
  0.34973254E+01  0.40820284E+00  0.30312582E+01 -0.64382007E+00
  0.34763891E+01  0.41481098E+00  0.30058818E+01 -0.64382077E+00
  0.34555613E+01  0.42141859E+00  0.29806976E+01 -0.64382148E+00
  0.34348446E+01  0.42802637E+00  0.29557079E+01 -0.64382217E+00
  0.34142289E+01  0.43463109E+00  0.29308997E+01 -0.64382287E+00
  0.33937120E+01  0.44123204E+00  0.29062699E+01 -0.64382355E+00
  0.33733035E+01  0.44783230E+00  0.28818294E+01 -0.64382424E+00
  0.33530074E+01  0.45443294E+00  0.28575819E+01 -0.64382492E+00
  0.33328094E+01  0.46102932E+00  0.28335100E+01 -0.64382560E+00
  0.33127101E+01  0.46762125E+00  0.28096136E+01 -0.64382627E+00
  0.32927230E+01  0.47421330E+00  0.27859080E+01 -0.64382694E+00
  0.32728452E+01  0.48080397E+00  0.27623892E+01 -0.64382759E+00
  0.32530617E+01  0.48738804E+00  0.27390384E+01 -0.64382832E+00
  0.32333846E+01  0.49396939E+00  0.27158702E+01 -0.64382877E+00
  0.32138249E+01  0.50055044E+00  0.26928942E+01 -0.64382995E+00
  0.31943641E+01  0.50712632E+00  0.26700945E+01 -0.64382938E+00
  0.31750077E+01  0.51369382E+00  0.26474620E+01 -0.64383262E+00
  0.31557482E+01  0.52025830E+00  0.26250177E+01 -0.64382819E+00
  0.31366449E+01  0.52682229E+00  0.26027729E+01 -0.64383785E+00
  0.31175941E+01  0.53337770E+00  0.25807040E+01 -0.64382400E+00
  0.30987124E+01  0.53991800E+00  0.25587942E+01 -0.64384521E+00
  0.30798564E+01  0.54645394E+00  0.25370841E+01 -0.64382068E+00
  0.30612562E+01  0.55298984E+00  0.25155960E+01 -0.64384571E+00
  0.30426628E+01  0.55950719E+00  0.24942759E+01 -0.64382777E+00
  0.30242423E+01  0.56600624E+00  0.24731351E+01 -0.64383816E+00
  0.30059510E+01  0.57249523E+00  0.24522118E+01 -0.64384120E+00
  0.29877584E+01  0.57896542E+00  0.24314915E+01 -0.64382791E+00
  0.29697943E+01  0.58542075E+00  0.24110059E+01 -0.64384569E+00
  0.29519510E+01  0.59186032E+00  0.23907754E+01 -0.64383505E+00
  0.29342232E+01  0.59824218E+00  0.23706956E+01 -0.64383640E+00
  0.29166659E+01  0.60457230E+00  0.23508443E+01 -0.64384303E+00
  0.28994813E+01  0.61092695E+00  0.23314856E+01 -0.64383891E+00
  0.28824887E+01  0.61719986E+00  0.23123789E+01 -0.64383883E+00
  0.28655450E+01  0.62329635E+00  0.22933698E+01 -0.64383970E+00
  0.28492852E+01  0.62942265E+00  0.22751716E+01 -0.64383991E+00
  0.28334103E+01  0.63539407E+00  0.22574380E+01 -0.64384289E+00
  0.28176250E+01  0.64102167E+00  0.22398587E+01 -0.64383922E+00
  0.28031566E+01  0.64668127E+00  0.22237710E+01 -0.64384015E+00
  0.27894528E+01  0.65204871E+00  0.22085538E+01 -0.64384571E+00
  0.27757077E+01  0.65669408E+00  0.21933463E+01 -0.64383965E+00
  0.27640662E+01  0.66131318E+00  0.21804799E+01 -0.64383900E+00
  0.27541444E+01  0.66562168E+00  0.21695210E+01 -0.64384312E+00
  0.27440554E+01  0.66880696E+00  0.21584035E+01 -0.64384282E+00
  0.27362279E+01  0.67173502E+00  0.21497920E+01 -0.64384132E+00
  0.27309259E+01  0.67449066E+00  0.21439612E+01 -0.64384184E+00
  0.27256881E+01  0.67619047E+00  0.21382038E+01 -0.64384311E+00
  0.27214523E+01  0.67729575E+00  0.21335526E+01 -0.64384341E+00
  0.27194506E+01  0.67844033E+00  0.21313577E+01 -0.64384264E+00
  0.27183151E+01  0.67925984E+00  0.21301130E+01 -0.64384211E+00
  0.27170072E+01  0.67953823E+00  0.21286759E+01 -0.64384323E+00
  0.27160229E+01  0.67960115E+00  0.21275924E+01 -0.64384508E+00
  0.27156945E+01  0.67974104E+00  0.21272315E+01 -0.64384544E+00
  0.27158312E+01  0.67992107E+00  0.21273818E+01 -0.64384522E+00
  0.27158910E+01  0.67999479E+00  0.21274482E+01 -0.64384486E+00
  0.27158600E+01  0.67996439E+00  0.21274139E+01 -0.64384498E+00
  0.27157743E+01  0.67988241E+00  0.21273185E+01 -0.64384565E+00
  0.27157684E+01  0.67982219E+00  0.21273107E+01 -0.64384626E+00
  0.27158770E+01  0.67980362E+00  0.21274281E+01 -0.64384708E+00
  0.27160411E+01  0.67981843E+00  0.21276072E+01 -0.64384752E+00
  0.27161509E+01  0.67981943E+00  0.21277272E+01 -0.64384771E+00
  0.27161710E+01  0.67979126E+00  0.21277488E+01 -0.64384792E+00
  0.27161366E+01  0.67975106E+00  0.21277102E+01 -0.64384827E+00
  0.27161363E+01  0.67972794E+00  0.21277093E+01 -0.64384859E+00
  0.27161831E+01  0.67972619E+00  0.21277596E+01 -0.64384905E+00
  0.27162476E+01  0.67973597E+00  0.21278295E+01 -0.64384946E+00
  0.27162816E+01  0.67973561E+00  0.21278659E+01 -0.64384983E+00
  0.27162825E+01  0.67972443E+00  0.21278662E+01 -0.64385015E+00
  0.27162669E+01  0.67970943E+00  0.21278481E+01 -0.64385065E+00
  0.27162693E+01  0.67970241E+00  0.21278498E+01 -0.64385105E+00
  0.27162877E+01  0.67970335E+00  0.21278689E+01 -0.64385160E+00
  0.27163103E+01  0.67970803E+00  0.21278928E+01 -0.64385202E+00
  0.27163171E+01  0.67970793E+00  0.21278996E+01 -0.64385233E+00
  0.27163123E+01  0.67970532E+00  0.21278937E+01 -0.64385264E+00
  0.27163036E+01  0.67970222E+00  0.21278831E+01 -0.64385312E+00
  0.27163009E+01  0.67970250E+00  0.21278791E+01 -0.64385361E+00
  0.27163020E+01  0.67970478E+00  0.21278793E+01 -0.64385406E+00
  0.27163056E+01  0.67970777E+00  0.21278821E+01 -0.64385461E+00
  0.27163053E+01  0.67970929E+00  0.21278810E+01 -0.64385503E+00
  0.27163021E+01  0.67970913E+00  0.21278763E+01 -0.64385553E+00
  0.27162980E+01  0.67970841E+00  0.21278711E+01 -0.64385586E+00
  0.27162967E+01  0.67970868E+00  0.21278690E+01 -0.64385618E+00
  0.27162973E+01  0.67970981E+00  0.21278688E+01 -0.64385656E+00
  0.27162976E+01  0.67971133E+00  0.21278685E+01 -0.64385690E+00
  0.27162965E+01  0.67971286E+00  0.21278664E+01 -0.64385733E+00
  0.27162935E+01  0.67971380E+00  0.21278622E+01 -0.64385777E+00
  0.27162898E+01  0.67971400E+00  0.21278572E+01 -0.64385818E+00
  0.27162879E+01  0.67971444E+00  0.21278542E+01 -0.64385861E+00
  0.27162886E+01  0.67971537E+00  0.21278544E+01 -0.64385888E+00
  0.27162904E+01  0.67971597E+00  0.21278553E+01 -0.64385936E+00
  0.27162918E+01  0.67971581E+00  0.21278559E+01 -0.64385983E+00
  0.27162934E+01  0.67971509E+00  0.21278569E+01 -0.64386016E+00
  0.27162960E+01  0.67971376E+00  0.21278591E+01 -0.64386050E+00
  0.27162987E+01  0.67971260E+00  0.21278611E+01 -0.64386093E+00
  0.27163019E+01  0.67971236E+00  0.21278638E+01 -0.64386130E+00
  0.27163041E+01  0.67971233E+00  0.21278654E+01 -0.64386170E+00
  0.27163045E+01  0.67971220E+00  0.21278653E+01 -0.64386198E+00
  0.27163047E+01  0.67971222E+00  0.21278645E+01 -0.64386243E+00
  0.27163039E+01  0.67971248E+00  0.21278630E+01 -0.64386275E+00
  0.27163036E+01  0.67971286E+00  0.21278619E+01 -0.64386304E+00
  0.27163041E+01  0.67971324E+00  0.21278620E+01 -0.64386327E+00
  0.27163048E+01  0.67971326E+00  0.21278621E+01 -0.64386360E+00
  0.27163056E+01  0.67971301E+00  0.21278626E+01 -0.64386380E+00
  0.27163078E+01  0.67971221E+00  0.21278646E+01 -0.64386398E+00
  0.27163118E+01  0.67971070E+00  0.21278685E+01 -0.64386422E+00
  0.27163157E+01  0.67970954E+00  0.21278722E+01 -0.64386448E+00
  0.27163183E+01  0.67970889E+00  0.21278745E+01 -0.64386472E+00
  0.27163193E+01  0.67970851E+00  0.21278752E+01 -0.64386493E+00
  0.27163200E+01  0.67970847E+00  0.21278754E+01 -0.64386516E+00
  0.27163198E+01  0.67970865E+00  0.21278750E+01 -0.64386528E+00
  0.27163183E+01  0.67970936E+00  0.21278731E+01 -0.64386541E+00
  0.27163165E+01  0.67971022E+00  0.21278709E+01 -0.64386550E+00
  0.27163153E+01  0.67971067E+00  0.21278695E+01 -0.64386552E+00
  0.27163148E+01  0.67971082E+00  0.21278691E+01 -0.64386546E+00
  0.27163144E+01  0.67971082E+00  0.21278692E+01 -0.64386522E+00
  0.27163150E+01  0.67971047E+00  0.21278702E+01 -0.64386501E+00
  0.27163170E+01  0.67970947E+00  0.21278732E+01 -0.64386468E+00
  0.27163192E+01  0.67970833E+00  0.21278765E+01 -0.64386431E+00
  0.27163202E+01  0.67970763E+00  0.21278783E+01 -0.64386389E+00
  0.27163196E+01  0.67970735E+00  0.21278791E+01 -0.64386322E+00
  0.27163184E+01  0.67970734E+00  0.21278793E+01 -0.64386255E+00
  0.27163163E+01  0.67970760E+00  0.21278786E+01 -0.64386180E+00
  0.27163123E+01  0.67970851E+00  0.21278761E+01 -0.64386092E+00
  0.27163075E+01  0.67970965E+00  0.21278728E+01 -0.64385996E+00
  0.27163034E+01  0.67971034E+00  0.21278709E+01 -0.64385876E+00
  0.27163002E+01  0.67971062E+00  0.21278701E+01 -0.64385747E+00
  0.27162973E+01  0.67971069E+00  0.21278701E+01 -0.64385598E+00
  0.27162944E+01  0.67971048E+00  0.21278707E+01 -0.64385420E+00
  0.27162926E+01  0.67970965E+00  0.21278732E+01 -0.64385213E+00
  0.27162923E+01  0.67970836E+00  0.21278768E+01 -0.64385022E+00
  0.27162901E+01  0.67970753E+00  0.21278794E+01 -0.64384792E+00
  0.27162860E+01  0.67970717E+00  0.21278805E+01 -0.64384525E+00
  0.27162804E+01  0.67970713E+00  0.21278809E+01 -0.64384224E+00
  0.27162734E+01  0.67970734E+00  0.21278803E+01 -0.64383886E+00
  0.27162635E+01  0.67970822E+00  0.21278780E+01 -0.64383486E+00
  0.27162511E+01  0.67970956E+00  0.21278742E+01 -0.64383026E+00
  0.27162383E+01  0.67971048E+00  0.21278718E+01 -0.64382480E+00
  0.27162250E+01  0.67971091E+00  0.21278707E+01 -0.64381843E+00
  0.27162104E+01  0.67971103E+00  0.21278704E+01 -0.64381103E+00
  0.27161943E+01  0.67971091E+00  0.21278708E+01 -0.64380255E+00
  0.27161774E+01  0.67971024E+00  0.21278728E+01 -0.64379292E+00
  0.27161598E+01  0.67970884E+00  0.21278768E+01 -0.64378198E+00
  0.27161383E+01  0.67970775E+00  0.21278800E+01 -0.64376937E+00
  0.27161121E+01  0.67970720E+00  0.21278817E+01 -0.64375507E+00
  0.27160806E+01  0.67970704E+00  0.21278822E+01 -0.64373862E+00
  0.27160431E+01  0.67970715E+00  0.21278819E+01 -0.64371942E+00
  0.27159975E+01  0.67970789E+00  0.21278799E+01 -0.64369684E+00
  0.27159424E+01  0.67970941E+00  0.21278757E+01 -0.64367041E+00
  0.27158796E+01  0.67971058E+00  0.21278725E+01 -0.64363955E+00
  0.27158078E+01  0.67971120E+00  0.21278709E+01 -0.64360330E+00
  0.27157252E+01  0.67971139E+00  0.21278703E+01 -0.64356096E+00
  0.27156294E+01  0.67971136E+00  0.21278705E+01 -0.64351152E+00
  0.27155183E+01  0.67971090E+00  0.21278719E+01 -0.64345360E+00
  0.27153881E+01  0.67970960E+00  0.21278757E+01 -0.64338465E+00
  0.27152281E+01  0.67970814E+00  0.21278799E+01 -0.64330018E+00
  0.27150226E+01  0.67970730E+00  0.21278824E+01 -0.64319306E+00
  0.27147459E+01  0.67970698E+00  0.21278833E+01 -0.64304994E+00
  0.27143537E+01  0.67970701E+00  0.21278834E+01 -0.64284760E+00
  0.27137688E+01  0.67970754E+00  0.21278821E+01 -0.64254657E+00
  0.27128638E+01  0.67970903E+00  0.21278779E+01 -0.64208154E+00
  0.27114381E+01  0.67971053E+00  0.21278737E+01 -0.64134756E+00
  0.27091752E+01  0.67971139E+00  0.21278714E+01 -0.64017980E+00
  0.27055957E+01  0.67971177E+00  0.21278705E+01 -0.63832923E+00
  0.26999970E+01  0.67971187E+00  0.21278704E+01 -0.63542923E+00
  0.26913850E+01  0.67971162E+00  0.21278712E+01 -0.63095623E+00
  0.26784016E+01  0.67971065E+00  0.21278740E+01 -0.62418491E+00
  0.26592598E+01  0.67970889E+00  0.21278789E+01 -0.61414122E+00
  0.26317050E+01  0.67970760E+00  0.21278827E+01 -0.59955723E+00
  0.25930378E+01  0.67970701E+00  0.21278846E+01 -0.57883375E+00
  0.25402090E+01  0.67970686E+00  0.21278850E+01 -0.55001635E+00
  0.24700273E+01  0.67970706E+00  0.21278845E+01 -0.51079254E+00
  0.23794960E+01  0.67970812E+00  0.21278817E+01 -0.45851717E+00
  0.22662862E+01  0.67971000E+00  0.21278769E+01 -0.39027473E+00
  0.21293054E+01  0.67971137E+00  0.21278736E+01 -0.30299100E+00
  0.19896437E+01  0.67971216E+00  0.21278720E+01 -0.20801541E+00
  0.18876511E+01  0.67971250E+00  0.21278714E+01 -0.13434441E+00
  0.18171711E+01  0.67971263E+00  0.21278714E+01 -0.81071176E-01
  0.17701343E+01  0.67971254E+00  0.21278717E+01 -0.44355337E-01
  0.17397309E+01  0.67971207E+00  0.21278729E+01 -0.20099735E-01
  0.17206767E+01  0.67971087E+00  0.21278758E+01 -0.46804519E-02
  0.17090903E+01  0.67970908E+00  0.21278801E+01  0.47804569E-02
  0.17022506E+01  0.67970768E+00  0.21278832E+01  0.10395975E-01
  0.16983318E+01  0.67970692E+00  0.21278851E+01  0.13623583E-01
  0.16961564E+01  0.67970655E+00  0.21278858E+01  0.15418293E-01
  0.16949886E+01  0.67970651E+00  0.21278859E+01  0.16382532E-01
  0.16943830E+01  0.67970683E+00  0.21278852E+01  0.16882532E-01
  0.16940802E+01  0.67970797E+00  0.21278827E+01  0.17131582E-01
  0.16939343E+01  0.67970995E+00  0.21278784E+01  0.17250124E-01
  0.16938691E+01  0.67971155E+00  0.21278752E+01  0.17302472E-01
  0.16938411E+01  0.67971251E+00  0.21278733E+01  0.17324742E-01
  0.16938293E+01  0.67971297E+00  0.21278722E+01  0.17333978E-01
  0.16938248E+01  0.67971319E+00  0.21278720E+01  0.17337610E-01
  0.16938224E+01  0.67971326E+00  0.21278721E+01  0.17339638E-01
  0.16938204E+01  0.67971310E+00  0.21278727E+01  0.17341600E-01
  0.16938184E+01  0.67971244E+00  0.21278744E+01  0.17343987E-01
  0.16938163E+01  0.67971097E+00  0.21278779E+01  0.17347385E-01
  0.16938126E+01  0.67970900E+00  0.21278824E+01  0.17352583E-01
  0.16938086E+01  0.67970753E+00  0.21278856E+01  0.17357391E-01
  0.16938060E+01  0.67970675E+00  0.21278874E+01  0.17360411E-01
  0.16938044E+01  0.67970652E+00  0.21278881E+01  0.17362074E-01
  0.16938039E+01  0.67970657E+00  0.21278881E+01  0.17362445E-01
  0.16938036E+01  0.67970720E+00  0.21278868E+01  0.17362111E-01
  0.16938028E+01  0.67970894E+00  0.21278829E+01  0.17360867E-01
  0.16938033E+01  0.67971103E+00  0.21278782E+01  0.17358296E-01
  0.16938057E+01  0.67971245E+00  0.21278752E+01  0.17354931E-01
  0.16938097E+01  0.67971329E+00  0.21278737E+01  0.17350885E-01
  0.16938145E+01  0.67971371E+00  0.21278731E+01  0.17346640E-01
  0.16938185E+01  0.67971381E+00  0.21278730E+01  0.17343271E-01
  0.16938219E+01  0.67971376E+00  0.21278731E+01  0.17340534E-01
  0.16938249E+01  0.67971343E+00  0.21278740E+01  0.17338445E-01
  0.16938281E+01  0.67971258E+00  0.21278760E+01  0.17336793E-01
  0.16938316E+01  0.67971100E+00  0.21278797E+01  0.17335586E-01
  0.16938354E+01  0.67970890E+00  0.21278845E+01  0.17334714E-01
  0.16938380E+01  0.67970743E+00  0.21278881E+01  0.17334238E-01
  0.16938393E+01  0.67970662E+00  0.21278899E+01  0.17334009E-01
  0.16938397E+01  0.67970634E+00  0.21278903E+01  0.17333920E-01
  0.16938395E+01  0.67970649E+00  0.21278900E+01  0.17333943E-01
  0.16938382E+01  0.67970756E+00  0.21278878E+01  0.17333984E-01
  0.16938352E+01  0.67970997E+00  0.21278827E+01  0.17334050E-01
  0.16938325E+01  0.67971202E+00  0.21278782E+01  0.17334142E-01
  0.16938309E+01  0.67971334E+00  0.21278757E+01  0.17334238E-01
  0.16938301E+01  0.67971401E+00  0.21278743E+01  0.17334323E-01
  0.16938298E+01  0.67971431E+00  0.21278738E+01  0.17334313E-01
  0.16938300E+01  0.67971444E+00  0.21278741E+01  0.17334311E-01
  0.16938303E+01  0.67971438E+00  0.21278747E+01  0.17334330E-01
  0.16938310E+01  0.67971400E+00  0.21278760E+01  0.17334383E-01
  0.16938323E+01  0.67971313E+00  0.21278785E+01  0.17334457E-01
  0.16938346E+01  0.67971144E+00  0.21278827E+01  0.17334526E-01
  0.16938377E+01  0.67970921E+00  0.21278882E+01  0.17334579E-01
  0.16938398E+01  0.67970760E+00  0.21278920E+01  0.17334619E-01
  0.16938409E+01  0.67970688E+00  0.21278939E+01  0.17334618E-01
  0.16938413E+01  0.67970692E+00  0.21278947E+01  0.17334669E-01
  0.16938407E+01  0.67970742E+00  0.21278939E+01  0.17334768E-01
  0.16938383E+01  0.67970935E+00  0.21278899E+01  0.17334907E-01
  0.16938347E+01  0.67971221E+00  0.21278840E+01  0.17335002E-01
  0.16938326E+01  0.67971423E+00  0.21278802E+01  0.17335007E-01
  0.16938314E+01  0.67971526E+00  0.21278780E+01  0.17334976E-01
  0.16938311E+01  0.67971582E+00  0.21278772E+01  0.17334861E-01
  0.16938311E+01  0.67971616E+00  0.21278775E+01  0.17334992E-01
  0.16938313E+01  0.67971622E+00  0.21278781E+01  0.17335123E-01
  0.16938317E+01  0.67971608E+00  0.21278791E+01  0.17335246E-01
  0.16938324E+01  0.67971568E+00  0.21278806E+01  0.17335332E-01
  0.16938339E+01  0.67971483E+00  0.21278832E+01  0.17335332E-01
  0.16938367E+01  0.67971300E+00  0.21278880E+01  0.17335252E-01
  0.16938405E+01  0.67971049E+00  0.21278944E+01  0.17335145E-01
  0.16938431E+01  0.67970882E+00  0.21278988E+01  0.17335081E-01
  0.16938443E+01  0.67970827E+00  0.21279011E+01  0.17335153E-01
  0.16938446E+01  0.67970858E+00  0.21279019E+01  0.17335300E-01
  0.16938437E+01  0.67970974E+00  0.21279002E+01  0.17335249E-01
  0.16938403E+01  0.67971291E+00  0.21278939E+01  0.17335099E-01
  0.16938370E+01  0.67971608E+00  0.21278877E+01  0.17334910E-01
  0.16938354E+01  0.67971780E+00  0.21278842E+01  0.17334533E-01
  0.16938347E+01  0.67971870E+00  0.21278832E+01  0.17334637E-01
  0.16938349E+01  0.67971913E+00  0.21278836E+01  0.17334698E-01
  0.16938353E+01  0.67971918E+00  0.21278843E+01  0.17334703E-01
  0.16938360E+01  0.67971903E+00  0.21278853E+01  0.17334564E-01
  0.16938369E+01  0.67971889E+00  0.21278861E+01  0.17334223E-01
  0.16938380E+01  0.67971860E+00  0.21278873E+01  0.17333870E-01
  0.16938397E+01  0.67971777E+00  0.21278898E+01  0.17333675E-01
  0.16938425E+01  0.67971583E+00  0.21278949E+01  0.17333681E-01
  0.16938467E+01  0.67971280E+00  0.21279024E+01  0.17333806E-01
  0.16938495E+01  0.67971089E+00  0.21279079E+01  0.17334097E-01
  0.16938511E+01  0.67971030E+00  0.21279105E+01  0.17333986E-01
  0.16938520E+01  0.67971078E+00  0.21279107E+01  0.17333334E-01
  0.16938499E+01  0.67971320E+00  0.21279066E+01  0.17333166E-01
  0.16938451E+01  0.67971764E+00  0.21278979E+01  0.17333017E-01
  0.16938417E+01  0.67972058E+00  0.21278922E+01  0.17333152E-01
  0.16938398E+01  0.67972208E+00  0.21278900E+01  0.17333657E-01
  0.16938404E+01  0.67972288E+00  0.21278908E+01  0.17333537E-01
  0.16938416E+01  0.67972293E+00  0.21278921E+01  0.17333209E-01
  0.16938431E+01  0.67972304E+00  0.21278936E+01  0.17332662E-01
  0.16938439E+01  0.67972330E+00  0.21278943E+01  0.17332311E-01
  0.16938443E+01  0.67972353E+00  0.21278955E+01  0.17332538E-01
  0.16938448E+01  0.67972341E+00  0.21278972E+01  0.17332933E-01
  0.16938460E+01  0.67972277E+00  0.21279001E+01  0.17333290E-01
  0.16938489E+01  0.67972105E+00  0.21279055E+01  0.17333361E-01
  0.16938554E+01  0.67971707E+00  0.21279160E+01  0.17333010E-01
  0.16938612E+01  0.67971422E+00  0.21279249E+01  0.17332368E-01
  0.16938644E+01  0.67971410E+00  0.21279287E+01  0.17331516E-01
  0.16938618E+01  0.67971612E+00  0.21279252E+01  0.17332020E-01
  0.16938545E+01  0.67972128E+00  0.21279145E+01  0.17333032E-01
  0.16938501E+01  0.67972527E+00  0.21279091E+01  0.17334092E-01
  0.16938482E+01  0.67972834E+00  0.21279055E+01  0.17334051E-01
  0.16938474E+01  0.67973131E+00  0.21279028E+01  0.17333393E-01
  0.16938482E+01  0.67972961E+00  0.21279006E+01  0.17331738E-01
  0.16938519E+01  0.67972252E+00  0.21279062E+01  0.17331284E-01
  0.16938390E+01  0.67972323E+00  0.21278848E+01  0.17331902E-01
  0.16938187E+01  0.67970486E+00  0.21278534E+01  0.17333914E-01
  0.16937491E+01  0.67965196E+00  0.21277357E+01  0.17336160E-01
  0.16935292E+01  0.67948076E+00  0.21273492E+01  0.17336260E-01
  0.16928157E+01  0.67891695E+00  0.21260880E+01  0.17333129E-01
  0.16904687E+01  0.67706616E+00  0.21219529E+01  0.17328683E-01
  0.16827876E+01  0.67101536E+00  0.21084587E+01  0.17324844E-01
  0.16581298E+01  0.65148833E+00  0.20652745E+01  0.17296660E-01
  0.15833424E+01  0.59114389E+00  0.19354284E+01  0.16975448E-01
  0.13967095E+01  0.42361621E+00  0.16196439E+01  0.14439550E-01
  0.11311088E+01  0.15216273E+00  0.11937787E+01  0.46458680E-02
  0.10288906E+01  0.34116383E-01  0.10410143E+01  0.32194015E-03
  0.10058676E+01  0.69403678E-02  0.10082379E+01  0.13462481E-04
  0.10011640E+01  0.13771609E-02  0.10016305E+01  0.52808028E-06
  0.10002298E+01  0.27190141E-03  0.10003218E+01  0.20562220E-07
  0.10000453E+01  0.53634785E-04  0.10000635E+01  0.79992413E-09
  0.10000089E+01  0.10577918E-04  0.10000125E+01  0.31115999E-10
  0.10000018E+01  0.20860953E-05  0.10000025E+01  0.12085888E-11
  0.10000003E+01  0.41139989E-06  0.10000005E+01  0.47739590E-13
  0.10000001E+01  0.81132489E-07  0.10000001E+01  0.28865799E-14
  0.10000000E+01  0.16000269E-07  0.10000000E+01  0.15543122E-14
  0.10000000E+01  0.31554529E-08  0.10000000E+01  0.11102230E-14
  0.10000000E+01  0.62229627E-09  0.10000000E+01  0.11102230E-14
  0.10000000E+01  0.12272506E-09  0.10000000E+01  0.28865799E-14
  0.10000000E+01  0.24203402E-10  0.10000000E+01  0.88817842E-15
  0.10000000E+01  0.47734065E-11  0.10000000E+01  0.22204460E-15
  0.10000000E+01  0.94139566E-12  0.10000000E+01  0.00000000E+00
  0.10000000E+01  0.18548076E-12  0.10000000E+01  0.22204460E-15
  0.10000000E+01  0.36451906E-13  0.10000000E+01  0.88817842E-15
  0.10000000E+01  0.71509051E-14  0.10000000E+01  0.66613381E-15
  0.10000000E+01  0.13172718E-14  0.10000000E+01  0.66613381E-15
  0.10000000E+01  0.15497312E-15  0.10000000E+01  0.00000000E+00
  0.10000000E+01  0.00000000E+00  0.10000000E+01  0.00000000E+00
  0.10000000E+01  0.00000000E+00  0.10000000E+01  0.00000000E+00
  0.10000000E+01  0.00000000E+00  0.10000000E+01  0.00000000E+00
  0.10000000E+01  0.00000000E+00  0.10000000E+01  0.00000000E+00
  0.10000000E+01  0.00000000E+00  0.10000000E+01  0.00000000E+00
  0.10000000E+01  0.00000000E+00  0.10000000E+01  0.00000000E+00
  0.10000000E+01  0.00000000E+00  0.10000000E+01  0.00000000E+00
  0.10000000E+01  0.00000000E+00  0.10000000E+01  0.00000000E+00
  0.10000000E+01  0.00000000E+00  0.10000000E+01  0.00000000E+00
  0.10000000E+01  0.00000000E+00  0.10000000E+01  0.00000000E+00
  0.10000000E+01  0.00000000E+00  0.10000000E+01  0.00000000E+00
  0.10000000E+01  0.00000000E+00  0.10000000E+01  0.00000000E+00
  0.10000000E+01  0.00000000E+00  0.10000000E+01  0.00000000E+00
  0.10000000E+01  0.00000000E+00  0.10000000E+01  0.00000000E+00
  0.10000000E+01  0.00000000E+00  0.10000000E+01  0.00000000E+00
  0.10000000E+01  0.00000000E+00  0.10000000E+01  0.00000000E+00
  0.10000000E+01  0.00000000E+00  0.10000000E+01  0.00000000E+00
  0.10000000E+01  0.00000000E+00  0.10000000E+01  0.00000000E+00
  0.10000000E+01  0.00000000E+00  0.10000000E+01  0.00000000E+00
  0.10000000E+01  0.00000000E+00  0.10000000E+01  0.00000000E+00
