  0.50000000E+01  0.00000000E+00  0.50000000E+01 -0.64377513E+00
  0.50000000E+01  0.00000000E+00  0.50000000E+01 -0.64377513E+00
  0.50000000E+01  0.00000000E+00  0.50000000E+01 -0.64377513E+00
  0.50000000E+01  0.00000000E+00  0.50000000E+01 -0.64377513E+00
  0.50000000E+01  0.00000000E+00  0.50000000E+01 -0.64377513E+00
  0.50000000E+01  0.00000000E+00  0.50000000E+01 -0.64377513E+00
  0.50000000E+01  0.00000000E+00  0.50000000E+01 -0.64377513E+00
  0.50000000E+01  0.00000000E+00  0.50000000E+01 -0.64377513E+00
  0.50000000E+01  0.00000000E+00  0.50000000E+01 -0.64377513E+00
  0.50000000E+01  0.00000000E+00  0.50000000E+01 -0.64377513E+00
  0.50000000E+01  0.00000000E+00  0.50000000E+01 -0.64377513E+00
  0.50000000E+01  0.00000000E+00  0.50000000E+01 -0.64377513E+00
  0.50000000E+01  0.00000000E+00  0.50000000E+01 -0.64377513E+00
  0.50000000E+01  0.00000000E+00  0.50000000E+01 -0.64377513E+00
  0.50000000E+01  0.00000000E+00  0.50000000E+01 -0.64377513E+00
  0.50000000E+01  0.00000000E+00  0.50000000E+01 -0.64377513E+00
  0.50000000E+01  0.00000000E+00  0.50000000E+01 -0.64377513E+00
  0.50000000E+01  0.00000000E+00  0.50000000E+01 -0.64377513E+00
  0.50000000E+01  0.00000000E+00  0.50000000E+01 -0.64377513E+00
  0.50000000E+01  0.00000000E+00  0.50000000E+01 -0.64377513E+00
  0.50000000E+01  0.00000000E+00  0.50000000E+01 -0.64377513E+00
  0.50000000E+01  0.00000000E+00  0.50000000E+01 -0.64377513E+00
  0.50000000E+01  0.00000000E+00  0.50000000E+01 -0.64377513E+00
  0.50000000E+01  0.00000000E+00  0.50000000E+01 -0.64377513E+00
  0.50000000E+01  0.00000000E+00  0.50000000E+01 -0.64377513E+00
  0.50000000E+01  0.00000000E+00  0.50000000E+01 -0.64377513E+00
  0.50000000E+01  0.00000000E+00  0.50000000E+01 -0.64377513E+00
  0.50000000E+01  0.00000000E+00  0.50000000E+01 -0.64377513E+00
  0.50000000E+01  0.00000000E+00  0.50000000E+01 -0.64377513E+00
  0.50000000E+01  0.00000000E+00  0.50000000E+01 -0.64377513E+00
  0.50000000E+01  0.00000000E+00  0.50000000E+01 -0.64377513E+00
  0.50000000E+01  0.00000000E+00  0.50000000E+01 -0.64377513E+00
  0.50000000E+01  0.00000000E+00  0.50000000E+01 -0.64377513E+00
  0.50000000E+01  0.00000000E+00  0.50000000E+01 -0.64377513E+00
  0.50000000E+01  0.00000000E+00  0.50000000E+01 -0.64377513E+00
  0.50000000E+01  0.00000000E+00  0.50000000E+01 -0.64377513E+00
  0.50000000E+01  0.00000000E+00  0.50000000E+01 -0.64377513E+00
  0.50000000E+01  0.00000000E+00  0.50000000E+01 -0.64377513E+00
  0.50000000E+01  0.00000000E+00  0.50000000E+01 -0.64377513E+00
  0.50000000E+01  0.00000000E+00  0.50000000E+01 -0.64377513E+00
  0.50000000E+01  0.00000000E+00  0.50000000E+01 -0.64377513E+00
  0.50000000E+01  0.00000000E+00  0.50000000E+01 -0.64377513E+00
  0.50000000E+01  0.00000000E+00  0.50000000E+01 -0.64377513E+00
  0.50000000E+01  0.00000000E+00  0.50000000E+01 -0.64377513E+00
  0.50000000E+01  0.00000000E+00  0.50000000E+01 -0.64377513E+00
  0.50000000E+01  0.00000000E+00  0.50000000E+01 -0.64377513E+00
  0.50000000E+01  0.00000000E+00  0.50000000E+01 -0.64377513E+00
  0.50000000E+01  0.00000000E+00  0.50000000E+01 -0.64377513E+00
  0.50000000E+01  0.00000000E+00  0.50000000E+01 -0.64377513E+00
  0.50000000E+01  0.00000000E+00  0.50000000E+01 -0.64377513E+00
  0.50000000E+01  0.00000000E+00  0.50000000E+01 -0.64377513E+00
  0.50000000E+01  0.00000000E+00  0.50000000E+01 -0.64377513E+00
  0.50000000E+01  0.00000000E+00  0.50000000E+01 -0.64377513E+00
  0.50000000E+01  0.00000000E+00  0.50000000E+01 -0.64377513E+00
  0.50000000E+01  0.00000000E+00  0.50000000E+01 -0.64377513E+00
  0.50000000E+01  0.00000000E+00  0.50000000E+01 -0.64377513E+00
  0.50000000E+01  0.00000000E+00  0.50000000E+01 -0.64377513E+00
  0.50000000E+01  0.00000000E+00  0.50000000E+01 -0.64377513E+00
  0.50000000E+01  0.00000000E+00  0.50000000E+01 -0.64377513E+00
  0.50000000E+01  0.00000000E+00  0.50000000E+01 -0.64377513E+00
  0.50000000E+01  0.00000000E+00  0.50000000E+01 -0.64377513E+00
  0.50000000E+01  0.00000000E+00  0.50000000E+01 -0.64377513E+00
  0.50000000E+01  0.00000000E+00  0.50000000E+01 -0.64377513E+00
  0.50000000E+01  0.00000000E+00  0.50000000E+01 -0.64377513E+00
  0.50000000E+01  0.00000000E+00  0.50000000E+01 -0.64377513E+00
  0.50000000E+01  0.00000000E+00  0.50000000E+01 -0.64377513E+00
  0.50000000E+01  0.00000000E+00  0.50000000E+01 -0.64377513E+00
  0.50000000E+01  0.00000000E+00  0.50000000E+01 -0.64377513E+00
  0.50000000E+01  0.00000000E+00  0.50000000E+01 -0.64377513E+00
  0.50000000E+01  0.00000000E+00  0.50000000E+01 -0.64377513E+00
  0.50000000E+01  0.00000000E+00  0.50000000E+01 -0.64377513E+00
  0.50000000E+01  0.00000000E+00  0.50000000E+01 -0.64377513E+00
  0.50000000E+01  0.00000000E+00  0.50000000E+01 -0.64377513E+00
  0.50000000E+01  0.00000000E+00  0.50000000E+01 -0.64377513E+00
  0.50000000E+01  0.00000000E+00  0.50000000E+01 -0.64377513E+00
  0.50000000E+01  0.00000000E+00  0.50000000E+01 -0.64377513E+00
  0.50000000E+01  0.00000000E+00  0.50000000E+01 -0.64377513E+00
  0.50000000E+01  0.00000000E+00  0.50000000E+01 -0.64377513E+00
  0.50000000E+01  0.00000000E+00  0.50000000E+01 -0.64377513E+00
  0.50000000E+01  0.00000000E+00  0.50000000E+01 -0.64377513E+00
  0.50000000E+01  0.00000000E+00  0.50000000E+01 -0.64377513E+00
  0.50000000E+01  0.00000000E+00  0.50000000E+01 -0.64377513E+00
  0.50000000E+01  0.00000000E+00  0.50000000E+01 -0.64377513E+00
  0.50000000E+01  0.00000000E+00  0.50000000E+01 -0.64377513E+00
  0.50000000E+01  0.88556049E-17  0.50000000E+01 -0.64377513E+00
  0.50000000E+01  0.37193546E-15  0.50000000E+01 -0.64377513E+00
  0.50000000E+01  0.18951001E-14  0.50000000E+01 -0.64377513E+00
  0.50000000E+01  0.50122751E-14  0.50000000E+01 -0.64377513E+00
  0.50000000E+01  0.12610389E-13  0.50000000E+01 -0.64377513E+00
  0.50000000E+01  0.31322293E-13  0.50000000E+01 -0.64377513E+00
  0.50000000E+01  0.77601710E-13  0.50000000E+01 -0.64377513E+00
  0.50000000E+01  0.19061700E-12  0.50000000E+01 -0.64377513E+00
  0.50000000E+01  0.46256393E-12  0.50000000E+01 -0.64377513E+00
  0.50000000E+01  0.11124417E-11  0.50000000E+01 -0.64377513E+00
  0.50000000E+01  0.26476414E-11  0.50000000E+01 -0.64377513E+00
  0.50000000E+01  0.62341901E-11  0.50000000E+01 -0.64377513E+00
  0.50000000E+01  0.14524104E-10  0.50000000E+01 -0.64377513E+00
  0.50000000E+01  0.33477492E-10  0.50000000E+01 -0.64377513E+00
  0.50000000E+01  0.76327807E-10  0.50000000E+01 -0.64377513E+00
  0.50000000E+01  0.17211157E-09  0.50000000E+01 -0.64377513E+00
  0.50000000E+01  0.38375890E-09  0.50000000E+01 -0.64377513E+00
  0.50000000E+01  0.84594196E-09  0.50000000E+01 -0.64377513E+00
  0.50000000E+01  0.18431925E-08  0.50000000E+01 -0.64377513E+00
  0.50000000E+01  0.39687810E-08  0.50000000E+01 -0.64377513E+00
  0.50000000E+01  0.84431363E-08  0.50000000E+01 -0.64377513E+00
  0.49999999E+01  0.17742273E-07  0.49999999E+01 -0.64377513E+00
  0.49999998E+01  0.36818520E-07  0.49999998E+01 -0.64377513E+00
  0.49999997E+01  0.75433020E-07  0.49999996E+01 -0.64377513E+00
  0.49999994E+01  0.15253671E-06  0.49999991E+01 -0.64377513E+00
  0.49999987E+01  0.30435253E-06  0.49999982E+01 -0.64377513E+00
  0.49999975E+01  0.59900801E-06  0.49999965E+01 -0.64377513E+00
  0.49999951E+01  0.11625071E-05  0.49999931E+01 -0.64377513E+00
  0.49999906E+01  0.22238700E-05  0.49999868E+01 -0.64377513E+00
  0.49999823E+01  0.41918515E-05  0.49999752E+01 -0.64377513E+00
  0.49999671E+01  0.77822263E-05  0.49999540E+01 -0.64377513E+00
  0.49999399E+01  0.14223533E-04  0.49999159E+01 -0.64377513E+00
  0.49998919E+01  0.25580249E-04  0.49998487E+01 -0.64377513E+00
  0.49998088E+01  0.45244523E-04  0.49997323E+01 -0.64377513E+00
  0.49996676E+01  0.78657883E-04  0.49995347E+01 -0.64377513E+00
  0.49994324E+01  0.13432731E-03  0.49992054E+01 -0.64377513E+00
  0.49990485E+01  0.22518660E-03  0.49986679E+01 -0.64377513E+00
  0.49984353E+01  0.37031181E-03  0.49978096E+01 -0.64377512E+00
  0.49974781E+01  0.59691610E-03  0.49964697E+01 -0.64377512E+00
  0.49960188E+01  0.94241508E-03  0.49944273E+01 -0.64377511E+00
  0.49938496E+01  0.14561768E-02  0.49913917E+01 -0.64377510E+00
  0.49907087E+01  0.22003840E-02  0.49869973E+01 -0.64377507E+00
  0.49862844E+01  0.32493116E-02  0.49808093E+01 -0.64377503E+00
  0.49802284E+01  0.46863588E-02  0.49723425E+01 -0.64377495E+00
  0.49721795E+01  0.65984723E-02  0.49610962E+01 -0.64377484E+00
  0.49617992E+01  0.90681828E-02  0.49466030E+01 -0.64377468E+00
  0.49488112E+01  0.12164253E-01  0.49284858E+01 -0.64377450E+00
  0.49330400E+01  0.15932650E-01  0.49065118E+01 -0.64377430E+00
  0.49144386E+01  0.20389866E-01  0.48806302E+01 -0.64377413E+00
  0.48930977E+01  0.25520293E-01  0.48509848E+01 -0.64377404E+00
  0.48692348E+01  0.31278415E-01  0.48178964E+01 -0.64377408E+00
  0.48431638E+01  0.37595301E-01  0.47818196E+01 -0.64377428E+00
  0.48152547E+01  0.44387812E-01  0.47432843E+01 -0.64377467E+00
  0.47858908E+01  0.51568451E-01  0.47028361E+01 -0.64377526E+00
  0.47554328E+01  0.59053964E-01  0.46609847E+01 -0.64377602E+00
  0.47241926E+01  0.66771575E-01  0.46181692E+01 -0.64377694E+00
  0.46924198E+01  0.74662664E-01  0.45747395E+01 -0.64377797E+00
  0.46602955E+01  0.82684565E-01  0.45309484E+01 -0.64377910E+00
  0.46279318E+01  0.90811033E-01  0.44869528E+01 -0.64378027E+00
  0.45954774E+01  0.98999216E-01  0.44429534E+01 -0.64378234E+00
  0.45630899E+01  0.10722072E+00  0.43991706E+01 -0.64378396E+00
  0.45307911E+01  0.11546646E+00  0.43556325E+01 -0.64378532E+00
  0.44986020E+01  0.12373257E+00  0.43123658E+01 -0.64378667E+00
  0.44665333E+01  0.13201499E+00  0.42693839E+01 -0.64378803E+00
  0.44345969E+01  0.14031051E+00  0.42267019E+01 -0.64378938E+00
  0.44028057E+01  0.14861596E+00  0.41843360E+01 -0.64379072E+00
  0.43711719E+01  0.15692798E+00  0.41423014E+01 -0.64379206E+00
  0.43397075E+01  0.16524337E+00  0.41006124E+01 -0.64379338E+00
  0.43084234E+01  0.17355956E+00  0.40592820E+01 -0.64379471E+00
  0.42773229E+01  0.18187464E+00  0.40183132E+01 -0.64379602E+00
  0.42464107E+01  0.19018925E+00  0.39777104E+01 -0.64379732E+00
  0.42156809E+01  0.19850142E+00  0.39374642E+01 -0.64379861E+00
  0.41851340E+01  0.20681104E+00  0.38975740E+01 -0.64379989E+00
  0.41547802E+01  0.21512068E+00  0.38580511E+01 -0.64380116E+00
  0.41246032E+01  0.22342588E+00  0.38188727E+01 -0.64380242E+00
  0.40946109E+01  0.23172878E+00  0.37800478E+01 -0.64380367E+00
  0.40648103E+01  0.24003137E+00  0.37415836E+01 -0.64380492E+00
  0.40351831E+01  0.24832875E+00  0.37034550E+01 -0.64380615E+00
  0.40057399E+01  0.25662395E+00  0.36656740E+01 -0.64380737E+00
  0.39764863E+01  0.26491882E+00  0.36282463E+01 -0.64380859E+00
  0.39474041E+01  0.27320845E+00  0.35911469E+01 -0.64380980E+00
  0.39185002E+01  0.28149494E+00  0.35543832E+01 -0.64381099E+00
  0.38897855E+01  0.28978182E+00  0.35179675E+01 -0.64381218E+00
  0.38612437E+01  0.29806459E+00  0.34818776E+01 -0.64381335E+00
  0.38328708E+01  0.30634229E+00  0.34461069E+01 -0.64381452E+00
  0.38046819E+01  0.31461988E+00  0.34106730E+01 -0.64381569E+00
  0.37766735E+01  0.32289632E+00  0.33755699E+01 -0.64381683E+00
  0.37488276E+01  0.33116682E+00  0.33407736E+01 -0.64381797E+00
  0.37211548E+01  0.33943459E+00  0.33062960E+01 -0.64381911E+00
  0.36936654E+01  0.34770322E+00  0.32721483E+01 -0.64382023E+00
  0.36663419E+01  0.35596758E+00  0.32383074E+01 -0.64382134E+00
  0.36391814E+01  0.36422688E+00  0.32047683E+01 -0.64382245E+00
  0.36121992E+01  0.37248633E+00  0.31715483E+01 -0.64382355E+00
  0.35853890E+01  0.38074392E+00  0.31386385E+01 -0.64382464E+00
  0.35587364E+01  0.38899552E+00  0.31060196E+01 -0.64382572E+00
  0.35322541E+01  0.39724516E+00  0.30737057E+01 -0.64382679E+00
  0.35059487E+01  0.40549500E+00  0.30417036E+01 -0.64382785E+00
  0.34798031E+01  0.41373976E+00  0.30099909E+01 -0.64382891E+00
  0.34538152E+01  0.42197871E+00  0.29785639E+01 -0.64382995E+00
  0.34280010E+01  0.43021706E+00  0.29474406E+01 -0.64383099E+00
  0.34023612E+01  0.43845475E+00  0.29166202E+01 -0.64383203E+00
  0.33768758E+01  0.44668529E+00  0.28860774E+01 -0.64383303E+00
  0.33515469E+01  0.45490884E+00  0.28558134E+01 -0.64383406E+00
  0.33263946E+01  0.46313188E+00  0.28258510E+01 -0.64383505E+00
  0.33014197E+01  0.47135395E+00  0.27961894E+01 -0.64383603E+00
  0.32765963E+01  0.47956593E+00  0.27667963E+01 -0.64383711E+00
  0.32519261E+01  0.48776781E+00  0.27376741E+01 -0.64383775E+00
  0.32274428E+01  0.49596866E+00  0.27088563E+01 -0.64383963E+00
  0.32031389E+01  0.50416796E+00  0.26803445E+01 -0.64383838E+00
  0.31790013E+01  0.51235184E+00  0.26520946E+01 -0.64384414E+00
  0.31549840E+01  0.52051881E+00  0.26241085E+01 -0.64383555E+00
  0.31312295E+01  0.52868380E+00  0.25964438E+01 -0.64385327E+00
  0.31075924E+01  0.53684632E+00  0.25691094E+01 -0.64382827E+00
  0.30842300E+01  0.54497768E+00  0.25420214E+01 -0.64386320E+00
  0.30608762E+01  0.55307855E+00  0.25152046E+01 -0.64382749E+00
  0.30379426E+01  0.56118337E+00  0.24887841E+01 -0.64385842E+00
  0.30151484E+01  0.56926838E+00  0.24627190E+01 -0.64384259E+00
  0.29924951E+01  0.57727341E+00  0.24368497E+01 -0.64384441E+00
  0.29701673E+01  0.58525904E+00  0.24114012E+01 -0.64385757E+00
  0.29482238E+01  0.59325029E+00  0.23865360E+01 -0.64384108E+00
  0.29263803E+01  0.60107799E+00  0.23617963E+01 -0.64385024E+00
  0.29049316E+01  0.60884325E+00  0.23375846E+01 -0.64385559E+00
  0.28842692E+01  0.61662832E+00  0.23143536E+01 -0.64384972E+00
  0.28635678E+01  0.62404847E+00  0.22911325E+01 -0.64384939E+00
  0.28436903E+01  0.63134959E+00  0.22689021E+01 -0.64384758E+00
  0.28253052E+01  0.63862632E+00  0.22483770E+01 -0.64385429E+00
  0.28067725E+01  0.64514455E+00  0.22277538E+01 -0.64385550E+00
  0.27897910E+01  0.65138124E+00  0.22089277E+01 -0.64384615E+00
  0.27755357E+01  0.65755253E+00  0.21931323E+01 -0.64385047E+00
  0.27612208E+01  0.66245717E+00  0.21773025E+01 -0.64385531E+00
  0.27487588E+01  0.66666348E+00  0.21635682E+01 -0.64385042E+00
  0.27403363E+01  0.67089325E+00  0.21542930E+01 -0.64385030E+00
  0.27325898E+01  0.67385940E+00  0.21457671E+01 -0.64385256E+00
  0.27255100E+01  0.67562100E+00  0.21379835E+01 -0.64385471E+00
  0.27216768E+01  0.67735269E+00  0.21337768E+01 -0.64385386E+00
  0.27198546E+01  0.67878481E+00  0.21317832E+01 -0.64385096E+00
  0.27179152E+01  0.67937913E+00  0.21296572E+01 -0.64385014E+00
  0.27162445E+01  0.67948867E+00  0.21278160E+01 -0.64385417E+00
  0.27155613E+01  0.67966612E+00  0.21270614E+01 -0.64385673E+00
  0.27157051E+01  0.67993306E+00  0.21272182E+01 -0.64385710E+00
  0.27158512E+01  0.68007633E+00  0.21273807E+01 -0.64385606E+00
  0.27158250E+01  0.68005059E+00  0.21273543E+01 -0.64385498E+00
  0.27157026E+01  0.67993836E+00  0.21272201E+01 -0.64385495E+00
  0.27156528E+01  0.67984427E+00  0.21271635E+01 -0.64385586E+00
  0.27157724E+01  0.67981201E+00  0.21272922E+01 -0.64385708E+00
  0.27159904E+01  0.67983452E+00  0.21275290E+01 -0.64385813E+00
  0.27161491E+01  0.67984645E+00  0.21277026E+01 -0.64385833E+00
  0.27161865E+01  0.67981756E+00  0.21277435E+01 -0.64385834E+00
  0.27161362E+01  0.67976630E+00  0.21276884E+01 -0.64385832E+00
  0.27161171E+01  0.67973280E+00  0.21276672E+01 -0.64385848E+00
  0.27161638E+01  0.67972743E+00  0.21277173E+01 -0.64385898E+00
  0.27162452E+01  0.67974087E+00  0.21278047E+01 -0.64385985E+00
  0.27162950E+01  0.67974494E+00  0.21278579E+01 -0.64386055E+00
  0.27163017E+01  0.67973398E+00  0.21278645E+01 -0.64386089E+00
  0.27162808E+01  0.67971531E+00  0.21278411E+01 -0.64386112E+00
  0.27162760E+01  0.67970423E+00  0.21278356E+01 -0.64386119E+00
  0.27162947E+01  0.67970305E+00  0.21278557E+01 -0.64386140E+00
  0.27163251E+01  0.67970844E+00  0.21278880E+01 -0.64386193E+00
  0.27163411E+01  0.67970960E+00  0.21279043E+01 -0.64386250E+00
  0.27163399E+01  0.67970630E+00  0.21279021E+01 -0.64386289E+00
  0.27163286E+01  0.67970112E+00  0.21278888E+01 -0.64386330E+00
  0.27163237E+01  0.67970027E+00  0.21278832E+01 -0.64386345E+00
  0.27163230E+01  0.67970253E+00  0.21278822E+01 -0.64386353E+00
  0.27163262E+01  0.67970649E+00  0.21278855E+01 -0.64386366E+00
  0.27163268E+01  0.67970926E+00  0.21278856E+01 -0.64386387E+00
  0.27163226E+01  0.67970968E+00  0.21278802E+01 -0.64386426E+00
  0.27163168E+01  0.67970862E+00  0.21278731E+01 -0.64386461E+00
  0.27163145E+01  0.67970852E+00  0.21278701E+01 -0.64386482E+00
  0.27163154E+01  0.67970935E+00  0.21278708E+01 -0.64386498E+00
  0.27163177E+01  0.67971067E+00  0.21278730E+01 -0.64386516E+00
  0.27163174E+01  0.67971154E+00  0.21278724E+01 -0.64386527E+00
  0.27163149E+01  0.67971236E+00  0.21278693E+01 -0.64386544E+00
  0.27163100E+01  0.67971338E+00  0.21278636E+01 -0.64386560E+00
  0.27163048E+01  0.67971420E+00  0.21278577E+01 -0.64386566E+00
  0.27163022E+01  0.67971546E+00  0.21278551E+01 -0.64386558E+00
  0.27163023E+01  0.67971686E+00  0.21278556E+01 -0.64386541E+00
  0.27163015E+01  0.67971727E+00  0.21278553E+01 -0.64386510E+00
  0.27163003E+01  0.67971691E+00  0.21278550E+01 -0.64386461E+00
  0.27163006E+01  0.67971609E+00  0.21278558E+01 -0.64386439E+00
  0.27163029E+01  0.67971458E+00  0.21278592E+01 -0.64386396E+00
  0.27163058E+01  0.67971315E+00  0.21278634E+01 -0.64386352E+00
  0.27163080E+01  0.67971281E+00  0.21278675E+01 -0.64386270E+00
  0.27163077E+01  0.67971232E+00  0.21278686E+01 -0.64386205E+00
  0.27163054E+01  0.67971203E+00  0.21278682E+01 -0.64386106E+00
  0.27163023E+01  0.67971218E+00  0.21278674E+01 -0.64385986E+00
  0.27162983E+01  0.67971296E+00  0.21278652E+01 -0.64385881E+00
  0.27162946E+01  0.67971397E+00  0.21278635E+01 -0.64385768E+00
  0.27162910E+01  0.67971441E+00  0.21278625E+01 -0.64385631E+00
  0.27162872E+01  0.67971443E+00  0.21278619E+01 -0.64385463E+00
  0.27162836E+01  0.67971428E+00  0.21278623E+01 -0.64385262E+00
  0.27162811E+01  0.67971357E+00  0.21278643E+01 -0.64385036E+00
  0.27162812E+01  0.67971191E+00  0.21278693E+01 -0.64384807E+00
  0.27162806E+01  0.67971016E+00  0.21278747E+01 -0.64384517E+00
  0.27162781E+01  0.67970898E+00  0.21278779E+01 -0.64384242E+00
  0.27162729E+01  0.67970847E+00  0.21278793E+01 -0.64383911E+00
  0.27162657E+01  0.67970844E+00  0.21278798E+01 -0.64383516E+00
  0.27162561E+01  0.67970871E+00  0.21278791E+01 -0.64383052E+00
  0.27162426E+01  0.67970978E+00  0.21278762E+01 -0.64382496E+00
  0.27162269E+01  0.67971113E+00  0.21278724E+01 -0.64381863E+00
  0.27162106E+01  0.67971194E+00  0.21278702E+01 -0.64381122E+00
  0.27161937E+01  0.67971226E+00  0.21278694E+01 -0.64380292E+00
  0.27161757E+01  0.67971232E+00  0.21278694E+01 -0.64379360E+00
  0.27161564E+01  0.67971199E+00  0.21278704E+01 -0.64378318E+00
  0.27161363E+01  0.67971083E+00  0.21278738E+01 -0.64377126E+00
  0.27161138E+01  0.67970908E+00  0.21278788E+01 -0.64375730E+00
  0.27160853E+01  0.67970790E+00  0.21278822E+01 -0.64374099E+00
  0.27160495E+01  0.67970740E+00  0.21278839E+01 -0.64372180E+00
  0.27160062E+01  0.67970736E+00  0.21278843E+01 -0.64369928E+00
  0.27159543E+01  0.67970768E+00  0.21278835E+01 -0.64367287E+00
  0.27158911E+01  0.67970898E+00  0.21278799E+01 -0.64364199E+00
  0.27158175E+01  0.67971071E+00  0.21278751E+01 -0.64360631E+00
  0.27157344E+01  0.67971180E+00  0.21278722E+01 -0.64356484E+00
  0.27156401E+01  0.67971230E+00  0.21278709E+01 -0.64351681E+00
  0.27155322E+01  0.67971246E+00  0.21278708E+01 -0.64346127E+00
  0.27154085E+01  0.67971229E+00  0.21278714E+01 -0.64339718E+00
  0.27152667E+01  0.67971141E+00  0.21278740E+01 -0.64332286E+00
  0.27151015E+01  0.67970958E+00  0.21278793E+01 -0.64323519E+00
  0.27148969E+01  0.67970808E+00  0.21278837E+01 -0.64312763E+00
  0.27146277E+01  0.67970733E+00  0.21278860E+01 -0.64298771E+00
  0.27142460E+01  0.67970718E+00  0.21278867E+01 -0.64279052E+00
  0.27136644E+01  0.67970741E+00  0.21278861E+01 -0.64249078E+00
  0.27127290E+01  0.67970868E+00  0.21278827E+01 -0.64200973E+00
  0.27111869E+01  0.67971073E+00  0.21278771E+01 -0.64121628E+00
  0.27086324E+01  0.67971210E+00  0.21278736E+01 -0.63989821E+00
  0.27044290E+01  0.67971274E+00  0.21278719E+01 -0.63772473E+00
  0.26976214E+01  0.67971297E+00  0.21278716E+01 -0.63419636E+00
  0.26868304E+01  0.67971291E+00  0.21278719E+01 -0.62858470E+00
  0.26701480E+01  0.67971231E+00  0.21278738E+01 -0.61986416E+00
  0.26450551E+01  0.67971071E+00  0.21278786E+01 -0.60664314E+00
  0.26084001E+01  0.67970877E+00  0.21278843E+01 -0.58710363E+00
  0.25564941E+01  0.67970757E+00  0.21278877E+01 -0.55896173E+00
  0.24853661E+01  0.67970708E+00  0.21278888E+01 -0.51945765E+00
  0.23912147E+01  0.67970712E+00  0.21278889E+01 -0.46539167E+00
  0.22710651E+01  0.67970789E+00  0.21278870E+01 -0.39321901E+00
  0.21236017E+01  0.67971002E+00  0.21278817E+01 -0.29923196E+00
  0.19762328E+01  0.67971196E+00  0.21278771E+01 -0.19854451E+00
  0.18719316E+01  0.67971315E+00  0.21278746E+01 -0.12263551E+00
  0.18023064E+01  0.67971372E+00  0.21278734E+01 -0.69570972E-01
  0.17576785E+01  0.67971391E+00  0.21278730E+01 -0.34468585E-01
  0.17301333E+01  0.67971395E+00  0.21278731E+01 -0.12354898E-01
  0.17137435E+01  0.67971375E+00  0.21278736E+01  0.97101408E-03
  0.17043425E+01  0.67971307E+00  0.21278752E+01  0.86727680E-02
  0.16991495E+01  0.67971172E+00  0.21278783E+01  0.12946468E-01
  0.16963931E+01  0.67970966E+00  0.21278830E+01  0.15221545E-01
  0.16949911E+01  0.67970807E+00  0.21278868E+01  0.16380911E-01
  0.16943120E+01  0.67970706E+00  0.21278889E+01  0.16942903E-01
  0.16940060E+01  0.67970669E+00  0.21278897E+01  0.17196163E-01
  0.16938807E+01  0.67970681E+00  0.21278899E+01  0.17299746E-01
  0.16938358E+01  0.67970756E+00  0.21278886E+01  0.17336269E-01
  0.16938209E+01  0.67970956E+00  0.21278844E+01  0.17346631E-01
  0.16938189E+01  0.67971184E+00  0.21278795E+01  0.17346004E-01
  0.16938212E+01  0.67971343E+00  0.21278765E+01  0.17342699E-01
  0.16938254E+01  0.67971423E+00  0.21278747E+01  0.17338358E-01
  0.16938271E+01  0.67971475E+00  0.21278742E+01  0.17336714E-01
  0.16938268E+01  0.67971502E+00  0.21278745E+01  0.17337116E-01
  0.16938240E+01  0.67971502E+00  0.21278749E+01  0.17339644E-01
  0.16938178E+01  0.67971472E+00  0.21278759E+01  0.17345186E-01
  0.16938081E+01  0.67971401E+00  0.21278778E+01  0.17354087E-01
  0.16938021E+01  0.67971264E+00  0.21278812E+01  0.17360653E-01
  0.16938023E+01  0.67971049E+00  0.21278864E+01  0.17362980E-01
  0.16938027E+01  0.67970867E+00  0.21278906E+01  0.17364575E-01
  0.16938038E+01  0.67970790E+00  0.21278934E+01  0.17364995E-01
  0.16938057E+01  0.67970772E+00  0.21278944E+01  0.17363936E-01
  0.16938081E+01  0.67970795E+00  0.21278941E+01  0.17361771E-01
  0.16938108E+01  0.67970928E+00  0.21278916E+01  0.17358429E-01
  0.16938130E+01  0.67971203E+00  0.21278860E+01  0.17353963E-01
  0.16938157E+01  0.67971427E+00  0.21278814E+01  0.17349536E-01
  0.16938185E+01  0.67971565E+00  0.21278789E+01  0.17346016E-01
  0.16938217E+01  0.67971658E+00  0.21278782E+01  0.17343035E-01
  0.16938249E+01  0.67971698E+00  0.21278780E+01  0.17340330E-01
  0.16938276E+01  0.67971705E+00  0.21278783E+01  0.17338288E-01
  0.16938303E+01  0.67971692E+00  0.21278791E+01  0.17336399E-01
  0.16938324E+01  0.67971664E+00  0.21278805E+01  0.17335298E-01
  0.16938346E+01  0.67971598E+00  0.21278829E+01  0.17334583E-01
  0.16938374E+01  0.67971467E+00  0.21278869E+01  0.17334184E-01
  0.16938412E+01  0.67971234E+00  0.21278932E+01  0.17333986E-01
  0.16938443E+01  0.67971060E+00  0.21278986E+01  0.17333943E-01
  0.16938457E+01  0.67970967E+00  0.21279011E+01  0.17333999E-01
  0.16938464E+01  0.67970971E+00  0.21279023E+01  0.17333946E-01
  0.16938458E+01  0.67971035E+00  0.21279013E+01  0.17334021E-01
  0.16938430E+01  0.67971274E+00  0.21278967E+01  0.17334144E-01
  0.16938392E+01  0.67971610E+00  0.21278903E+01  0.17334255E-01
  0.16938367E+01  0.67971819E+00  0.21278863E+01  0.17334494E-01
  0.16938361E+01  0.67971947E+00  0.21278849E+01  0.17334298E-01
  0.16938358E+01  0.67971982E+00  0.21278842E+01  0.17334246E-01
  0.16938358E+01  0.67971994E+00  0.21278843E+01  0.17334264E-01
  0.16938361E+01  0.67971987E+00  0.21278848E+01  0.17334331E-01
  0.16938364E+01  0.67971978E+00  0.21278857E+01  0.17334446E-01
  0.16938370E+01  0.67971964E+00  0.21278870E+01  0.17334583E-01
  0.16938382E+01  0.67971911E+00  0.21278894E+01  0.17334679E-01
  0.16938410E+01  0.67971755E+00  0.21278942E+01  0.17334668E-01
  0.16938454E+01  0.67971466E+00  0.21279018E+01  0.17334581E-01
  0.16938493E+01  0.67971260E+00  0.21279083E+01  0.17334428E-01
  0.16938505E+01  0.67971145E+00  0.21279111E+01  0.17334706E-01
  0.16938508E+01  0.67971178E+00  0.21279123E+01  0.17335025E-01
  0.16938495E+01  0.67971328E+00  0.21279102E+01  0.17335144E-01
  0.16938451E+01  0.67971737E+00  0.21279026E+01  0.17335215E-01
  0.16938413E+01  0.67972115E+00  0.21278956E+01  0.17335076E-01
  0.16938404E+01  0.67972345E+00  0.21278932E+01  0.17334638E-01
  0.16938404E+01  0.67972432E+00  0.21278931E+01  0.17334667E-01
  0.16938404E+01  0.67972421E+00  0.21278939E+01  0.17334949E-01
  0.16938406E+01  0.67972402E+00  0.21278952E+01  0.17335394E-01
  0.16938406E+01  0.67972427E+00  0.21278958E+01  0.17335758E-01
  0.16938412E+01  0.67972471E+00  0.21278968E+01  0.17335682E-01
  0.16938429E+01  0.67972476E+00  0.21278986E+01  0.17335183E-01
  0.16938451E+01  0.67972442E+00  0.21279016E+01  0.17334759E-01
  0.16938481E+01  0.67972319E+00  0.21279068E+01  0.17334728E-01
  0.16938530E+01  0.67972024E+00  0.21279161E+01  0.17335033E-01
  0.16938581E+01  0.67971737E+00  0.21279259E+01  0.17335388E-01
  0.16938596E+01  0.67971620E+00  0.21279303E+01  0.17336263E-01
  0.16938610E+01  0.67971688E+00  0.21279305E+01  0.17335152E-01
  0.16938578E+01  0.67972071E+00  0.21279238E+01  0.17334696E-01
  0.16938532E+01  0.67972581E+00  0.21279148E+01  0.17334217E-01
  0.16938501E+01  0.67972881E+00  0.21279084E+01  0.17333829E-01
  0.16938474E+01  0.67973082E+00  0.21279054E+01  0.17334581E-01
  0.16938451E+01  0.67973005E+00  0.21279034E+01  0.17335603E-01
  0.16938465E+01  0.67972767E+00  0.21279055E+01  0.17335380E-01
  0.16938453E+01  0.67972571E+00  0.21279019E+01  0.17334687E-01
  0.16938426E+01  0.67972542E+00  0.21278949E+01  0.17333693E-01
  0.16938430E+01  0.67972259E+00  0.21278929E+01  0.17332352E-01
  0.16938397E+01  0.67971773E+00  0.21278873E+01  0.17332441E-01
  0.16938316E+01  0.67971550E+00  0.21278756E+01  0.17333696E-01
  0.16938287E+01  0.67970769E+00  0.21278740E+01  0.17335311E-01
  0.16938195E+01  0.67969326E+00  0.21278593E+01  0.17335985E-01
  0.16937919E+01  0.67965733E+00  0.21278078E+01  0.17334633E-01
  0.16936800E+01  0.67956623E+00  0.21276046E+01  0.17331599E-01
  0.16933007E+01  0.67928083E+00  0.21269328E+01  0.17329381E-01
  0.16920820E+01  0.67832439E+00  0.21247929E+01  0.17330729E-01
  0.16880775E+01  0.67520305E+00  0.21177653E+01  0.17334970E-01
  0.16751174E+01  0.66501178E+00  0.20950277E+01  0.17330244E-01
  0.16343747E+01  0.63246083E+00  0.20238423E+01  0.17233433E-01
  0.15180101E+01  0.53532366E+00  0.18234448E+01  0.16366993E-01
  0.12697951E+01  0.30002810E+00  0.14129362E+01  0.11272168E-01
  0.10681897E+01  0.80155414E-01  0.10985569E+01  0.16459054E-02
  0.10143355E+01  0.16948049E-01  0.10202096E+01  0.80848501E-04
  0.10028638E+01  0.33879597E-02  0.10040148E+01  0.32021637E-05
  0.10005663E+01  0.67004180E-03  0.10007930E+01  0.12490364E-06
  0.10001117E+01  0.13222073E-03  0.10001565E+01  0.48615709E-08
  0.10000220E+01  0.26078899E-04  0.10000309E+01  0.18911517E-09
  0.10000043E+01  0.51432466E-05  0.10000061E+01  0.73541173E-11
  0.10000009E+01  0.10143204E-05  0.10000012E+01  0.28466118E-12
  0.10000002E+01  0.20003597E-06  0.10000002E+01  0.11546319E-13
  0.10000000E+01  0.39449158E-07  0.10000000E+01  0.24424907E-14
  0.10000000E+01  0.77797421E-08  0.10000000E+01  0.24424907E-14
  0.10000000E+01  0.15342332E-08  0.10000000E+01  0.44408921E-15
  0.10000000E+01  0.30256436E-09  0.10000000E+01  0.88817842E-15
  0.10000000E+01  0.59668582E-10  0.10000000E+01 -0.22204460E-15
  0.10000000E+01  0.11767142E-10  0.10000000E+01  0.00000000E+00
  0.10000000E+01  0.23204568E-11  0.10000000E+01 -0.66613381E-15
  0.10000000E+01  0.45731462E-12  0.10000000E+01  0.66613381E-15
  0.10000000E+01  0.90083663E-13  0.10000000E+01  0.88817842E-15
  0.10000000E+01  0.17810840E-13  0.10000000E+01  0.13322676E-14
  0.10000000E+01  0.35754512E-14  0.10000000E+01  0.88817842E-15
  0.10000000E+01  0.57561437E-15  0.10000000E+01  0.66613381E-15
  0.10000000E+01  0.22139012E-16  0.10000000E+01  0.00000000E+00
  0.10000000E+01  0.00000000E+00  0.10000000E+01  0.00000000E+00
  0.10000000E+01  0.00000000E+00  0.10000000E+01  0.00000000E+00
  0.10000000E+01  0.00000000E+00  0.10000000E+01  0.00000000E+00
  0.10000000E+01  0.00000000E+00  0.10000000E+01  0.00000000E+00
  0.10000000E+01  0.00000000E+00  0.10000000E+01  0.00000000E+00
  0.10000000E+01  0.00000000E+00  0.10000000E+01  0.00000000E+00
  0.10000000E+01  0.00000000E+00  0.10000000E+01  0.00000000E+00
  0.10000000E+01  0.00000000E+00  0.10000000E+01  0.00000000E+00
  0.10000000E+01  0.00000000E+00  0.10000000E+01  0.00000000E+00
  0.10000000E+01  0.00000000E+00  0.10000000E+01  0.00000000E+00
  0.10000000E+01  0.00000000E+00  0.10000000E+01  0.00000000E+00
  0.10000000E+01  0.00000000E+00  0.10000000E+01  0.00000000E+00
  0.10000000E+01  0.00000000E+00  0.10000000E+01  0.00000000E+00
  0.10000000E+01  0.00000000E+00  0.10000000E+01  0.00000000E+00
  0.10000000E+01  0.00000000E+00  0.10000000E+01  0.00000000E+00
  0.10000000E+01  0.00000000E+00  0.10000000E+01  0.00000000E+00
  0.10000000E+01  0.00000000E+00  0.10000000E+01  0.00000000E+00
  0.10000000E+01  0.00000000E+00  0.10000000E+01  0.00000000E+00
  0.10000000E+01  0.00000000E+00  0.10000000E+01  0.00000000E+00
  0.10000000E+01  0.00000000E+00  0.10000000E+01  0.00000000E+00
  0.10000000E+01  0.00000000E+00  0.10000000E+01  0.00000000E+00
  0.10000000E+01  0.00000000E+00  0.10000000E+01  0.00000000E+00
  0.10000000E+01  0.00000000E+00  0.10000000E+01  0.00000000E+00
  0.10000000E+01  0.00000000E+00  0.10000000E+01  0.00000000E+00
  0.10000000E+01  0.00000000E+00  0.10000000E+01  0.00000000E+00
  0.10000000E+01  0.00000000E+00  0.10000000E+01  0.00000000E+00
  0.10000000E+01  0.00000000E+00  0.10000000E+01  0.00000000E+00
  0.10000000E+01  0.00000000E+00  0.10000000E+01  0.00000000E+00
  0.10000000E+01  0.00000000E+00  0.10000000E+01  0.00000000E+00
  0.10000000E+01  0.00000000E+00  0.10000000E+01  0.00000000E+00
  0.10000000E+01  0.00000000E+00  0.10000000E+01  0.00000000E+00
  0.10000000E+01  0.00000000E+00  0.10000000E+01  0.00000000E+00
  0.10000000E+01  0.00000000E+00  0.10000000E+01  0.00000000E+00
  0.10000000E+01  0.00000000E+00  0.10000000E+01  0.00000000E+00
  0.10000000E+01  0.00000000E+00  0.10000000E+01  0.00000000E+00
  0.10000000E+01  0.00000000E+00  0.10000000E+01  0.00000000E+00
  0.10000000E+01  0.00000000E+00  0.10000000E+01  0.00000000E+00
  0.10000000E+01  0.00000000E+00  0.10000000E+01  0.00000000E+00
  0.10000000E+01  0.00000000E+00  0.10000000E+01  0.00000000E+00
  0.10000000E+01  0.00000000E+00  0.10000000E+01  0.00000000E+00
  0.10000000E+01  0.00000000E+00  0.10000000E+01  0.00000000E+00
  0.10000000E+01  0.00000000E+00  0.10000000E+01  0.00000000E+00
  0.10000000E+01  0.00000000E+00  0.10000000E+01  0.00000000E+00
  0.10000000E+01  0.00000000E+00  0.10000000E+01  0.00000000E+00
  0.10000000E+01  0.00000000E+00  0.10000000E+01  0.00000000E+00
  0.10000000E+01  0.00000000E+00  0.10000000E+01  0.00000000E+00
  0.10000000E+01  0.00000000E+00  0.10000000E+01  0.00000000E+00
  0.10000000E+01  0.00000000E+00  0.10000000E+01  0.00000000E+00
  0.10000000E+01  0.00000000E+00  0.10000000E+01  0.00000000E+00
  0.10000000E+01  0.00000000E+00  0.10000000E+01  0.00000000E+00
  0.10000000E+01  0.00000000E+00  0.10000000E+01  0.00000000E+00
  0.10000000E+01  0.00000000E+00  0.10000000E+01  0.00000000E+00
  0.10000000E+01  0.00000000E+00  0.10000000E+01  0.00000000E+00
  0.10000000E+01  0.00000000E+00  0.10000000E+01  0.00000000E+00
  0.10000000E+01  0.00000000E+00  0.10000000E+01  0.00000000E+00
  0.10000000E+01  0.00000000E+00  0.10000000E+01  0.00000000E+00
  0.10000000E+01  0.00000000E+00  0.10000000E+01  0.00000000E+00
  0.10000000E+01  0.00000000E+00  0.10000000E+01  0.00000000E+00
  0.10000000E+01  0.00000000E+00  0.10000000E+01  0.00000000E+00
  0.10000000E+01  0.00000000E+00  0.10000000E+01  0.00000000E+00
  0.10000000E+01  0.00000000E+00  0.10000000E+01  0.00000000E+00
