  0.50000000E+01  0.00000000E+00  0.50000000E+01 -0.64377513E+00
  0.50000000E+01  0.00000000E+00  0.50000000E+01 -0.64377513E+00
  0.50000000E+01  0.00000000E+00  0.50000000E+01 -0.64377513E+00
  0.50000000E+01  0.00000000E+00  0.50000000E+01 -0.64377513E+00
  0.50000000E+01  0.00000000E+00  0.50000000E+01 -0.64377513E+00
  0.50000000E+01  0.00000000E+00  0.50000000E+01 -0.64377513E+00
  0.50000000E+01  0.00000000E+00  0.50000000E+01 -0.64377513E+00
  0.50000000E+01  0.00000000E+00  0.50000000E+01 -0.64377513E+00
  0.50000000E+01  0.00000000E+00  0.50000000E+01 -0.64377513E+00
  0.50000000E+01  0.00000000E+00  0.50000000E+01 -0.64377513E+00
  0.50000000E+01  0.00000000E+00  0.50000000E+01 -0.64377513E+00
  0.50000000E+01  0.00000000E+00  0.50000000E+01 -0.64377513E+00
  0.50000000E+01  0.00000000E+00  0.50000000E+01 -0.64377513E+00
  0.50000000E+01  0.00000000E+00  0.50000000E+01 -0.64377513E+00
  0.50000000E+01  0.00000000E+00  0.50000000E+01 -0.64377513E+00
  0.50000000E+01  0.00000000E+00  0.50000000E+01 -0.64377513E+00
  0.50000000E+01  0.00000000E+00  0.50000000E+01 -0.64377513E+00
  0.50000000E+01  0.00000000E+00  0.50000000E+01 -0.64377513E+00
  0.50000000E+01  0.00000000E+00  0.50000000E+01 -0.64377513E+00
  0.50000000E+01  0.00000000E+00  0.50000000E+01 -0.64377513E+00
  0.50000000E+01  0.00000000E+00  0.50000000E+01 -0.64377513E+00
  0.50000000E+01  0.00000000E+00  0.50000000E+01 -0.64377513E+00
  0.50000000E+01  0.00000000E+00  0.50000000E+01 -0.64377513E+00
  0.50000000E+01  0.00000000E+00  0.50000000E+01 -0.64377513E+00
  0.50000000E+01  0.00000000E+00  0.50000000E+01 -0.64377513E+00
  0.50000000E+01  0.00000000E+00  0.50000000E+01 -0.64377513E+00
  0.50000000E+01  0.00000000E+00  0.50000000E+01 -0.64377513E+00
  0.50000000E+01  0.00000000E+00  0.50000000E+01 -0.64377513E+00
  0.50000000E+01  0.00000000E+00  0.50000000E+01 -0.64377513E+00
  0.50000000E+01  0.00000000E+00  0.50000000E+01 -0.64377513E+00
  0.50000000E+01  0.00000000E+00  0.50000000E+01 -0.64377513E+00
  0.50000000E+01  0.00000000E+00  0.50000000E+01 -0.64377513E+00
  0.50000000E+01  0.00000000E+00  0.50000000E+01 -0.64377513E+00
  0.50000000E+01  0.00000000E+00  0.50000000E+01 -0.64377513E+00
  0.50000000E+01  0.00000000E+00  0.50000000E+01 -0.64377513E+00
  0.50000000E+01  0.00000000E+00  0.50000000E+01 -0.64377513E+00
  0.50000000E+01  0.00000000E+00  0.50000000E+01 -0.64377513E+00
  0.50000000E+01  0.00000000E+00  0.50000000E+01 -0.64377513E+00
  0.50000000E+01  0.00000000E+00  0.50000000E+01 -0.64377513E+00
  0.50000000E+01  0.00000000E+00  0.50000000E+01 -0.64377513E+00
  0.50000000E+01  0.00000000E+00  0.50000000E+01 -0.64377513E+00
  0.50000000E+01  0.00000000E+00  0.50000000E+01 -0.64377513E+00
  0.50000000E+01  0.00000000E+00  0.50000000E+01 -0.64377513E+00
  0.50000000E+01  0.00000000E+00  0.50000000E+01 -0.64377513E+00
  0.50000000E+01  0.00000000E+00  0.50000000E+01 -0.64377513E+00
  0.50000000E+01  0.00000000E+00  0.50000000E+01 -0.64377513E+00
  0.50000000E+01  0.00000000E+00  0.50000000E+01 -0.64377513E+00
  0.50000000E+01  0.00000000E+00  0.50000000E+01 -0.64377513E+00
  0.50000000E+01  0.00000000E+00  0.50000000E+01 -0.64377513E+00
  0.50000000E+01  0.00000000E+00  0.50000000E+01 -0.64377513E+00
  0.50000000E+01  0.00000000E+00  0.50000000E+01 -0.64377513E+00
  0.50000000E+01  0.00000000E+00  0.50000000E+01 -0.64377513E+00
  0.50000000E+01  0.00000000E+00  0.50000000E+01 -0.64377513E+00
  0.50000000E+01  0.00000000E+00  0.50000000E+01 -0.64377513E+00
  0.50000000E+01  0.00000000E+00  0.50000000E+01 -0.64377513E+00
  0.50000000E+01  0.00000000E+00  0.50000000E+01 -0.64377513E+00
  0.50000000E+01  0.00000000E+00  0.50000000E+01 -0.64377513E+00
  0.50000000E+01  0.00000000E+00  0.50000000E+01 -0.64377513E+00
  0.50000000E+01  0.00000000E+00  0.50000000E+01 -0.64377513E+00
  0.50000000E+01  0.00000000E+00  0.50000000E+01 -0.64377513E+00
  0.50000000E+01  0.00000000E+00  0.50000000E+01 -0.64377513E+00
  0.50000000E+01  0.00000000E+00  0.50000000E+01 -0.64377513E+00
  0.50000000E+01  0.00000000E+00  0.50000000E+01 -0.64377513E+00
  0.50000000E+01  0.00000000E+00  0.50000000E+01 -0.64377513E+00
  0.50000000E+01  0.00000000E+00  0.50000000E+01 -0.64377513E+00
  0.50000000E+01  0.00000000E+00  0.50000000E+01 -0.64377513E+00
  0.50000000E+01  0.00000000E+00  0.50000000E+01 -0.64377513E+00
  0.50000000E+01  0.00000000E+00  0.50000000E+01 -0.64377513E+00
  0.50000000E+01  0.00000000E+00  0.50000000E+01 -0.64377513E+00
  0.50000000E+01  0.00000000E+00  0.50000000E+01 -0.64377513E+00
  0.50000000E+01  0.00000000E+00  0.50000000E+01 -0.64377513E+00
  0.50000000E+01  0.00000000E+00  0.50000000E+01 -0.64377513E+00
  0.50000000E+01  0.00000000E+00  0.50000000E+01 -0.64377513E+00
  0.50000000E+01  0.00000000E+00  0.50000000E+01 -0.64377513E+00
  0.50000000E+01  0.00000000E+00  0.50000000E+01 -0.64377513E+00
  0.50000000E+01  0.00000000E+00  0.50000000E+01 -0.64377513E+00
  0.50000000E+01  0.00000000E+00  0.50000000E+01 -0.64377513E+00
  0.50000000E+01  0.00000000E+00  0.50000000E+01 -0.64377513E+00
  0.50000000E+01  0.00000000E+00  0.50000000E+01 -0.64377513E+00
  0.50000000E+01  0.00000000E+00  0.50000000E+01 -0.64377513E+00
  0.50000000E+01  0.00000000E+00  0.50000000E+01 -0.64377513E+00
  0.50000000E+01  0.00000000E+00  0.50000000E+01 -0.64377513E+00
  0.50000000E+01  0.00000000E+00  0.50000000E+01 -0.64377513E+00
  0.50000000E+01  0.00000000E+00  0.50000000E+01 -0.64377513E+00
  0.50000000E+01  0.00000000E+00  0.50000000E+01 -0.64377513E+00
  0.50000000E+01  0.00000000E+00  0.50000000E+01 -0.64377513E+00
  0.50000000E+01  0.00000000E+00  0.50000000E+01 -0.64377513E+00
  0.50000000E+01  0.00000000E+00  0.50000000E+01 -0.64377513E+00
  0.50000000E+01  0.00000000E+00  0.50000000E+01 -0.64377513E+00
  0.50000000E+01  0.00000000E+00  0.50000000E+01 -0.64377513E+00
  0.50000000E+01  0.00000000E+00  0.50000000E+01 -0.64377513E+00
  0.50000000E+01  0.00000000E+00  0.50000000E+01 -0.64377513E+00
  0.50000000E+01  0.00000000E+00  0.50000000E+01 -0.64377513E+00
  0.50000000E+01  0.00000000E+00  0.50000000E+01 -0.64377513E+00
  0.50000000E+01  0.00000000E+00  0.50000000E+01 -0.64377513E+00
  0.50000000E+01  0.00000000E+00  0.50000000E+01 -0.64377513E+00
  0.50000000E+01  0.00000000E+00  0.50000000E+01 -0.64377513E+00
  0.50000000E+01  0.00000000E+00  0.50000000E+01 -0.64377513E+00
  0.50000000E+01  0.00000000E+00  0.50000000E+01 -0.64377513E+00
  0.50000000E+01  0.00000000E+00  0.50000000E+01 -0.64377513E+00
  0.50000000E+01  0.00000000E+00  0.50000000E+01 -0.64377513E+00
  0.50000000E+01  0.00000000E+00  0.50000000E+01 -0.64377513E+00
  0.50000000E+01  0.00000000E+00  0.50000000E+01 -0.64377513E+00
  0.50000000E+01  0.00000000E+00  0.50000000E+01 -0.64377513E+00
  0.50000000E+01  0.00000000E+00  0.50000000E+01 -0.64377513E+00
  0.50000000E+01  0.00000000E+00  0.50000000E+01 -0.64377513E+00
  0.50000000E+01  0.00000000E+00  0.50000000E+01 -0.64377513E+00
  0.50000000E+01  0.00000000E+00  0.50000000E+01 -0.64377513E+00
  0.50000000E+01  0.00000000E+00  0.50000000E+01 -0.64377513E+00
  0.50000000E+01  0.00000000E+00  0.50000000E+01 -0.64377513E+00
  0.50000000E+01  0.00000000E+00  0.50000000E+01 -0.64377513E+00
  0.50000000E+01  0.00000000E+00  0.50000000E+01 -0.64377513E+00
  0.50000000E+01  0.00000000E+00  0.50000000E+01 -0.64377513E+00
  0.50000000E+01  0.00000000E+00  0.50000000E+01 -0.64377513E+00
  0.50000000E+01  0.00000000E+00  0.50000000E+01 -0.64377513E+00
  0.50000000E+01  0.00000000E+00  0.50000000E+01 -0.64377513E+00
  0.50000000E+01  0.00000000E+00  0.50000000E+01 -0.64377513E+00
  0.50000000E+01  0.00000000E+00  0.50000000E+01 -0.64377513E+00
  0.50000000E+01  0.14168861E-15  0.50000000E+01 -0.64377513E+00
  0.50000000E+01  0.10095308E-14  0.50000000E+01 -0.64377513E+00
  0.50000000E+01  0.36927556E-14  0.50000000E+01 -0.64377513E+00
  0.50000000E+01  0.10591210E-13  0.50000000E+01 -0.64377513E+00
  0.50000000E+01  0.29072689E-13  0.50000000E+01 -0.64377513E+00
  0.50000000E+01  0.78211994E-13  0.50000000E+01 -0.64377513E+00
  0.50000000E+01  0.20846790E-12  0.50000000E+01 -0.64377513E+00
  0.50000000E+01  0.55136265E-12  0.50000000E+01 -0.64377513E+00
  0.50000000E+01  0.14401827E-11  0.50000000E+01 -0.64377513E+00
  0.50000000E+01  0.37162116E-11  0.50000000E+01 -0.64377513E+00
  0.50000000E+01  0.94674577E-11  0.50000000E+01 -0.64377513E+00
  0.50000000E+01  0.23812324E-10  0.50000000E+01 -0.64377513E+00
  0.50000000E+01  0.59124996E-10  0.50000000E+01 -0.64377513E+00
  0.50000000E+01  0.14488962E-09  0.50000000E+01 -0.64377513E+00
  0.50000000E+01  0.35034919E-09  0.50000000E+01 -0.64377513E+00
  0.50000000E+01  0.83570200E-09  0.50000000E+01 -0.64377513E+00
  0.50000000E+01  0.19659660E-08  0.50000000E+01 -0.64377513E+00
  0.50000000E+01  0.45598855E-08  0.50000000E+01 -0.64377513E+00
  0.50000000E+01  0.10424587E-07  0.49999999E+01 -0.64377513E+00
  0.49999999E+01  0.23483151E-07  0.49999999E+01 -0.64377513E+00
  0.49999998E+01  0.52107953E-07  0.49999997E+01 -0.64377513E+00
  0.49999995E+01  0.11385447E-06  0.49999993E+01 -0.64377513E+00
  0.49999990E+01  0.24486838E-06  0.49999986E+01 -0.64377513E+00
  0.49999978E+01  0.51817765E-06  0.49999969E+01 -0.64377513E+00
  0.49999954E+01  0.10784551E-05  0.49999936E+01 -0.64377513E+00
  0.49999907E+01  0.22064935E-05  0.49999869E+01 -0.64377513E+00
  0.49999813E+01  0.44357194E-05  0.49999738E+01 -0.64377513E+00
  0.49999630E+01  0.87569295E-05  0.49999482E+01 -0.64377513E+00
  0.49999283E+01  0.16967237E-04  0.49998996E+01 -0.64377513E+00
  0.49998637E+01  0.32245134E-04  0.49998092E+01 -0.64377513E+00
  0.49997462E+01  0.60063147E-04  0.49996447E+01 -0.64377513E+00
  0.49995370E+01  0.10957527E-03  0.49993518E+01 -0.64377513E+00
  0.49991734E+01  0.19562242E-03  0.49988428E+01 -0.64377513E+00
  0.49985572E+01  0.34145914E-03  0.49979803E+01 -0.64377512E+00
  0.49975403E+01  0.58218279E-03  0.49965568E+01 -0.64377512E+00
  0.49959082E+01  0.96860597E-03  0.49942726E+01 -0.64377511E+00
  0.49933651E+01  0.15709421E-02  0.49907138E+01 -0.64377509E+00
  0.49895238E+01  0.24812201E-02  0.49853399E+01 -0.64377504E+00
  0.49839083E+01  0.38129596E-02  0.49774870E+01 -0.64377495E+00
  0.49759746E+01  0.56965746E-02  0.49663984E+01 -0.64377480E+00
  0.49651540E+01  0.82695299E-02  0.49512865E+01 -0.64377456E+00
  0.49509181E+01  0.11661582E-01  0.49314250E+01 -0.64377423E+00
  0.49328540E+01  0.15977275E-01  0.49062551E+01 -0.64377382E+00
  0.49107337E+01  0.21279522E-01  0.48754836E+01 -0.64377338E+00
  0.48845589E+01  0.27578728E-01  0.48391424E+01 -0.64377301E+00
  0.48545642E+01  0.34830780E-01  0.47975925E+01 -0.64377282E+00
  0.48211808E+01  0.42944681E-01  0.47514674E+01 -0.64377290E+00
  0.47849669E+01  0.51797663E-01  0.47015742E+01 -0.64377332E+00
  0.47465275E+01  0.61253557E-01  0.46487783E+01 -0.64377413E+00
  0.47064411E+01  0.71180000E-01  0.45939007E+01 -0.64377528E+00
  0.46652065E+01  0.81461433E-01  0.45376450E+01 -0.64377674E+00
  0.46232119E+01  0.92007180E-01  0.44805557E+01 -0.64377843E+00
  0.45807178E+01  0.10275647E+00  0.44229978E+01 -0.64378026E+00
  0.45379179E+01  0.11366002E+00  0.43652382E+01 -0.64378280E+00
  0.44951280E+01  0.12463497E+00  0.43077037E+01 -0.64378679E+00
  0.44524929E+01  0.13566057E+00  0.42506024E+01 -0.64378907E+00
  0.44100645E+01  0.14671838E+00  0.41939946E+01 -0.64379138E+00
  0.43678831E+01  0.15779612E+00  0.41379320E+01 -0.64379368E+00
  0.43259903E+01  0.16888381E+00  0.40824672E+01 -0.64379596E+00
  0.42844195E+01  0.17997329E+00  0.40276410E+01 -0.64379822E+00
  0.42431780E+01  0.19105883E+00  0.39734592E+01 -0.64380045E+00
  0.42022819E+01  0.20214328E+00  0.39199389E+01 -0.64380266E+00
  0.41617077E+01  0.21321947E+00  0.38670457E+01 -0.64380484E+00
  0.41214680E+01  0.22429025E+00  0.38147920E+01 -0.64380700E+00
  0.40815772E+01  0.23535957E+00  0.37631927E+01 -0.64380913E+00
  0.40419943E+01  0.24641622E+00  0.37121908E+01 -0.64381124E+00
  0.40027542E+01  0.25747017E+00  0.36618277E+01 -0.64381332E+00
  0.39638513E+01  0.26852037E+00  0.36120922E+01 -0.64381538E+00
  0.39252496E+01  0.27955729E+00  0.35629344E+01 -0.64381741E+00
  0.38869845E+01  0.29059159E+00  0.35143960E+01 -0.64381942E+00
  0.38490547E+01  0.30162363E+00  0.34664714E+01 -0.64382140E+00
  0.38114183E+01  0.31264219E+00  0.34191040E+01 -0.64382336E+00
  0.37740990E+01  0.32365465E+00  0.33723203E+01 -0.64382530E+00
  0.37371185E+01  0.33466840E+00  0.33261437E+01 -0.64382722E+00
  0.37004342E+01  0.34567140E+00  0.32805172E+01 -0.64382910E+00
  0.36640427E+01  0.35666285E+00  0.32354336E+01 -0.64383097E+00
  0.36279791E+01  0.36765490E+00  0.31909326E+01 -0.64383282E+00
  0.35922291E+01  0.37864290E+00  0.31469932E+01 -0.64383463E+00
  0.35567556E+01  0.38961620E+00  0.31035662E+01 -0.64383643E+00
  0.35215886E+01  0.40058429E+00  0.30606853E+01 -0.64383819E+00
  0.34867483E+01  0.41155343E+00  0.30183714E+01 -0.64383996E+00
  0.34521909E+01  0.42251005E+00  0.29765682E+01 -0.64384166E+00
  0.34179124E+01  0.43345217E+00  0.29352673E+01 -0.64384338E+00
  0.33839548E+01  0.44439272E+00  0.28945164E+01 -0.64384505E+00
  0.33503192E+01  0.45533099E+00  0.28543129E+01 -0.64384668E+00
  0.33169471E+01  0.46624727E+00  0.28145834E+01 -0.64384845E+00
  0.32838602E+01  0.47714558E+00  0.27753532E+01 -0.64384946E+00
  0.32511385E+01  0.48804994E+00  0.27367048E+01 -0.64385271E+00
  0.32186928E+01  0.49893147E+00  0.26985522E+01 -0.64385002E+00
  0.31865508E+01  0.50977941E+00  0.26608710E+01 -0.64386115E+00
  0.31547297E+01  0.52062569E+00  0.26237923E+01 -0.64384321E+00
  0.31233236E+01  0.53143004E+00  0.25872049E+01 -0.64387863E+00
  0.30920637E+01  0.54219278E+00  0.25511509E+01 -0.64382962E+00
  0.30615362E+01  0.55295087E+00  0.25158035E+01 -0.64389130E+00
  0.30310675E+01  0.56361923E+00  0.24809530E+01 -0.64383804E+00
  0.30010860E+01  0.57415075E+00  0.24465886E+01 -0.64386925E+00
  0.29718598E+01  0.58471013E+00  0.24132905E+01 -0.64387191E+00
  0.29432521E+01  0.59516495E+00  0.23808633E+01 -0.64385797E+00
  0.29147073E+01  0.60517950E+00  0.23485949E+01 -0.64385992E+00
  0.28876474E+01  0.61522573E+00  0.23181217E+01 -0.64386170E+00
  0.28619189E+01  0.62504282E+00  0.22892237E+01 -0.64387648E+00
  0.28361081E+01  0.63391346E+00  0.22604184E+01 -0.64385584E+00
  0.28136006E+01  0.64284756E+00  0.22353402E+01 -0.64385754E+00
  0.27929541E+01  0.65099814E+00  0.22123682E+01 -0.64387622E+00
  0.27725310E+01  0.65746782E+00  0.21897808E+01 -0.64386337E+00
  0.27573926E+01  0.66391072E+00  0.21730761E+01 -0.64385597E+00
  0.27455847E+01  0.66940352E+00  0.21600561E+01 -0.64385748E+00
  0.27336982E+01  0.67261330E+00  0.21469591E+01 -0.64386499E+00
  0.27258713E+01  0.67527034E+00  0.21383527E+01 -0.64386757E+00
  0.27224818E+01  0.67780237E+00  0.21346377E+01 -0.64386449E+00
  0.27195608E+01  0.67908334E+00  0.21314349E+01 -0.64386313E+00
  0.27167121E+01  0.67934149E+00  0.21283089E+01 -0.64386356E+00
  0.27153617E+01  0.67956496E+00  0.21268313E+01 -0.64386199E+00
  0.27154237E+01  0.67993662E+00  0.21269001E+01 -0.64386162E+00
  0.27157309E+01  0.68018343E+00  0.21272330E+01 -0.64386349E+00
  0.27157678E+01  0.68017088E+00  0.21272674E+01 -0.64386632E+00
  0.27156563E+01  0.68002996E+00  0.21271422E+01 -0.64386767E+00
  0.27155172E+01  0.67987640E+00  0.21269932E+01 -0.64386605E+00
  0.27156242E+01  0.67981768E+00  0.21271148E+01 -0.64386404E+00
  0.27158892E+01  0.67984383E+00  0.21274078E+01 -0.64386294E+00
  0.27161309E+01  0.67987710E+00  0.21276690E+01 -0.64386474E+00
  0.27162029E+01  0.67985204E+00  0.21277448E+01 -0.64386621E+00
  0.27161469E+01  0.67979150E+00  0.21276811E+01 -0.64386726E+00
  0.27160923E+01  0.67974048E+00  0.21276216E+01 -0.64386708E+00
  0.27161297E+01  0.67972802E+00  0.21276649E+01 -0.64386602E+00
  0.27162196E+01  0.67974314E+00  0.21277670E+01 -0.64386439E+00
  0.27162929E+01  0.67975539E+00  0.21278488E+01 -0.64386371E+00
  0.27163085E+01  0.67974626E+00  0.21278659E+01 -0.64386375E+00
  0.27162847E+01  0.67972509E+00  0.21278389E+01 -0.64386418E+00
  0.27162679E+01  0.67970851E+00  0.21278199E+01 -0.64386441E+00
  0.27162828E+01  0.67970455E+00  0.21278372E+01 -0.64386397E+00
  0.27163147E+01  0.67970964E+00  0.21278754E+01 -0.64386245E+00
  0.27163387E+01  0.67971326E+00  0.21279056E+01 -0.64386061E+00
  0.27163421E+01  0.67970944E+00  0.21279117E+01 -0.64385950E+00
  0.27163284E+01  0.67970197E+00  0.21278989E+01 -0.64385848E+00
  0.27163191E+01  0.67969806E+00  0.21278903E+01 -0.64385772E+00
  0.27163160E+01  0.67969968E+00  0.21278892E+01 -0.64385668E+00
  0.27163159E+01  0.67970443E+00  0.21278924E+01 -0.64385511E+00
  0.27163140E+01  0.67970903E+00  0.21278942E+01 -0.64385326E+00
  0.27163030E+01  0.67971105E+00  0.21278885E+01 -0.64385031E+00
  0.27162878E+01  0.67971008E+00  0.21278779E+01 -0.64384742E+00
  0.27162770E+01  0.67970933E+00  0.21278711E+01 -0.64384506E+00
  0.27162733E+01  0.67970991E+00  0.21278714E+01 -0.64384300E+00
  0.27162714E+01  0.67971125E+00  0.21278759E+01 -0.64383990E+00
  0.27162665E+01  0.67971188E+00  0.21278787E+01 -0.64383604E+00
  0.27162553E+01  0.67971193E+00  0.21278777E+01 -0.64383077E+00
  0.27162397E+01  0.67971213E+00  0.21278743E+01 -0.64382430E+00
  0.27162210E+01  0.67971318E+00  0.21278683E+01 -0.64381748E+00
  0.27162010E+01  0.67971500E+00  0.21278613E+01 -0.64381051E+00
  0.27161837E+01  0.67971742E+00  0.21278587E+01 -0.64380277E+00
  0.27161674E+01  0.67971916E+00  0.21278581E+01 -0.64379466E+00
  0.27161478E+01  0.67971929E+00  0.21278561E+01 -0.64378549E+00
  0.27161234E+01  0.67971886E+00  0.21278552E+01 -0.64377339E+00
  0.27160962E+01  0.67971812E+00  0.21278561E+01 -0.64375889E+00
  0.27160680E+01  0.67971664E+00  0.21278606E+01 -0.64374226E+00
  0.27160359E+01  0.67971476E+00  0.21278677E+01 -0.64372240E+00
  0.27159969E+01  0.67971367E+00  0.21278736E+01 -0.64369949E+00
  0.27159484E+01  0.67971244E+00  0.21278744E+01 -0.64367411E+00
  0.27158904E+01  0.67971223E+00  0.21278747E+01 -0.64364406E+00
  0.27158223E+01  0.67971263E+00  0.21278738E+01 -0.64360939E+00
  0.27157391E+01  0.67971418E+00  0.21278701E+01 -0.64356826E+00
  0.27156406E+01  0.67971583E+00  0.21278666E+01 -0.64351911E+00
  0.27155262E+01  0.67971646E+00  0.21278643E+01 -0.64346122E+00
  0.27153976E+01  0.67971664E+00  0.21278636E+01 -0.64339521E+00
  0.27152578E+01  0.67971657E+00  0.21278639E+01 -0.64332299E+00
  0.27151093E+01  0.67971595E+00  0.21278660E+01 -0.64324549E+00
  0.27149503E+01  0.67971441E+00  0.21278708E+01 -0.64316121E+00
  0.27147692E+01  0.67971196E+00  0.21278783E+01 -0.64306432E+00
  0.27145356E+01  0.67970986E+00  0.21278839E+01 -0.64294122E+00
  0.27141965E+01  0.67970880E+00  0.21278871E+01 -0.64276485E+00
  0.27136566E+01  0.67970873E+00  0.21278885E+01 -0.64248567E+00
  0.27127437E+01  0.67970920E+00  0.21278875E+01 -0.64201504E+00
  0.27111541E+01  0.67971114E+00  0.21278825E+01 -0.64119678E+00
  0.27083773E+01  0.67971331E+00  0.21278766E+01 -0.63976492E+00
  0.27035669E+01  0.67971474E+00  0.21278741E+01 -0.63727732E+00
  0.26953830E+01  0.67971528E+00  0.21278732E+01 -0.63303340E+00
  0.26818130E+01  0.67971542E+00  0.21278735E+01 -0.62596715E+00
  0.26600043E+01  0.67971516E+00  0.21278747E+01 -0.61453511E+00
  0.26261623E+01  0.67971429E+00  0.21278778E+01 -0.59660786E+00
  0.25756055E+01  0.67971249E+00  0.21278834E+01 -0.56939073E+00
  0.25030761E+01  0.67971020E+00  0.21278904E+01 -0.52939750E+00
  0.24033992E+01  0.67970880E+00  0.21278948E+01 -0.47250452E+00
  0.22725198E+01  0.67970834E+00  0.21278964E+01 -0.39411104E+00
  0.21091029E+01  0.67970856E+00  0.21278963E+01 -0.28963394E+00
  0.19530260E+01  0.67971009E+00  0.21278932E+01 -0.18199953E+00
  0.18478958E+01  0.67971303E+00  0.21278870E+01 -0.10453717E+00
  0.17814171E+01  0.67971517E+00  0.21278825E+01 -0.53245522E-01
  0.17414089E+01  0.67971655E+00  0.21278804E+01 -0.21445901E-01
  0.17184532E+01  0.67971716E+00  0.21278793E+01 -0.28685684E-02
  0.17059017E+01  0.67971759E+00  0.21278796E+01  0.73946652E-02
  0.16993729E+01  0.67971769E+00  0.21278804E+01  0.12763368E-01
  0.16961562E+01  0.67971765E+00  0.21278815E+01  0.15416423E-01
  0.16946713E+01  0.67971726E+00  0.21278835E+01  0.16643519E-01
  0.16940443E+01  0.67971638E+00  0.21278866E+01  0.17163058E-01
  0.16938170E+01  0.67971449E+00  0.21278917E+01  0.17353313E-01
  0.16937600E+01  0.67971210E+00  0.21278980E+01  0.17403339E-01
  0.16937559E+01  0.67971043E+00  0.21279015E+01  0.17408435E-01
  0.16937702E+01  0.67971009E+00  0.21279036E+01  0.17397580E-01
  0.16938066E+01  0.67971045E+00  0.21279041E+01  0.17367771E-01
  0.16938424E+01  0.67971180E+00  0.21279020E+01  0.17337163E-01
  0.16938488E+01  0.67971496E+00  0.21278955E+01  0.17328841E-01
  0.16938493E+01  0.67971774E+00  0.21278900E+01  0.17325745E-01
  0.16938475E+01  0.67971916E+00  0.21278865E+01  0.17325648E-01
  0.16938421E+01  0.67971985E+00  0.21278849E+01  0.17329400E-01
  0.16938333E+01  0.67972037E+00  0.21278853E+01  0.17336859E-01
  0.16938212E+01  0.67972057E+00  0.21278863E+01  0.17347334E-01
  0.16938082E+01  0.67972067E+00  0.21278876E+01  0.17358616E-01
  0.16938015E+01  0.67972065E+00  0.21278889E+01  0.17364765E-01
  0.16938000E+01  0.67972036E+00  0.21278907E+01  0.17366881E-01
  0.16938011E+01  0.67971934E+00  0.21278940E+01  0.17367566E-01
  0.16938052E+01  0.67971688E+00  0.21279007E+01  0.17367315E-01
  0.16938110E+01  0.67971419E+00  0.21279077E+01  0.17365823E-01
  0.16938174E+01  0.67971308E+00  0.21279125E+01  0.17362738E-01
  0.16938248E+01  0.67971328E+00  0.21279150E+01  0.17357791E-01
  0.16938316E+01  0.67971401E+00  0.21279144E+01  0.17351884E-01
  0.16938332E+01  0.67971687E+00  0.21279091E+01  0.17348129E-01
  0.16938320E+01  0.67972097E+00  0.21279014E+01  0.17345494E-01
  0.16938327E+01  0.67972345E+00  0.21278965E+01  0.17342537E-01
  0.16938343E+01  0.67972463E+00  0.21278943E+01  0.17340197E-01
  0.16938371E+01  0.67972526E+00  0.21278951E+01  0.17338286E-01
  0.16938407E+01  0.67972538E+00  0.21278970E+01  0.17336183E-01
  0.16938437E+01  0.67972580E+00  0.21278989E+01  0.17334617E-01
  0.16938450E+01  0.67972633E+00  0.21279001E+01  0.17334067E-01
  0.16938462E+01  0.67972668E+00  0.21279019E+01  0.17333972E-01
  0.16938475E+01  0.67972656E+00  0.21279045E+01  0.17334107E-01
  0.16938499E+01  0.67972573E+00  0.21279090E+01  0.17334237E-01
  0.16938548E+01  0.67972320E+00  0.21279175E+01  0.17334189E-01
  0.16938601E+01  0.67972037E+00  0.21279264E+01  0.17334017E-01
  0.16938643E+01  0.67971929E+00  0.21279326E+01  0.17333444E-01
  0.16938642E+01  0.67971919E+00  0.21279339E+01  0.17334145E-01
  0.16938615E+01  0.67972100E+00  0.21279298E+01  0.17334435E-01
  0.16938554E+01  0.67972507E+00  0.21279197E+01  0.17334685E-01
  0.16938508E+01  0.67972844E+00  0.21279114E+01  0.17334635E-01
  0.16938459E+01  0.67972897E+00  0.21279025E+01  0.17334523E-01
  0.16938443E+01  0.67972743E+00  0.21278977E+01  0.17333571E-01
  0.16938421E+01  0.67972438E+00  0.21278941E+01  0.17333705E-01
  0.16938381E+01  0.67972076E+00  0.21278885E+01  0.17334365E-01
  0.16938321E+01  0.67971754E+00  0.21278795E+01  0.17335102E-01
  0.16938259E+01  0.67971309E+00  0.21278698E+01  0.17335650E-01
  0.16938207E+01  0.67970739E+00  0.21278590E+01  0.17334873E-01
  0.16938163E+01  0.67970229E+00  0.21278498E+01  0.17334167E-01
  0.16938154E+01  0.67969952E+00  0.21278475E+01  0.17333870E-01
  0.16938188E+01  0.67969499E+00  0.21278537E+01  0.17333944E-01
  0.16938237E+01  0.67968910E+00  0.21278635E+01  0.17334505E-01
  0.16938277E+01  0.67968766E+00  0.21278738E+01  0.17336014E-01
  0.16938286E+01  0.67968972E+00  0.21278760E+01  0.17336320E-01
  0.16938230E+01  0.67969782E+00  0.21278653E+01  0.17335886E-01
  0.16938149E+01  0.67969857E+00  0.21278479E+01  0.17334461E-01
  0.16938017E+01  0.67968457E+00  0.21278210E+01  0.17332735E-01
  0.16937304E+01  0.67964645E+00  0.21276955E+01  0.17332659E-01
  0.16935303E+01  0.67947799E+00  0.21273494E+01  0.17335391E-01
  0.16928355E+01  0.67894102E+00  0.21261354E+01  0.17339043E-01
  0.16905635E+01  0.67716132E+00  0.21221422E+01  0.17339410E-01
  0.16831396E+01  0.67132484E+00  0.21090922E+01  0.17332405E-01
  0.16592996E+01  0.65244149E+00  0.20673121E+01  0.17295450E-01
  0.15867543E+01  0.59395000E+00  0.19412852E+01  0.16983353E-01
  0.14041884E+01  0.43061846E+00  0.16320246E+01  0.14578098E-01
  0.11368112E+01  0.15860743E+00  0.12026343E+01  0.49964273E-02
  0.10302318E+01  0.35696493E-01  0.10429462E+01  0.35232075E-03
  0.10061459E+01  0.72694218E-02  0.10086297E+01  0.14771470E-04
  0.10012195E+01  0.14428455E-02  0.10017083E+01  0.57975860E-06
  0.10002408E+01  0.28486181E-03  0.10003371E+01  0.22572447E-07
  0.10000475E+01  0.56187677E-04  0.10000665E+01  0.87796481E-09
  0.10000094E+01  0.11080896E-04  0.10000131E+01  0.34146685E-10
  0.10000018E+01  0.21852302E-05  0.10000026E+01  0.13273826E-11
  0.10000004E+01  0.43094329E-06  0.10000005E+01  0.51958438E-13
  0.10000001E+01  0.84985468E-07  0.10000001E+01  0.28865799E-14
  0.10000000E+01  0.16759841E-07  0.10000000E+01  0.66613381E-15
  0.10000000E+01  0.33051793E-08  0.10000000E+01  0.88817842E-15
  0.10000000E+01  0.65180856E-09  0.10000000E+01 -0.44408921E-15
  0.10000000E+01  0.12854171E-09  0.10000000E+01 -0.88817842E-15
  0.10000000E+01  0.25349706E-10  0.10000000E+01  0.11102230E-14
  0.10000000E+01  0.49988157E-11  0.10000000E+01  0.44408921E-15
  0.10000000E+01  0.98572048E-12  0.10000000E+01  0.22204460E-14
  0.10000000E+01  0.19492136E-12  0.10000000E+01  0.19984014E-14
  0.10000000E+01  0.38532640E-13  0.10000000E+01  0.11102230E-14
  0.10000000E+01  0.75382732E-14  0.10000000E+01  0.88817842E-15
  0.10000000E+01  0.13504692E-14  0.10000000E+01  0.66613381E-15
  0.10000000E+01  0.15497194E-15  0.10000000E+01  0.00000000E+00
  0.10000000E+01  0.00000000E+00  0.10000000E+01  0.00000000E+00
  0.10000000E+01  0.00000000E+00  0.10000000E+01  0.00000000E+00
  0.10000000E+01  0.00000000E+00  0.10000000E+01  0.00000000E+00
  0.10000000E+01  0.00000000E+00  0.10000000E+01  0.00000000E+00
  0.10000000E+01  0.00000000E+00  0.10000000E+01  0.00000000E+00
  0.10000000E+01  0.00000000E+00  0.10000000E+01  0.00000000E+00
  0.10000000E+01  0.00000000E+00  0.10000000E+01  0.00000000E+00
  0.10000000E+01  0.00000000E+00  0.10000000E+01  0.00000000E+00
  0.10000000E+01  0.00000000E+00  0.10000000E+01  0.00000000E+00
  0.10000000E+01  0.00000000E+00  0.10000000E+01  0.00000000E+00
  0.10000000E+01  0.00000000E+00  0.10000000E+01  0.00000000E+00
  0.10000000E+01  0.00000000E+00  0.10000000E+01  0.00000000E+00
  0.10000000E+01  0.00000000E+00  0.10000000E+01  0.00000000E+00
  0.10000000E+01  0.00000000E+00  0.10000000E+01  0.00000000E+00
  0.10000000E+01  0.00000000E+00  0.10000000E+01  0.00000000E+00
  0.10000000E+01  0.00000000E+00  0.10000000E+01  0.00000000E+00
  0.10000000E+01  0.00000000E+00  0.10000000E+01  0.00000000E+00
  0.10000000E+01  0.00000000E+00  0.10000000E+01  0.00000000E+00
  0.10000000E+01  0.00000000E+00  0.10000000E+01  0.00000000E+00
  0.10000000E+01  0.00000000E+00  0.10000000E+01  0.00000000E+00
  0.10000000E+01  0.00000000E+00  0.10000000E+01  0.00000000E+00
  0.10000000E+01  0.00000000E+00  0.10000000E+01  0.00000000E+00
  0.10000000E+01  0.00000000E+00  0.10000000E+01  0.00000000E+00
  0.10000000E+01  0.00000000E+00  0.10000000E+01  0.00000000E+00
  0.10000000E+01  0.00000000E+00  0.10000000E+01  0.00000000E+00
  0.10000000E+01  0.00000000E+00  0.10000000E+01  0.00000000E+00
  0.10000000E+01  0.00000000E+00  0.10000000E+01  0.00000000E+00
  0.10000000E+01  0.00000000E+00  0.10000000E+01  0.00000000E+00
  0.10000000E+01  0.00000000E+00  0.10000000E+01  0.00000000E+00
  0.10000000E+01  0.00000000E+00  0.10000000E+01  0.00000000E+00
  0.10000000E+01  0.00000000E+00  0.10000000E+01  0.00000000E+00
  0.10000000E+01  0.00000000E+00  0.10000000E+01  0.00000000E+00
  0.10000000E+01  0.00000000E+00  0.10000000E+01  0.00000000E+00
  0.10000000E+01  0.00000000E+00  0.10000000E+01  0.00000000E+00
  0.10000000E+01  0.00000000E+00  0.10000000E+01  0.00000000E+00
  0.10000000E+01  0.00000000E+00  0.10000000E+01  0.00000000E+00
  0.10000000E+01  0.00000000E+00  0.10000000E+01  0.00000000E+00
  0.10000000E+01  0.00000000E+00  0.10000000E+01  0.00000000E+00
  0.10000000E+01  0.00000000E+00  0.10000000E+01  0.00000000E+00
  0.10000000E+01  0.00000000E+00  0.10000000E+01  0.00000000E+00
  0.10000000E+01  0.00000000E+00  0.10000000E+01  0.00000000E+00
  0.10000000E+01  0.00000000E+00  0.10000000E+01  0.00000000E+00
  0.10000000E+01  0.00000000E+00  0.10000000E+01  0.00000000E+00
  0.10000000E+01  0.00000000E+00  0.10000000E+01  0.00000000E+00
  0.10000000E+01  0.00000000E+00  0.10000000E+01  0.00000000E+00
  0.10000000E+01  0.00000000E+00  0.10000000E+01  0.00000000E+00
  0.10000000E+01  0.00000000E+00  0.10000000E+01  0.00000000E+00
  0.10000000E+01  0.00000000E+00  0.10000000E+01  0.00000000E+00
  0.10000000E+01  0.00000000E+00  0.10000000E+01  0.00000000E+00
  0.10000000E+01  0.00000000E+00  0.10000000E+01  0.00000000E+00
  0.10000000E+01  0.00000000E+00  0.10000000E+01  0.00000000E+00
  0.10000000E+01  0.00000000E+00  0.10000000E+01  0.00000000E+00
  0.10000000E+01  0.00000000E+00  0.10000000E+01  0.00000000E+00
  0.10000000E+01  0.00000000E+00  0.10000000E+01  0.00000000E+00
  0.10000000E+01  0.00000000E+00  0.10000000E+01  0.00000000E+00
  0.10000000E+01  0.00000000E+00  0.10000000E+01  0.00000000E+00
  0.10000000E+01  0.00000000E+00  0.10000000E+01  0.00000000E+00
  0.10000000E+01  0.00000000E+00  0.10000000E+01  0.00000000E+00
  0.10000000E+01  0.00000000E+00  0.10000000E+01  0.00000000E+00
  0.10000000E+01  0.00000000E+00  0.10000000E+01  0.00000000E+00
  0.10000000E+01  0.00000000E+00  0.10000000E+01  0.00000000E+00
  0.10000000E+01  0.00000000E+00  0.10000000E+01  0.00000000E+00
  0.10000000E+01  0.00000000E+00  0.10000000E+01  0.00000000E+00
  0.10000000E+01  0.00000000E+00  0.10000000E+01  0.00000000E+00
  0.10000000E+01  0.00000000E+00  0.10000000E+01  0.00000000E+00
  0.10000000E+01  0.00000000E+00  0.10000000E+01  0.00000000E+00
  0.10000000E+01  0.00000000E+00  0.10000000E+01  0.00000000E+00
  0.10000000E+01  0.00000000E+00  0.10000000E+01  0.00000000E+00
  0.10000000E+01  0.00000000E+00  0.10000000E+01  0.00000000E+00
  0.10000000E+01  0.00000000E+00  0.10000000E+01  0.00000000E+00
  0.10000000E+01  0.00000000E+00  0.10000000E+01  0.00000000E+00
  0.10000000E+01  0.00000000E+00  0.10000000E+01  0.00000000E+00
  0.10000000E+01  0.00000000E+00  0.10000000E+01  0.00000000E+00
  0.10000000E+01  0.00000000E+00  0.10000000E+01  0.00000000E+00
  0.10000000E+01  0.00000000E+00  0.10000000E+01  0.00000000E+00
  0.10000000E+01  0.00000000E+00  0.10000000E+01  0.00000000E+00
  0.10000000E+01  0.00000000E+00  0.10000000E+01  0.00000000E+00
  0.10000000E+01  0.00000000E+00  0.10000000E+01  0.00000000E+00
  0.10000000E+01  0.00000000E+00  0.10000000E+01  0.00000000E+00
  0.10000000E+01  0.00000000E+00  0.10000000E+01  0.00000000E+00
  0.10000000E+01  0.00000000E+00  0.10000000E+01  0.00000000E+00
  0.10000000E+01  0.00000000E+00  0.10000000E+01  0.00000000E+00
  0.10000000E+01  0.00000000E+00  0.10000000E+01  0.00000000E+00
  0.10000000E+01  0.00000000E+00  0.10000000E+01  0.00000000E+00
  0.10000000E+01  0.00000000E+00  0.10000000E+01  0.00000000E+00
  0.10000000E+01  0.00000000E+00  0.10000000E+01  0.00000000E+00
  0.10000000E+01  0.00000000E+00  0.10000000E+01  0.00000000E+00
  0.10000000E+01  0.00000000E+00  0.10000000E+01  0.00000000E+00
  0.10000000E+01  0.00000000E+00  0.10000000E+01  0.00000000E+00
  0.10000000E+01  0.00000000E+00  0.10000000E+01  0.00000000E+00
  0.10000000E+01  0.00000000E+00  0.10000000E+01  0.00000000E+00
  0.10000000E+01  0.00000000E+00  0.10000000E+01  0.00000000E+00
  0.10000000E+01  0.00000000E+00  0.10000000E+01  0.00000000E+00
  0.10000000E+01  0.00000000E+00  0.10000000E+01  0.00000000E+00
  0.10000000E+01  0.00000000E+00  0.10000000E+01  0.00000000E+00
  0.10000000E+01  0.00000000E+00  0.10000000E+01  0.00000000E+00
  0.10000000E+01  0.00000000E+00  0.10000000E+01  0.00000000E+00
  0.10000000E+01  0.00000000E+00  0.10000000E+01  0.00000000E+00
  0.10000000E+01  0.00000000E+00  0.10000000E+01  0.00000000E+00
  0.10000000E+01  0.00000000E+00  0.10000000E+01  0.00000000E+00
  0.10000000E+01  0.00000000E+00  0.10000000E+01  0.00000000E+00
  0.10000000E+01  0.00000000E+00  0.10000000E+01  0.00000000E+00
  0.10000000E+01  0.00000000E+00  0.10000000E+01  0.00000000E+00
