 -0.99800000E+00
 -0.99400000E+00
 -0.99000000E+00
 -0.98600000E+00
 -0.98200000E+00
 -0.97800000E+00
 -0.97400000E+00
 -0.97000000E+00
 -0.96600000E+00
 -0.96200000E+00
 -0.95800000E+00
 -0.95400000E+00
 -0.95000000E+00
 -0.94600000E+00
 -0.94200000E+00
 -0.93800000E+00
 -0.93400000E+00
 -0.93000000E+00
 -0.92600000E+00
 -0.92200000E+00
 -0.91800000E+00
 -0.91400000E+00
 -0.91000000E+00
 -0.90600000E+00
 -0.90200000E+00
 -0.89800000E+00
 -0.89400000E+00
 -0.89000000E+00
 -0.88600000E+00
 -0.88200000E+00
 -0.87800000E+00
 -0.87400000E+00
 -0.87000000E+00
 -0.86600000E+00
 -0.86200000E+00
 -0.85800000E+00
 -0.85400000E+00
 -0.85000000E+00
 -0.84600000E+00
 -0.84200000E+00
 -0.83800000E+00
 -0.83400000E+00
 -0.83000000E+00
 -0.82600000E+00
 -0.82200000E+00
 -0.81800000E+00
 -0.81400000E+00
 -0.81000000E+00
 -0.80600000E+00
 -0.80200000E+00
 -0.79800000E+00
 -0.79400000E+00
 -0.79000000E+00
 -0.78600000E+00
 -0.78200000E+00
 -0.77800000E+00
 -0.77400000E+00
 -0.77000000E+00
 -0.76600000E+00
 -0.76200000E+00
 -0.75800000E+00
 -0.75400000E+00
 -0.75000000E+00
 -0.74600000E+00
 -0.74200000E+00
 -0.73800000E+00
 -0.73400000E+00
 -0.73000000E+00
 -0.72600000E+00
 -0.72200000E+00
 -0.71800000E+00
 -0.71400000E+00
 -0.71000000E+00
 -0.70600000E+00
 -0.70200000E+00
 -0.69800000E+00
 -0.69400000E+00
 -0.69000000E+00
 -0.68600000E+00
 -0.68200000E+00
 -0.67800000E+00
 -0.67400000E+00
 -0.67000000E+00
 -0.66600000E+00
 -0.66200000E+00
 -0.65800000E+00
 -0.65400000E+00
 -0.65000000E+00
 -0.64600000E+00
 -0.64200000E+00
 -0.63800000E+00
 -0.63400000E+00
 -0.63000000E+00
 -0.62600000E+00
 -0.62200000E+00
 -0.61800000E+00
 -0.61400000E+00
 -0.61000000E+00
 -0.60600000E+00
 -0.60200000E+00
 -0.59800000E+00
 -0.59400000E+00
 -0.59000000E+00
 -0.58600000E+00
 -0.58200000E+00
 -0.57800000E+00
 -0.57400000E+00
 -0.57000000E+00
 -0.56600000E+00
 -0.56200000E+00
 -0.55800000E+00
 -0.55400000E+00
 -0.55000000E+00
 -0.54600000E+00
 -0.54200000E+00
 -0.53800000E+00
 -0.53400000E+00
 -0.53000000E+00
 -0.52600000E+00
 -0.52200000E+00
 -0.51800000E+00
 -0.51400000E+00
 -0.51000000E+00
 -0.50600000E+00
 -0.50200000E+00
 -0.49800000E+00
 -0.49400000E+00
 -0.49000000E+00
 -0.48600000E+00
 -0.48200000E+00
 -0.47800000E+00
 -0.47400000E+00
 -0.47000000E+00
 -0.46600000E+00
 -0.46200000E+00
 -0.45800000E+00
 -0.45400000E+00
 -0.45000000E+00
 -0.44600000E+00
 -0.44200000E+00
 -0.43800000E+00
 -0.43400000E+00
 -0.43000000E+00
 -0.42600000E+00
 -0.42200000E+00
 -0.41800000E+00
 -0.41400000E+00
 -0.41000000E+00
 -0.40600000E+00
 -0.40200000E+00
 -0.39800000E+00
 -0.39400000E+00
 -0.39000000E+00
 -0.38600000E+00
 -0.38200000E+00
 -0.37800000E+00
 -0.37400000E+00
 -0.37000000E+00
 -0.36600000E+00
 -0.36200000E+00
 -0.35800000E+00
 -0.35400000E+00
 -0.35000000E+00
 -0.34600000E+00
 -0.34200000E+00
 -0.33800000E+00
 -0.33400000E+00
 -0.33000000E+00
 -0.32600000E+00
 -0.32200000E+00
 -0.31800000E+00
 -0.31400000E+00
 -0.31000000E+00
 -0.30600000E+00
 -0.30200000E+00
 -0.29800000E+00
 -0.29400000E+00
 -0.29000000E+00
 -0.28600000E+00
 -0.28200000E+00
 -0.27800000E+00
 -0.27400000E+00
 -0.27000000E+00
 -0.26600000E+00
 -0.26200000E+00
 -0.25800000E+00
 -0.25400000E+00
 -0.25000000E+00
 -0.24600000E+00
 -0.24200000E+00
 -0.23800000E+00
 -0.23400000E+00
 -0.23000000E+00
 -0.22600000E+00
 -0.22200000E+00
 -0.21800000E+00
 -0.21400000E+00
 -0.21000000E+00
 -0.20600000E+00
 -0.20200000E+00
 -0.19800000E+00
 -0.19400000E+00
 -0.19000000E+00
 -0.18600000E+00
 -0.18200000E+00
 -0.17800000E+00
 -0.17400000E+00
 -0.17000000E+00
 -0.16600000E+00
 -0.16200000E+00
 -0.15800000E+00
 -0.15400000E+00
 -0.15000000E+00
 -0.14600000E+00
 -0.14200000E+00
 -0.13800000E+00
 -0.13400000E+00
 -0.13000000E+00
 -0.12600000E+00
 -0.12200000E+00
 -0.11800000E+00
 -0.11400000E+00
 -0.11000000E+00
 -0.10600000E+00
 -0.10200000E+00
 -0.98000000E-01
 -0.94000000E-01
 -0.90000000E-01
 -0.86000000E-01
 -0.82000000E-01
 -0.78000000E-01
 -0.74000000E-01
 -0.70000000E-01
 -0.66000000E-01
 -0.62000000E-01
 -0.58000000E-01
 -0.54000000E-01
 -0.50000000E-01
 -0.46000000E-01
 -0.42000000E-01
 -0.38000000E-01
 -0.34000000E-01
 -0.30000000E-01
 -0.26000000E-01
 -0.22000000E-01
 -0.18000000E-01
 -0.14000000E-01
 -0.10000000E-01
 -0.60000000E-02
 -0.20000000E-02
  0.20000000E-02
  0.60000000E-02
  0.10000000E-01
  0.14000000E-01
  0.18000000E-01
  0.22000000E-01
  0.26000000E-01
  0.30000000E-01
  0.34000000E-01
  0.38000000E-01
  0.42000000E-01
  0.46000000E-01
  0.50000000E-01
  0.54000000E-01
  0.58000000E-01
  0.62000000E-01
  0.66000000E-01
  0.70000000E-01
  0.74000000E-01
  0.78000000E-01
  0.82000000E-01
  0.86000000E-01
  0.90000000E-01
  0.94000000E-01
  0.98000000E-01
  0.10200000E+00
  0.10600000E+00
  0.11000000E+00
  0.11400000E+00
  0.11800000E+00
  0.12200000E+00
  0.12600000E+00
  0.13000000E+00
  0.13400000E+00
  0.13800000E+00
  0.14200000E+00
  0.14600000E+00
  0.15000000E+00
  0.15400000E+00
  0.15800000E+00
  0.16200000E+00
  0.16600000E+00
  0.17000000E+00
  0.17400000E+00
  0.17800000E+00
  0.18200000E+00
  0.18600000E+00
  0.19000000E+00
  0.19400000E+00
  0.19800000E+00
  0.20200000E+00
  0.20600000E+00
  0.21000000E+00
  0.21400000E+00
  0.21800000E+00
  0.22200000E+00
  0.22600000E+00
  0.23000000E+00
  0.23400000E+00
  0.23800000E+00
  0.24200000E+00
  0.24600000E+00
  0.25000000E+00
  0.25400000E+00
  0.25800000E+00
  0.26200000E+00
  0.26600000E+00
  0.27000000E+00
  0.27400000E+00
  0.27800000E+00
  0.28200000E+00
  0.28600000E+00
  0.29000000E+00
  0.29400000E+00
  0.29800000E+00
  0.30200000E+00
  0.30600000E+00
  0.31000000E+00
  0.31400000E+00
  0.31800000E+00
  0.32200000E+00
  0.32600000E+00
  0.33000000E+00
  0.33400000E+00
  0.33800000E+00
  0.34200000E+00
  0.34600000E+00
  0.35000000E+00
  0.35400000E+00
  0.35800000E+00
  0.36200000E+00
  0.36600000E+00
  0.37000000E+00
  0.37400000E+00
  0.37800000E+00
  0.38200000E+00
  0.38600000E+00
  0.39000000E+00
  0.39400000E+00
  0.39800000E+00
  0.40200000E+00
  0.40600000E+00
  0.41000000E+00
  0.41400000E+00
  0.41800000E+00
  0.42200000E+00
  0.42600000E+00
  0.43000000E+00
  0.43400000E+00
  0.43800000E+00
  0.44200000E+00
  0.44600000E+00
  0.45000000E+00
  0.45400000E+00
  0.45800000E+00
  0.46200000E+00
  0.46600000E+00
  0.47000000E+00
  0.47400000E+00
  0.47800000E+00
  0.48200000E+00
  0.48600000E+00
  0.49000000E+00
  0.49400000E+00
  0.49800000E+00
  0.50200000E+00
  0.50600000E+00
  0.51000000E+00
  0.51400000E+00
  0.51800000E+00
  0.52200000E+00
  0.52600000E+00
  0.53000000E+00
  0.53400000E+00
  0.53800000E+00
  0.54200000E+00
  0.54600000E+00
  0.55000000E+00
  0.55400000E+00
  0.55800000E+00
  0.56200000E+00
  0.56600000E+00
  0.57000000E+00
  0.57400000E+00
  0.57800000E+00
  0.58200000E+00
  0.58600000E+00
  0.59000000E+00
  0.59400000E+00
  0.59800000E+00
  0.60200000E+00
  0.60600000E+00
  0.61000000E+00
  0.61400000E+00
  0.61800000E+00
  0.62200000E+00
  0.62600000E+00
  0.63000000E+00
  0.63400000E+00
  0.63800000E+00
  0.64200000E+00
  0.64600000E+00
  0.65000000E+00
  0.65400000E+00
  0.65800000E+00
  0.66200000E+00
  0.66600000E+00
  0.67000000E+00
  0.67400000E+00
  0.67800000E+00
  0.68200000E+00
  0.68600000E+00
  0.69000000E+00
  0.69400000E+00
  0.69800000E+00
  0.70200000E+00
  0.70600000E+00
  0.71000000E+00
  0.71400000E+00
  0.71800000E+00
  0.72200000E+00
  0.72600000E+00
  0.73000000E+00
  0.73400000E+00
  0.73800000E+00
  0.74200000E+00
  0.74600000E+00
  0.75000000E+00
  0.75400000E+00
  0.75800000E+00
  0.76200000E+00
  0.76600000E+00
  0.77000000E+00
  0.77400000E+00
  0.77800000E+00
  0.78200000E+00
  0.78600000E+00
  0.79000000E+00
  0.79400000E+00
  0.79800000E+00
  0.80200000E+00
  0.80600000E+00
  0.81000000E+00
  0.81400000E+00
  0.81800000E+00
  0.82200000E+00
  0.82600000E+00
  0.83000000E+00
  0.83400000E+00
  0.83800000E+00
  0.84200000E+00
  0.84600000E+00
  0.85000000E+00
  0.85400000E+00
  0.85800000E+00
  0.86200000E+00
  0.86600000E+00
  0.87000000E+00
  0.87400000E+00
  0.87800000E+00
  0.88200000E+00
  0.88600000E+00
  0.89000000E+00
  0.89400000E+00
  0.89800000E+00
  0.90200000E+00
  0.90600000E+00
  0.91000000E+00
  0.91400000E+00
  0.91800000E+00
  0.92200000E+00
  0.92600000E+00
  0.93000000E+00
  0.93400000E+00
  0.93800000E+00
  0.94200000E+00
  0.94600000E+00
  0.95000000E+00
  0.95400000E+00
  0.95800000E+00
  0.96200000E+00
  0.96600000E+00
  0.97000000E+00
  0.97400000E+00
  0.97800000E+00
  0.98200000E+00
  0.98600000E+00
  0.99000000E+00
  0.99400000E+00
  0.99800000E+00
