  0.50000000E+01  0.00000000E+00  0.50000000E+01 -0.64377513E+00
  0.50000000E+01  0.00000000E+00  0.50000000E+01 -0.64377513E+00
  0.50000000E+01  0.00000000E+00  0.50000000E+01 -0.64377513E+00
  0.50000000E+01  0.00000000E+00  0.50000000E+01 -0.64377513E+00
  0.50000000E+01  0.00000000E+00  0.50000000E+01 -0.64377513E+00
  0.50000000E+01  0.00000000E+00  0.50000000E+01 -0.64377513E+00
  0.50000000E+01  0.00000000E+00  0.50000000E+01 -0.64377513E+00
  0.50000000E+01  0.00000000E+00  0.50000000E+01 -0.64377513E+00
  0.50000000E+01  0.00000000E+00  0.50000000E+01 -0.64377513E+00
  0.50000000E+01  0.00000000E+00  0.50000000E+01 -0.64377513E+00
  0.50000000E+01  0.00000000E+00  0.50000000E+01 -0.64377513E+00
  0.50000000E+01  0.00000000E+00  0.50000000E+01 -0.64377513E+00
  0.50000000E+01  0.00000000E+00  0.50000000E+01 -0.64377513E+00
  0.50000000E+01  0.00000000E+00  0.50000000E+01 -0.64377513E+00
  0.50000000E+01  0.00000000E+00  0.50000000E+01 -0.64377513E+00
  0.50000000E+01  0.00000000E+00  0.50000000E+01 -0.64377513E+00
  0.50000000E+01  0.00000000E+00  0.50000000E+01 -0.64377513E+00
  0.50000000E+01  0.00000000E+00  0.50000000E+01 -0.64377513E+00
  0.50000000E+01  0.00000000E+00  0.50000000E+01 -0.64377513E+00
  0.50000000E+01  0.00000000E+00  0.50000000E+01 -0.64377513E+00
  0.50000000E+01  0.00000000E+00  0.50000000E+01 -0.64377513E+00
  0.50000000E+01  0.00000000E+00  0.50000000E+01 -0.64377513E+00
  0.50000000E+01  0.00000000E+00  0.50000000E+01 -0.64377513E+00
  0.50000000E+01  0.00000000E+00  0.50000000E+01 -0.64377513E+00
  0.50000000E+01  0.00000000E+00  0.50000000E+01 -0.64377513E+00
  0.50000000E+01  0.00000000E+00  0.50000000E+01 -0.64377513E+00
  0.50000000E+01  0.00000000E+00  0.50000000E+01 -0.64377513E+00
  0.50000000E+01  0.00000000E+00  0.50000000E+01 -0.64377513E+00
  0.50000000E+01  0.00000000E+00  0.50000000E+01 -0.64377513E+00
  0.50000000E+01  0.00000000E+00  0.50000000E+01 -0.64377513E+00
  0.50000000E+01  0.00000000E+00  0.50000000E+01 -0.64377513E+00
  0.50000000E+01  0.00000000E+00  0.50000000E+01 -0.64377513E+00
  0.50000000E+01  0.00000000E+00  0.50000000E+01 -0.64377513E+00
  0.50000000E+01  0.00000000E+00  0.50000000E+01 -0.64377513E+00
  0.50000000E+01  0.00000000E+00  0.50000000E+01 -0.64377513E+00
  0.50000000E+01  0.00000000E+00  0.50000000E+01 -0.64377513E+00
  0.50000000E+01  0.00000000E+00  0.50000000E+01 -0.64377513E+00
  0.50000000E+01  0.00000000E+00  0.50000000E+01 -0.64377513E+00
  0.50000000E+01  0.00000000E+00  0.50000000E+01 -0.64377513E+00
  0.50000000E+01  0.00000000E+00  0.50000000E+01 -0.64377513E+00
  0.50000000E+01  0.00000000E+00  0.50000000E+01 -0.64377513E+00
  0.50000000E+01  0.00000000E+00  0.50000000E+01 -0.64377513E+00
  0.50000000E+01  0.00000000E+00  0.50000000E+01 -0.64377513E+00
  0.50000000E+01  0.00000000E+00  0.50000000E+01 -0.64377513E+00
  0.50000000E+01  0.00000000E+00  0.50000000E+01 -0.64377513E+00
  0.50000000E+01  0.00000000E+00  0.50000000E+01 -0.64377513E+00
  0.50000000E+01  0.00000000E+00  0.50000000E+01 -0.64377513E+00
  0.50000000E+01  0.00000000E+00  0.50000000E+01 -0.64377513E+00
  0.50000000E+01  0.00000000E+00  0.50000000E+01 -0.64377513E+00
  0.50000000E+01  0.00000000E+00  0.50000000E+01 -0.64377513E+00
  0.50000000E+01  0.00000000E+00  0.50000000E+01 -0.64377513E+00
  0.50000000E+01  0.00000000E+00  0.50000000E+01 -0.64377513E+00
  0.50000000E+01  0.00000000E+00  0.50000000E+01 -0.64377513E+00
  0.50000000E+01  0.00000000E+00  0.50000000E+01 -0.64377513E+00
  0.50000000E+01  0.00000000E+00  0.50000000E+01 -0.64377513E+00
  0.50000000E+01  0.00000000E+00  0.50000000E+01 -0.64377513E+00
  0.50000000E+01  0.00000000E+00  0.50000000E+01 -0.64377513E+00
  0.50000000E+01  0.00000000E+00  0.50000000E+01 -0.64377513E+00
  0.50000000E+01  0.00000000E+00  0.50000000E+01 -0.64377513E+00
  0.50000000E+01  0.00000000E+00  0.50000000E+01 -0.64377513E+00
  0.50000000E+01  0.00000000E+00  0.50000000E+01 -0.64377513E+00
  0.50000000E+01  0.00000000E+00  0.50000000E+01 -0.64377513E+00
  0.50000000E+01  0.00000000E+00  0.50000000E+01 -0.64377513E+00
  0.50000000E+01  0.00000000E+00  0.50000000E+01 -0.64377513E+00
  0.50000000E+01  0.00000000E+00  0.50000000E+01 -0.64377513E+00
  0.50000000E+01  0.00000000E+00  0.50000000E+01 -0.64377513E+00
  0.50000000E+01  0.00000000E+00  0.50000000E+01 -0.64377513E+00
  0.50000000E+01  0.00000000E+00  0.50000000E+01 -0.64377513E+00
  0.50000000E+01  0.00000000E+00  0.50000000E+01 -0.64377513E+00
  0.50000000E+01  0.00000000E+00  0.50000000E+01 -0.64377513E+00
  0.50000000E+01  0.00000000E+00  0.50000000E+01 -0.64377513E+00
  0.50000000E+01  0.00000000E+00  0.50000000E+01 -0.64377513E+00
  0.50000000E+01  0.00000000E+00  0.50000000E+01 -0.64377513E+00
  0.50000000E+01  0.00000000E+00  0.50000000E+01 -0.64377513E+00
  0.50000000E+01  0.00000000E+00  0.50000000E+01 -0.64377513E+00
  0.50000000E+01  0.00000000E+00  0.50000000E+01 -0.64377513E+00
  0.50000000E+01  0.00000000E+00  0.50000000E+01 -0.64377513E+00
  0.50000000E+01  0.00000000E+00  0.50000000E+01 -0.64377513E+00
  0.50000000E+01  0.00000000E+00  0.50000000E+01 -0.64377513E+00
  0.50000000E+01  0.00000000E+00  0.50000000E+01 -0.64377513E+00
  0.50000000E+01  0.00000000E+00  0.50000000E+01 -0.64377513E+00
  0.50000000E+01  0.00000000E+00  0.50000000E+01 -0.64377513E+00
  0.50000000E+01  0.00000000E+00  0.50000000E+01 -0.64377513E+00
  0.50000000E+01  0.00000000E+00  0.50000000E+01 -0.64377513E+00
  0.50000000E+01  0.00000000E+00  0.50000000E+01 -0.64377513E+00
  0.50000000E+01  0.00000000E+00  0.50000000E+01 -0.64377513E+00
  0.50000000E+01  0.00000000E+00  0.50000000E+01 -0.64377513E+00
  0.50000000E+01  0.00000000E+00  0.50000000E+01 -0.64377513E+00
  0.50000000E+01  0.00000000E+00  0.50000000E+01 -0.64377513E+00
  0.50000000E+01  0.00000000E+00  0.50000000E+01 -0.64377513E+00
  0.50000000E+01  0.00000000E+00  0.50000000E+01 -0.64377513E+00
  0.50000000E+01  0.00000000E+00  0.50000000E+01 -0.64377513E+00
  0.50000000E+01  0.00000000E+00  0.50000000E+01 -0.64377513E+00
  0.50000000E+01  0.00000000E+00  0.50000000E+01 -0.64377513E+00
  0.50000000E+01  0.00000000E+00  0.50000000E+01 -0.64377513E+00
  0.50000000E+01  0.00000000E+00  0.50000000E+01 -0.64377513E+00
  0.50000000E+01  0.00000000E+00  0.50000000E+01 -0.64377513E+00
  0.50000000E+01  0.00000000E+00  0.50000000E+01 -0.64377513E+00
  0.50000000E+01  0.00000000E+00  0.50000000E+01 -0.64377513E+00
  0.50000000E+01  0.00000000E+00  0.50000000E+01 -0.64377513E+00
  0.50000000E+01  0.00000000E+00  0.50000000E+01 -0.64377513E+00
  0.50000000E+01  0.00000000E+00  0.50000000E+01 -0.64377513E+00
  0.50000000E+01  0.00000000E+00  0.50000000E+01 -0.64377513E+00
  0.50000000E+01  0.00000000E+00  0.50000000E+01 -0.64377513E+00
  0.50000000E+01  0.00000000E+00  0.50000000E+01 -0.64377513E+00
  0.50000000E+01  0.00000000E+00  0.50000000E+01 -0.64377513E+00
  0.50000000E+01  0.00000000E+00  0.50000000E+01 -0.64377513E+00
  0.50000000E+01  0.00000000E+00  0.50000000E+01 -0.64377513E+00
  0.50000000E+01  0.00000000E+00  0.50000000E+01 -0.64377513E+00
  0.50000000E+01  0.00000000E+00  0.50000000E+01 -0.64377513E+00
  0.50000000E+01  0.00000000E+00  0.50000000E+01 -0.64377513E+00
  0.50000000E+01  0.00000000E+00  0.50000000E+01 -0.64377513E+00
  0.50000000E+01  0.00000000E+00  0.50000000E+01 -0.64377513E+00
  0.50000000E+01  0.00000000E+00  0.50000000E+01 -0.64377513E+00
  0.50000000E+01  0.00000000E+00  0.50000000E+01 -0.64377513E+00
  0.50000000E+01  0.00000000E+00  0.50000000E+01 -0.64377513E+00
  0.50000000E+01  0.00000000E+00  0.50000000E+01 -0.64377513E+00
  0.50000000E+01  0.00000000E+00  0.50000000E+01 -0.64377513E+00
  0.50000000E+01  0.00000000E+00  0.50000000E+01 -0.64377513E+00
  0.50000000E+01  0.00000000E+00  0.50000000E+01 -0.64377513E+00
  0.50000000E+01  0.00000000E+00  0.50000000E+01 -0.64377513E+00
  0.50000000E+01  0.00000000E+00  0.50000000E+01 -0.64377513E+00
  0.50000000E+01  0.00000000E+00  0.50000000E+01 -0.64377513E+00
  0.50000000E+01  0.00000000E+00  0.50000000E+01 -0.64377513E+00
  0.50000000E+01  0.00000000E+00  0.50000000E+01 -0.64377513E+00
  0.50000000E+01  0.00000000E+00  0.50000000E+01 -0.64377513E+00
  0.50000000E+01  0.00000000E+00  0.50000000E+01 -0.64377513E+00
  0.50000000E+01  0.00000000E+00  0.50000000E+01 -0.64377513E+00
  0.50000000E+01  0.00000000E+00  0.50000000E+01 -0.64377513E+00
  0.50000000E+01  0.00000000E+00  0.50000000E+01 -0.64377513E+00
  0.50000000E+01  0.00000000E+00  0.50000000E+01 -0.64377513E+00
  0.50000000E+01  0.00000000E+00  0.50000000E+01 -0.64377513E+00
  0.50000000E+01  0.00000000E+00  0.50000000E+01 -0.64377513E+00
  0.50000000E+01  0.00000000E+00  0.50000000E+01 -0.64377513E+00
  0.50000000E+01  0.00000000E+00  0.50000000E+01 -0.64377513E+00
  0.50000000E+01  0.00000000E+00  0.50000000E+01 -0.64377513E+00
  0.50000000E+01  0.00000000E+00  0.50000000E+01 -0.64377513E+00
  0.50000000E+01  0.00000000E+00  0.50000000E+01 -0.64377513E+00
  0.50000000E+01  0.00000000E+00  0.50000000E+01 -0.64377513E+00
  0.50000000E+01  0.00000000E+00  0.50000000E+01 -0.64377513E+00
  0.50000000E+01  0.00000000E+00  0.50000000E+01 -0.64377513E+00
  0.50000000E+01  0.00000000E+00  0.50000000E+01 -0.64377513E+00
  0.50000000E+01  0.00000000E+00  0.50000000E+01 -0.64377513E+00
  0.50000000E+01  0.00000000E+00  0.50000000E+01 -0.64377513E+00
  0.50000000E+01  0.00000000E+00  0.50000000E+01 -0.64377513E+00
  0.50000000E+01  0.00000000E+00  0.50000000E+01 -0.64377513E+00
  0.50000000E+01  0.00000000E+00  0.50000000E+01 -0.64377513E+00
  0.50000000E+01  0.00000000E+00  0.50000000E+01 -0.64377513E+00
  0.50000000E+01  0.00000000E+00  0.50000000E+01 -0.64377513E+00
  0.50000000E+01  0.00000000E+00  0.50000000E+01 -0.64377513E+00
  0.50000000E+01  0.00000000E+00  0.50000000E+01 -0.64377513E+00
  0.50000000E+01  0.00000000E+00  0.50000000E+01 -0.64377513E+00
  0.50000000E+01  0.00000000E+00  0.50000000E+01 -0.64377513E+00
  0.50000000E+01  0.00000000E+00  0.50000000E+01 -0.64377513E+00
  0.50000000E+01  0.00000000E+00  0.50000000E+01 -0.64377513E+00
  0.50000000E+01  0.00000000E+00  0.50000000E+01 -0.64377513E+00
  0.50000000E+01  0.00000000E+00  0.50000000E+01 -0.64377513E+00
  0.50000000E+01  0.00000000E+00  0.50000000E+01 -0.64377513E+00
  0.50000000E+01  0.00000000E+00  0.50000000E+01 -0.64377513E+00
  0.50000000E+01  0.00000000E+00  0.50000000E+01 -0.64377513E+00
  0.50000000E+01  0.00000000E+00  0.50000000E+01 -0.64377513E+00
  0.50000000E+01  0.00000000E+00  0.50000000E+01 -0.64377513E+00
  0.50000000E+01  0.00000000E+00  0.50000000E+01 -0.64377513E+00
  0.50000000E+01  0.00000000E+00  0.50000000E+01 -0.64377513E+00
  0.50000000E+01  0.00000000E+00  0.50000000E+01 -0.64377513E+00
  0.50000000E+01  0.00000000E+00  0.50000000E+01 -0.64377513E+00
  0.50000000E+01  0.00000000E+00  0.50000000E+01 -0.64377513E+00
  0.50000000E+01  0.00000000E+00  0.50000000E+01 -0.64377513E+00
  0.50000000E+01  0.00000000E+00  0.50000000E+01 -0.64377513E+00
  0.50000000E+01  0.00000000E+00  0.50000000E+01 -0.64377513E+00
  0.50000000E+01  0.00000000E+00  0.50000000E+01 -0.64377513E+00
  0.50000000E+01  0.00000000E+00  0.50000000E+01 -0.64377513E+00
  0.50000000E+01  0.00000000E+00  0.50000000E+01 -0.64377513E+00
  0.50000000E+01  0.00000000E+00  0.50000000E+01 -0.64377513E+00
  0.50000000E+01  0.00000000E+00  0.50000000E+01 -0.64377513E+00
  0.50000000E+01  0.00000000E+00  0.50000000E+01 -0.64377513E+00
  0.50000000E+01  0.00000000E+00  0.50000000E+01 -0.64377513E+00
  0.50000000E+01  0.00000000E+00  0.50000000E+01 -0.64377513E+00
  0.50000000E+01  0.00000000E+00  0.50000000E+01 -0.64377513E+00
  0.50000000E+01  0.00000000E+00  0.50000000E+01 -0.64377513E+00
  0.50000000E+01  0.00000000E+00  0.50000000E+01 -0.64377513E+00
  0.50000000E+01  0.00000000E+00  0.50000000E+01 -0.64377513E+00
  0.50000000E+01  0.00000000E+00  0.50000000E+01 -0.64377513E+00
  0.50000000E+01  0.00000000E+00  0.50000000E+01 -0.64377513E+00
  0.50000000E+01  0.00000000E+00  0.50000000E+01 -0.64377513E+00
  0.50000000E+01  0.00000000E+00  0.50000000E+01 -0.64377513E+00
  0.50000000E+01  0.00000000E+00  0.50000000E+01 -0.64377513E+00
  0.50000000E+01  0.00000000E+00  0.50000000E+01 -0.64377513E+00
  0.50000000E+01  0.00000000E+00  0.50000000E+01 -0.64377513E+00
  0.50000000E+01  0.13276753E-15  0.50000000E+01 -0.64377513E+00
  0.50000000E+01  0.11152474E-14  0.50000000E+01 -0.64377513E+00
  0.50000000E+01  0.55319698E-14  0.50000000E+01 -0.64377513E+00
  0.50000000E+01  0.23694490E-13  0.50000000E+01 -0.64377513E+00
  0.50000000E+01  0.97300451E-13  0.50000000E+01 -0.64377513E+00
  0.50000000E+01  0.39119309E-12  0.50000000E+01 -0.64377513E+00
  0.50000000E+01  0.15364658E-11  0.50000000E+01 -0.64377513E+00
  0.50000000E+01  0.58890894E-11  0.50000000E+01 -0.64377513E+00
  0.50000000E+01  0.22025060E-10  0.50000000E+01 -0.64377513E+00
  0.50000000E+01  0.80345350E-10  0.50000000E+01 -0.64377513E+00
  0.50000000E+01  0.28570271E-09  0.50000000E+01 -0.64377513E+00
  0.50000000E+01  0.98964406E-09  0.50000000E+01 -0.64377513E+00
  0.50000000E+01  0.33368421E-08  0.50000000E+01 -0.64377513E+00
  0.50000000E+01  0.10943132E-07  0.49999999E+01 -0.64377513E+00
  0.49999999E+01  0.34875984E-07  0.49999998E+01 -0.64377513E+00
  0.49999995E+01  0.10791660E-06  0.49999994E+01 -0.64377513E+00
  0.49999986E+01  0.32388344E-06  0.49999981E+01 -0.64377513E+00
  0.49999960E+01  0.94177656E-06  0.49999944E+01 -0.64377513E+00
  0.49999888E+01  0.26499443E-05  0.49999843E+01 -0.64377513E+00
  0.49999696E+01  0.72055853E-05  0.49999574E+01 -0.64377513E+00
  0.49999201E+01  0.18905671E-04  0.49998882E+01 -0.64377513E+00
  0.49997981E+01  0.47782973E-04  0.49997173E+01 -0.64377513E+00
  0.49995093E+01  0.11611530E-03  0.49993131E+01 -0.64377513E+00
  0.49988561E+01  0.27071734E-03  0.49983986E+01 -0.64377512E+00
  0.49974476E+01  0.60411762E-03  0.49964271E+01 -0.64377511E+00
  0.49945637E+01  0.12869923E-02  0.49923912E+01 -0.64377505E+00
  0.49889790E+01  0.26102609E-02  0.49845787E+01 -0.64377486E+00
  0.49787952E+01  0.50263509E-02  0.49703425E+01 -0.64377432E+00
  0.49613836E+01  0.91665386E-02  0.49460314E+01 -0.64377295E+00
  0.49335793E+01  0.15802755E-01  0.49072837E+01 -0.64377004E+00
  0.48922198E+01  0.25731674E-01  0.48498107E+01 -0.64376490E+00
  0.48349499E+01  0.39595228E-01  0.47705503E+01 -0.64375736E+00
  0.47609859E+01  0.57701231E-01  0.46687355E+01 -0.64374838E+00
  0.46714363E+01  0.79932431E-01  0.45462985E+01 -0.64373981E+00
  0.45689585E+01  0.10580036E+00  0.44073156E+01 -0.64373356E+00
  0.44568882E+01  0.13462864E+00  0.42567269E+01 -0.64373055E+00
  0.43381713E+01  0.16580514E+00  0.40988403E+01 -0.64372995E+00
  0.42155133E+01  0.19867161E+00  0.39374549E+01 -0.64374533E+00
  0.40941979E+01  0.23172888E+00  0.37795941E+01 -0.64378252E+00
  0.39768877E+01  0.26477572E+00  0.36288099E+01 -0.64379456E+00
  0.38626535E+01  0.29754236E+00  0.34836812E+01 -0.64380655E+00
  0.37517909E+01  0.33015790E+00  0.33444742E+01 -0.64381711E+00
  0.36443750E+01  0.36267488E+00  0.32111599E+01 -0.64382663E+00
  0.35397866E+01  0.39491859E+00  0.30828643E+01 -0.64383387E+00
  0.34378427E+01  0.42679450E+00  0.29592402E+01 -0.64384924E+00
  0.33396197E+01  0.45858504E+00  0.28416793E+01 -0.64380453E+00
  0.32464142E+01  0.49030236E+00  0.27308385E+01 -0.64396276E+00
  0.31534756E+01  0.52064551E+00  0.26228486E+01 -0.64364632E+00
  0.30663215E+01  0.54996607E+00  0.25211261E+01 -0.64396441E+00
  0.29901596E+01  0.58003988E+00  0.24343272E+01 -0.64378700E+00
  0.29143418E+01  0.60548337E+00  0.23487759E+01 -0.64360728E+00
  0.28467764E+01  0.62702763E+00  0.22723842E+01 -0.64383258E+00
  0.28035954E+01  0.64933582E+00  0.22245356E+01 -0.64371553E+00
  0.27633076E+01  0.66301161E+00  0.21804463E+01 -0.64347011E+00
  0.27328646E+01  0.66978322E+00  0.21457927E+01 -0.64398147E+00
  0.27229107E+01  0.67665704E+00  0.21355156E+01 -0.64367384E+00
  0.27194598E+01  0.68049395E+00  0.21326298E+01 -0.64325067E+00
  0.27154504E+01  0.68072250E+00  0.21280258E+01 -0.64334622E+00
  0.27128999E+01  0.68001588E+00  0.21248731E+01 -0.64351330E+00
  0.27122981E+01  0.67974991E+00  0.21244217E+01 -0.64341516E+00
  0.27127205E+01  0.67992248E+00  0.21254132E+01 -0.64316659E+00
  0.27141532E+01  0.68041452E+00  0.21272733E+01 -0.64303096E+00
  0.27150273E+01  0.68047230E+00  0.21279629E+01 -0.64315763E+00
  0.27149668E+01  0.68023888E+00  0.21277869E+01 -0.64320916E+00
  0.27138721E+01  0.67981910E+00  0.21269543E+01 -0.64303591E+00
  0.27130786E+01  0.67965598E+00  0.21267765E+01 -0.64271014E+00
  0.27130288E+01  0.67970356E+00  0.21271058E+01 -0.64252958E+00
  0.27134662E+01  0.67990432E+00  0.21278009E+01 -0.64242857E+00
  0.27134912E+01  0.67996307E+00  0.21280685E+01 -0.64231574E+00
  0.27126699E+01  0.67989980E+00  0.21279867E+01 -0.64193036E+00
  0.27104908E+01  0.67973175E+00  0.21276023E+01 -0.64098589E+00
  0.27067426E+01  0.67963553E+00  0.21274149E+01 -0.63913673E+00
  0.26998677E+01  0.67963616E+00  0.21274941E+01 -0.63553903E+00
  0.26850590E+01  0.67970785E+00  0.21277402E+01 -0.62772330E+00
  0.26529203E+01  0.67976814E+00  0.21279326E+01 -0.61077453E+00
  0.25886451E+01  0.67976480E+00  0.21279392E+01 -0.57643447E+00
  0.24743106E+01  0.67972696E+00  0.21278578E+01 -0.51323076E+00
  0.22946071E+01  0.67967910E+00  0.21277567E+01 -0.40771801E+00
  0.20521828E+01  0.67966896E+00  0.21277615E+01 -0.25139512E+00
  0.18612784E+01  0.67968439E+00  0.21278179E+01 -0.11467200E+00
  0.17617953E+01  0.67973387E+00  0.21279500E+01 -0.37707635E-01
  0.17161055E+01  0.67977030E+00  0.21280501E+01 -0.87433695E-03
  0.16980497E+01  0.67976847E+00  0.21280711E+01  0.13943481E-01
  0.16923359E+01  0.67974857E+00  0.21280423E+01  0.18648805E-01
  0.16912389E+01  0.67970566E+00  0.21279408E+01  0.19508839E-01
  0.16914236E+01  0.67967896E+00  0.21278639E+01  0.19319825E-01
  0.16923004E+01  0.67968435E+00  0.21278436E+01  0.18584766E-01
  0.16933021E+01  0.67970618E+00  0.21278720E+01  0.17769685E-01
  0.16937131E+01  0.67974571E+00  0.21279553E+01  0.17469018E-01
  0.16938421E+01  0.67976062E+00  0.21279920E+01  0.17379719E-01
  0.16938561E+01  0.67975633E+00  0.21279775E+01  0.17361313E-01
  0.16938247E+01  0.67972879E+00  0.21279078E+01  0.17354551E-01
  0.16937670E+01  0.67967654E+00  0.21277909E+01  0.17347255E-01
  0.16937614E+01  0.67965579E+00  0.21277454E+01  0.17330497E-01
  0.16937730E+01  0.67965081E+00  0.21277269E+01  0.17312243E-01
  0.16937746E+01  0.67962730E+00  0.21276985E+01  0.17297559E-01
  0.16936635E+01  0.67952171E+00  0.21274887E+01  0.17290774E-01
  0.16930990E+01  0.67908593E+00  0.21265211E+01  0.17302542E-01
  0.16910066E+01  0.67749063E+00  0.21228963E+01  0.17327807E-01
  0.16839732E+01  0.67198859E+00  0.21105952E+01  0.17351631E-01
  0.16611071E+01  0.65393618E+00  0.20705590E+01  0.17340636E-01
  0.15911769E+01  0.59760773E+00  0.19490063E+01  0.17056145E-01
  0.14132248E+01  0.43919843E+00  0.16470748E+01  0.14777021E-01
  0.11439568E+01  0.16659851E+00  0.12136808E+01  0.53673486E-02
  0.10319129E+01  0.37676576E-01  0.10453711E+01  0.39206440E-03
  0.10064936E+01  0.76804985E-02  0.10091195E+01  0.16496574E-04
  0.10012889E+01  0.15249264E-02  0.10018056E+01  0.64769442E-06
  0.10002545E+01  0.30108663E-03  0.10003563E+01  0.25219946E-07
  0.10000502E+01  0.59383829E-04  0.10000703E+01  0.98099684E-09
  0.10000099E+01  0.11707437E-04  0.10000139E+01  0.38146375E-10
  0.10000019E+01  0.23069329E-05  0.10000027E+01  0.14848123E-11
  0.10000004E+01  0.45422523E-06  0.10000005E+01  0.58175686E-13
  0.10000001E+01  0.89333532E-07  0.10000001E+01  0.28865799E-14
  0.10000000E+01  0.17541943E-07  0.10000000E+01 -0.22204460E-15
  0.10000000E+01  0.34375315E-08  0.10000000E+01  0.00000000E+00
  0.10000000E+01  0.67186713E-09  0.10000000E+01 -0.66613381E-15
  0.10000000E+01  0.13089659E-09  0.10000000E+01  0.66613381E-15
  0.10000000E+01  0.25404102E-10  0.10000000E+01  0.26645353E-14
  0.10000000E+01  0.49081059E-11  0.10000000E+01  0.11102230E-14
  0.10000000E+01  0.94317852E-12  0.10000000E+01  0.66613381E-15
  0.10000000E+01  0.18008773E-12  0.10000000E+01  0.44408921E-15
  0.10000000E+01  0.34099070E-13  0.10000000E+01  0.88817842E-15
  0.10000000E+01  0.63949647E-14  0.10000000E+01  0.11102230E-14
  0.10000000E+01  0.10178850E-14  0.10000000E+01  0.11102230E-14
  0.10000000E+01  0.88511646E-16  0.10000000E+01  0.00000000E+00
  0.10000000E+01  0.00000000E+00  0.10000000E+01  0.00000000E+00
  0.10000000E+01  0.00000000E+00  0.10000000E+01  0.00000000E+00
  0.10000000E+01  0.00000000E+00  0.10000000E+01  0.00000000E+00
  0.10000000E+01  0.00000000E+00  0.10000000E+01  0.00000000E+00
  0.10000000E+01  0.00000000E+00  0.10000000E+01  0.00000000E+00
  0.10000000E+01  0.00000000E+00  0.10000000E+01  0.00000000E+00
  0.10000000E+01  0.00000000E+00  0.10000000E+01  0.00000000E+00
  0.10000000E+01  0.00000000E+00  0.10000000E+01  0.00000000E+00
  0.10000000E+01  0.00000000E+00  0.10000000E+01  0.00000000E+00
  0.10000000E+01  0.00000000E+00  0.10000000E+01  0.00000000E+00
  0.10000000E+01  0.00000000E+00  0.10000000E+01  0.00000000E+00
  0.10000000E+01  0.00000000E+00  0.10000000E+01  0.00000000E+00
  0.10000000E+01  0.00000000E+00  0.10000000E+01  0.00000000E+00
  0.10000000E+01  0.00000000E+00  0.10000000E+01  0.00000000E+00
  0.10000000E+01  0.00000000E+00  0.10000000E+01  0.00000000E+00
  0.10000000E+01  0.00000000E+00  0.10000000E+01  0.00000000E+00
  0.10000000E+01  0.00000000E+00  0.10000000E+01  0.00000000E+00
  0.10000000E+01  0.00000000E+00  0.10000000E+01  0.00000000E+00
  0.10000000E+01  0.00000000E+00  0.10000000E+01  0.00000000E+00
  0.10000000E+01  0.00000000E+00  0.10000000E+01  0.00000000E+00
  0.10000000E+01  0.00000000E+00  0.10000000E+01  0.00000000E+00
  0.10000000E+01  0.00000000E+00  0.10000000E+01  0.00000000E+00
  0.10000000E+01  0.00000000E+00  0.10000000E+01  0.00000000E+00
  0.10000000E+01  0.00000000E+00  0.10000000E+01  0.00000000E+00
  0.10000000E+01  0.00000000E+00  0.10000000E+01  0.00000000E+00
  0.10000000E+01  0.00000000E+00  0.10000000E+01  0.00000000E+00
  0.10000000E+01  0.00000000E+00  0.10000000E+01  0.00000000E+00
  0.10000000E+01  0.00000000E+00  0.10000000E+01  0.00000000E+00
  0.10000000E+01  0.00000000E+00  0.10000000E+01  0.00000000E+00
  0.10000000E+01  0.00000000E+00  0.10000000E+01  0.00000000E+00
  0.10000000E+01  0.00000000E+00  0.10000000E+01  0.00000000E+00
  0.10000000E+01  0.00000000E+00  0.10000000E+01  0.00000000E+00
  0.10000000E+01  0.00000000E+00  0.10000000E+01  0.00000000E+00
  0.10000000E+01  0.00000000E+00  0.10000000E+01  0.00000000E+00
  0.10000000E+01  0.00000000E+00  0.10000000E+01  0.00000000E+00
  0.10000000E+01  0.00000000E+00  0.10000000E+01  0.00000000E+00
  0.10000000E+01  0.00000000E+00  0.10000000E+01  0.00000000E+00
  0.10000000E+01  0.00000000E+00  0.10000000E+01  0.00000000E+00
  0.10000000E+01  0.00000000E+00  0.10000000E+01  0.00000000E+00
  0.10000000E+01  0.00000000E+00  0.10000000E+01  0.00000000E+00
  0.10000000E+01  0.00000000E+00  0.10000000E+01  0.00000000E+00
  0.10000000E+01  0.00000000E+00  0.10000000E+01  0.00000000E+00
  0.10000000E+01  0.00000000E+00  0.10000000E+01  0.00000000E+00
  0.10000000E+01  0.00000000E+00  0.10000000E+01  0.00000000E+00
  0.10000000E+01  0.00000000E+00  0.10000000E+01  0.00000000E+00
  0.10000000E+01  0.00000000E+00  0.10000000E+01  0.00000000E+00
  0.10000000E+01  0.00000000E+00  0.10000000E+01  0.00000000E+00
  0.10000000E+01  0.00000000E+00  0.10000000E+01  0.00000000E+00
  0.10000000E+01  0.00000000E+00  0.10000000E+01  0.00000000E+00
  0.10000000E+01  0.00000000E+00  0.10000000E+01  0.00000000E+00
  0.10000000E+01  0.00000000E+00  0.10000000E+01  0.00000000E+00
  0.10000000E+01  0.00000000E+00  0.10000000E+01  0.00000000E+00
  0.10000000E+01  0.00000000E+00  0.10000000E+01  0.00000000E+00
  0.10000000E+01  0.00000000E+00  0.10000000E+01  0.00000000E+00
  0.10000000E+01  0.00000000E+00  0.10000000E+01  0.00000000E+00
  0.10000000E+01  0.00000000E+00  0.10000000E+01  0.00000000E+00
  0.10000000E+01  0.00000000E+00  0.10000000E+01  0.00000000E+00
  0.10000000E+01  0.00000000E+00  0.10000000E+01  0.00000000E+00
  0.10000000E+01  0.00000000E+00  0.10000000E+01  0.00000000E+00
  0.10000000E+01  0.00000000E+00  0.10000000E+01  0.00000000E+00
  0.10000000E+01  0.00000000E+00  0.10000000E+01  0.00000000E+00
  0.10000000E+01  0.00000000E+00  0.10000000E+01  0.00000000E+00
  0.10000000E+01  0.00000000E+00  0.10000000E+01  0.00000000E+00
  0.10000000E+01  0.00000000E+00  0.10000000E+01  0.00000000E+00
  0.10000000E+01  0.00000000E+00  0.10000000E+01  0.00000000E+00
  0.10000000E+01  0.00000000E+00  0.10000000E+01  0.00000000E+00
  0.10000000E+01  0.00000000E+00  0.10000000E+01  0.00000000E+00
  0.10000000E+01  0.00000000E+00  0.10000000E+01  0.00000000E+00
  0.10000000E+01  0.00000000E+00  0.10000000E+01  0.00000000E+00
  0.10000000E+01  0.00000000E+00  0.10000000E+01  0.00000000E+00
  0.10000000E+01  0.00000000E+00  0.10000000E+01  0.00000000E+00
  0.10000000E+01  0.00000000E+00  0.10000000E+01  0.00000000E+00
  0.10000000E+01  0.00000000E+00  0.10000000E+01  0.00000000E+00
  0.10000000E+01  0.00000000E+00  0.10000000E+01  0.00000000E+00
  0.10000000E+01  0.00000000E+00  0.10000000E+01  0.00000000E+00
  0.10000000E+01  0.00000000E+00  0.10000000E+01  0.00000000E+00
  0.10000000E+01  0.00000000E+00  0.10000000E+01  0.00000000E+00
  0.10000000E+01  0.00000000E+00  0.10000000E+01  0.00000000E+00
  0.10000000E+01  0.00000000E+00  0.10000000E+01  0.00000000E+00
  0.10000000E+01  0.00000000E+00  0.10000000E+01  0.00000000E+00
  0.10000000E+01  0.00000000E+00  0.10000000E+01  0.00000000E+00
  0.10000000E+01  0.00000000E+00  0.10000000E+01  0.00000000E+00
  0.10000000E+01  0.00000000E+00  0.10000000E+01  0.00000000E+00
  0.10000000E+01  0.00000000E+00  0.10000000E+01  0.00000000E+00
  0.10000000E+01  0.00000000E+00  0.10000000E+01  0.00000000E+00
  0.10000000E+01  0.00000000E+00  0.10000000E+01  0.00000000E+00
  0.10000000E+01  0.00000000E+00  0.10000000E+01  0.00000000E+00
  0.10000000E+01  0.00000000E+00  0.10000000E+01  0.00000000E+00
  0.10000000E+01  0.00000000E+00  0.10000000E+01  0.00000000E+00
  0.10000000E+01  0.00000000E+00  0.10000000E+01  0.00000000E+00
  0.10000000E+01  0.00000000E+00  0.10000000E+01  0.00000000E+00
  0.10000000E+01  0.00000000E+00  0.10000000E+01  0.00000000E+00
  0.10000000E+01  0.00000000E+00  0.10000000E+01  0.00000000E+00
  0.10000000E+01  0.00000000E+00  0.10000000E+01  0.00000000E+00
  0.10000000E+01  0.00000000E+00  0.10000000E+01  0.00000000E+00
  0.10000000E+01  0.00000000E+00  0.10000000E+01  0.00000000E+00
  0.10000000E+01  0.00000000E+00  0.10000000E+01  0.00000000E+00
  0.10000000E+01  0.00000000E+00  0.10000000E+01  0.00000000E+00
  0.10000000E+01  0.00000000E+00  0.10000000E+01  0.00000000E+00
  0.10000000E+01  0.00000000E+00  0.10000000E+01  0.00000000E+00
  0.10000000E+01  0.00000000E+00  0.10000000E+01  0.00000000E+00
  0.10000000E+01  0.00000000E+00  0.10000000E+01  0.00000000E+00
  0.10000000E+01  0.00000000E+00  0.10000000E+01  0.00000000E+00
  0.10000000E+01  0.00000000E+00  0.10000000E+01  0.00000000E+00
  0.10000000E+01  0.00000000E+00  0.10000000E+01  0.00000000E+00
  0.10000000E+01  0.00000000E+00  0.10000000E+01  0.00000000E+00
  0.10000000E+01  0.00000000E+00  0.10000000E+01  0.00000000E+00
  0.10000000E+01  0.00000000E+00  0.10000000E+01  0.00000000E+00
  0.10000000E+01  0.00000000E+00  0.10000000E+01  0.00000000E+00
  0.10000000E+01  0.00000000E+00  0.10000000E+01  0.00000000E+00
  0.10000000E+01  0.00000000E+00  0.10000000E+01  0.00000000E+00
  0.10000000E+01  0.00000000E+00  0.10000000E+01  0.00000000E+00
  0.10000000E+01  0.00000000E+00  0.10000000E+01  0.00000000E+00
  0.10000000E+01  0.00000000E+00  0.10000000E+01  0.00000000E+00
  0.10000000E+01  0.00000000E+00  0.10000000E+01  0.00000000E+00
  0.10000000E+01  0.00000000E+00  0.10000000E+01  0.00000000E+00
  0.10000000E+01  0.00000000E+00  0.10000000E+01  0.00000000E+00
  0.10000000E+01  0.00000000E+00  0.10000000E+01  0.00000000E+00
  0.10000000E+01  0.00000000E+00  0.10000000E+01  0.00000000E+00
  0.10000000E+01  0.00000000E+00  0.10000000E+01  0.00000000E+00
  0.10000000E+01  0.00000000E+00  0.10000000E+01  0.00000000E+00
  0.10000000E+01  0.00000000E+00  0.10000000E+01  0.00000000E+00
  0.10000000E+01  0.00000000E+00  0.10000000E+01  0.00000000E+00
  0.10000000E+01  0.00000000E+00  0.10000000E+01  0.00000000E+00
  0.10000000E+01  0.00000000E+00  0.10000000E+01  0.00000000E+00
  0.10000000E+01  0.00000000E+00  0.10000000E+01  0.00000000E+00
  0.10000000E+01  0.00000000E+00  0.10000000E+01  0.00000000E+00
  0.10000000E+01  0.00000000E+00  0.10000000E+01  0.00000000E+00
  0.10000000E+01  0.00000000E+00  0.10000000E+01  0.00000000E+00
  0.10000000E+01  0.00000000E+00  0.10000000E+01  0.00000000E+00
  0.10000000E+01  0.00000000E+00  0.10000000E+01  0.00000000E+00
  0.10000000E+01  0.00000000E+00  0.10000000E+01  0.00000000E+00
  0.10000000E+01  0.00000000E+00  0.10000000E+01  0.00000000E+00
  0.10000000E+01  0.00000000E+00  0.10000000E+01  0.00000000E+00
  0.10000000E+01  0.00000000E+00  0.10000000E+01  0.00000000E+00
  0.10000000E+01  0.00000000E+00  0.10000000E+01  0.00000000E+00
  0.10000000E+01  0.00000000E+00  0.10000000E+01  0.00000000E+00
  0.10000000E+01  0.00000000E+00  0.10000000E+01  0.00000000E+00
  0.10000000E+01  0.00000000E+00  0.10000000E+01  0.00000000E+00
  0.10000000E+01  0.00000000E+00  0.10000000E+01  0.00000000E+00
  0.10000000E+01  0.00000000E+00  0.10000000E+01  0.00000000E+00
  0.10000000E+01  0.00000000E+00  0.10000000E+01  0.00000000E+00
  0.10000000E+01  0.00000000E+00  0.10000000E+01  0.00000000E+00
  0.10000000E+01  0.00000000E+00  0.10000000E+01  0.00000000E+00
  0.10000000E+01  0.00000000E+00  0.10000000E+01  0.00000000E+00
  0.10000000E+01  0.00000000E+00  0.10000000E+01  0.00000000E+00
  0.10000000E+01  0.00000000E+00  0.10000000E+01  0.00000000E+00
  0.10000000E+01  0.00000000E+00  0.10000000E+01  0.00000000E+00
  0.10000000E+01  0.00000000E+00  0.10000000E+01  0.00000000E+00
  0.10000000E+01  0.00000000E+00  0.10000000E+01  0.00000000E+00
  0.10000000E+01  0.00000000E+00  0.10000000E+01  0.00000000E+00
  0.10000000E+01  0.00000000E+00  0.10000000E+01  0.00000000E+00
  0.10000000E+01  0.00000000E+00  0.10000000E+01  0.00000000E+00
  0.10000000E+01  0.00000000E+00  0.10000000E+01  0.00000000E+00
  0.10000000E+01  0.00000000E+00  0.10000000E+01  0.00000000E+00
  0.10000000E+01  0.00000000E+00  0.10000000E+01  0.00000000E+00
  0.10000000E+01  0.00000000E+00  0.10000000E+01  0.00000000E+00
  0.10000000E+01  0.00000000E+00  0.10000000E+01  0.00000000E+00
  0.10000000E+01  0.00000000E+00  0.10000000E+01  0.00000000E+00
  0.10000000E+01  0.00000000E+00  0.10000000E+01  0.00000000E+00
  0.10000000E+01  0.00000000E+00  0.10000000E+01  0.00000000E+00
  0.10000000E+01  0.00000000E+00  0.10000000E+01  0.00000000E+00
  0.10000000E+01  0.00000000E+00  0.10000000E+01  0.00000000E+00
  0.10000000E+01  0.00000000E+00  0.10000000E+01  0.00000000E+00
  0.10000000E+01  0.00000000E+00  0.10000000E+01  0.00000000E+00
  0.10000000E+01  0.00000000E+00  0.10000000E+01  0.00000000E+00
  0.10000000E+01  0.00000000E+00  0.10000000E+01  0.00000000E+00
  0.10000000E+01  0.00000000E+00  0.10000000E+01  0.00000000E+00
  0.10000000E+01  0.00000000E+00  0.10000000E+01  0.00000000E+00
  0.10000000E+01  0.00000000E+00  0.10000000E+01  0.00000000E+00
  0.10000000E+01  0.00000000E+00  0.10000000E+01  0.00000000E+00
  0.10000000E+01  0.00000000E+00  0.10000000E+01  0.00000000E+00
  0.10000000E+01  0.00000000E+00  0.10000000E+01  0.00000000E+00
  0.10000000E+01  0.00000000E+00  0.10000000E+01  0.00000000E+00
  0.10000000E+01  0.00000000E+00  0.10000000E+01  0.00000000E+00
  0.10000000E+01  0.00000000E+00  0.10000000E+01  0.00000000E+00
  0.10000000E+01  0.00000000E+00  0.10000000E+01  0.00000000E+00
  0.10000000E+01  0.00000000E+00  0.10000000E+01  0.00000000E+00
  0.10000000E+01  0.00000000E+00  0.10000000E+01  0.00000000E+00
  0.10000000E+01  0.00000000E+00  0.10000000E+01  0.00000000E+00
  0.10000000E+01  0.00000000E+00  0.10000000E+01  0.00000000E+00
  0.10000000E+01  0.00000000E+00  0.10000000E+01  0.00000000E+00
  0.10000000E+01  0.00000000E+00  0.10000000E+01  0.00000000E+00
  0.10000000E+01  0.00000000E+00  0.10000000E+01  0.00000000E+00
  0.10000000E+01  0.00000000E+00  0.10000000E+01  0.00000000E+00
  0.10000000E+01  0.00000000E+00  0.10000000E+01  0.00000000E+00
