  0.10000000E+01
  0.30000000E+01
  0.50000000E+01
  0.70000000E+01
  0.90000000E+01
  0.11000000E+02
  0.13000000E+02
  0.15000000E+02
  0.17000000E+02
  0.19000000E+02
  0.21000000E+02
  0.23000000E+02
  0.25000000E+02
  0.27000000E+02
  0.29000000E+02
  0.31000000E+02
  0.33000000E+02
  0.35000000E+02
  0.37000000E+02
  0.39000000E+02
  0.41000000E+02
  0.43000000E+02
  0.45000000E+02
  0.47000000E+02
  0.49000000E+02
  0.51000000E+02
  0.53000000E+02
  0.55000000E+02
  0.57000000E+02
  0.59000000E+02
  0.61000000E+02
  0.63000000E+02
  0.65000000E+02
  0.67000000E+02
  0.69000000E+02
  0.71000000E+02
  0.73000000E+02
  0.75000000E+02
  0.77000000E+02
  0.79000000E+02
  0.81000000E+02
  0.83000000E+02
  0.85000000E+02
  0.87000000E+02
  0.89000000E+02
  0.91000000E+02
  0.93000000E+02
  0.95000000E+02
  0.97000000E+02
  0.99000000E+02
  0.10100000E+03
  0.10300000E+03
  0.10500000E+03
  0.10700000E+03
  0.10900000E+03
  0.11100000E+03
  0.11300000E+03
  0.11500000E+03
  0.11700000E+03
  0.11900000E+03
  0.12100000E+03
  0.12300000E+03
  0.12500000E+03
  0.12700000E+03
  0.12900000E+03
  0.13100000E+03
  0.13300000E+03
  0.13500000E+03
  0.13700000E+03
  0.13900000E+03
  0.14100000E+03
  0.14300000E+03
  0.14500000E+03
  0.14700000E+03
  0.14900000E+03
  0.15100000E+03
  0.15300000E+03
  0.15500000E+03
  0.15700000E+03
  0.15900000E+03
  0.16100000E+03
  0.16300000E+03
  0.16500000E+03
  0.16700000E+03
  0.16900000E+03
  0.17100000E+03
  0.17300000E+03
  0.17500000E+03
  0.17700000E+03
  0.17900000E+03
  0.18100000E+03
  0.18300000E+03
  0.18500000E+03
  0.18700000E+03
  0.18900000E+03
  0.19100000E+03
  0.19300000E+03
  0.19500000E+03
  0.19700000E+03
  0.19900000E+03
  0.20100000E+03
  0.20300000E+03
  0.20500000E+03
  0.20700000E+03
  0.20900000E+03
  0.21100000E+03
  0.21300000E+03
  0.21500000E+03
  0.21700000E+03
  0.21900000E+03
  0.22100000E+03
  0.22300000E+03
  0.22500000E+03
  0.22700000E+03
  0.22900000E+03
  0.23100000E+03
  0.23300000E+03
  0.23500000E+03
  0.23700000E+03
  0.23900000E+03
  0.24100000E+03
  0.24300000E+03
  0.24500000E+03
  0.24700000E+03
  0.24900000E+03
  0.25100000E+03
  0.25300000E+03
  0.25500000E+03
  0.25700000E+03
  0.25900000E+03
  0.26100000E+03
  0.26300000E+03
  0.26500000E+03
  0.26700000E+03
  0.26900000E+03
  0.27100000E+03
  0.27300000E+03
  0.27500000E+03
  0.27700000E+03
  0.27900000E+03
  0.28100000E+03
  0.28300000E+03
  0.28500000E+03
  0.28700000E+03
  0.28900000E+03
  0.29100000E+03
  0.29300000E+03
  0.29500000E+03
  0.29700000E+03
  0.29900000E+03
  0.30100000E+03
  0.30300000E+03
  0.30500000E+03
  0.30700000E+03
  0.30900000E+03
  0.31100000E+03
  0.31300000E+03
  0.31500000E+03
  0.31700000E+03
  0.31900000E+03
  0.32100000E+03
  0.32300000E+03
  0.32500000E+03
  0.32700000E+03
  0.32900000E+03
  0.33100000E+03
  0.33300000E+03
  0.33500000E+03
  0.33700000E+03
  0.33900000E+03
  0.34100000E+03
  0.34300000E+03
  0.34500000E+03
  0.34700000E+03
  0.34900000E+03
  0.35100000E+03
  0.35300000E+03
  0.35500000E+03
  0.35700000E+03
  0.35900000E+03
  0.36100000E+03
  0.36300000E+03
  0.36500000E+03
  0.36700000E+03
  0.36900000E+03
  0.37100000E+03
  0.37300000E+03
  0.37500000E+03
  0.37700000E+03
  0.37900000E+03
  0.38100000E+03
  0.38300000E+03
  0.38500000E+03
  0.38700000E+03
  0.38900000E+03
  0.39100000E+03
  0.39300000E+03
  0.39500000E+03
  0.39700000E+03
  0.39900000E+03
  0.40100000E+03
  0.40300000E+03
  0.40500000E+03
  0.40700000E+03
  0.40900000E+03
  0.41100000E+03
  0.41300000E+03
  0.41500000E+03
  0.41700000E+03
  0.41900000E+03
  0.42100000E+03
  0.42300000E+03
  0.42500000E+03
  0.42700000E+03
  0.42900000E+03
  0.43100000E+03
  0.43300000E+03
  0.43500000E+03
  0.43700000E+03
  0.43900000E+03
  0.44100000E+03
  0.44300000E+03
  0.44500000E+03
  0.44700000E+03
  0.44900000E+03
  0.45100000E+03
  0.45300000E+03
  0.45500000E+03
  0.45700000E+03
  0.45900000E+03
  0.46100000E+03
  0.46300000E+03
  0.46500000E+03
  0.46700000E+03
  0.46900000E+03
  0.47100000E+03
  0.47300000E+03
  0.47500000E+03
  0.47700000E+03
  0.47900000E+03
  0.48100000E+03
  0.48300000E+03
  0.48500000E+03
  0.48700000E+03
  0.48900000E+03
  0.49100000E+03
  0.49300000E+03
  0.49500000E+03
  0.49700000E+03
  0.49900000E+03
  0.50100000E+03
  0.50300000E+03
  0.50500000E+03
  0.50700000E+03
  0.50900000E+03
  0.51100000E+03
  0.51300000E+03
  0.51500000E+03
  0.51700000E+03
  0.51900000E+03
  0.52100000E+03
  0.52300000E+03
  0.52500000E+03
  0.52700000E+03
  0.52900000E+03
  0.53100000E+03
  0.53300000E+03
  0.53500000E+03
  0.53700000E+03
  0.53900000E+03
  0.54100000E+03
  0.54300000E+03
  0.54500000E+03
  0.54700000E+03
  0.54900000E+03
  0.55100000E+03
  0.55300000E+03
  0.55500000E+03
  0.55700000E+03
  0.55900000E+03
  0.56100000E+03
  0.56300000E+03
  0.56500000E+03
  0.56700000E+03
  0.56900000E+03
  0.57100000E+03
  0.57300000E+03
  0.57500000E+03
  0.57700000E+03
  0.57900000E+03
  0.58100000E+03
  0.58300000E+03
  0.58500000E+03
  0.58700000E+03
  0.58900000E+03
  0.59100000E+03
  0.59300000E+03
  0.59500000E+03
  0.59700000E+03
  0.59900000E+03
  0.60100000E+03
  0.60300000E+03
  0.60500000E+03
  0.60700000E+03
  0.60900000E+03
  0.61100000E+03
  0.61300000E+03
  0.61500000E+03
  0.61700000E+03
  0.61900000E+03
  0.62100000E+03
  0.62300000E+03
  0.62500000E+03
  0.62700000E+03
  0.62900000E+03
  0.63100000E+03
  0.63300000E+03
  0.63500000E+03
  0.63700000E+03
  0.63900000E+03
  0.64100000E+03
  0.64300000E+03
  0.64500000E+03
  0.64700000E+03
  0.64900000E+03
  0.65100000E+03
  0.65300000E+03
  0.65500000E+03
  0.65700000E+03
  0.65900000E+03
  0.66100000E+03
  0.66300000E+03
  0.66500000E+03
  0.66700000E+03
  0.66900000E+03
  0.67100000E+03
  0.67300000E+03
  0.67500000E+03
  0.67700000E+03
  0.67900000E+03
  0.68100000E+03
  0.68300000E+03
  0.68500000E+03
  0.68700000E+03
  0.68900000E+03
  0.69100000E+03
  0.69300000E+03
  0.69500000E+03
  0.69700000E+03
  0.69900000E+03
  0.70100000E+03
  0.70300000E+03
  0.70500000E+03
  0.70700000E+03
  0.70900000E+03
  0.71100000E+03
  0.71300000E+03
  0.71500000E+03
  0.71700000E+03
  0.71900000E+03
  0.72100000E+03
  0.72300000E+03
  0.72500000E+03
  0.72700000E+03
  0.72900000E+03
  0.73100000E+03
  0.73300000E+03
  0.73500000E+03
  0.73700000E+03
  0.73900000E+03
  0.74100000E+03
  0.74300000E+03
  0.74500000E+03
  0.74700000E+03
  0.74900000E+03
  0.75100000E+03
  0.75300000E+03
  0.75500000E+03
  0.75700000E+03
  0.75900000E+03
  0.76100000E+03
  0.76300000E+03
  0.76500000E+03
  0.76700000E+03
  0.76900000E+03
  0.77100000E+03
  0.77300000E+03
  0.77500000E+03
  0.77700000E+03
  0.77900000E+03
  0.78100000E+03
  0.78300000E+03
  0.78500000E+03
  0.78700000E+03
  0.78900000E+03
  0.79100000E+03
  0.79300000E+03
  0.79500000E+03
  0.79700000E+03
  0.79900000E+03
  0.80100000E+03
  0.80300000E+03
  0.80500000E+03
  0.80700000E+03
  0.80900000E+03
  0.81100000E+03
  0.81300000E+03
  0.81500000E+03
  0.81700000E+03
  0.81900000E+03
  0.82100000E+03
  0.82300000E+03
  0.82500000E+03
  0.82700000E+03
  0.82900000E+03
  0.83100000E+03
  0.83300000E+03
  0.83500000E+03
  0.83700000E+03
  0.83900000E+03
  0.84100000E+03
  0.84300000E+03
  0.84500000E+03
  0.84700000E+03
  0.84900000E+03
  0.85100000E+03
  0.85300000E+03
  0.85500000E+03
  0.85700000E+03
  0.85900000E+03
  0.86100000E+03
  0.86300000E+03
  0.86500000E+03
  0.86700000E+03
  0.86900000E+03
  0.87100000E+03
  0.87300000E+03
  0.87500000E+03
  0.87700000E+03
  0.87900000E+03
  0.88100000E+03
  0.88300000E+03
  0.88500000E+03
  0.88700000E+03
  0.88900000E+03
  0.89100000E+03
  0.89300000E+03
  0.89500000E+03
  0.89700000E+03
  0.89900000E+03
  0.90100000E+03
  0.90300000E+03
  0.90500000E+03
  0.90700000E+03
  0.90900000E+03
  0.91100000E+03
  0.91300000E+03
  0.91500000E+03
  0.91700000E+03
  0.91900000E+03
  0.92100000E+03
  0.92300000E+03
  0.92500000E+03
  0.92700000E+03
  0.92900000E+03
  0.93100000E+03
  0.93300000E+03
  0.93500000E+03
  0.93700000E+03
  0.93900000E+03
  0.94100000E+03
  0.94300000E+03
  0.94500000E+03
  0.94700000E+03
  0.94900000E+03
  0.95100000E+03
  0.95300000E+03
  0.95500000E+03
  0.95700000E+03
  0.95900000E+03
  0.96100000E+03
  0.96300000E+03
  0.96500000E+03
  0.96700000E+03
  0.96900000E+03
  0.97100000E+03
  0.97300000E+03
  0.97500000E+03
  0.97700000E+03
  0.97900000E+03
  0.98100000E+03
  0.98300000E+03
  0.98500000E+03
  0.98700000E+03
  0.98900000E+03
  0.99100000E+03
  0.99300000E+03
  0.99500000E+03
  0.99700000E+03
  0.99900000E+03
  0.10010000E+04
  0.10030000E+04
  0.10050000E+04
  0.10070000E+04
  0.10090000E+04
  0.10110000E+04
  0.10130000E+04
  0.10150000E+04
  0.10170000E+04
  0.10190000E+04
  0.10210000E+04
  0.10230000E+04
  0.10250000E+04
  0.10270000E+04
  0.10290000E+04
  0.10310000E+04
  0.10330000E+04
  0.10350000E+04
  0.10370000E+04
  0.10390000E+04
  0.10410000E+04
  0.10430000E+04
  0.10450000E+04
  0.10470000E+04
  0.10490000E+04
  0.10510000E+04
  0.10530000E+04
  0.10550000E+04
  0.10570000E+04
  0.10590000E+04
  0.10610000E+04
  0.10630000E+04
  0.10650000E+04
  0.10670000E+04
  0.10690000E+04
  0.10710000E+04
  0.10730000E+04
  0.10750000E+04
  0.10770000E+04
  0.10790000E+04
  0.10810000E+04
  0.10830000E+04
  0.10850000E+04
  0.10870000E+04
  0.10890000E+04
  0.10910000E+04
  0.10930000E+04
  0.10950000E+04
  0.10970000E+04
  0.10990000E+04
  0.11010000E+04
  0.11030000E+04
  0.11050000E+04
  0.11070000E+04
  0.11090000E+04
  0.11110000E+04
  0.11130000E+04
  0.11150000E+04
  0.11170000E+04
  0.11190000E+04
  0.11210000E+04
  0.11230000E+04
  0.11250000E+04
  0.11270000E+04
  0.11290000E+04
  0.11310000E+04
  0.11330000E+04
  0.11350000E+04
  0.11370000E+04
  0.11390000E+04
  0.11410000E+04
  0.11430000E+04
  0.11450000E+04
  0.11470000E+04
  0.11490000E+04
  0.11510000E+04
  0.11530000E+04
  0.11550000E+04
  0.11570000E+04
  0.11590000E+04
  0.11610000E+04
  0.11630000E+04
  0.11650000E+04
  0.11670000E+04
  0.11690000E+04
  0.11710000E+04
  0.11730000E+04
  0.11750000E+04
  0.11770000E+04
  0.11790000E+04
  0.11810000E+04
  0.11830000E+04
  0.11850000E+04
  0.11870000E+04
  0.11890000E+04
  0.11910000E+04
  0.11930000E+04
  0.11950000E+04
  0.11970000E+04
  0.11990000E+04
  0.12010000E+04
  0.12030000E+04
  0.12050000E+04
  0.12070000E+04
  0.12090000E+04
  0.12110000E+04
  0.12130000E+04
  0.12150000E+04
  0.12170000E+04
  0.12190000E+04
  0.12210000E+04
  0.12230000E+04
  0.12250000E+04
  0.12270000E+04
  0.12290000E+04
  0.12310000E+04
  0.12330000E+04
  0.12350000E+04
  0.12370000E+04
  0.12390000E+04
  0.12410000E+04
  0.12430000E+04
  0.12450000E+04
  0.12470000E+04
  0.12490000E+04
  0.12510000E+04
  0.12530000E+04
  0.12550000E+04
  0.12570000E+04
  0.12590000E+04
  0.12610000E+04
  0.12630000E+04
  0.12650000E+04
  0.12670000E+04
  0.12690000E+04
  0.12710000E+04
  0.12730000E+04
  0.12750000E+04
  0.12770000E+04
  0.12790000E+04
  0.12810000E+04
  0.12830000E+04
  0.12850000E+04
  0.12870000E+04
  0.12890000E+04
  0.12910000E+04
  0.12930000E+04
  0.12950000E+04
  0.12970000E+04
  0.12990000E+04
  0.13010000E+04
  0.13030000E+04
  0.13050000E+04
  0.13070000E+04
  0.13090000E+04
  0.13110000E+04
  0.13130000E+04
  0.13150000E+04
  0.13170000E+04
  0.13190000E+04
  0.13210000E+04
  0.13230000E+04
  0.13250000E+04
  0.13270000E+04
  0.13290000E+04
  0.13310000E+04
  0.13330000E+04
  0.13350000E+04
  0.13370000E+04
  0.13390000E+04
  0.13410000E+04
  0.13430000E+04
  0.13450000E+04
  0.13470000E+04
  0.13490000E+04
  0.13510000E+04
  0.13530000E+04
  0.13550000E+04
  0.13570000E+04
  0.13590000E+04
  0.13610000E+04
  0.13630000E+04
  0.13650000E+04
  0.13670000E+04
  0.13690000E+04
  0.13710000E+04
  0.13730000E+04
  0.13750000E+04
  0.13770000E+04
  0.13790000E+04
  0.13810000E+04
  0.13830000E+04
  0.13850000E+04
  0.13870000E+04
  0.13890000E+04
  0.13910000E+04
  0.13930000E+04
  0.13950000E+04
  0.13970000E+04
  0.13990000E+04
  0.14010000E+04
  0.14030000E+04
  0.14050000E+04
  0.14070000E+04
  0.14090000E+04
  0.14110000E+04
  0.14130000E+04
  0.14150000E+04
  0.14170000E+04
  0.14190000E+04
  0.14210000E+04
  0.14230000E+04
  0.14250000E+04
  0.14270000E+04
  0.14290000E+04
  0.14310000E+04
  0.14330000E+04
  0.14350000E+04
  0.14370000E+04
  0.14390000E+04
  0.14410000E+04
  0.14430000E+04
  0.14450000E+04
  0.14470000E+04
  0.14490000E+04
  0.14510000E+04
  0.14530000E+04
  0.14550000E+04
  0.14570000E+04
  0.14590000E+04
  0.14610000E+04
  0.14630000E+04
  0.14650000E+04
  0.14670000E+04
  0.14690000E+04
  0.14710000E+04
  0.14730000E+04
  0.14750000E+04
  0.14770000E+04
  0.14790000E+04
  0.14810000E+04
  0.14830000E+04
  0.14850000E+04
  0.14870000E+04
  0.14890000E+04
  0.14910000E+04
  0.14930000E+04
  0.14950000E+04
  0.14970000E+04
  0.14990000E+04
  0.15010000E+04
  0.15030000E+04
  0.15050000E+04
  0.15070000E+04
  0.15090000E+04
  0.15110000E+04
  0.15130000E+04
  0.15150000E+04
  0.15170000E+04
  0.15190000E+04
  0.15210000E+04
  0.15230000E+04
  0.15250000E+04
  0.15270000E+04
  0.15290000E+04
  0.15310000E+04
  0.15330000E+04
  0.15350000E+04
  0.15370000E+04
  0.15390000E+04
  0.15410000E+04
  0.15430000E+04
  0.15450000E+04
  0.15470000E+04
  0.15490000E+04
  0.15510000E+04
  0.15530000E+04
  0.15550000E+04
  0.15570000E+04
  0.15590000E+04
  0.15610000E+04
  0.15630000E+04
  0.15650000E+04
  0.15670000E+04
  0.15690000E+04
  0.15710000E+04
  0.15730000E+04
  0.15750000E+04
  0.15770000E+04
  0.15790000E+04
  0.15810000E+04
  0.15830000E+04
  0.15850000E+04
  0.15870000E+04
  0.15890000E+04
  0.15910000E+04
  0.15930000E+04
  0.15950000E+04
  0.15970000E+04
  0.15990000E+04
  0.16010000E+04
  0.16030000E+04
  0.16050000E+04
  0.16070000E+04
  0.16090000E+04
  0.16110000E+04
  0.16130000E+04
  0.16150000E+04
  0.16170000E+04
  0.16190000E+04
  0.16210000E+04
  0.16230000E+04
  0.16250000E+04
  0.16270000E+04
  0.16290000E+04
  0.16310000E+04
  0.16330000E+04
  0.16350000E+04
  0.16370000E+04
  0.16390000E+04
  0.16410000E+04
  0.16430000E+04
  0.16450000E+04
  0.16470000E+04
  0.16490000E+04
  0.16510000E+04
  0.16530000E+04
  0.16550000E+04
  0.16570000E+04
  0.16590000E+04
  0.16610000E+04
  0.16630000E+04
  0.16650000E+04
  0.16670000E+04
  0.16690000E+04
  0.16710000E+04
  0.16730000E+04
  0.16750000E+04
  0.16770000E+04
  0.16790000E+04
  0.16810000E+04
  0.16830000E+04
  0.16850000E+04
  0.16870000E+04
  0.16890000E+04
  0.16910000E+04
  0.16930000E+04
  0.16950000E+04
  0.16970000E+04
  0.16990000E+04
  0.17010000E+04
  0.17030000E+04
  0.17050000E+04
  0.17070000E+04
  0.17090000E+04
  0.17110000E+04
  0.17130000E+04
  0.17150000E+04
  0.17170000E+04
  0.17190000E+04
  0.17210000E+04
  0.17230000E+04
  0.17250000E+04
  0.17270000E+04
  0.17290000E+04
  0.17310000E+04
  0.17330000E+04
  0.17350000E+04
  0.17370000E+04
  0.17390000E+04
  0.17410000E+04
  0.17430000E+04
  0.17450000E+04
  0.17470000E+04
  0.17490000E+04
  0.17510000E+04
  0.17530000E+04
  0.17550000E+04
  0.17570000E+04
  0.17590000E+04
  0.17610000E+04
  0.17630000E+04
  0.17650000E+04
  0.17670000E+04
  0.17690000E+04
  0.17710000E+04
  0.17730000E+04
  0.17750000E+04
  0.17770000E+04
  0.17790000E+04
  0.17810000E+04
  0.17830000E+04
  0.17850000E+04
  0.17870000E+04
  0.17890000E+04
  0.17910000E+04
  0.17930000E+04
  0.17950000E+04
  0.17970000E+04
  0.17990000E+04
  0.18010000E+04
  0.18030000E+04
  0.18050000E+04
  0.18070000E+04
  0.18090000E+04
  0.18110000E+04
  0.18130000E+04
  0.18150000E+04
  0.18170000E+04
  0.18190000E+04
  0.18210000E+04
  0.18230000E+04
  0.18250000E+04
  0.18270000E+04
  0.18290000E+04
  0.18310000E+04
  0.18330000E+04
  0.18350000E+04
  0.18370000E+04
  0.18390000E+04
  0.18410000E+04
  0.18430000E+04
  0.18450000E+04
  0.18470000E+04
  0.18490000E+04
  0.18510000E+04
  0.18530000E+04
  0.18550000E+04
  0.18570000E+04
  0.18590000E+04
  0.18610000E+04
  0.18630000E+04
  0.18650000E+04
  0.18670000E+04
  0.18690000E+04
  0.18710000E+04
  0.18730000E+04
  0.18750000E+04
  0.18770000E+04
  0.18790000E+04
  0.18810000E+04
  0.18830000E+04
  0.18850000E+04
  0.18870000E+04
  0.18890000E+04
  0.18910000E+04
  0.18930000E+04
  0.18950000E+04
  0.18970000E+04
  0.18990000E+04
  0.19010000E+04
  0.19030000E+04
  0.19050000E+04
  0.19070000E+04
  0.19090000E+04
  0.19110000E+04
  0.19130000E+04
  0.19150000E+04
  0.19170000E+04
  0.19190000E+04
  0.19210000E+04
  0.19230000E+04
  0.19250000E+04
  0.19270000E+04
  0.19290000E+04
  0.19310000E+04
  0.19330000E+04
  0.19350000E+04
  0.19370000E+04
  0.19390000E+04
  0.19410000E+04
  0.19430000E+04
  0.19450000E+04
  0.19470000E+04
  0.19490000E+04
  0.19510000E+04
  0.19530000E+04
  0.19550000E+04
  0.19570000E+04
  0.19590000E+04
  0.19610000E+04
  0.19630000E+04
  0.19650000E+04
  0.19670000E+04
  0.19690000E+04
  0.19710000E+04
  0.19730000E+04
  0.19750000E+04
  0.19770000E+04
  0.19790000E+04
  0.19810000E+04
  0.19830000E+04
  0.19850000E+04
  0.19870000E+04
  0.19890000E+04
  0.19910000E+04
  0.19930000E+04
  0.19950000E+04
  0.19970000E+04
  0.19990000E+04
  0.20010000E+04
  0.20030000E+04
  0.20050000E+04
  0.20070000E+04
  0.20090000E+04
  0.20110000E+04
  0.20130000E+04
  0.20150000E+04
  0.20170000E+04
  0.20190000E+04
  0.20210000E+04
  0.20230000E+04
  0.20250000E+04
  0.20270000E+04
  0.20290000E+04
  0.20310000E+04
  0.20330000E+04
  0.20350000E+04
  0.20370000E+04
  0.20390000E+04
  0.20410000E+04
  0.20430000E+04
  0.20450000E+04
  0.20470000E+04
  0.20490000E+04
  0.20510000E+04
  0.20530000E+04
  0.20550000E+04
  0.20570000E+04
  0.20590000E+04
  0.20610000E+04
  0.20630000E+04
  0.20650000E+04
  0.20670000E+04
  0.20690000E+04
  0.20710000E+04
  0.20730000E+04
  0.20750000E+04
  0.20770000E+04
  0.20790000E+04
  0.20810000E+04
  0.20830000E+04
  0.20850000E+04
  0.20870000E+04
  0.20890000E+04
  0.20910000E+04
  0.20930000E+04
  0.20950000E+04
  0.20970000E+04
  0.20990000E+04
  0.21010000E+04
  0.21030000E+04
  0.21050000E+04
  0.21070000E+04
  0.21090000E+04
  0.21110000E+04
  0.21130000E+04
  0.21150000E+04
  0.21170000E+04
  0.21190000E+04
  0.21210000E+04
  0.21230000E+04
  0.21250000E+04
  0.21270000E+04
  0.21290000E+04
  0.21310000E+04
  0.21330000E+04
  0.21350000E+04
  0.21370000E+04
  0.21390000E+04
  0.21410000E+04
  0.21430000E+04
  0.21450000E+04
  0.21470000E+04
  0.21490000E+04
  0.21510000E+04
  0.21530000E+04
  0.21550000E+04
  0.21570000E+04
  0.21590000E+04
  0.21610000E+04
  0.21630000E+04
  0.21650000E+04
  0.21670000E+04
  0.21690000E+04
  0.21710000E+04
  0.21730000E+04
  0.21750000E+04
  0.21770000E+04
  0.21790000E+04
  0.21810000E+04
  0.21830000E+04
  0.21850000E+04
  0.21870000E+04
  0.21890000E+04
  0.21910000E+04
  0.21930000E+04
  0.21950000E+04
  0.21970000E+04
  0.21990000E+04
  0.22010000E+04
  0.22030000E+04
  0.22050000E+04
  0.22070000E+04
  0.22090000E+04
  0.22110000E+04
  0.22130000E+04
  0.22150000E+04
  0.22170000E+04
  0.22190000E+04
  0.22210000E+04
  0.22230000E+04
  0.22250000E+04
  0.22270000E+04
  0.22290000E+04
  0.22310000E+04
  0.22330000E+04
  0.22350000E+04
  0.22370000E+04
  0.22390000E+04
  0.22410000E+04
  0.22430000E+04
  0.22450000E+04
  0.22470000E+04
  0.22490000E+04
  0.22510000E+04
  0.22530000E+04
  0.22550000E+04
  0.22570000E+04
  0.22590000E+04
  0.22610000E+04
  0.22630000E+04
  0.22650000E+04
  0.22670000E+04
  0.22690000E+04
  0.22710000E+04
  0.22730000E+04
  0.22750000E+04
  0.22770000E+04
  0.22790000E+04
  0.22810000E+04
  0.22830000E+04
  0.22850000E+04
  0.22870000E+04
  0.22890000E+04
  0.22910000E+04
  0.22930000E+04
  0.22950000E+04
  0.22970000E+04
  0.22990000E+04
  0.23010000E+04
  0.23030000E+04
  0.23050000E+04
  0.23070000E+04
  0.23090000E+04
  0.23110000E+04
  0.23130000E+04
  0.23150000E+04
  0.23170000E+04
  0.23190000E+04
  0.23210000E+04
  0.23230000E+04
  0.23250000E+04
  0.23270000E+04
  0.23290000E+04
  0.23310000E+04
  0.23330000E+04
  0.23350000E+04
  0.23370000E+04
  0.23390000E+04
  0.23410000E+04
  0.23430000E+04
  0.23450000E+04
  0.23470000E+04
  0.23490000E+04
  0.23510000E+04
  0.23530000E+04
  0.23550000E+04
  0.23570000E+04
  0.23590000E+04
  0.23610000E+04
  0.23630000E+04
  0.23650000E+04
  0.23670000E+04
  0.23690000E+04
  0.23710000E+04
  0.23730000E+04
  0.23750000E+04
  0.23770000E+04
  0.23790000E+04
  0.23810000E+04
  0.23830000E+04
  0.23850000E+04
  0.23870000E+04
  0.23890000E+04
  0.23910000E+04
  0.23930000E+04
  0.23950000E+04
  0.23970000E+04
  0.23990000E+04
  0.24010000E+04
  0.24030000E+04
  0.24050000E+04
  0.24070000E+04
  0.24090000E+04
  0.24110000E+04
  0.24130000E+04
  0.24150000E+04
  0.24170000E+04
  0.24190000E+04
  0.24210000E+04
  0.24230000E+04
  0.24250000E+04
  0.24270000E+04
  0.24290000E+04
  0.24310000E+04
  0.24330000E+04
  0.24350000E+04
  0.24370000E+04
  0.24390000E+04
  0.24410000E+04
  0.24430000E+04
  0.24450000E+04
  0.24470000E+04
  0.24490000E+04
  0.24510000E+04
  0.24530000E+04
  0.24550000E+04
  0.24570000E+04
  0.24590000E+04
  0.24610000E+04
  0.24630000E+04
  0.24650000E+04
  0.24670000E+04
  0.24690000E+04
  0.24710000E+04
  0.24730000E+04
  0.24750000E+04
  0.24770000E+04
  0.24790000E+04
  0.24810000E+04
  0.24830000E+04
  0.24850000E+04
  0.24870000E+04
  0.24890000E+04
  0.24910000E+04
  0.24930000E+04
  0.24950000E+04
  0.24970000E+04
  0.24990000E+04
  0.25010000E+04
  0.25030000E+04
  0.25050000E+04
  0.25070000E+04
  0.25090000E+04
  0.25110000E+04
  0.25130000E+04
  0.25150000E+04
  0.25170000E+04
  0.25190000E+04
  0.25210000E+04
  0.25230000E+04
  0.25250000E+04
  0.25270000E+04
  0.25290000E+04
  0.25310000E+04
  0.25330000E+04
  0.25350000E+04
  0.25370000E+04
  0.25390000E+04
  0.25410000E+04
  0.25430000E+04
  0.25450000E+04
  0.25470000E+04
  0.25490000E+04
  0.25510000E+04
  0.25530000E+04
  0.25550000E+04
  0.25570000E+04
  0.25590000E+04
  0.25610000E+04
  0.25630000E+04
  0.25650000E+04
  0.25670000E+04
  0.25690000E+04
  0.25710000E+04
  0.25730000E+04
  0.25750000E+04
  0.25770000E+04
  0.25790000E+04
  0.25810000E+04
  0.25830000E+04
  0.25850000E+04
  0.25870000E+04
  0.25890000E+04
  0.25910000E+04
  0.25930000E+04
  0.25950000E+04
  0.25970000E+04
  0.25990000E+04
  0.26010000E+04
  0.26030000E+04
  0.26050000E+04
  0.26070000E+04
  0.26090000E+04
  0.26110000E+04
  0.26130000E+04
  0.26150000E+04
  0.26170000E+04
  0.26190000E+04
  0.26210000E+04
  0.26230000E+04
  0.26250000E+04
  0.26270000E+04
  0.26290000E+04
  0.26310000E+04
  0.26330000E+04
  0.26350000E+04
  0.26370000E+04
  0.26390000E+04
  0.26410000E+04
  0.26430000E+04
  0.26450000E+04
  0.26470000E+04
  0.26490000E+04
  0.26510000E+04
  0.26530000E+04
  0.26550000E+04
  0.26570000E+04
  0.26590000E+04
  0.26610000E+04
  0.26630000E+04
  0.26650000E+04
  0.26670000E+04
  0.26690000E+04
  0.26710000E+04
  0.26730000E+04
  0.26750000E+04
  0.26770000E+04
  0.26790000E+04
  0.26810000E+04
  0.26830000E+04
  0.26850000E+04
  0.26870000E+04
  0.26890000E+04
  0.26910000E+04
  0.26930000E+04
  0.26950000E+04
  0.26970000E+04
  0.26990000E+04
  0.27010000E+04
  0.27030000E+04
  0.27050000E+04
  0.27070000E+04
  0.27090000E+04
  0.27110000E+04
  0.27130000E+04
  0.27150000E+04
  0.27170000E+04
  0.27190000E+04
  0.27210000E+04
  0.27230000E+04
  0.27250000E+04
  0.27270000E+04
  0.27290000E+04
  0.27310000E+04
  0.27330000E+04
  0.27350000E+04
  0.27370000E+04
  0.27390000E+04
  0.27410000E+04
  0.27430000E+04
  0.27450000E+04
  0.27470000E+04
  0.27490000E+04
  0.27510000E+04
  0.27530000E+04
  0.27550000E+04
  0.27570000E+04
  0.27590000E+04
  0.27610000E+04
  0.27630000E+04
  0.27650000E+04
  0.27670000E+04
  0.27690000E+04
  0.27710000E+04
  0.27730000E+04
  0.27750000E+04
  0.27770000E+04
  0.27790000E+04
  0.27810000E+04
  0.27830000E+04
  0.27850000E+04
  0.27870000E+04
  0.27890000E+04
  0.27910000E+04
  0.27930000E+04
  0.27950000E+04
  0.27970000E+04
  0.27990000E+04
  0.28010000E+04
  0.28030000E+04
  0.28050000E+04
  0.28070000E+04
  0.28090000E+04
  0.28110000E+04
  0.28130000E+04
  0.28150000E+04
  0.28170000E+04
  0.28190000E+04
  0.28210000E+04
  0.28230000E+04
  0.28250000E+04
  0.28270000E+04
  0.28290000E+04
  0.28310000E+04
  0.28330000E+04
  0.28350000E+04
  0.28370000E+04
  0.28390000E+04
  0.28410000E+04
  0.28430000E+04
  0.28450000E+04
  0.28470000E+04
  0.28490000E+04
  0.28510000E+04
  0.28530000E+04
  0.28550000E+04
  0.28570000E+04
  0.28590000E+04
  0.28610000E+04
  0.28630000E+04
  0.28650000E+04
  0.28670000E+04
  0.28690000E+04
  0.28710000E+04
  0.28730000E+04
  0.28750000E+04
  0.28770000E+04
  0.28790000E+04
  0.28810000E+04
  0.28830000E+04
  0.28850000E+04
  0.28870000E+04
  0.28890000E+04
  0.28910000E+04
  0.28930000E+04
  0.28950000E+04
  0.28970000E+04
  0.28990000E+04
  0.29010000E+04
  0.29030000E+04
  0.29050000E+04
  0.29070000E+04
  0.29090000E+04
  0.29110000E+04
  0.29130000E+04
  0.29150000E+04
  0.29170000E+04
  0.29190000E+04
  0.29210000E+04
  0.29230000E+04
  0.29250000E+04
  0.29270000E+04
  0.29290000E+04
  0.29310000E+04
  0.29330000E+04
  0.29350000E+04
  0.29370000E+04
  0.29390000E+04
  0.29410000E+04
  0.29430000E+04
  0.29450000E+04
  0.29470000E+04
  0.29490000E+04
  0.29510000E+04
  0.29530000E+04
  0.29550000E+04
  0.29570000E+04
  0.29590000E+04
  0.29610000E+04
  0.29630000E+04
  0.29650000E+04
  0.29670000E+04
  0.29690000E+04
  0.29710000E+04
  0.29730000E+04
  0.29750000E+04
  0.29770000E+04
  0.29790000E+04
  0.29810000E+04
  0.29830000E+04
  0.29850000E+04
  0.29870000E+04
  0.29890000E+04
  0.29910000E+04
  0.29930000E+04
  0.29950000E+04
  0.29970000E+04
  0.29990000E+04
  0.30010000E+04
  0.30030000E+04
  0.30050000E+04
  0.30070000E+04
  0.30090000E+04
  0.30110000E+04
  0.30130000E+04
  0.30150000E+04
  0.30170000E+04
  0.30190000E+04
  0.30210000E+04
  0.30230000E+04
  0.30250000E+04
  0.30270000E+04
  0.30290000E+04
  0.30310000E+04
  0.30330000E+04
  0.30350000E+04
  0.30370000E+04
  0.30390000E+04
  0.30410000E+04
  0.30430000E+04
  0.30450000E+04
  0.30470000E+04
  0.30490000E+04
  0.30510000E+04
  0.30530000E+04
  0.30550000E+04
  0.30570000E+04
  0.30590000E+04
  0.30610000E+04
  0.30630000E+04
  0.30650000E+04
  0.30670000E+04
  0.30690000E+04
  0.30710000E+04
  0.30730000E+04
  0.30750000E+04
  0.30770000E+04
  0.30790000E+04
  0.30810000E+04
  0.30830000E+04
  0.30850000E+04
  0.30870000E+04
  0.30890000E+04
  0.30910000E+04
  0.30930000E+04
  0.30950000E+04
  0.30970000E+04
  0.30990000E+04
  0.31010000E+04
  0.31030000E+04
  0.31050000E+04
  0.31070000E+04
  0.31090000E+04
  0.31110000E+04
  0.31130000E+04
  0.31150000E+04
  0.31170000E+04
  0.31190000E+04
  0.31210000E+04
  0.31230000E+04
  0.31250000E+04
  0.31270000E+04
  0.31290000E+04
  0.31310000E+04
  0.31330000E+04
  0.31350000E+04
  0.31370000E+04
  0.31390000E+04
  0.31410000E+04
  0.31430000E+04
  0.31450000E+04
  0.31470000E+04
  0.31490000E+04
  0.31510000E+04
  0.31530000E+04
  0.31550000E+04
  0.31570000E+04
  0.31590000E+04
  0.31610000E+04
  0.31630000E+04
  0.31650000E+04
  0.31670000E+04
  0.31690000E+04
  0.31710000E+04
  0.31730000E+04
  0.31750000E+04
  0.31770000E+04
  0.31790000E+04
  0.31810000E+04
  0.31830000E+04
  0.31850000E+04
  0.31870000E+04
  0.31890000E+04
  0.31910000E+04
  0.31930000E+04
  0.31950000E+04
  0.31970000E+04
  0.31990000E+04
  0.32010000E+04
  0.32030000E+04
  0.32050000E+04
  0.32070000E+04
  0.32090000E+04
  0.32110000E+04
  0.32130000E+04
  0.32150000E+04
  0.32170000E+04
  0.32190000E+04
  0.32210000E+04
  0.32230000E+04
  0.32250000E+04
  0.32270000E+04
  0.32290000E+04
  0.32310000E+04
  0.32330000E+04
  0.32350000E+04
  0.32370000E+04
  0.32390000E+04
  0.32410000E+04
  0.32430000E+04
  0.32450000E+04
  0.32470000E+04
  0.32490000E+04
  0.32510000E+04
  0.32530000E+04
  0.32550000E+04
  0.32570000E+04
  0.32590000E+04
  0.32610000E+04
  0.32630000E+04
  0.32650000E+04
  0.32670000E+04
  0.32690000E+04
  0.32710000E+04
  0.32730000E+04
  0.32750000E+04
  0.32770000E+04
  0.32790000E+04
  0.32810000E+04
  0.32830000E+04
  0.32850000E+04
  0.32870000E+04
  0.32890000E+04
  0.32910000E+04
  0.32930000E+04
  0.32950000E+04
  0.32970000E+04
  0.32990000E+04
  0.33010000E+04
  0.33030000E+04
  0.33050000E+04
  0.33070000E+04
  0.33090000E+04
  0.33110000E+04
  0.33130000E+04
  0.33150000E+04
  0.33170000E+04
  0.33190000E+04
  0.33210000E+04
  0.33230000E+04
  0.33250000E+04
  0.33270000E+04
  0.33290000E+04
  0.33310000E+04
  0.33330000E+04
  0.33350000E+04
  0.33370000E+04
  0.33390000E+04
  0.33410000E+04
  0.33430000E+04
  0.33450000E+04
  0.33470000E+04
  0.33490000E+04
  0.33510000E+04
  0.33530000E+04
  0.33550000E+04
  0.33570000E+04
  0.33590000E+04
  0.33610000E+04
  0.33630000E+04
  0.33650000E+04
  0.33670000E+04
  0.33690000E+04
  0.33710000E+04
  0.33730000E+04
  0.33750000E+04
  0.33770000E+04
  0.33790000E+04
  0.33810000E+04
  0.33830000E+04
  0.33850000E+04
  0.33870000E+04
  0.33890000E+04
  0.33910000E+04
  0.33930000E+04
  0.33950000E+04
  0.33970000E+04
  0.33990000E+04
  0.34010000E+04
  0.34030000E+04
  0.34050000E+04
  0.34070000E+04
  0.34090000E+04
  0.34110000E+04
  0.34130000E+04
  0.34150000E+04
  0.34170000E+04
  0.34190000E+04
  0.34210000E+04
  0.34230000E+04
  0.34250000E+04
  0.34270000E+04
  0.34290000E+04
  0.34310000E+04
  0.34330000E+04
  0.34350000E+04
  0.34370000E+04
  0.34390000E+04
  0.34410000E+04
  0.34430000E+04
  0.34450000E+04
  0.34470000E+04
  0.34490000E+04
  0.34510000E+04
  0.34530000E+04
  0.34550000E+04
  0.34570000E+04
  0.34590000E+04
  0.34610000E+04
  0.34630000E+04
  0.34650000E+04
  0.34670000E+04
  0.34690000E+04
  0.34710000E+04
  0.34730000E+04
  0.34750000E+04
  0.34770000E+04
  0.34790000E+04
  0.34810000E+04
  0.34830000E+04
  0.34850000E+04
  0.34870000E+04
  0.34890000E+04
  0.34910000E+04
  0.34930000E+04
  0.34950000E+04
  0.34970000E+04
  0.34990000E+04
  0.35010000E+04
  0.35030000E+04
  0.35050000E+04
  0.35070000E+04
  0.35090000E+04
  0.35110000E+04
  0.35130000E+04
  0.35150000E+04
  0.35170000E+04
  0.35190000E+04
  0.35210000E+04
  0.35230000E+04
  0.35250000E+04
  0.35270000E+04
  0.35290000E+04
  0.35310000E+04
  0.35330000E+04
  0.35350000E+04
  0.35370000E+04
  0.35390000E+04
  0.35410000E+04
  0.35430000E+04
  0.35450000E+04
  0.35470000E+04
  0.35490000E+04
  0.35510000E+04
  0.35530000E+04
  0.35550000E+04
  0.35570000E+04
  0.35590000E+04
  0.35610000E+04
  0.35630000E+04
  0.35650000E+04
  0.35670000E+04
  0.35690000E+04
  0.35710000E+04
  0.35730000E+04
  0.35750000E+04
  0.35770000E+04
  0.35790000E+04
  0.35810000E+04
  0.35830000E+04
  0.35850000E+04
  0.35870000E+04
  0.35890000E+04
  0.35910000E+04
  0.35930000E+04
  0.35950000E+04
  0.35970000E+04
  0.35990000E+04
  0.36010000E+04
  0.36030000E+04
  0.36050000E+04
  0.36070000E+04
  0.36090000E+04
  0.36110000E+04
  0.36130000E+04
  0.36150000E+04
  0.36170000E+04
  0.36190000E+04
  0.36210000E+04
  0.36230000E+04
  0.36250000E+04
  0.36270000E+04
  0.36290000E+04
  0.36310000E+04
  0.36330000E+04
  0.36350000E+04
  0.36370000E+04
  0.36390000E+04
  0.36410000E+04
  0.36430000E+04
  0.36450000E+04
  0.36470000E+04
  0.36490000E+04
  0.36510000E+04
  0.36530000E+04
  0.36550000E+04
  0.36570000E+04
  0.36590000E+04
  0.36610000E+04
  0.36630000E+04
  0.36650000E+04
  0.36670000E+04
  0.36690000E+04
  0.36710000E+04
  0.36730000E+04
  0.36750000E+04
  0.36770000E+04
  0.36790000E+04
  0.36810000E+04
  0.36830000E+04
  0.36850000E+04
  0.36870000E+04
  0.36890000E+04
  0.36910000E+04
  0.36930000E+04
  0.36950000E+04
  0.36970000E+04
  0.36990000E+04
  0.37010000E+04
  0.37030000E+04
  0.37050000E+04
  0.37070000E+04
  0.37090000E+04
  0.37110000E+04
  0.37130000E+04
  0.37150000E+04
  0.37170000E+04
  0.37190000E+04
  0.37210000E+04
  0.37230000E+04
  0.37250000E+04
  0.37270000E+04
  0.37290000E+04
  0.37310000E+04
  0.37330000E+04
  0.37350000E+04
  0.37370000E+04
  0.37390000E+04
  0.37410000E+04
  0.37430000E+04
  0.37450000E+04
  0.37470000E+04
  0.37490000E+04
  0.37510000E+04
  0.37530000E+04
  0.37550000E+04
  0.37570000E+04
  0.37590000E+04
  0.37610000E+04
  0.37630000E+04
  0.37650000E+04
  0.37670000E+04
  0.37690000E+04
  0.37710000E+04
  0.37730000E+04
  0.37750000E+04
  0.37770000E+04
  0.37790000E+04
  0.37810000E+04
  0.37830000E+04
  0.37850000E+04
  0.37870000E+04
  0.37890000E+04
  0.37910000E+04
  0.37930000E+04
  0.37950000E+04
  0.37970000E+04
  0.37990000E+04
  0.38010000E+04
  0.38030000E+04
  0.38050000E+04
  0.38070000E+04
  0.38090000E+04
  0.38110000E+04
  0.38130000E+04
  0.38150000E+04
  0.38170000E+04
  0.38190000E+04
  0.38210000E+04
  0.38230000E+04
  0.38250000E+04
  0.38270000E+04
  0.38290000E+04
  0.38310000E+04
  0.38330000E+04
  0.38350000E+04
  0.38370000E+04
  0.38390000E+04
  0.38410000E+04
  0.38430000E+04
  0.38450000E+04
  0.38470000E+04
  0.38490000E+04
  0.38510000E+04
  0.38530000E+04
  0.38550000E+04
  0.38570000E+04
  0.38590000E+04
  0.38610000E+04
  0.38630000E+04
  0.38650000E+04
  0.38670000E+04
  0.38690000E+04
  0.38710000E+04
  0.38730000E+04
  0.38750000E+04
  0.38770000E+04
  0.38790000E+04
  0.38810000E+04
  0.38830000E+04
  0.38850000E+04
  0.38870000E+04
  0.38890000E+04
  0.38910000E+04
  0.38930000E+04
  0.38950000E+04
  0.38970000E+04
  0.38990000E+04
  0.39010000E+04
  0.39030000E+04
  0.39050000E+04
  0.39070000E+04
  0.39090000E+04
  0.39110000E+04
  0.39130000E+04
  0.39150000E+04
  0.39170000E+04
  0.39190000E+04
  0.39210000E+04
  0.39230000E+04
  0.39250000E+04
  0.39270000E+04
  0.39290000E+04
  0.39310000E+04
  0.39330000E+04
  0.39350000E+04
  0.39370000E+04
  0.39390000E+04
  0.39410000E+04
  0.39430000E+04
  0.39450000E+04
  0.39470000E+04
  0.39490000E+04
  0.39510000E+04
  0.39530000E+04
  0.39550000E+04
  0.39570000E+04
  0.39590000E+04
  0.39610000E+04
  0.39630000E+04
  0.39650000E+04
  0.39670000E+04
  0.39690000E+04
  0.39710000E+04
  0.39730000E+04
  0.39750000E+04
  0.39770000E+04
  0.39790000E+04
  0.39810000E+04
  0.39830000E+04
  0.39850000E+04
  0.39870000E+04
  0.39890000E+04
  0.39910000E+04
  0.39930000E+04
  0.39950000E+04
  0.39970000E+04
  0.39990000E+04
