  0.49067529E+01  0.49056403E+01  0.49041444E+01  0.49034543E+01  0.49029126E+01
  0.49024411E+01  0.49019580E+01  0.49014267E+01  0.49007899E+01  0.48999834E+01
  0.48989287E+01  0.48975294E+01  0.48956607E+01  0.48931598E+01  0.48898117E+01
  0.48853320E+01  0.48793394E+01  0.48713192E+01  0.48605759E+01  0.48461705E+01
  0.48268337E+01  0.48008717E+01  0.47660646E+01  0.47194884E+01  0.46572500E+01
  0.45755494E+01  0.44700030E+01  0.43361200E+01  0.41715056E+01  0.39768448E+01
  0.37591838E+01  0.35303162E+01  0.33022947E+01  0.30813028E+01  0.28689734E+01
  0.26683380E+01  0.24819611E+01  0.23107655E+01  0.21542299E+01  0.20108985E+01
  0.18790434E+01  0.17571439E+01  0.16439862E+01  0.15386880E+01  0.14406943E+01
  0.13497386E+01  0.12654149E+01  0.11869477E+01  0.11136359E+01  0.10450440E+01
  0.98084775E+00  0.92077522E+00  0.86458123E+00  0.81203862E+00  0.76293382E+00
  0.71706082E+00  0.67421816E+00  0.63420857E+00  0.59684164E+00  0.56193700E+00
  0.52932647E+00  0.49885414E+00  0.47037621E+00  0.44376137E+00  0.41889152E+00
  0.39566139E+00  0.37397657E+00  0.35375068E+00  0.33490434E+00  0.31736330E+00
  0.30105171E+00  0.28590770E+00  0.27186111E+00  0.25883602E+00  0.24678121E+00
  0.23564063E+00  0.22534904E+00  0.21584161E+00  0.20705454E+00  0.19892720E+00
  0.19140239E+00  0.18442703E+00  0.17795221E+00  0.17193277E+00  0.16632704E+00
  0.16109663E+00  0.15620598E+00  0.15162232E+00  0.14731571E+00  0.14325904E+00
  0.13942780E+00  0.13579963E+00  0.13235472E+00  0.12907387E+00  0.12594297E+00
  0.12294057E+00  0.12007060E+00  0.11727089E+00  0.11467108E+00  0.11149157E+00
  0.10950866E+00  0.49067732E+01  0.49056517E+01  0.49041446E+01  0.49034504E+01
  0.49029062E+01  0.49024334E+01  0.49019490E+01  0.49014159E+01  0.49007777E+01
  0.48999705E+01  0.48989155E+01  0.48975158E+01  0.48956469E+01  0.48931463E+01
  0.48897990E+01  0.48853202E+01  0.48793290E+01  0.48713103E+01  0.48605683E+01
  0.48461628E+01  0.48268234E+01  0.48008569E+01  0.47660434E+01  0.47194586E+01
  0.46572083E+01  0.45754941E+01  0.44699322E+01  0.43360314E+01  0.41713986E+01
  0.39767198E+01  0.37590411E+01  0.35301559E+01  0.33021198E+01  0.30811231E+01
  0.28688005E+01  0.26681800E+01  0.24818224E+01  0.23106457E+01  0.21541244E+01
  0.20108014E+01  0.18789489E+01  0.17570471E+01  0.16438835E+01  0.15385771E+01
  0.14405747E+01  0.13496087E+01  0.12652713E+01  0.11867902E+01  0.11134679E+01
  0.10448675E+01  0.98066439E+00  0.92058633E+00  0.86438805E+00  0.81184236E+00
  0.76273546E+00  0.71686099E+00  0.67401717E+00  0.63400661E+00  0.59663900E+00
  0.56173420E+00  0.52912424E+00  0.49865347E+00  0.47017851E+00  0.44356868E+00
  0.41870644E+00  0.39548691E+00  0.37381574E+00  0.35360653E+00  0.33477964E+00
  0.31726008E+00  0.30097236E+00  0.28585415E+00  0.27182995E+00  0.25883005E+00
  0.24680463E+00  0.23568911E+00  0.22541879E+00  0.21592908E+00  0.20715652E+00
  0.19904092E+00  0.19152549E+00  0.18455736E+00  0.17808773E+00  0.17207148E+00
  0.16646701E+00  0.16123606E+00  0.15634325E+00  0.15175610E+00  0.14744499E+00
  0.14338299E+00  0.13954577E+00  0.13591109E+00  0.13245925E+00  0.12917119E+00
  0.12603293E+00  0.12302312E+00  0.12014586E+00  0.11733894E+00  0.11473242E+00
  0.11154472E+00  0.10955672E+00  0.49068317E+01  0.49056807E+01  0.49041350E+01
  0.49034268E+01  0.49028771E+01  0.49024028E+01  0.49019163E+01  0.49013801E+01
  0.49007395E+01  0.48999314E+01  0.48988761E+01  0.48974763E+01  0.48956077E+01
  0.48931079E+01  0.48897621E+01  0.48852850E+01  0.48792954E+01  0.48712781E+01
  0.48605361E+01  0.48461269E+01  0.48267798E+01  0.48008012E+01  0.47659709E+01
  0.47193634E+01  0.46570815E+01  0.45753307E+01  0.44697275E+01  0.43357787E+01
  0.41710963E+01  0.39763690E+01  0.37586439E+01  0.35297129E+01  0.33016353E+01
  0.30806183E+01  0.28683083E+01  0.26677278E+01  0.24814239E+01  0.23102998E+01
  0.21538177E+01  0.20105151E+01  0.18786661E+01  0.17567531E+01  0.16435673E+01
  0.15382309E+01  0.14401946E+01  0.13491908E+01  0.12648109E+01  0.11862909E+01
  0.11129375E+01  0.10443117E+01  0.98008769E+00  0.91999275E+00  0.86378149E+00
  0.81122662E+00  0.76211364E+00  0.71623517E+00  0.67338851E+00  0.63337588E+00
  0.59600723E+00  0.56110307E+00  0.52849604E+00  0.49803122E+00  0.46956646E+00
  0.44297269E+00  0.41813397E+00  0.39494634E+00  0.37331567E+00  0.35315537E+00
  0.33438505E+00  0.31692783E+00  0.30070899E+00  0.28566313E+00  0.27170792E+00
  0.25878134E+00  0.24683368E+00  0.23578898E+00  0.22557989E+00  0.21614160E+00
  0.20741158E+00  0.19933075E+00  0.19184331E+00  0.18489701E+00  0.17844334E+00
  0.17243737E+00  0.16683780E+00  0.16160674E+00  0.15670943E+00  0.15211409E+00
  0.14779178E+00  0.14371614E+00  0.13986328E+00  0.13621137E+00  0.13274108E+00
  0.12943369E+00  0.12627559E+00  0.12324574E+00  0.12034865E+00  0.11752202E+00
  0.11489708E+00  0.11168698E+00  0.10968509E+00  0.49069288E+01  0.49057240E+01
  0.49041037E+01  0.49033671E+01  0.49028091E+01  0.49023342E+01  0.49018473E+01
  0.49013100E+01  0.49006682E+01  0.48998598E+01  0.48988047E+01  0.48974054E+01
  0.48955379E+01  0.48930397E+01  0.48896957E+01  0.48852202E+01  0.48792315E+01
  0.48712141E+01  0.48604690E+01  0.48460524E+01  0.48266932E+01  0.48006965E+01
  0.47658410E+01  0.47191995E+01  0.46568690E+01  0.45750618E+01  0.44693949E+01
  0.43353718E+01  0.41706127E+01  0.39758099E+01  0.37580132E+01  0.35290103E+01
  0.33008652E+01  0.30798112E+01  0.28675176E+01  0.26670000E+01  0.24807818E+01
  0.23097422E+01  0.21533218E+01  0.20100495E+01  0.18782022E+01  0.17562664E+01
  0.16430391E+01  0.15376478E+01  0.14395483E+01  0.13484762E+01  0.12640264E+01
  0.11854441E+01  0.11120393E+01  0.10433703E+01  0.97911086E+00  0.91898797E+00
  0.86275558E+00  0.81018597E+00  0.76106351E+00  0.71517921E+00  0.67232888E+00
  0.63231413E+00  0.59494537E+00  0.56004406E+00  0.52744391E+00  0.49699130E+00
  0.46854611E+00  0.44198180E+00  0.41718464E+00  0.39405193E+00  0.37248973E+00
  0.35241102E+00  0.33373389E+00  0.31637899E+00  0.30027203E+00  0.28533993E+00
  0.27150243E+00  0.25869711E+00  0.24686415E+00  0.23592643E+00  0.22581201E+00
  0.21645466E+00  0.20779250E+00  0.19976751E+00  0.19232499E+00  0.18541354E+00
  0.17898521E+00  0.17299566E+00  0.16740430E+00  0.16217400E+00  0.15727088E+00
  0.15266410E+00  0.14832561E+00  0.14422982E+00  0.14035357E+00  0.13667571E+00
  0.13317750E+00  0.12984082E+00  0.12665261E+00  0.12359229E+00  0.12066489E+00
  0.11780800E+00  0.11515466E+00  0.11190998E+00  0.10988666E+00  0.49070685E+01
  0.49057828E+01  0.49040479E+01  0.49032652E+01  0.49026933E+01  0.49022171E+01
  0.49017313E+01  0.49011957E+01  0.49005549E+01  0.48997468E+01  0.48986921E+01
  0.48972938E+01  0.48954282E+01  0.48929325E+01  0.48895911E+01  0.48851179E+01
  0.48791305E+01  0.48711130E+01  0.48603644E+01  0.48459388E+01  0.48265637E+01
  0.48005428E+01  0.47656532E+01  0.47189653E+01  0.46565688E+01  0.45746841E+01
  0.44689289E+01  0.43348033E+01  0.41699383E+01  0.39750309E+01  0.37571340E+01
  0.35280301E+01  0.32997908E+01  0.30786874E+01  0.28664190E+01  0.26659910E+01
  0.24798941E+01  0.23089721E+01  0.21526368E+01  0.20094065E+01  0.18775602E+01
  0.17555911E+01  0.16423043E+01  0.15368349E+01  0.14386462E+01  0.13474790E+01
  0.12629342E+01  0.11842667E+01  0.11107906E+01  0.10420619E+01  0.97775368E+00
  0.91759243E+00  0.86133167E+00  0.80874262E+00  0.75960784E+00  0.71371624E+00
  0.67086173E+00  0.63084529E+00  0.59347802E+00  0.55858268E+00  0.52599457E+00
  0.49556220E+00  0.46714848E+00  0.44063015E+00  0.41589605E+00  0.39284471E+00
  0.37138219E+00  0.35142044E+00  0.33287507E+00  0.31566406E+00  0.29971173E+00
  0.28493468E+00  0.27125911E+00  0.25861872E+00  0.24693483E+00  0.23613207E+00
  0.22613797E+00  0.21688527E+00  0.20831191E+00  0.20036019E+00  0.19297609E+00
  0.18610916E+00  0.17971245E+00  0.17374283E+00  0.16816092E+00  0.16293072E+00
  0.15801949E+00  0.15339746E+00  0.14903758E+00  0.14491524E+00  0.14100823E+00
  0.13729628E+00  0.13376152E+00  0.13038657E+00  0.12715907E+00  0.12405895E+00
  0.12109193E+00  0.11819537E+00  0.11550470E+00  0.11221436E+00  0.11016272E+00
  0.49072537E+01  0.49058571E+01  0.49039654E+01  0.49031193E+01  0.49025269E+01
  0.49020478E+01  0.49015634E+01  0.49010308E+01  0.49003930E+01  0.48995866E+01
  0.48985331E+01  0.48971368E+01  0.48952740E+01  0.48927817E+01  0.48894440E+01
  0.48849738E+01  0.48789882E+01  0.48709707E+01  0.48602180E+01  0.48457814E+01
  0.48263869E+01  0.48003356E+01  0.47654028E+01  0.47186553E+01  0.46561753E+01
  0.45741921E+01  0.44683228E+01  0.43340651E+01  0.41690634E+01  0.39740203E+01
  0.37559931E+01  0.35267591E+01  0.32984001E+01  0.30772351E+01  0.28650010E+01
  0.26646908E+01  0.24787523E+01  0.23079821E+01  0.21517557E+01  0.20085785E+01
  0.18767327E+01  0.17547193E+01  0.16413551E+01  0.15357847E+01  0.14374808E+01
  0.13461923E+01  0.12615281E+01  0.11827538E+01  0.11091882E+01  0.10403853E+01
  0.97601655E+00  0.91580745E+00  0.85951153E+00  0.80689890E+00  0.75774938E+00
  0.71184918E+00  0.66899020E+00  0.62897300E+00  0.59160973E+00  0.55672482E+00
  0.52415582E+00  0.49375448E+00  0.46538774E+00  0.43893613E+00  0.41429095E+00
  0.39135152E+00  0.37002340E+00  0.35021655E+00  0.33184305E+00  0.31481814E+00
  0.29906185E+00  0.28447907E+00  0.27100236E+00  0.25856019E+00  0.24705328E+00
  0.23640746E+00  0.22655234E+00  0.21742089E+00  0.20895108E+00  0.20108481E+00
  0.19376832E+00  0.18695212E+00  0.18059071E+00  0.17464265E+00  0.16907017E+00
  0.16383871E+00  0.15891681E+00  0.15427589E+00  0.14989005E+00  0.14573583E+00
  0.14179213E+00  0.13803975E+00  0.13446176E+00  0.13104165E+00  0.12776780E+00
  0.12462073E+00  0.12160687E+00  0.11866334E+00  0.11592837E+00  0.11258370E+00
  0.11049831E+00  0.49074881E+01  0.49059480E+01  0.49038554E+01  0.49029291E+01
  0.49023093E+01  0.49018251E+01  0.49013422E+01  0.49008134E+01  0.49001792E+01
  0.48993758E+01  0.48983244E+01  0.48969306E+01  0.48950714E+01  0.48925836E+01
  0.48892505E+01  0.48847843E+01  0.48788011E+01  0.48707837E+01  0.48600263E+01
  0.48455770E+01  0.48261594E+01  0.48000716E+01  0.47650861E+01  0.47182653E+01
  0.46556844E+01  0.45735806E+01  0.44675696E+01  0.43331489E+01  0.41679776E+01
  0.39727652E+01  0.37545750E+01  0.35251799E+01  0.32966758E+01  0.30754384E+01
  0.28632492E+01  0.26630859E+01  0.24773437E+01  0.23067615E+01  0.21506691E+01
  0.20075563E+01  0.18757104E+01  0.17536424E+01  0.16401829E+01  0.15344892E+01
  0.14360452E+01  0.13446102E+01  0.12598037E+01  0.11809024E+01  0.11072296E+01
  0.10383384E+01  0.97389850E+00  0.91363370E+00  0.85729674E+00  0.80465663E+00
  0.75549010E+00  0.70958004E+00  0.66671645E+00  0.62669995E+00  0.58934421E+00
  0.55447581E+00  0.52193550E+00  0.49157961E+00  0.46327992E+00  0.43692078E+00
  0.41239534E+00  0.38960300E+00  0.36844791E+00  0.34883660E+00  0.33067714E+00
  0.31388088E+00  0.29835712E+00  0.28400776E+00  0.27076138E+00  0.25853461E+00
  0.24722356E+00  0.23675194E+00  0.22704951E+00  0.21804985E+00  0.20969145E+00
  0.20191644E+00  0.19467165E+00  0.18790872E+00  0.18158384E+00  0.17565738E+00
  0.17009326E+00  0.16485847E+00  0.15992302E+00  0.15525968E+00  0.15084392E+00
  0.14665355E+00  0.14266868E+00  0.13887120E+00  0.13524520E+00  0.13177500E+00
  0.12844977E+00  0.12525063E+00  0.12218477E+00  0.11918901E+00  0.11640473E+00
  0.11299945E+00  0.11087637E+00  0.49077746E+01  0.49060563E+01  0.49037174E+01
  0.49026958E+01  0.49020420E+01  0.49015503E+01  0.49010687E+01  0.49005435E+01
  0.48999133E+01  0.48991133E+01  0.48980639E+01  0.48966730E+01  0.48948183E+01
  0.48923357E+01  0.48890083E+01  0.48845469E+01  0.48785664E+01  0.48705491E+01
  0.48597863E+01  0.48453225E+01  0.48258780E+01  0.47997472E+01  0.47646994E+01
  0.47177913E+01  0.46550922E+01  0.45728445E+01  0.44666626E+01  0.43320466E+01
  0.41666710E+01  0.39712534E+01  0.37528654E+01  0.35232771E+01  0.32946021E+01
  0.30732824E+01  0.28611502E+01  0.26611650E+01  0.24756585E+01  0.23053003E+01
  0.21493672E+01  0.20063307E+01  0.18744842E+01  0.17523510E+01  0.16387786E+01
  0.15329397E+01  0.14343313E+01  0.13427254E+01  0.12577545E+01  0.11787067E+01
  0.11049098E+01  0.10359168E+01  0.97139526E+00  0.91106744E+00  0.85468443E+00
  0.80201317E+00  0.75282708E+00  0.70690570E+00  0.66403751E+00  0.62402385E+00
  0.58668047E+00  0.55183681E+00  0.51933822E+00  0.48904688E+00  0.46083985E+00
  0.43460466E+00  0.41023531E+00  0.38763018E+00  0.36669070E+00  0.34731850E+00
  0.32941621E+00  0.31288700E+00  0.29762619E+00  0.28354279E+00  0.27054827E+00
  0.25854382E+00  0.24743989E+00  0.23715437E+00  0.22761399E+00  0.21875214E+00
  0.21050787E+00  0.20282486E+00  0.19565159E+00  0.18894133E+00  0.18265208E+00
  0.17674589E+00  0.17118817E+00  0.16594757E+00  0.16099571E+00  0.15630695E+00
  0.15185822E+00  0.14762871E+00  0.14359973E+00  0.13975425E+00  0.13607729E+00
  0.13255403E+00  0.12917439E+00  0.12592010E+00  0.12279916E+00  0.11974805E+00
  0.11691150E+00  0.11344185E+00  0.11127871E+00  0.49081161E+01  0.49061828E+01
  0.49035517E+01  0.49024218E+01  0.49017282E+01  0.49012267E+01  0.49007451E+01
  0.49002247E+01  0.48996001E+01  0.48988004E+01  0.48977508E+01  0.48963636E+01
  0.48945137E+01  0.48920373E+01  0.48887162E+01  0.48842602E+01  0.48782828E+01
  0.48702651E+01  0.48594960E+01  0.48450154E+01  0.48255398E+01  0.47993596E+01
  0.47642391E+01  0.47172290E+01  0.46543947E+01  0.45719791E+01  0.44655949E+01
  0.43307504E+01  0.41651341E+01  0.39694733E+01  0.37508509E+01  0.35210357E+01
  0.32921642E+01  0.30707535E+01  0.28586920E+01  0.26589178E+01  0.24736876E+01
  0.23035903E+01  0.21478418E+01  0.20048929E+01  0.18730449E+01  0.17508358E+01
  0.16371329E+01  0.15311269E+01  0.14323302E+01  0.13405294E+01  0.12553722E+01
  0.11761583E+01  0.11022205E+01  0.10331116E+01  0.96849774E+00  0.90809923E+00
  0.85166517E+00  0.79895921E+00  0.74975071E+00  0.70381637E+00  0.66094401E+00
  0.62093655E+00  0.58361242E+00  0.54880510E+00  0.51636620E+00  0.48616476E+00
  0.45808270E+00  0.43200959E+00  0.40783877E+00  0.38546636E+00  0.36478897E+00
  0.34570031E+00  0.32809452E+00  0.31186353E+00  0.29689205E+00  0.28309495E+00
  0.27036874E+00  0.25859816E+00  0.24770419E+00  0.23760615E+00  0.22822890E+00
  0.21950505E+00  0.21137382E+00  0.20378061E+00  0.19667610E+00  0.19001576E+00
  0.18375955E+00  0.17787104E+00  0.17231714E+00  0.16706817E+00  0.16209747E+00
  0.15738109E+00  0.15289749E+00  0.14862719E+00  0.14455268E+00  0.14065793E+00
  0.13692887E+00  0.13335146E+00  0.12991639E+00  0.12660595E+00  0.12342893E+00
  0.12032147E+00  0.11743164E+00  0.11389632E+00  0.11169227E+00  0.49085140E+01
  0.49063288E+01  0.49033605E+01  0.49021109E+01  0.49013737E+01  0.49008605E+01
  0.49003787E+01  0.48998648E+01  0.48992416E+01  0.48984365E+01  0.48973864E+01
  0.48960031E+01  0.48941589E+01  0.48916893E+01  0.48883750E+01  0.48839245E+01
  0.48779498E+01  0.48699309E+01  0.48591541E+01  0.48446542E+01  0.48251428E+01
  0.47989059E+01  0.47637021E+01  0.47165747E+01  0.46535883E+01  0.45709793E+01
  0.44643598E+01  0.43292525E+01  0.41633574E+01  0.39674135E+01  0.37485181E+01
  0.35184412E+01  0.32893476E+01  0.30678385E+01  0.28558635E+01  0.26563350E+01
  0.24714230E+01  0.23016243E+01  0.21460847E+01  0.20032339E+01  0.18713830E+01
  0.17490866E+01  0.16352349E+01  0.15290396E+01  0.14300300E+01  0.13380095E+01
  0.12526431E+01  0.11732433E+01  0.10991471E+01  0.10299082E+01  0.96519144E+00
  0.90471489E+00  0.84822508E+00  0.79548109E+00  0.74624789E+00  0.70030006E+00
  0.65742581E+00  0.61743060E+00  0.58013645E+00  0.54538251E+00  0.51302835E+00
  0.48295009E+00  0.45503331E+00  0.42916766E+00  0.40524448E+00  0.38315505E+00
  0.36278689E+00  0.34402308E+00  0.32674786E+00  0.31084116E+00  0.29618540E+00
  0.28268659E+00  0.27023211E+00  0.25870467E+00  0.24802177E+00  0.23810684E+00
  0.22888678E+00  0.22029532E+00  0.21227228E+00  0.20476439E+00  0.19772436E+00
  0.19110995E+00  0.18488296E+00  0.17900855E+00  0.17345540E+00  0.16819561E+00
  0.16320425E+00  0.15845899E+00  0.15393972E+00  0.14962824E+00  0.14550813E+00
  0.14156431E+00  0.13778356E+00  0.13415260E+00  0.13066281E+00  0.12729702E+00
  0.12406473E+00  0.12090167E+00  0.11795929E+00  0.11435900E+00  0.11211441E+00
  0.49089664E+01  0.49064947E+01  0.49031483E+01  0.49017723E+01  0.49009874E+01
  0.49004591E+01  0.48999774E+01  0.48994685E+01  0.48988345E+01  0.48980188E+01
  0.48969731E+01  0.48955946E+01  0.48937572E+01  0.48912949E+01  0.48879875E+01
  0.48835421E+01  0.48775690E+01  0.48695471E+01  0.48587604E+01  0.48442377E+01
  0.48246853E+01  0.47983840E+01  0.47630853E+01  0.47158249E+01  0.46526691E+01
  0.45698393E+01  0.44629499E+01  0.43275447E+01  0.41613309E+01  0.39650621E+01
  0.37458534E+01  0.35154789E+01  0.32861374E+01  0.30645238E+01  0.28526532E+01
  0.26534072E+01  0.24688565E+01  0.22993938E+01  0.21440873E+01  0.20013436E+01
  0.18694863E+01  0.17470897E+01  0.16330697E+01  0.15266615E+01  0.14274135E+01
  0.13351473E+01  0.12495485E+01  0.11699428E+01  0.10956721E+01  0.10262910E+01
  0.96146291E+00  0.90090375E+00  0.84435577E+00  0.79157240E+00  0.74231480E+00
  0.69635604E+00  0.65348589E+00  0.61351363E+00  0.57626626E+00  0.54159064E+00
  0.50935552E+00  0.47944308E+00  0.45174029E+00  0.42613495E+00  0.40251387E+00
  0.38075895E+00  0.36074493E+00  0.34234404E+00  0.32543029E+00  0.30986877E+00
  0.29554904E+00  0.28235696E+00  0.27016566E+00  0.25887714E+00  0.24840342E+00
  0.23866624E+00  0.22959512E+00  0.22112690E+00  0.21320382E+00  0.20577439E+00
  0.19879310E+00  0.19221940E+00  0.18601669E+00  0.18015204E+00  0.17459629E+00
  0.16932344E+00  0.16431023E+00  0.15953571E+00  0.15498100E+00  0.15062899E+00
  0.14646422E+00  0.14247254E+00  0.13864152E+00  0.13495858E+00  0.13141579E+00
  0.12799647E+00  0.12471081E+00  0.12149413E+00  0.11850102E+00  0.11483773E+00
  0.11255376E+00  0.49094691E+01  0.49066826E+01  0.49029258E+01  0.49014157E+01
  0.49005756E+01  0.49000275E+01  0.48995421E+01  0.48990088E+01  0.48983570E+01
  0.48975519E+01  0.48965141E+01  0.48951432E+01  0.48933135E+01  0.48908587E+01
  0.48875577E+01  0.48831164E+01  0.48771434E+01  0.48691159E+01  0.48583158E+01
  0.48437658E+01  0.48241663E+01  0.47977919E+01  0.47623857E+01  0.47149760E+01
  0.46516332E+01  0.45685535E+01  0.44613575E+01  0.43256183E+01  0.41590441E+01
  0.39624064E+01  0.37428420E+01  0.35121326E+01  0.32825170E+01  0.30607937E+01
  0.28490475E+01  0.26501229E+01  0.24659773E+01  0.22968852E+01  0.21418346E+01
  0.19992070E+01  0.18673379E+01  0.17448265E+01  0.16306170E+01  0.15239711E+01
  0.14244586E+01  0.13319217E+01  0.12460689E+01  0.11662411E+01  0.10917844E+01
  0.10222543E+01  0.95731255E+00  0.89667221E+00  0.84007002E+00  0.78725262E+00
  0.73797726E+00  0.69201629E+00  0.64916221E+00  0.60922904E+00  0.57205136E+00
  0.53748728E+00  0.50541474E+00  0.47571896E+00  0.44828589E+00  0.42299921E+00
  0.39973630E+00  0.37836527E+00  0.35874729E+00  0.34074300E+00  0.32421370E+00
  0.30901482E+00  0.29503184E+00  0.28214026E+00  0.27020919E+00  0.25914864E+00
  0.24887264E+00  0.23930259E+00  0.23036984E+00  0.22201382E+00  0.21418013E+00
  0.20681983E+00  0.19988916E+00  0.19334904E+00  0.18716464E+00  0.18130526E+00
  0.17574377E+00  0.17045600E+00  0.16542006E+00  0.16061622E+00  0.15602663E+00
  0.15163510E+00  0.14742706E+00  0.14338918E+00  0.13950978E+00  0.13577691E+00
  0.13218327E+00  0.12871268E+00  0.12537594E+00  0.12210791E+00  0.11906619E+00
  0.11534234E+00  0.11302046E+00  0.49100124E+01  0.49068903E+01  0.49026983E+01
  0.49010465E+01  0.49001470E+01  0.48995753E+01  0.48990496E+01  0.48984768E+01
  0.48978327E+01  0.48970452E+01  0.48960169E+01  0.48946550E+01  0.48928333E+01
  0.48903855E+01  0.48870901E+01  0.48826515E+01  0.48766765E+01  0.48686405E+01
  0.48578221E+01  0.48432391E+01  0.48235854E+01  0.47971285E+01  0.47616006E+01
  0.47140240E+01  0.46504754E+01  0.45671148E+01  0.44595745E+01  0.43234635E+01
  0.41564849E+01  0.39594320E+01  0.37394673E+01  0.35083834E+01  0.32784664E+01
  0.30566294E+01  0.28450297E+01  0.26464662E+01  0.24627704E+01  0.22940852E+01
  0.21393100E+01  0.19968037E+01  0.18649162E+01  0.17422742E+01  0.16278540E+01
  0.15209471E+01  0.14211470E+01  0.13283196E+01  0.12421987E+01  0.11621411E+01
  0.10874973E+01  0.10178220E+01  0.95277381E+00  0.89206057E+00  0.83541237E+00
  0.78256940E+00  0.73328530E+00  0.68733347E+00  0.64451101E+00  0.60463830E+00
  0.56756066E+00  0.53314969E+00  0.50129046E+00  0.47186855E+00  0.44476649E+00
  0.41985859E+00  0.39700771E+00  0.37606543E+00  0.35687840E+00  0.33929467E+00
  0.32316007E+00  0.30833223E+00  0.29467795E+00  0.28206596E+00  0.27038402E+00
  0.25953818E+00  0.24944408E+00  0.24002627E+00  0.23121876E+00  0.22296305E+00
  0.21520732E+00  0.20790524E+00  0.20101536E+00  0.19450064E+00  0.18832849E+00
  0.18247022E+00  0.17690025E+00  0.17159572E+00  0.16653597E+00  0.16170235E+00
  0.15707805E+00  0.15264776E+00  0.14839776E+00  0.14431545E+00  0.14038980E+00
  0.13660945E+00  0.13296761E+00  0.12944841E+00  0.12606317E+00  0.12274627E+00
  0.11965818E+00  0.11587637E+00  0.11351815E+00  0.49105628E+01  0.49070997E+01
  0.49024749E+01  0.49006824E+01  0.48997020E+01  0.48990692E+01  0.48985046E+01
  0.48979347E+01  0.48972999E+01  0.48965125E+01  0.48954913E+01  0.48941363E+01
  0.48923214E+01  0.48898795E+01  0.48865884E+01  0.48821510E+01  0.48761718E+01
  0.48681234E+01  0.48572813E+01  0.48426588E+01  0.48229431E+01  0.47963931E+01
  0.47607284E+01  0.47129655E+01  0.46491913E+01  0.45655168E+01  0.44575917E+01
  0.43210694E+01  0.41536398E+01  0.39561223E+01  0.37357097E+01  0.35042096E+01
  0.32739626E+01  0.30520084E+01  0.28405794E+01  0.26424178E+01  0.24592142E+01
  0.22909733E+01  0.21364951E+01  0.19941133E+01  0.18622010E+01  0.17394142E+01
  0.16247657E+01  0.15175799E+01  0.14174779E+01  0.13243526E+01  0.12379637E+01
  0.11576807E+01  0.10828565E+01  0.10130446E+01  0.94789952E+00  0.88712254E+00
  0.83043612E+00  0.77757445E+00  0.72828934E+00  0.68235752E+00  0.63958323E+00
  0.59979629E+00  0.56285671E+00  0.52864852E+00  0.49706001E+00  0.46797524E+00
  0.44126806E+00  0.41679680E+00  0.39440611E+00  0.37392916E+00  0.35519742E+00
  0.33804649E+00  0.32230422E+00  0.30783596E+00  0.29450114E+00  0.28215497E+00
  0.27070145E+00  0.26005050E+00  0.25011973E+00  0.24083691E+00  0.23213935E+00
  0.22397054E+00  0.21628055E+00  0.20902554E+00  0.20216677E+00  0.19566975E+00
  0.18950394E+00  0.18364225E+00  0.17806042E+00  0.17273668E+00  0.16765150E+00
  0.16278726E+00  0.15812810E+00  0.15365962E+00  0.14936887E+00  0.14524389E+00
  0.14127423E+00  0.13744905E+00  0.13376193E+00  0.13019721E+00  0.12676663E+00
  0.12340402E+00  0.12027249E+00  0.11643598E+00  0.11404334E+00  0.49110639E+01
  0.49072656E+01  0.49021992E+01  0.49002604E+01  0.48992143E+01  0.48985359E+01
  0.48979687E+01  0.48974077E+01  0.48967603E+01  0.48959677E+01  0.48949461E+01
  0.48935938E+01  0.48917826E+01  0.48893443E+01  0.48860554E+01  0.48816170E+01
  0.48756305E+01  0.48675654E+01  0.48566950E+01  0.48420271E+01  0.48222408E+01
  0.47955862E+01  0.47597689E+01  0.47117989E+01  0.46477757E+01  0.45637521E+01
  0.44553995E+01  0.43184232E+01  0.41504935E+01  0.39524590E+01  0.37315475E+01
  0.34995869E+01  0.32689807E+01  0.30469067E+01  0.28356749E+01  0.26379612E+01
  0.24552962E+01  0.22875340E+01  0.21333739E+01  0.19911240E+01  0.18591837E+01
  0.17362437E+01  0.16213578E+01  0.15138873E+01  0.14134814E+01  0.13200608E+01
  0.12334104E+01  0.11529099E+01  0.10779127E+01  0.10079715E+01  0.94273648E+00
  0.88190235E+00  0.82518324E+00  0.77230776E+00  0.72302818E+00  0.67712746E+00
  0.63441987E+00  0.59474957E+00  0.55799353E+00  0.52404462E+00  0.49279140E+00
  0.46411100E+00  0.43786066E+00  0.41387845E+00  0.39198788E+00  0.37200241E+00
  0.35373925E+00  0.33701945E+00  0.32166312E+00  0.30753295E+00  0.29449037E+00
  0.28239493E+00  0.27115153E+00  0.26067553E+00  0.25088927E+00  0.24172407E+00
  0.23312014E+00  0.22502346E+00  0.21738663E+00  0.21016824E+00  0.20333183E+00
  0.19684520E+00  0.19067967E+00  0.18480962E+00  0.17921204E+00  0.17386636E+00
  0.16875405E+00  0.16385842E+00  0.15916446E+00  0.15465857E+00  0.15032846E+00
  0.14616272E+00  0.14215143E+00  0.13828411E+00  0.13455468E+00  0.13094763E+00
  0.12747505E+00  0.12407025E+00  0.12089862E+00  0.11701147E+00  0.11458689E+00
  0.49115165E+01  0.49074032E+01  0.49019024E+01  0.48998057E+01  0.48987121E+01
  0.48980285E+01  0.48974551E+01  0.48968798E+01  0.48962227E+01  0.48954203E+01
  0.48943920E+01  0.48930365E+01  0.48912242E+01  0.48887856E+01  0.48854954E+01
  0.48810527E+01  0.48750550E+01  0.48669691E+01  0.48560661E+01  0.48413465E+01
  0.48214807E+01  0.47947093E+01  0.47587234E+01  0.47105244E+01  0.46462223E+01
  0.45618118E+01  0.44529891E+01  0.43155126E+01  0.41470306E+01  0.39484232E+01
  0.37269582E+01  0.34944913E+01  0.32634973E+01  0.30413042E+01  0.28303017E+01
  0.26330863E+01  0.24510139E+01  0.22837700E+01  0.21299503E+01  0.19878450E+01
  0.18558812E+01  0.17327877E+01  0.16176631E+01  0.15099083E+01  0.14092019E+01
  0.13154903E+01  0.12285820E+01  0.11478680E+01  0.10727027E+01  0.10026371E+01
  0.93731691E+00  0.87642879E+00  0.81967812E+00  0.76679007E+00  0.71752076E+00
  0.67166319E+00  0.62904535E+00  0.58953135E+00  0.55301372E+00  0.51938934E+00
  0.48854241E+00  0.46033391E+00  0.43459865E+00  0.41115112E+00  0.38979106E+00
  0.37031203E+00  0.35252010E+00  0.33621455E+00  0.32123242E+00  0.30742528E+00
  0.29464045E+00  0.28276906E+00  0.27171477E+00  0.26139431E+00  0.25173436E+00
  0.24266984E+00  0.23414346E+00  0.22610470E+00  0.21850915E+00  0.21131756E+00
  0.20449540E+00  0.19801233E+00  0.19184148E+00  0.18595863E+00  0.18034202E+00
  0.17497219E+00  0.16983155E+00  0.16490422E+00  0.16017597E+00  0.15563388E+00
  0.15126616E+00  0.14706189E+00  0.14301156E+00  0.13910494E+00  0.13533617E+00
  0.13168990E+00  0.12817854E+00  0.12473478E+00  0.12152622E+00  0.11759250E+00
  0.11513857E+00  0.49119485E+01  0.49075498E+01  0.49016503E+01  0.48993901E+01
  0.48982311E+01  0.48975277E+01  0.48969421E+01  0.48963547E+01  0.48956882E+01
  0.48948761E+01  0.48938386E+01  0.48924756E+01  0.48906572E+01  0.48882131E+01
  0.48849164E+01  0.48804645E+01  0.48744513E+01  0.48663402E+01  0.48553988E+01
  0.48406203E+01  0.48206653E+01  0.47937638E+01  0.47575913E+01  0.47091385E+01
  0.46445241E+01  0.45596913E+01  0.44503579E+01  0.43123297E+01  0.41432386E+01
  0.39439983E+01  0.37219237E+01  0.34889050E+01  0.32574972E+01  0.30351923E+01
  0.28244602E+01  0.26278018E+01  0.24463816E+01  0.22797026E+01  0.21262523E+01
  0.19843079E+01  0.18523286E+01  0.17290850E+01  0.16137226E+01  0.15056832E+01
  0.14046759E+01  0.13106727E+01  0.12235055E+01  0.11425776E+01  0.10672449E+01
  0.99705582E+00  0.93165076E+00  0.87070745E+00  0.81392339E+00  0.76102304E+00
  0.71177068E+00  0.66597357E+00  0.62347789E+00  0.58417055E+00  0.54795740E+00
  0.51473273E+00  0.48436636E+00  0.45669552E+00  0.43152848E+00  0.40865249E+00
  0.38784179E+00  0.36887293E+00  0.35154075E+00  0.33563302E+00  0.32099548E+00
  0.30748098E+00  0.29493476E+00  0.28326266E+00  0.27237407E+00  0.26218870E+00
  0.25263645E+00  0.24365554E+00  0.23519200E+00  0.22719857E+00  0.21963332E+00
  0.21245921E+00  0.20564372E+00  0.19915824E+00  0.19297734E+00  0.18707804E+00
  0.18143981E+00  0.17604420E+00  0.17087443E+00  0.16591547E+00  0.16115377E+00
  0.15657689E+00  0.15217348E+00  0.14793305E+00  0.14384635E+00  0.13990324E+00
  0.13609811E+00  0.13241574E+00  0.12886868E+00  0.12538906E+00  0.12214649E+00
  0.11816998E+00  0.11568908E+00  0.49123575E+01  0.49076860E+01  0.49014016E+01
  0.48989826E+01  0.48977597E+01  0.48970301E+01  0.48964303E+01  0.48958328E+01
  0.48951580E+01  0.48943383E+01  0.48932929E+01  0.48919214E+01  0.48900938E+01
  0.48876391E+01  0.48843299E+01  0.48798620E+01  0.48738269E+01  0.48656843E+01
  0.48546977E+01  0.48398522E+01  0.48197976E+01  0.47927523E+01  0.47563752E+01
  0.47076439E+01  0.46426825E+01  0.45573921E+01  0.44475056E+01  0.43088697E+01
  0.41391096E+01  0.39391742E+01  0.37164340E+01  0.34828216E+01  0.32509804E+01
  0.30285809E+01  0.28181721E+01  0.26221370E+01  0.24414312E+01  0.22753668E+01
  0.21223181E+01  0.19805511E+01  0.18485624E+01  0.17251689E+01  0.16095659E+01
  0.15012365E+01  0.13999216E+01  0.13056203E+01  0.12181881E+01  0.11370412E+01
  0.10615377E+01  0.99122340E+00  0.92573198E+00  0.86473143E+00  0.80791288E+00
  0.75500344E+00  0.70577997E+00  0.66006853E+00  0.61773993E+00  0.57870376E+00
  0.54287246E+00  0.51012862E+00  0.48031736E+00  0.45324641E+00  0.42869258E+00
  0.40641305E+00  0.38615744E+00  0.36769091E+00  0.35079349E+00  0.33526516E+00
  0.32094008E+00  0.30767439E+00  0.29534554E+00  0.28385218E+00  0.27310849E+00
  0.26303896E+00  0.25357685E+00  0.24466421E+00  0.23625054E+00  0.22829092E+00
  0.22074586E+00  0.21358079E+00  0.20676515E+00  0.20027196E+00  0.19407685E+00
  0.18815795E+00  0.18249595E+00  0.17707322E+00  0.17187380E+00  0.16688348E+00
  0.16208926E+00  0.15747904E+00  0.15304184E+00  0.14876760E+00  0.14464704E+00
  0.14067006E+00  0.13683145E+00  0.13311596E+00  0.12953617E+00  0.12602373E+00
  0.12275016E+00  0.11873470E+00  0.11622925E+00  0.49127548E+01  0.49078062E+01
  0.49011445E+01  0.48985816E+01  0.48972947E+01  0.48965347E+01  0.48959201E+01
  0.48953147E+01  0.48946346E+01  0.48938105E+01  0.48927598E+01  0.48913810E+01
  0.48895432E+01  0.48870748E+01  0.48837477E+01  0.48792563E+01  0.48731908E+01
  0.48650084E+01  0.48539683E+01  0.48390466E+01  0.48188812E+01  0.47916787E+01
  0.47550812E+01  0.47060496E+01  0.46407179E+01  0.45549277E+01  0.44444301E+01
  0.43051313E+01  0.41346412E+01  0.39339487E+01  0.37104885E+01  0.34762453E+01
  0.32439591E+01  0.30214926E+01  0.28114702E+01  0.26161340E+01  0.24362037E+01
  0.22707964E+01  0.21181793E+01  0.19766025E+01  0.18446047E+01  0.17210551E+01
  0.16052021E+01  0.14965711E+01  0.13949330E+01  0.13003195E+01  0.12126159E+01
  0.11312481E+01  0.10555730E+01  0.98513235E+00  0.91955255E+00  0.85849141E+00
  0.80163553E+00  0.74872273E+00  0.69955010E+00  0.65396387E+00  0.61186328E+00
  0.57317813E+00  0.53781513E+00  0.50563512E+00  0.47645125E+00  0.45003487E+00
  0.42612671E+00  0.40445359E+00  0.38474520E+00  0.36676042E+00  0.35026649E+00
  0.33508093E+00  0.32104234E+00  0.30800106E+00  0.29585905E+00  0.28451976E+00
  0.27389997E+00  0.26392737E+00  0.25453896E+00  0.24568051E+00  0.23730406E+00
  0.22936717E+00  0.22183319E+00  0.21466962E+00  0.20784770E+00  0.20134194E+00
  0.19512875E+00  0.18918754E+00  0.18349999E+00  0.17804912E+00  0.17281989E+00
  0.16779880E+00  0.16297306E+00  0.15833091E+00  0.15386191E+00  0.14955601E+00
  0.14540403E+00  0.14139606E+00  0.13752681E+00  0.13378100E+00  0.13017132E+00
  0.12662928E+00  0.12332748E+00  0.11927710E+00  0.11675016E+00  0.49131559E+01
  0.49079247E+01  0.49008875E+01  0.48981848E+01  0.48968309E+01  0.48960420E+01
  0.48954154E+01  0.48948059E+01  0.48941247E+01  0.48932996E+01  0.48922459E+01
  0.48908605E+01  0.48890118E+01  0.48865276E+01  0.48831788E+01  0.48786581E+01
  0.48725537E+01  0.48643213E+01  0.48532173E+01  0.48382085E+01  0.48179198E+01
  0.47905449E+01  0.47537100E+01  0.47043563E+01  0.46386190E+01  0.45522841E+01
  0.44411291E+01  0.43011150E+01  0.41298355E+01  0.39283249E+01  0.37040925E+01
  0.34691838E+01  0.32364451E+01  0.30139455E+01  0.28043774E+01  0.26098180E+01
  0.24307300E+01  0.22660146E+01  0.21138449E+01  0.19724664E+01  0.18404545E+01
  0.17167353E+01  0.16006144E+01  0.14916698E+01  0.13897034E+01  0.12947714E+01
  0.12067887E+01  0.11251954E+01  0.10493483E+01  0.97878246E+00  0.91311391E+00
  0.85199091E+00  0.79510064E+00  0.74219640E+00  0.69309854E+00  0.64768666E+00
  0.60589182E+00  0.56764906E+00  0.53284627E+00  0.50131245E+00  0.47282103E+00
  0.44710080E+00  0.42385447E+00  0.40278149E+00  0.38359932E+00  0.36606307E+00
  0.34993854E+00  0.33505635E+00  0.32127132E+00  0.30843494E+00  0.29645455E+00
  0.28524520E+00  0.27472831E+00  0.26483442E+00  0.25550412E+00  0.24668623E+00
  0.23833502E+00  0.23041103E+00  0.22288017E+00  0.21571152E+00  0.20887809E+00
  0.20235548E+00  0.19612092E+00  0.19015554E+00  0.18444130E+00  0.17896177E+00
  0.17370321E+00  0.16865229E+00  0.16379650E+00  0.15912439E+00  0.15462569E+00
  0.15029022E+00  0.14610921E+00  0.14207301E+00  0.13817592E+00  0.13440262E+00
  0.13076614E+00  0.12719774E+00  0.12387111E+00  0.11979031E+00  0.11724459E+00
  0.49136201E+01  0.49080927E+01  0.49006556E+01  0.48977945E+01  0.48963682E+01
  0.48955561E+01  0.48949243E+01  0.48943168E+01  0.48936389E+01  0.48928152E+01
  0.48917591E+01  0.48903668E+01  0.48885058E+01  0.48860035E+01  0.48826296E+01
  0.48780754E+01  0.48719255E+01  0.48636327E+01  0.48524528E+01  0.48373442E+01
  0.48169177E+01  0.47893528E+01  0.47522602E+01  0.47025601E+01  0.46363749E+01
  0.45494529E+01  0.44376012E+01  0.42968185E+01  0.41246905E+01  0.39223023E+01
  0.36972462E+01  0.34616359E+01  0.32284395E+01  0.30059440E+01  0.27968979E+01
  0.26031902E+01  0.24250093E+01  0.22610265E+01  0.21093136E+01  0.19681284E+01
  0.18360946E+01  0.17121966E+01  0.15957981E+01  0.14865272E+01  0.13842235E+01
  0.12889689E+01  0.12007023E+01  0.11188806E+01  0.10428620E+01  0.97217277E+00
  0.90641574E+00  0.84523083E+00  0.78831280E+00  0.73543557E+00  0.68644812E+00
  0.64127637E+00  0.59987873E+00  0.56217585E+00  0.52802522E+00  0.49721422E+00
  0.46946783E+00  0.44446824E+00  0.42188217E+00  0.40138831E+00  0.38270041E+00
  0.36557122E+00  0.34977990E+00  0.33516758E+00  0.32159919E+00  0.30894183E+00
  0.29710305E+00  0.28600349E+00  0.27557023E+00  0.26573819E+00  0.25645149E+00
  0.24766171E+00  0.23932572E+00  0.23140672E+00  0.22387248E+00  0.21669339E+00
  0.20984456E+00  0.20330184E+00  0.19704362E+00  0.19105274E+00  0.18531163E+00
  0.17980446E+00  0.17451762E+00  0.16943807E+00  0.16455398E+00  0.15985417E+00
  0.15532806E+00  0.15096561E+00  0.14675815E+00  0.14269614E+00  0.13877399E+00
  0.13497633E+00  0.13131644E+00  0.12772496E+00  0.12437745E+00  0.12027095E+00
  0.11770870E+00  0.49141621E+01  0.49083150E+01  0.49004370E+01  0.48974031E+01
  0.48959122E+01  0.48950864E+01  0.48944591E+01  0.48938608E+01  0.48931886E+01
  0.48923668E+01  0.48913075E+01  0.48899066E+01  0.48880313E+01  0.48855081E+01
  0.48821057E+01  0.48775136E+01  0.48713127E+01  0.48629509E+01  0.48516830E+01
  0.48364605E+01  0.48158800E+01  0.47881058E+01  0.47507320E+01  0.47006574E+01
  0.46339928E+01  0.45464406E+01  0.44338397E+01  0.42922330E+01  0.41191961E+01
  0.39158692E+01  0.36899349E+01  0.34535824E+01  0.32199233E+01  0.29974717E+01
  0.27890185E+01  0.25962421E+01  0.24190286E+01  0.22558150E+01  0.21045742E+01
  0.19635795E+01  0.18315132E+01  0.17074254E+01  0.15907422E+01  0.14811349E+01
  0.13784806E+01  0.12828954E+01  0.11943444E+01  0.11122978E+01  0.10361105E+01
  0.96529843E+00  0.89945026E+00  0.83820107E+00  0.78126115E+00  0.72843568E+00
  0.67961603E+00  0.63477230E+00  0.59387328E+00  0.55681217E+00  0.52340385E+00
  0.49338249E+00  0.46641751E+00  0.44214445E+00  0.42020001E+00  0.40025242E+00
  0.38201812E+00  0.36525553E+00  0.34976340E+00  0.33538681E+00  0.32200118E+00
  0.30949674E+00  0.29777970E+00  0.28677157E+00  0.27640461E+00  0.26661930E+00
  0.25736358E+00  0.24859155E+00  0.24026261E+00  0.23234252E+00  0.22479979E+00
  0.21760636E+00  0.21073887E+00  0.20417433E+00  0.19789252E+00  0.19187574E+00
  0.18610797E+00  0.18057453E+00  0.17526101E+00  0.17015482E+00  0.16524450E+00
  0.16051909E+00  0.15596810E+00  0.15158150E+00  0.14735050E+00  0.14326548E+00
  0.13932118E+00  0.13550232E+00  0.13182239E+00  0.12821134E+00  0.12484612E+00
  0.12071805E+00  0.11814202E+00  0.49146231E+01  0.49085323E+01  0.49002704E+01
  0.48970409E+01  0.48954868E+01  0.48946556E+01  0.48940377E+01  0.48934506E+01
  0.48927844E+01  0.48919630E+01  0.48908985E+01  0.48894864E+01  0.48875939E+01
  0.48850466E+01  0.48816119E+01  0.48769770E+01  0.48707195E+01  0.48622815E+01
  0.48509146E+01  0.48355639E+01  0.48148121E+01  0.47868077E+01  0.47491265E+01
  0.46986463E+01  0.46314656E+01  0.45432364E+01  0.44298326E+01  0.42873440E+01
  0.41133340E+01  0.39090031E+01  0.36821312E+01  0.34449918E+01  0.32108575E+01
  0.29884937E+01  0.27807193E+01  0.25889602E+01  0.24127766E+01  0.22503629E+01
  0.20996075E+01  0.19588063E+01  0.18266986E+01  0.17024083E+01  0.15854278E+01
  0.14754778E+01  0.13724705E+01  0.12765521E+01  0.11877158E+01  0.11054440E+01
  0.10290874E+01  0.95814959E+00  0.89220494E+00  0.83088980E+00  0.77394149E+00
  0.72120604E+00  0.67263314E+00  0.62822235E+00  0.58792839E+00  0.55161212E+00
  0.51903034E+00  0.48985128E+00  0.46368506E+00  0.44012557E+00  0.41878972E+00
  0.39934691E+00  0.38151974E+00  0.36508039E+00  0.34985318E+00  0.33568382E+00
  0.32245519E+00  0.31007891E+00  0.29846285E+00  0.28752933E+00  0.27721457E+00
  0.26746378E+00  0.25822903E+00  0.24946649E+00  0.24113807E+00  0.23321185E+00
  0.22565725E+00  0.21844771E+00  0.21155958E+00  0.20497239E+00  0.19866751E+00
  0.19262598E+00  0.18683269E+00  0.18127394E+00  0.17593580E+00  0.17080561E+00
  0.16587168E+00  0.16112310E+00  0.15654966E+00  0.15214144E+00  0.14788959E+00
  0.14378443E+00  0.13982091E+00  0.13598386E+00  0.13228694E+00  0.12865964E+00
  0.12527946E+00  0.12113331E+00  0.11854608E+00  0.49149475E+01  0.49086897E+01
  0.49001368E+01  0.48967311E+01  0.48951187E+01  0.48942853E+01  0.48936759E+01
  0.48930968E+01  0.48924343E+01  0.48916106E+01  0.48905379E+01  0.48891118E+01
  0.48871990E+01  0.48846240E+01  0.48811526E+01  0.48764696E+01  0.48701495E+01
  0.48616279E+01  0.48501519E+01  0.48346594E+01  0.48137187E+01  0.47854621E+01
  0.47474462E+01  0.46965284E+01  0.46287934E+01  0.45398353E+01  0.44255683E+01
  0.42821346E+01  0.41070821E+01  0.39016769E+01  0.36738033E+01  0.34358299E+01
  0.32012104E+01  0.29789874E+01  0.27719888E+01  0.25813392E+01  0.24062495E+01
  0.22446670E+01  0.20944060E+01  0.19537951E+01  0.18216382E+01  0.16971376E+01
  0.15798526E+01  0.14695535E+01  0.13661869E+01  0.12699299E+01  0.11808048E+01
  0.10983058E+01  0.10217769E+01  0.95070798E+00  0.88466121E+00  0.82328362E+00
  0.76635182E+00  0.71376453E+00  0.66553286E+00  0.62167297E+00  0.58210413E+00
  0.54663560E+00  0.51495228E+00  0.48664862E+00  0.46127753E+00  0.43840118E+00
  0.41763000E+00  0.39864487E+00  0.38118075E+00  0.36502204E+00  0.35001931E+00
  0.33603193E+00  0.32294259E+00  0.31067245E+00  0.29913753E+00  0.28826384E+00
  0.27799015E+00  0.26826483E+00  0.25904303E+00  0.25028404E+00  0.24195216E+00
  0.23401577E+00  0.22644659E+00  0.21921959E+00  0.21231084E+00  0.20570091E+00
  0.19937244E+00  0.19330762E+00  0.18749101E+00  0.18190890E+00  0.17654812E+00
  0.17139601E+00  0.16644072E+00  0.16167128E+00  0.15707759E+00  0.15264991E+00
  0.14837949E+00  0.14425675E+00  0.14027678E+00  0.13642436E+00  0.13271321E+00
  0.12907252E+00  0.12568000E+00  0.12151891E+00  0.11892246E+00  0.49151863E+01
  0.49087693E+01  0.48999775E+01  0.48964604E+01  0.48948142E+01  0.48939830E+01
  0.48933808E+01  0.48928057E+01  0.48921427E+01  0.48913134E+01  0.48902296E+01
  0.48887866E+01  0.48868502E+01  0.48842439E+01  0.48807314E+01  0.48759949E+01
  0.48696055E+01  0.48609922E+01  0.48493972E+01  0.48337501E+01  0.48126034E+01
  0.47840722E+01  0.47456937E+01  0.46943039E+01  0.46259724E+01  0.45362300E+01
  0.44210359E+01  0.42765891E+01  0.41004191E+01  0.38938641E+01  0.36649219E+01
  0.34260667E+01  0.31909614E+01  0.29689441E+01  0.27628246E+01  0.25733815E+01
  0.23994493E+01  0.22387262E+01  0.20889671E+01  0.19485430E+01  0.18163269E+01
  0.16916059E+01  0.15740072E+01  0.14633506E+01  0.13596166E+01  0.12630131E+01
  0.11735933E+01  0.10908637E+01  0.10141602E+01  0.94295615E+00  0.87680501E+00
  0.81537743E+00  0.75850243E+00  0.70615119E+00  0.65837609E+00  0.61518961E+00
  0.57647012E+00  0.54194499E+00  0.51121359E+00  0.48379522E+00  0.45919457E+00
  0.43695625E+00  0.41669976E+00  0.39811770E+00  0.38096837E+00  0.36505979E+00
  0.35025083E+00  0.33641960E+00  0.32345246E+00  0.31126970E+00  0.29979876E+00
  0.28897154E+00  0.27872915E+00  0.26902198E+00  0.25980679E+00  0.25104655E+00
  0.24270773E+00  0.23475841E+00  0.22717225E+00  0.21992582E+00  0.21299655E+00
  0.20636477E+00  0.20001341E+00  0.19392630E+00  0.18808809E+00  0.18248465E+00
  0.17710287E+00  0.17193033E+00  0.16695530E+00  0.16216683E+00  0.15755485E+00
  0.15310969E+00  0.14882281E+00  0.14468486E+00  0.14069098E+00  0.13682581E+00
  0.13310299E+00  0.12945140E+00  0.12604892E+00  0.12187578E+00  0.11927188E+00
  0.49153400E+01  0.49087980E+01  0.48998375E+01  0.48962565E+01  0.48945880E+01
  0.48937556E+01  0.48931553E+01  0.48925798E+01  0.48919125E+01  0.48910741E+01
  0.48899761E+01  0.48885130E+01  0.48865496E+01  0.48839080E+01  0.48803501E+01
  0.48755549E+01  0.48690893E+01  0.48603757E+01  0.48486516E+01  0.48328372E+01
  0.48114676E+01  0.47826392E+01  0.47438693E+01  0.46919687E+01  0.46229967E+01
  0.45324151E+01  0.44162255E+01  0.42706932E+01  0.40933261E+01  0.38855420E+01
  0.36554613E+01  0.34156762E+01  0.31800911E+01  0.29583560E+01  0.27532293E+01
  0.25650940E+01  0.23923812E+01  0.22325421E+01  0.20832881E+01  0.19430431E+01
  0.18107549E+01  0.16858005E+01  0.15678760E+01  0.14568501E+01  0.13527374E+01
  0.12557784E+01  0.11660603E+01  0.10831009E+01  0.10062237E+01  0.93488298E+00
  0.86863021E+00  0.80717618E+00  0.75041807E+00  0.69840889E+00  0.65123097E+00
  0.60885901E+00  0.57110531E+00  0.53760103E+00  0.50785000E+00  0.48130176E+00
  0.45742779E+00  0.43577235E+00  0.41597541E+00  0.39774764E+00  0.38086970E+00
  0.36517817E+00  0.35053893E+00  0.33683955E+00  0.32397567E+00  0.31186629E+00
  0.30044560E+00  0.28965256E+00  0.27943194E+00  0.26973579E+00  0.26052227E+00
  0.25175609E+00  0.24340578E+00  0.23544131E+00  0.22783691E+00  0.22057007E+00
  0.21361988E+00  0.20696697E+00  0.20059417E+00  0.19448586E+00  0.18862712E+00
  0.18300375E+00  0.17760248E+00  0.17241095E+00  0.16741767E+00  0.16261184E+00
  0.15798342E+00  0.15352282E+00  0.14922175E+00  0.14507101E+00  0.14106570E+00
  0.13719025E+00  0.13345819E+00  0.12979800E+00  0.12638777E+00  0.12220533E+00
  0.11959566E+00  0.49154230E+01  0.49087942E+01  0.48997420E+01  0.48961411E+01
  0.48944507E+01  0.48936076E+01  0.48930011E+01  0.48924200E+01  0.48917443E+01
  0.48908938E+01  0.48897786E+01  0.48882918E+01  0.48862975E+01  0.48836165E+01
  0.48800089E+01  0.48751500E+01  0.48686018E+01  0.48597793E+01  0.48479153E+01
  0.48319205E+01  0.48103110E+01  0.47811627E+01  0.47419706E+01  0.46895194E+01
  0.46198626E+01  0.45283834E+01  0.44111269E+01  0.42644328E+01  0.40857850E+01
  0.38766892E+01  0.36453970E+01  0.34046329E+01  0.31685808E+01  0.29472169E+01
  0.27432058E+01  0.25564820E+01  0.23850467E+01  0.22261103E+01  0.20773581E+01
  0.19372785E+01  0.18049016E+01  0.16796976E+01  0.15614322E+01  0.14500246E+01
  0.13455241E+01  0.12482062E+01  0.11581924E+01  0.10750089E+01  0.99796095E+00
  0.92648304E+00  0.86013835E+00  0.79869734E+00  0.74214347E+00  0.69060313E+00
  0.64417246E+00  0.60276315E+00  0.56608321E+00  0.53365366E+00  0.50488339E+00
  0.47916638E+00  0.45596049E+00  0.43482785E+00  0.41543105E+00  0.39751369E+00
  0.38087881E+00  0.36537262E+00  0.35087547E+00  0.33728424E+00  0.32450426E+00
  0.31245544E+00  0.30107400E+00  0.29030470E+00  0.28009673E+00  0.27040447E+00
  0.26118773E+00  0.25241181E+00  0.24404672E+00  0.23606492E+00  0.22844142E+00
  0.22115406E+00  0.21418291E+00  0.20750941E+00  0.20111647E+00  0.19498843E+00
  0.18911047E+00  0.18346850E+00  0.17804925E+00  0.17284045E+00  0.16783073E+00
  0.16300946E+00  0.15836668E+00  0.15389303E+00  0.14958037E+00  0.14541948E+00
  0.14140526E+00  0.13752196E+00  0.13378294E+00  0.13011635E+00  0.12670045E+00
  0.12251135E+00  0.11989756E+00  0.49154300E+01  0.49087507E+01  0.48996786E+01
  0.48960968E+01  0.48943865E+01  0.48935288E+01  0.48929120E+01  0.48923224E+01
  0.48916364E+01  0.48907716E+01  0.48896361E+01  0.48881221E+01  0.48860929E+01
  0.48833686E+01  0.48797070E+01  0.48747799E+01  0.48681431E+01  0.48592034E+01
  0.48471883E+01  0.48309990E+01  0.48091322E+01  0.47796402E+01  0.47399942E+01
  0.46869523E+01  0.46165642E+01  0.45241254E+01  0.44057268E+01  0.42577913E+01
  0.40777750E+01  0.38672812E+01  0.36347014E+01  0.33929071E+01  0.31564059E+01
  0.29355135E+01  0.27327497E+01  0.25475418E+01  0.23774362E+01  0.22194146E+01
  0.20711540E+01  0.19312213E+01  0.17987367E+01  0.16732663E+01  0.15546476E+01
  0.14428501E+01  0.13379592E+01  0.12402858E+01  0.11499844E+01  0.10665849E+01
  0.98937035E+00  0.91775721E+00  0.85133998E+00  0.78997109E+00  0.73373887E+00
  0.68282650E+00  0.63730210E+00  0.59698975E+00  0.56146877E+00  0.53013737E+00
  0.50231920E+00  0.47737423E+00  0.45476872E+00  0.43409562E+00  0.41504627E+00
  0.39739383E+00  0.38096720E+00  0.36562229E+00  0.35124570E+00  0.33774330E+00
  0.32502957E+00  0.31302806E+00  0.30167635E+00  0.29092238E+00  0.28071932E+00
  0.27102459E+00  0.26179986E+00  0.25301130E+00  0.24462978E+00  0.23662937E+00
  0.22898631E+00  0.22167895E+00  0.21468784E+00  0.20799502E+00  0.20158363E+00
  0.19543777E+00  0.18954247E+00  0.18388371E+00  0.17844843E+00  0.17322449E+00
  0.16820063E+00  0.16336627E+00  0.15871167E+00  0.15422769E+00  0.14990623E+00
  0.14573780E+00  0.14171709E+00  0.13782813E+00  0.13408417E+00  0.13041313E+00
  0.12699340E+00  0.12279996E+00  0.12018350E+00  0.49153584E+01  0.49086693E+01
  0.48996364E+01  0.48960943E+01  0.48943678E+01  0.48934982E+01  0.48928735E+01
  0.48922775E+01  0.48915829E+01  0.48907030E+01  0.48895443E+01  0.48880001E+01
  0.48859333E+01  0.48831626E+01  0.48794433E+01  0.48744435E+01  0.48677125E+01
  0.48586479E+01  0.48464699E+01  0.48300711E+01  0.48079286E+01  0.47780684E+01
  0.47379358E+01  0.46842609E+01  0.46130918E+01  0.45196283E+01  0.44000086E+01
  0.42507474E+01  0.40692697E+01  0.38572867E+01  0.36233412E+01  0.33804620E+01
  0.31435307E+01  0.29232223E+01  0.27218472E+01  0.25382604E+01  0.23695316E+01
  0.22124304E+01  0.20646475E+01  0.19248412E+01  0.17922308E+01  0.16664804E+01
  0.15475007E+01  0.14353115E+01  0.13300334E+01  0.12320131E+01  0.11414364E+01
  0.10578319E+01  0.98045502E+00  0.90871188E+00  0.84225330E+00  0.78103927E+00
  0.72527131E+00  0.67516453E+00  0.63071277E+00  0.59161740E+00  0.55731016E+00
  0.52706660E+00  0.50014518E+00  0.47589831E+00  0.45382130E+00  0.43354491E+00
  0.41479790E+00  0.39737413E+00  0.38111933E+00  0.36590873E+00  0.35163356E+00
  0.33820396E+00  0.32554136E+00  0.31357490E+00  0.30224427E+00  0.29149911E+00
  0.28129545E+00  0.27159362E+00  0.26235744E+00  0.25355437E+00  0.24515604E+00
  0.23713740E+00  0.22947567E+00  0.22214988E+00  0.21514093E+00  0.20843111E+00
  0.20200355E+00  0.19584216E+00  0.18993181E+00  0.18425855E+00  0.17880958E+00
  0.17357290E+00  0.16853729E+00  0.16369229E+00  0.15902843E+00  0.15453669E+00
  0.15020873E+00  0.14603480E+00  0.14200939E+00  0.13811633E+00  0.13436886E+00
  0.13069478E+00  0.12727260E+00  0.12307658E+00  0.12045852E+00  0.49152514E+01
  0.49086104E+01  0.48996522E+01  0.48961236E+01  0.48943820E+01  0.48935078E+01
  0.48928778E+01  0.48922753E+01  0.48915713E+01  0.48906762E+01  0.48894948E+01
  0.48879204E+01  0.48858149E+01  0.48829957E+01  0.48792159E+01  0.48741393E+01
  0.48673088E+01  0.48581118E+01  0.48457589E+01  0.48291349E+01  0.48066973E+01
  0.47764428E+01  0.47357891E+01  0.46814363E+01  0.46094335E+01  0.45148762E+01
  0.43939515E+01  0.42432743E+01  0.40602357E+01  0.38466668E+01  0.36112771E+01
  0.33672512E+01  0.31299088E+01  0.29103142E+01  0.27104814E+01  0.25286226E+01
  0.23613131E+01  0.22051338E+01  0.20578127E+01  0.19181127E+01  0.17853609E+01
  0.16593219E+01  0.15399791E+01  0.14274015E+01  0.13217447E+01  0.12233910E+01
  0.11325546E+01  0.10487556E+01  0.97121886E+00  0.89935541E+00  0.83290281E+00
  0.77195873E+00  0.71682586E+00  0.66771050E+00  0.62449151E+00  0.58670812E+00
  0.55363313E+00  0.52443385E+00  0.49833270E+00  0.47470198E+00  0.45308209E+00
  0.43314298E+00  0.41464951E+00  0.39742212E+00  0.38131636E+00  0.36621818E+00
  0.35202664E+00  0.33865585E+00  0.32603222E+00  0.31409056E+00  0.30277366E+00
  0.29203263E+00  0.28182528E+00  0.27211409E+00  0.26286500E+00  0.25404714E+00
  0.24563298E+00  0.23759792E+00  0.22991974E+00  0.22257804E+00  0.21555400E+00
  0.20882983E+00  0.20238843E+00  0.19621355E+00  0.19029011E+00  0.18460432E+00
  0.17914355E+00  0.17389590E+00  0.16885021E+00  0.16399629E+00  0.15932490E+00
  0.15482688E+00  0.15049358E+00  0.14631502E+00  0.14228558E+00  0.13838903E+00
  0.13463866E+00  0.13096229E+00  0.12753850E+00  0.12334105E+00  0.12072215E+00
  0.49150987E+01  0.49085746E+01  0.48997468E+01  0.48962154E+01  0.48944578E+01
  0.48935788E+01  0.48929365E+01  0.48923171E+01  0.48915933E+01  0.48906794E+01
  0.48894778E+01  0.48878760E+01  0.48857331E+01  0.48828648E+01  0.48790224E+01
  0.48738651E+01  0.48669295E+01  0.48575924E+01  0.48450529E+01  0.48281879E+01
  0.48054349E+01  0.47747585E+01  0.47335468E+01  0.46784682E+01  0.46055748E+01
  0.45098503E+01  0.43875312E+01  0.42353413E+01  0.40506347E+01  0.38353755E+01
  0.35984568E+01  0.33532190E+01  0.31154941E+01  0.28967631E+01  0.26986394E+01
  0.25186176E+01  0.23527654E+01  0.21975059E+01  0.20506301E+01  0.19110178E+01
  0.17781127E+01  0.16517810E+01  0.15320778E+01  0.14191195E+01  0.13130965E+01
  0.12144261E+01  0.11233455E+01  0.10393594E+01  0.96166191E+00  0.88969503E+00
  0.82331978E+00  0.76279326E+00  0.70849292E+00  0.66056007E+00  0.61871493E+00
  0.58230354E+00  0.55044034E+00  0.52221264E+00  0.49684162E+00  0.47374428E+00
  0.45251414E+00  0.43286319E+00  0.41458376E+00  0.39752050E+00  0.38154280E+00
  0.36654014E+00  0.35241805E+00  0.33909488E+00  0.32650124E+00  0.31457699E+00
  0.30326856E+00  0.29252884E+00  0.28231666E+00  0.27259586E+00  0.26333419E+00
  0.25450245E+00  0.24607405E+00  0.23802465E+00  0.23033229E+00  0.22297691E+00
  0.21593976E+00  0.20920272E+00  0.20274847E+00  0.19656079E+00  0.19062484E+00
  0.18492705E+00  0.17945486E+00  0.17419643E+00  0.16914089E+00  0.16427838E+00
  0.15959969E+00  0.15509532E+00  0.15075636E+00  0.14657278E+00  0.14253899E+00
  0.13863870E+00  0.13488546E+00  0.13120712E+00  0.12778215E+00  0.12358413E+00
  0.12096500E+00  0.49147703E+01  0.49084629E+01  0.48999051E+01  0.48964205E+01
  0.48946492E+01  0.48937486E+01  0.48930749E+01  0.48924207E+01  0.48916625E+01
  0.48907180E+01  0.48894901E+01  0.48878617E+01  0.48856839E+01  0.48827671E+01
  0.48788598E+01  0.48736176E+01  0.48665714E+01  0.48570865E+01  0.48443486E+01
  0.48272267E+01  0.48041370E+01  0.47730096E+01  0.47312008E+01  0.46753453E+01
  0.46015007E+01  0.45045304E+01  0.43807212E+01  0.42269142E+01  0.40404248E+01
  0.38233618E+01  0.35848182E+01  0.33383058E+01  0.31002471E+01  0.28825520E+01
  0.26863177E+01  0.25082427E+01  0.23438812E+01  0.21895361E+01  0.20430887E+01
  0.19035466E+01  0.17704792E+01  0.16438543E+01  0.15237966E+01  0.14104678E+01
  0.13040926E+01  0.12051219E+01  0.11138105E+01  0.10296402E+01  0.95177959E+00
  0.87973920E+00  0.81354448E+00  0.75362097E+00  0.70037140E+00  0.65380557E+00
  0.61344572E+00  0.57842437E+00  0.54771507E+00  0.52036497E+00  0.49562940E+00
  0.47298799E+00  0.45208861E+00  0.43268652E+00  0.41459584E+00  0.39767203E+00
  0.38179963E+00  0.36687536E+00  0.35280986E+00  0.33952520E+00  0.32695537E+00
  0.31504398E+00  0.30374073E+00  0.29300037E+00  0.28278257E+00  0.27305213E+00
  0.26377822E+00  0.25493307E+00  0.24649082E+00  0.23842749E+00  0.23072135E+00
  0.22335240E+00  0.21630171E+00  0.20955084E+00  0.20308240E+00  0.19688044E+00
  0.19093042E+00  0.18521905E+00  0.17973384E+00  0.17446322E+00  0.16939682E+00
  0.16452499E+00  0.15983819E+00  0.15532655E+00  0.15098105E+00  0.14679177E+00
  0.14275314E+00  0.13884894E+00  0.13509306E+00  0.13141325E+00  0.12798772E+00
  0.12379022E+00  0.12117167E+00  0.49141268E+01  0.49081667E+01  0.49001071E+01
  0.48967820E+01  0.48949983E+01  0.48940488E+01  0.48933184E+01  0.48926091E+01
  0.48918002E+01  0.48908098E+01  0.48895421E+01  0.48878791E+01  0.48856657E+01
  0.48827009E+01  0.48787257E+01  0.48733939E+01  0.48662309E+01  0.48565898E+01
  0.48436417E+01  0.48262464E+01  0.48027982E+01  0.47711892E+01  0.47287421E+01
  0.46720559E+01  0.45971951E+01  0.44988948E+01  0.43734929E+01  0.42179571E+01
  0.40295614E+01  0.38105729E+01  0.35702985E+01  0.33224461E+01  0.30841274E+01
  0.28676731E+01  0.26735235E+01  0.24975046E+01  0.23346612E+01  0.21812211E+01
  0.20351834E+01  0.18956943E+01  0.17624574E+01  0.16355404E+01  0.15151350E+01
  0.14014462E+01  0.12947326E+01  0.11954772E+01  0.11039452E+01  0.10195887E+01
  0.94156544E+00  0.86950207E+00  0.80363258E+00  0.74453010E+00  0.69255965E+00
  0.64753417E+00  0.60873176E+00  0.57507364E+00  0.54542971E+00  0.51885266E+00
  0.49466205E+00  0.47240859E+00  0.45179370E+00  0.43260429E+00  0.41467436E+00
  0.39787165E+00  0.38208833E+00  0.36722933E+00  0.35321014E+00  0.33995656E+00
  0.32740544E+00  0.31550284E+00  0.30420095E+00  0.29345635E+00  0.28322991E+00
  0.27348750E+00  0.26419943E+00  0.25533872E+00  0.24687998E+00  0.23879987E+00
  0.23107715E+00  0.22369187E+00  0.21662475E+00  0.20985700E+00  0.20337128E+00
  0.19715204E+00  0.19118523E+00  0.18545792E+00  0.17995788E+00  0.17467391E+00
  0.16959601E+00  0.16471436E+00  0.16001888E+00  0.15549941E+00  0.15114711E+00
  0.14695211E+00  0.14290885E+00  0.13900131E+00  0.13524366E+00  0.13156341E+00
  0.12813829E+00  0.12394302E+00  0.12132626E+00  0.49131802E+01  0.49076882E+01
  0.49003093E+01  0.48972547E+01  0.48955072E+01  0.48944970E+01  0.48936875E+01
  0.48929016E+01  0.48920239E+01  0.48909726E+01  0.48896503E+01  0.48879383E+01
  0.48856803E+01  0.48826642E+01  0.48786186E+01  0.48731922E+01  0.48659050E+01
  0.48560985E+01  0.48429278E+01  0.48252415E+01  0.48014118E+01  0.47692895E+01
  0.47261600E+01  0.46685859E+01  0.45926405E+01  0.44929205E+01  0.43658168E+01
  0.42084328E+01  0.40179988E+01  0.37969555E+01  0.35548328E+01  0.33056112E+01
  0.30671407E+01  0.28521326E+01  0.26602738E+01  0.24864170E+01  0.23251104E+01
  0.21725604E+01  0.20269106E+01  0.18874562E+01  0.17540422E+01  0.16268343E+01
  0.15060878E+01  0.13920489E+01  0.12850104E+01  0.11854852E+01  0.10937395E+01
  0.10091909E+01  0.93101483E+00  0.85901032E+00  0.79365680E+00  0.73562459E+00
  0.68516160E+00  0.64182391E+00  0.60460642E+00  0.57224442E+00  0.54355706E+00
  0.51764731E+00  0.49391994E+00  0.47199697E+00  0.45162516E+00  0.43261474E+00
  0.41481862E+00  0.39811893E+00  0.38241207E+00  0.36760757E+00  0.35362461E+00
  0.34039268E+00  0.32785173E+00  0.31595000E+00  0.30464170E+00  0.29388544E+00
  0.28364389E+00  0.27388414E+00  0.26457703E+00  0.25569567E+00  0.24721534E+00
  0.23911390E+00  0.23137070E+00  0.22396549E+00  0.21687836E+00  0.21009033E+00
  0.20358444E+00  0.19734594E+00  0.19136133E+00  0.18561770E+00  0.18010298E+00
  0.17480648E+00  0.16971811E+00  0.16482741E+00  0.16012378E+00  0.15559711E+00
  0.15123882E+00  0.14703896E+00  0.14299211E+00  0.13908264E+00  0.13532479E+00
  0.13164557E+00  0.12822236E+00  0.12403221E+00  0.12141939E+00  0.49116771E+01
  0.49069848E+01  0.49006238E+01  0.48978621E+01  0.48961688E+01  0.48950960E+01
  0.48941925E+01  0.48933102E+01  0.48923481E+01  0.48912212E+01  0.48898302E+01
  0.48880545E+01  0.48857353E+01  0.48826587E+01  0.48785397E+01  0.48730136E+01
  0.48655937E+01  0.48556112E+01  0.48422035E+01  0.48242067E+01  0.47999707E+01
  0.47673010E+01  0.47234426E+01  0.46649203E+01  0.45878176E+01  0.44865827E+01
  0.43576615E+01  0.41983028E+01  0.40056903E+01  0.37824559E+01  0.35383520E+01
  0.32877054E+01  0.30492272E+01  0.28359368E+01  0.26465904E+01  0.24749946E+01
  0.23152331E+01  0.21635503E+01  0.20182624E+01  0.18788227E+01  0.17452236E+01
  0.16177254E+01  0.14966438E+01  0.13822648E+01  0.12749156E+01  0.11751353E+01
  0.10831808E+01  0.99843296E+00  0.92013129E+00  0.84831218E+00  0.78371022E+00
  0.72702794E+00  0.67829610E+00  0.63674862E+00  0.60109301E+00  0.56992441E+00
  0.54207167E+00  0.51672612E+00  0.49338712E+00  0.47174127E+00  0.45156918E+00
  0.43270557E+00  0.41502189E+00  0.39840700E+00  0.38276075E+00  0.36799549E+00
  0.35403361E+00  0.34080888E+00  0.32826502E+00  0.31635251E+00  0.30502725E+00
  0.29424987E+00  0.28398503E+00  0.27420104E+00  0.26486881E+00  0.25596178E+00
  0.24745654E+00  0.23933179E+00  0.23156635E+00  0.22413891E+00  0.21702911E+00
  0.21021925E+00  0.20369438E+00  0.19744046E+00  0.19144322E+00  0.18568846E+00
  0.18016408E+00  0.17485977E+00  0.16976498E+00  0.16486860E+00  0.16015981E+00
  0.15562864E+00  0.15126663E+00  0.14706366E+00  0.14301483E+00  0.13910488E+00
  0.13534769E+00  0.13166999E+00  0.12824927E+00  0.12406562E+00  0.12145775E+00
  0.49099858E+01  0.49061879E+01  0.49009529E+01  0.48985295E+01  0.48969322E+01
  0.48958077E+01  0.48948167E+01  0.48938395E+01  0.48927834E+01  0.48915687E+01
  0.48900961E+01  0.48882426E+01  0.48858469E+01  0.48826950E+01  0.48784940E+01
  0.48728614E+01  0.48652990E+01  0.48551273E+01  0.48414658E+01  0.48231370E+01
  0.47984674E+01  0.47652135E+01  0.47205770E+01  0.46610424E+01  0.45827045E+01
  0.44798535E+01  0.43489924E+01  0.41875254E+01  0.39925863E+01  0.37670166E+01
  0.35207917E+01  0.32686495E+01  0.30303382E+01  0.28190938E+01  0.26324939E+01
  0.24632478E+01  0.23050285E+01  0.21541811E+01  0.20092231E+01  0.18697775E+01
  0.17359846E+01  0.16081967E+01  0.14867866E+01  0.13720787E+01  0.12644358E+01
  0.11644177E+01  0.10722584E+01  0.98730731E+00  0.90893465E+00  0.83748837E+00
  0.77393576E+00  0.71889527E+00  0.67207934E+00  0.63236554E+00  0.59819380E+00
  0.56808249E+00  0.54093089E+00  0.51604658E+00  0.49302230E+00  0.47159940E+00
  0.45158649E+00  0.43284060E+00  0.41524596E+00  0.39869300E+00  0.38308487E+00
  0.36833750E+00  0.35437787E+00  0.34114488E+00  0.32858550E+00  0.31665187E+00
  0.30530097E+00  0.29449471E+00  0.28419970E+00  0.27438632E+00  0.26502743E+00
  0.25609793E+00  0.24757391E+00  0.23943228E+00  0.23165023E+00  0.22420567E+00
  0.21707861E+00  0.21025266E+00  0.20371353E+00  0.19744678E+00  0.19143827E+00
  0.18567439E+00  0.18014347E+00  0.17483464E+00  0.16973599E+00  0.16483574E+00
  0.16012361E+00  0.15559064E+00  0.15122803E+00  0.14702552E+00  0.14297891E+00
  0.13907237E+00  0.13531863E+00  0.13164485E+00  0.12822941E+00  0.12405521E+00
  0.12145379E+00  0.49088056E+01  0.49056628E+01  0.49012758E+01  0.48991731E+01
  0.48977208E+01  0.48965895E+01  0.48955398E+01  0.48944817E+01  0.48933330E+01
  0.48920246E+01  0.48904593E+01  0.48885161E+01  0.48860310E+01  0.48827874E+01
  0.48784910E+01  0.48727424E+01  0.48650243E+01  0.48546477E+01  0.48407129E+01
  0.48220281E+01  0.47968948E+01  0.47630163E+01  0.47175484E+01  0.46569323E+01
  0.45772756E+01  0.44727007E+01  0.43397700E+01  0.41760531E+01  0.39786301E+01
  0.37505724E+01  0.35020889E+01  0.32484185E+01  0.30104752E+01  0.28016123E+01
  0.26180008E+01  0.24511796E+01  0.22944873E+01  0.21444348E+01  0.19997695E+01
  0.18602974E+01  0.17263028E+01  0.15982272E+01  0.14764979E+01  0.13614765E+01
  0.12535626E+01  0.11533274E+01  0.10609662E+01  0.97581567E+00  0.89746248E+00
  0.82663561E+00  0.76446148E+00  0.71134528E+00  0.66658787E+00  0.62867955E+00
  0.59585293E+00  0.56663158E+00  0.54004035E+00  0.51551783E+00  0.49274005E+00
  0.47149131E+00  0.45160445E+00  0.43294884E+00  0.41541265E+00  0.39889173E+00
  0.38329654E+00  0.36854821E+00  0.35457913E+00  0.34133209E+00  0.32875492E+00
  0.31680048E+00  0.30542649E+00  0.29459563E+00  0.28427623E+00  0.27443993E+00
  0.26506019E+00  0.25611209E+00  0.24757196E+00  0.23941607E+00  0.23162015E+00
  0.22416188E+00  0.21702245E+00  0.21018644E+00  0.20363822E+00  0.19736221E+00
  0.19134538E+00  0.18557597E+00  0.18004268E+00  0.17473304E+00  0.16963409E+00
  0.16473384E+00  0.16002269E+00  0.15549267E+00  0.15113453E+00  0.14693831E+00
  0.14289969E+00  0.13900142E+00  0.13525609E+00  0.13159146E+00  0.12818574E+00
  0.12402435E+00  0.12143088E+00  0.49080163E+01  0.49054275E+01  0.49017161E+01
  0.48998165E+01  0.48984827E+01  0.48973933E+01  0.48963265E+01  0.48952119E+01
  0.48939875E+01  0.48925893E+01  0.48909261E+01  0.48888844E+01  0.48862987E+01
  0.48829491E+01  0.48785409E+01  0.48726627E+01  0.48647763E+01  0.48541775E+01
  0.48399468E+01  0.48208781E+01  0.47952469E+01  0.47606987E+01  0.47143400E+01
  0.46525675E+01  0.45715019E+01  0.44650874E+01  0.43299486E+01  0.41638305E+01
  0.39637557E+01  0.37330463E+01  0.34821630E+01  0.32269299E+01  0.29895917E+01
  0.27834992E+01  0.26031237E+01  0.24387859E+01  0.22835914E+01  0.21342863E+01
  0.19898741E+01  0.18503555E+01  0.17161541E+01  0.15877971E+01  0.14657629E+01
  0.13504498E+01  0.12422937E+01  0.11418627E+01  0.10492926E+01  0.96395185E+00
  0.88575878E+00  0.81586221E+00  0.75540449E+00  0.70444244E+00  0.66180546E+00
  0.62558929E+00  0.59391295E+00  0.56540004E+00  0.53923922E+00  0.51499437E+00
  0.49240833E+00  0.47129527E+00  0.45150764E+00  0.43292166E+00  0.41542587E+00
  0.39892451E+00  0.38333521E+00  0.36858276E+00  0.35460303E+00  0.34134175E+00
  0.32874779E+00  0.31677437E+00  0.30538036E+00  0.29453139E+00  0.28419821E+00
  0.27435190E+00  0.26496319E+00  0.25600486E+00  0.24745396E+00  0.23928796E+00
  0.23148317E+00  0.22401753E+00  0.21687311E+00  0.21003508E+00  0.20348729E+00
  0.19721477E+00  0.19120428E+00  0.18544313E+00  0.17991805E+00  0.17461501E+00
  0.16952265E+00  0.16463064E+00  0.15992941E+00  0.15540929E+00  0.15106087E+00
  0.14687486E+00  0.14284560E+00  0.13895588E+00  0.13522155E+00  0.13157105E+00
  0.12817911E+00  0.12403219E+00  0.12144681E+00  0.49074040E+01  0.49052758E+01
  0.49021334E+01  0.49004177E+01  0.48991954E+01  0.48981623E+01  0.48971162E+01
  0.48959865E+01  0.48947145E+01  0.48932461E+01  0.48914940E+01  0.48893502E+01
  0.48866583E+01  0.48831923E+01  0.48786539E+01  0.48726314E+01  0.48645653E+01
  0.48537259E+01  0.48391742E+01  0.48196886E+01  0.47935198E+01  0.47582512E+01
  0.47109354E+01  0.46479240E+01  0.45653513E+01  0.44569717E+01  0.43194759E+01
  0.41507937E+01  0.39478859E+01  0.37143471E+01  0.34609133E+01  0.32040998E+01
  0.29676587E+01  0.27647691E+01  0.25878747E+01  0.24260572E+01  0.22723175E+01
  0.21237072E+01  0.19795088E+01  0.18399274E+01  0.17055190E+01  0.15768925E+01
  0.14545734E+01  0.13389944E+01  0.12306222E+01  0.11299998E+01  0.10371910E+01
  0.95168103E+00  0.87385219E+00  0.80522277E+00  0.74680302E+00  0.69816188E+00
  0.65758702E+00  0.62286497E+00  0.59212207E+00  0.56415749E+00  0.53833121E+00
  0.51431068E+00  0.49188303E+00  0.47088082E+00  0.45117403E+00  0.43264825E+00
  0.41519556E+00  0.39872404E+00  0.38315319E+00  0.36840955E+00  0.35443137E+00
  0.34116618E+00  0.32856528E+00  0.31658316E+00  0.30518057E+00  0.29432862E+00
  0.28399707E+00  0.27415375E+00  0.26477152E+00  0.25582342E+00  0.24728195E+00
  0.23912148E+00  0.23132177E+00  0.22386404E+00  0.21673039E+00  0.20990360E+00
  0.20336544E+00  0.19710156E+00  0.19110246E+00  0.18535744E+00  0.17984729E+00
  0.17455421E+00  0.16947035E+00  0.16458877E+00  0.15989976E+00  0.15538855E+00
  0.15104342E+00  0.14685572E+00  0.14282316E+00  0.13893302E+00  0.13520184E+00
  0.13155754E+00  0.12817352E+00  0.12403903E+00  0.12146190E+00  0.49068885E+01
  0.49051161E+01  0.49024668E+01  0.49009663E+01  0.48998500E+01  0.48988674E+01
  0.48978590E+01  0.48967488E+01  0.48954671E+01  0.48939559E+01  0.48921392E+01
  0.48899104E+01  0.48871137E+01  0.48835267E+01  0.48788460E+01  0.48726628E+01
  0.48644020E+01  0.48533044E+01  0.48384045E+01  0.48184641E+01  0.47917123E+01
  0.47556658E+01  0.47073187E+01  0.46429777E+01  0.45587893E+01  0.44483077E+01
  0.43082940E+01  0.41368708E+01  0.39309335E+01  0.36943730E+01  0.34382246E+01
  0.31798277E+01  0.29446425E+01  0.27454423E+01  0.25722675E+01  0.24129831E+01
  0.22606416E+01  0.21126716E+01  0.19686504E+01  0.18289947E+01  0.16943842E+01
  0.15655030E+01  0.14429146E+01  0.13270827E+01  0.12185021E+01  0.11176612E+01
  0.10245520E+01  0.93891547E+00  0.86170086E+00  0.79467892E+00  0.73856892E+00
  0.69232229E+00  0.65366418E+00  0.62021102E+00  0.59021746E+00  0.56269473E+00
  0.53716063E+00  0.51335633E+00  0.49109554E+00  0.47022335E+00  0.45061595E+00
  0.43216576E+00  0.41477271E+00  0.39834772E+00  0.38281382E+00  0.36810198E+00
  0.35415151E+00  0.34090669E+00  0.32832100E+00  0.31635488E+00  0.30497220E+00
  0.29414096E+00  0.28382440E+00  0.27399132E+00  0.26462304E+00  0.25569816E+00
  0.24717887E+00  0.23903057E+00  0.23123850E+00  0.22379111E+00  0.21666955E+00
  0.20984886E+00  0.20330611E+00  0.19703004E+00  0.19101751E+00  0.18526004E+00
  0.17974782E+00  0.17446912E+00  0.16940969E+00  0.16455744E+00  0.15990116E+00
  0.15542738E+00  0.15112438E+00  0.14698034E+00  0.14298848E+00  0.13913432E+00
  0.13543300E+00  0.13181285E+00  0.12844824E+00  0.12432831E+00  0.12175768E+00
  0.49064715E+01  0.49049635E+01  0.49027074E+01  0.49014185E+01  0.49004134E+01
  0.48994842E+01  0.48985237E+01  0.48974552E+01  0.48962011E+01  0.48946868E+01
  0.48928417E+01  0.48905544E+01  0.48876636E+01  0.48839592E+01  0.48791325E+01
  0.48727720E+01  0.48642978E+01  0.48529242E+01  0.48376462E+01  0.48172094E+01
  0.47898244E+01  0.47529361E+01  0.47034752E+01  0.46377044E+01  0.45517803E+01
  0.44390466E+01  0.42963399E+01  0.41219825E+01  0.39128016E+01  0.36730111E+01
  0.34139671E+01  0.31540043E+01  0.29205187E+01  0.27255507E+01  0.25563205E+01
  0.23995555E+01  0.22485441E+01  0.21011588E+01  0.19572810E+01  0.18175403E+01
  0.16827245E+01  0.15535863E+01  0.14307223E+01  0.13146262E+01  0.12058070E+01
  0.11046674E+01  0.10111721E+01  0.92549598E+00  0.84919591E+00  0.78414846E+00
  0.73058481E+00  0.68672029E+00  0.64981798E+00  0.61747442E+00  0.58815280E+00
  0.56107769E+00  0.53588298E+00  0.51233989E+00  0.49027688E+00  0.46956109E+00
  0.45007452E+00  0.43171769E+00  0.41439675E+00  0.39802497E+00  0.38253357E+00
  0.36786749E+00  0.35396494E+00  0.34075383E+00  0.32818968E+00  0.31624639E+00
  0.30488884E+00  0.29406762E+00  0.28374055E+00  0.27389199E+00  0.26450865E+00
  0.25556574E+00  0.24704140E+00  0.23891272E+00  0.23115422E+00  0.22374756E+00
  0.21667464E+00  0.20991234E+00  0.20343853E+00  0.19723144E+00  0.19127548E+00
  0.18556334E+00  0.18009442E+00  0.17486367E+00  0.16985445E+00  0.16505029E+00
  0.16043931E+00  0.15601540E+00  0.15177199E+00  0.14769618E+00  0.14377528E+00
  0.13998765E+00  0.13634405E+00  0.13277197E+00  0.12944331E+00  0.12533810E+00
  0.12276844E+00  0.49061468E+01  0.49048315E+01  0.49028644E+01  0.49017471E+01
  0.49008562E+01  0.48999987E+01  0.48991004E+01  0.48980879E+01  0.48968846E+01
  0.48954065E+01  0.48935630E+01  0.48912485E+01  0.48882970E+01  0.48844889E+01
  0.48795204E+01  0.48729732E+01  0.48642659E+01  0.48525903E+01  0.48369013E+01
  0.48159262E+01  0.47878556E+01  0.47500564E+01  0.46993907E+01  0.46320799E+01
  0.45442867E+01  0.44291357E+01  0.42835453E+01  0.41060422E+01  0.38933834E+01
  0.36501353E+01  0.33880045E+01  0.31265277E+01  0.28952779E+01  0.27051401E+01
  0.25400581E+01  0.23857727E+01  0.22360069E+01  0.20891386E+01  0.19453585E+01
  0.18055008E+01  0.16704506E+01  0.15410203E+01  0.14178343E+01  0.13014193E+01
  0.11922779E+01  0.10907169E+01  0.99678501E+00  0.91122274E+00  0.83623142E+00
  0.77361325E+00  0.72288126E+00  0.68147477E+00  0.64629556E+00  0.61502795E+00
  0.58637400E+00  0.55977312E+00  0.53492541E+00  0.51161148E+00  0.48970520E+00
  0.46911522E+00  0.44974438E+00  0.43147614E+00  0.41419193E+00  0.39782830E+00
  0.38233817E+00  0.36766393E+00  0.35375773E+00  0.34057271E+00  0.32806122E+00
  0.31618212E+00  0.30489848E+00  0.29416385E+00  0.28394046E+00  0.27419439E+00
  0.26489047E+00  0.25600697E+00  0.24753844E+00  0.23947452E+00  0.23178616E+00
  0.22444705E+00  0.21744159E+00  0.21075951E+00  0.20438900E+00  0.19830392E+00
  0.19247322E+00  0.18688045E+00  0.18151510E+00  0.17636868E+00  0.17143130E+00
  0.16668999E+00  0.16213305E+00  0.15775378E+00  0.15354694E+00  0.14950392E+00
  0.14561789E+00  0.14186849E+00  0.13826122E+00  0.13471986E+00  0.13141226E+00
  0.12730175E+00  0.12471960E+00  0.49059095E+01  0.49047290E+01  0.49029505E+01
  0.49019415E+01  0.49011599E+01  0.49004052E+01  0.48995931E+01  0.48986493E+01
  0.48975080E+01  0.48960821E+01  0.48942659E+01  0.48919622E+01  0.48889843E+01
  0.48850947E+01  0.48799974E+01  0.48732635E+01  0.48643021E+01  0.48522922E+01
  0.48361623E+01  0.48146102E+01  0.47858011E+01  0.47470174E+01  0.46950485E+01
  0.46260772E+01  0.45362671E+01  0.44185171E+01  0.42698352E+01  0.40889543E+01
  0.38725608E+01  0.36256055E+01  0.33601308E+01  0.30972333E+01  0.28689229E+01
  0.26842729E+01  0.25235004E+01  0.23716092E+01  0.22229688E+01  0.20765156E+01
  0.19327538E+01  0.17927020E+01  0.16573411E+01  0.15275366E+01  0.14039388E+01
  0.12871217E+01  0.11775855E+01  0.10755549E+01  0.98126994E+00  0.89621767E+00
  0.82323877E+00  0.76372191E+00  0.71620441E+00  0.67741296E+00  0.64388944E+00
  0.61346168E+00  0.58523262E+00  0.55886644E+00  0.53415649E+00  0.51096407E+00
  0.48920142E+00  0.46877538E+00  0.44958875E+00  0.43151263E+00  0.41442219E+00
  0.39823237E+00  0.38287358E+00  0.36829442E+00  0.35446423E+00  0.34136293E+00
  0.32894513E+00  0.31715676E+00  0.30596374E+00  0.29534511E+00  0.28527490E+00
  0.27569937E+00  0.26656415E+00  0.25784342E+00  0.24951719E+00  0.24156772E+00
  0.23397765E+00  0.22672498E+00  0.21979205E+00  0.21316840E+00  0.20684716E+00
  0.20081733E+00  0.19505568E+00  0.18953662E+00  0.18424171E+00  0.17915927E+00
  0.17427953E+00  0.16959126E+00  0.16508339E+00  0.16074491E+00  0.15656782E+00
  0.15254477E+00  0.14867121E+00  0.14493053E+00  0.14132874E+00  0.13778818E+00
  0.13447495E+00  0.13032863E+00  0.12771537E+00  0.49057783E+01  0.49046428E+01
  0.49029547E+01  0.49020365E+01  0.49013530E+01  0.49007080E+01  0.49000174E+01
  0.48991526E+01  0.48980603E+01  0.48966972E+01  0.48949288E+01  0.48926531E+01
  0.48896648E+01  0.48857168E+01  0.48805076E+01  0.48735906E+01  0.48643635E+01
  0.48520027E+01  0.48354120E+01  0.48132474E+01  0.47836457E+01  0.47437996E+01
  0.46904217E+01  0.46196605E+01  0.45276716E+01  0.44071238E+01  0.42551244E+01
  0.40706109E+01  0.38502010E+01  0.35992638E+01  0.33303873E+01  0.30662402E+01
  0.28414963E+01  0.26630080E+01  0.25066129E+01  0.23569412E+01  0.22092398E+01
  0.20630396E+01  0.19191561E+01  0.17787836E+01  0.16430071E+01  0.15127405E+01
  0.13886782E+01  0.12714693E+01  0.11616446E+01  0.10593757E+01  0.96514988E+00
  0.88138367E+00  0.81137186E+00  0.75575956E+00  0.71178167E+00  0.67539486E+00
  0.64325626E+00  0.61353462E+00  0.58565239E+00  0.55946525E+00  0.53490377E+00
  0.51189345E+00  0.49032449E+00  0.47008007E+00  0.45105110E+00  0.43314490E+00
  0.41628187E+00  0.40034295E+00  0.38522006E+00  0.37086198E+00  0.35722972E+00
  0.34428715E+00  0.33199633E+00  0.32031614E+00  0.30921208E+00  0.29866511E+00
  0.28865406E+00  0.27914581E+00  0.27009863E+00  0.26147266E+00  0.25323633E+00
  0.24536823E+00  0.23785310E+00  0.23067154E+00  0.22380304E+00  0.21722967E+00
  0.21093936E+00  0.20492400E+00  0.19917041E+00  0.19365854E+00  0.18836813E+00
  0.18328442E+00  0.17839714E+00  0.17369719E+00  0.16917564E+00  0.16482143E+00
  0.16062502E+00  0.15657721E+00  0.15267245E+00  0.14889540E+00  0.14525465E+00
  0.14167300E+00  0.13831879E+00  0.13410752E+00  0.13144900E+00  0.49057192E+01
  0.49045628E+01  0.49028992E+01  0.49020694E+01  0.49014750E+01  0.49009211E+01
  0.49003414E+01  0.48996003E+01  0.48985686E+01  0.48972339E+01  0.48955111E+01
  0.48932600E+01  0.48902656E+01  0.48862720E+01  0.48809574E+01  0.48738577E+01
  0.48643785E+01  0.48516812E+01  0.48346183E+01  0.48118044E+01  0.47813532E+01
  0.47403628E+01  0.46854629E+01  0.46127755E+01  0.45184345E+01  0.43948729E+01
  0.42393111E+01  0.40508859E+01  0.38261485E+01  0.35709175E+01  0.32983385E+01
  0.30331726E+01  0.28129667E+01  0.26412889E+01  0.24891686E+01  0.23414183E+01
  0.21944023E+01  0.20482479E+01  0.19040889E+01  0.17633075E+01  0.16271046E+01
  0.14964749E+01  0.13721977E+01  0.12550498E+01  0.11456542E+01  0.10439299E+01
  0.95061612E+00  0.86928835E+00  0.80328612E+00  0.75200840E+00  0.71131872E+00
  0.67661481E+00  0.64528489E+00  0.61616170E+00  0.58874687E+00  0.56292582E+00
  0.53869227E+00  0.51597323E+00  0.49464182E+00  0.47457734E+00  0.45566709E+00
  0.43783322E+00  0.42102045E+00  0.40514755E+00  0.39012371E+00  0.37587673E+00
  0.36235232E+00  0.34950756E+00  0.33730674E+00  0.32571196E+00  0.31468387E+00
  0.30418921E+00  0.29419997E+00  0.28469201E+00  0.27563704E+00  0.26699904E+00
  0.25874552E+00  0.25085406E+00  0.24330901E+00  0.23609325E+00  0.22918733E+00
  0.22257190E+00  0.21623131E+00  0.21015418E+00  0.20432912E+00  0.19874068E+00
  0.19337031E+00  0.18820269E+00  0.18322789E+00  0.17843804E+00  0.17382528E+00
  0.16938060E+00  0.16509495E+00  0.16095774E+00  0.15696295E+00  0.15309575E+00
  0.14936793E+00  0.14570304E+00  0.14227490E+00  0.13798184E+00  0.13527431E+00
  0.49056765E+01  0.49044958E+01  0.49028370E+01  0.49020713E+01  0.49015519E+01
  0.49010717E+01  0.49005644E+01  0.48999479E+01  0.48990099E+01  0.48976901E+01
  0.48959884E+01  0.48937521E+01  0.48907411E+01  0.48866921E+01  0.48812669E+01
  0.48739993E+01  0.48642976E+01  0.48512737E+01  0.48337199E+01  0.48102149E+01
  0.47788552E+01  0.47366313E+01  0.46800948E+01  0.46053478E+01  0.45084707E+01
  0.43816600E+01  0.42222694E+01  0.40296227E+01  0.38002066E+01  0.35403236E+01
  0.32635797E+01  0.29976872E+01  0.27831799E+01  0.26188393E+01  0.24706998E+01
  0.23244995E+01  0.21779619E+01  0.20317934E+01  0.18874826E+01  0.17465682E+01
  0.16103330E+01  0.14799171E+01  0.13562048E+01  0.12400153E+01  0.11319000E+01
  0.10314074E+01  0.93997801E+00  0.86220477E+00  0.80078279E+00  0.75354244E+00
  0.71541019E+00  0.68192555E+00  0.65105448E+00  0.62220462E+00  0.59508599E+00
  0.56955507E+00  0.54556447E+00  0.52305021E+00  0.50189651E+00  0.48197864E+00
  0.46318262E+00  0.44541361E+00  0.42860359E+00  0.41269797E+00  0.39763337E+00
  0.38334332E+00  0.36976995E+00  0.35686728E+00  0.34460037E+00  0.33293482E+00
  0.32183319E+00  0.31125719E+00  0.30117226E+00  0.29155148E+00  0.28237026E+00
  0.27359975E+00  0.26521157E+00  0.25718144E+00  0.24949104E+00  0.24212497E+00
  0.23506628E+00  0.22829757E+00  0.22180314E+00  0.21556993E+00  0.20958644E+00
  0.20383976E+00  0.19831431E+00  0.19299521E+00  0.18787128E+00  0.18293427E+00
  0.17817716E+00  0.17359254E+00  0.16917262E+00  0.16490736E+00  0.16079064E+00
  0.15680674E+00  0.15296963E+00  0.14920300E+00  0.14568747E+00  0.14131242E+00
  0.13856065E+00  0.49056500E+01  0.49044422E+01  0.49027862E+01  0.49020761E+01
  0.49016097E+01  0.49011837E+01  0.49007292E+01  0.49001825E+01  0.48993480E+01
  0.48980612E+01  0.48963305E+01  0.48940968E+01  0.48910620E+01  0.48869409E+01
  0.48814119E+01  0.48740090E+01  0.48640891E+01  0.48507036E+01  0.48326146E+01
  0.48083644E+01  0.47760362E+01  0.47324884E+01  0.46742015E+01  0.45972759E+01
  0.44976783E+01  0.43673588E+01  0.42038425E+01  0.40066227E+01  0.37721274E+01
  0.35071961E+01  0.32259739E+01  0.29596668E+01  0.27519152E+01  0.25954604E+01
  0.24511430E+01  0.23064092E+01  0.21605019E+01  0.20147590E+01  0.18709516E+01
  0.17306584E+01  0.15951997E+01  0.14658515E+01  0.13435416E+01  0.12290532E+01
  0.11226491E+01  0.10236165E+01  0.93448479E+00  0.86061111E+00  0.80364672E+00
  0.75985636E+00  0.72356896E+00  0.69093349E+00  0.66039535E+00  0.63162347E+00
  0.60456254E+00  0.57910699E+00  0.55515662E+00  0.53263561E+00  0.51144396E+00
  0.49146517E+00  0.47258968E+00  0.45471994E+00  0.43777815E+00  0.42170928E+00
  0.40646265E+00  0.39197927E+00  0.37820239E+00  0.36508650E+00  0.35259633E+00
  0.34070159E+00  0.32936942E+00  0.31856267E+00  0.30824591E+00  0.29839068E+00
  0.28897345E+00  0.27997070E+00  0.27135642E+00  0.26310400E+00  0.25519295E+00
  0.24760812E+00  0.24033545E+00  0.23336012E+00  0.22666592E+00  0.22023741E+00
  0.21406199E+00  0.20812866E+00  0.20242527E+00  0.19693789E+00  0.19165338E+00
  0.18656222E+00  0.18165752E+00  0.17693215E+00  0.17237884E+00  0.16798820E+00
  0.16375446E+00  0.15966058E+00  0.15572118E+00  0.15185957E+00  0.14826273E+00
  0.14381621E+00  0.14102797E+00  0.49056413E+01  0.49044071E+01  0.49027495E+01
  0.49020846E+01  0.49016558E+01  0.49012660E+01  0.49008480E+01  0.49003437E+01
  0.48995899E+01  0.48983372E+01  0.48965484E+01  0.48942828E+01  0.48912223E+01
  0.48870322E+01  0.48814160E+01  0.48738687E+01  0.48636780E+01  0.48498629E+01
  0.48311771E+01  0.48061428E+01  0.47728159E+01  0.47278767E+01  0.46678744E+01
  0.45886416E+01  0.44859682E+01  0.43518373E+01  0.41838574E+01  0.39816622E+01
  0.37416198E+01  0.34711859E+01  0.31850055E+01  0.29188099E+01  0.27196421E+01
  0.25722769E+01  0.24321927E+01  0.22894296E+01  0.21448390E+01  0.20003949E+01
  0.18579194E+01  0.17190181E+01  0.15850903E+01  0.14573776E+01  0.13366943E+01
  0.12238289E+01  0.11187374E+01  0.10206919E+01  0.93366190E+00  0.86380024E+00
  0.81116405E+00  0.77013971E+00  0.73486530E+00  0.70237250E+00  0.67174024E+00
  0.64280431E+00  0.61556818E+00  0.58994460E+00  0.56580865E+00  0.54306438E+00
  0.52161738E+00  0.50136001E+00  0.48218787E+00  0.46401197E+00  0.44675993E+00
  0.43037759E+00  0.41481685E+00  0.40002155E+00  0.38593583E+00  0.37251509E+00
  0.35972318E+00  0.34752999E+00  0.33590493E+00  0.32481154E+00  0.31421386E+00
  0.30408327E+00  0.29439760E+00  0.28513600E+00  0.27627475E+00  0.26778809E+00
  0.25965357E+00  0.25185371E+00  0.24437537E+00  0.23720546E+00  0.23032727E+00
  0.22372303E+00  0.21737807E+00  0.21128176E+00  0.20542459E+00  0.19979441E+00
  0.19437787E+00  0.18916359E+00  0.18414218E+00  0.17930537E+00  0.17464590E+00
  0.17015479E+00  0.16582698E+00  0.16164523E+00  0.15762468E+00  0.15368788E+00
  0.15002650E+00  0.14552507E+00  0.14270987E+00  0.49056510E+01  0.49043871E+01
  0.49027208E+01  0.49020923E+01  0.49016901E+01  0.49013243E+01  0.49009326E+01
  0.49004526E+01  0.48997366E+01  0.48985226E+01  0.48966668E+01  0.48943252E+01
  0.48912475E+01  0.48870088E+01  0.48812927E+01  0.48735352E+01  0.48629963E+01
  0.48486768E+01  0.48293777E+01  0.48035932E+01  0.47692496E+01  0.47227671E+01
  0.46608761E+01  0.45792300E+01  0.44732722E+01  0.43350017E+01  0.41621941E+01
  0.39545886E+01  0.37085013E+01  0.34320705E+01  0.31408440E+01  0.28764385E+01
  0.26890007E+01  0.25527182E+01  0.24176347E+01  0.22776555E+01  0.21350758E+01
  0.19923400E+01  0.18513451E+01  0.17138316E+01  0.15812975E+01  0.14548648E+01
  0.13351285E+01  0.12228959E+01  0.11178703E+01  0.10199062E+01  0.93507549E+00
  0.86965779E+00  0.82108746E+00  0.78197082E+00  0.74694273E+00  0.71406738E+00
  0.68295689E+00  0.65358643E+00  0.62595099E+00  0.59995800E+00  0.57546885E+00
  0.55236419E+00  0.53053976E+00  0.50989456E+00  0.49033376E+00  0.47177475E+00
  0.45414928E+00  0.43740327E+00  0.42149043E+00  0.40635844E+00  0.39195272E+00
  0.37822713E+00  0.36514280E+00  0.35266785E+00  0.34077039E+00  0.32941408E+00
  0.31856413E+00  0.30819219E+00  0.29827558E+00  0.28879447E+00  0.27972767E+00
  0.27105072E+00  0.26273875E+00  0.25477198E+00  0.24713680E+00  0.23981974E+00
  0.23280408E+00  0.22607091E+00  0.21960369E+00  0.21339093E+00  0.20742355E+00
  0.20168994E+00  0.19617680E+00  0.19087268E+00  0.18576719E+00  0.18085032E+00
  0.17611448E+00  0.17155118E+00  0.16715574E+00  0.16291111E+00  0.15883333E+00
  0.15484425E+00  0.15113842E+00  0.14660076E+00  0.14376849E+00  0.49056773E+01
  0.49043791E+01  0.49026940E+01  0.49020927E+01  0.49017086E+01  0.49013557E+01
  0.49009780E+01  0.49005118E+01  0.48998089E+01  0.48986165E+01  0.48967019E+01
  0.48942718E+01  0.48911782E+01  0.48869039E+01  0.48810501E+01  0.48730360E+01
  0.48621284E+01  0.48473010E+01  0.48274690E+01  0.48010086E+01  0.47655524E+01
  0.47178010E+01  0.46538097E+01  0.45691419E+01  0.44597055E+01  0.43170026E+01
  0.41390732E+01  0.39257184E+01  0.36733678E+01  0.33910257E+01  0.30954607E+01
  0.28361081E+01  0.26650347E+01  0.25414983E+01  0.24108828E+01  0.22733599E+01
  0.21325321E+01  0.19909580E+01  0.18506285E+01  0.17135149E+01  0.15812494E+01
  0.14550095E+01  0.13353315E+01  0.12228807E+01  0.11169017E+01  0.10186262E+01
  0.93663103E+00  0.87602985E+00  0.83089190E+00  0.79279297E+00  0.75748506E+00
  0.72397739E+00  0.69224557E+00  0.66233544E+00  0.63421865E+00  0.60779066E+00
  0.58290243E+00  0.55941481E+00  0.53721282E+00  0.51619714E+00  0.49627955E+00
  0.47738306E+00  0.45943982E+00  0.44239004E+00  0.42618395E+00  0.41077274E+00
  0.39610707E+00  0.38213547E+00  0.36881497E+00  0.35611360E+00  0.34399608E+00
  0.33242931E+00  0.32138339E+00  0.31082993E+00  0.30074402E+00  0.29110460E+00
  0.28189110E+00  0.27308010E+00  0.26464528E+00  0.25656917E+00  0.24883817E+00
  0.24143271E+00  0.23433368E+00  0.22752229E+00  0.22098207E+00  0.21470030E+00
  0.20866659E+00  0.20287036E+00  0.19729892E+00  0.19194041E+00  0.18678522E+00
  0.18182348E+00  0.17704625E+00  0.17244355E+00  0.16801066E+00  0.16373068E+00
  0.15962088E+00  0.15560353E+00  0.15187518E+00  0.14732157E+00  0.14448239E+00
  0.49057142E+01  0.49043742E+01  0.49026518E+01  0.49020608E+01  0.49016838E+01
  0.49013307E+01  0.49009436E+01  0.49004643E+01  0.48997526E+01  0.48986069E+01
  0.48966842E+01  0.48941723E+01  0.48910609E+01  0.48867383E+01  0.48807436E+01
  0.48725327E+01  0.48613655E+01  0.48461630E+01  0.48258761E+01  0.47986983E+01
  0.47619617E+01  0.47125681E+01  0.46462273E+01  0.45584175E+01  0.44453171E+01
  0.42981118E+01  0.41150507E+01  0.38961353E+01  0.36382107E+01  0.33514034E+01
  0.30536023E+01  0.28028594E+01  0.26508800E+01  0.25389630E+01  0.24102945E+01
  0.22734087E+01  0.21330424E+01  0.19916436E+01  0.18510986E+01  0.17134969E+01
  0.15806148E+01  0.14537776E+01  0.13335435E+01  0.12203491E+01  0.11129171E+01
  0.10146325E+01  0.93664491E+00  0.88120575E+00  0.83874310E+00  0.80099861E+00
  0.76515601E+00  0.73098865E+00  0.69869166E+00  0.66831562E+00  0.63979675E+00
  0.61301583E+00  0.58781181E+00  0.56402939E+00  0.54154409E+00  0.52025293E+00
  0.50007124E+00  0.48093397E+00  0.46277449E+00  0.44552104E+00  0.42911496E+00
  0.41351141E+00  0.39866956E+00  0.38454122E+00  0.37108028E+00  0.35824655E+00
  0.34600217E+00  0.33431617E+00  0.32316097E+00  0.31250801E+00  0.30232997E+00
  0.29260313E+00  0.28330613E+00  0.27441743E+00  0.26591397E+00  0.25777174E+00
  0.24997023E+00  0.24249248E+00  0.23532113E+00  0.22844180E+00  0.22184124E+00
  0.21550459E+00  0.20941938E+00  0.20357573E+00  0.19796276E+00  0.19256753E+00
  0.18737930E+00  0.18238868E+00  0.17758564E+00  0.17295858E+00  0.16850250E+00
  0.16420064E+00  0.16007099E+00  0.15603596E+00  0.15229302E+00  0.14772806E+00
  0.14488365E+00  0.49057614E+01  0.49043639E+01  0.49025610E+01  0.49019310E+01
  0.49015264E+01  0.49011468E+01  0.49007181E+01  0.49001955E+01  0.48994666E+01
  0.48984050E+01  0.48966169E+01  0.48941589E+01  0.48910826E+01  0.48867633E+01
  0.48807337E+01  0.48724939E+01  0.48612609E+01  0.48458752E+01  0.48248636E+01
  0.47963483E+01  0.47577853E+01  0.47067693E+01  0.46388355E+01  0.45484864E+01
  0.44322368E+01  0.42814828E+01  0.40944175E+01  0.38714676E+01  0.36098995E+01
  0.33202403E+01  0.30204864E+01  0.27790206E+01  0.26453595E+01  0.25415404E+01
  0.24122686E+01  0.22747512E+01  0.21340647E+01  0.19922603E+01  0.18511848E+01
  0.17128810E+01  0.15790513E+01  0.14509676E+01  0.13292748E+01  0.12146185E+01
  0.11056227E+01  0.10081864E+01  0.93535988E+00  0.88490126E+00  0.84406345E+00
  0.80618858E+00  0.76988412E+00  0.73529519E+00  0.70263786E+00  0.67195670E+00
  0.64318215E+00  0.61618723E+00  0.59080649E+00  0.56686788E+00  0.54422727E+00
  0.52277667E+00  0.50243451E+00  0.48313080E+00  0.46480163E+00  0.44738872E+00
  0.43083999E+00  0.41511096E+00  0.40015865E+00  0.38593988E+00  0.37240553E+00
  0.35950522E+00  0.34719974E+00  0.33545639E+00  0.32424573E+00  0.31353953E+00
  0.30331039E+00  0.29353307E+00  0.28418530E+00  0.27524718E+00  0.26669947E+00
  0.25851506E+00  0.25066760E+00  0.24314077E+00  0.23591924E+00  0.22899060E+00
  0.22234325E+00  0.21596313E+00  0.20983707E+00  0.20395404E+00  0.19830451E+00
  0.19287748E+00  0.18766063E+00  0.18264279E+00  0.17781399E+00  0.17316320E+00
  0.16868530E+00  0.16436347E+00  0.16021483E+00  0.15616051E+00  0.15239758E+00
  0.14781014E+00  0.14495352E+00  0.49057710E+01  0.49042840E+01  0.49023291E+01
  0.49015754E+01  0.49010560E+01  0.49005629E+01  0.49000162E+01  0.48993838E+01
  0.48985717E+01  0.48975267E+01  0.48958716E+01  0.48934669E+01  0.48902066E+01
  0.48856423E+01  0.48794702E+01  0.48710911E+01  0.48596210E+01  0.48438261E+01
  0.48215985E+01  0.47910237E+01  0.47501400E+01  0.46961676E+01  0.46245553E+01
  0.45307083E+01  0.44109572E+01  0.42564158E+01  0.40640258E+01  0.38353605E+01
  0.35704563E+01  0.32796709E+01  0.29810472E+01  0.27504950E+01  0.26344856E+01
  0.25379766E+01  0.24072929E+01  0.22686360E+01  0.21274397E+01  0.19852173E+01
  0.18437032E+01  0.17049169E+01  0.15703916E+01  0.14411725E+01  0.13180702E+01
  0.12021671E+01  0.10925465E+01  0.99811851E+00  0.93228788E+00  0.88677977E+00
  0.84690558E+00  0.80881971E+00  0.77234030E+00  0.73766057E+00  0.70490042E+00
  0.67410277E+00  0.64521408E+00  0.61811169E+00  0.59263728E+00  0.56861478E+00
  0.54588818E+00  0.52434753E+00  0.50391449E+00  0.48451696E+00  0.46609345E+00
  0.44859362E+00  0.43196985E+00  0.41617732E+00  0.40116977E+00  0.38690161E+00
  0.37332239E+00  0.36037982E+00  0.34803213E+00  0.33624570E+00  0.32499084E+00
  0.31423994E+00  0.30396680E+00  0.29414611E+00  0.28475518E+00  0.27577508E+00
  0.26718704E+00  0.25897177E+00  0.25110544E+00  0.24356324E+00  0.23632715E+00
  0.22938262E+00  0.22271651E+00  0.21631653E+00  0.21017043E+00  0.20426653E+00
  0.19859594E+00  0.19314963E+00  0.18791512E+00  0.18287957E+00  0.17803244E+00
  0.17336380E+00  0.16886894E+00  0.16453084E+00  0.16036603E+00  0.15629496E+00
  0.15251401E+00  0.14790316E+00  0.14503271E+00  0.49057530E+01  0.49042108E+01
  0.49021595E+01  0.49013203E+01  0.49007133E+01  0.49001300E+01  0.48994938E+01
  0.48987777E+01  0.48978886E+01  0.48968178E+01  0.48951733E+01  0.48927279E+01
  0.48892433E+01  0.48844002E+01  0.48780573E+01  0.48695027E+01  0.48577782E+01
  0.48416197E+01  0.48186802E+01  0.47869870E+01  0.47449239E+01  0.46884087E+01
  0.46133848E+01  0.45172358E+01  0.43953331E+01  0.42383323E+01  0.40421060E+01
  0.38091329E+01  0.35420815E+01  0.32513465E+01  0.29554539E+01  0.27316343E+01
  0.26245391E+01  0.25322224E+01  0.24009030E+01  0.22615187E+01  0.21199609E+01
  0.19775583E+01  0.18358890E+01  0.16969738E+01  0.15622939E+01  0.14327776E+01
  0.13092844E+01  0.11930555E+01  0.10835704E+01  0.99148347E+00  0.92989123E+00
  0.88703426E+00  0.84764461E+00  0.80955251E+00  0.77308501E+00  0.73843215E+00
  0.70567499E+00  0.67486021E+00  0.64594366E+00  0.61880633E+00  0.59329421E+00
  0.56923394E+00  0.54646928E+00  0.52489045E+00  0.50442237E+00  0.48500419E+00
  0.46657536E+00  0.44907294E+00  0.43244241E+00  0.41663978E+00  0.40162178E+00
  0.38734263E+00  0.37375272E+00  0.36079954E+00  0.34843924E+00  0.33663847E+00
  0.32536823E+00  0.31460118E+00  0.30431166E+00  0.29447440E+00  0.28506660E+00
  0.27606978E+00  0.26746529E+00  0.25923540E+00  0.25135764E+00  0.24380590E+00
  0.23656140E+00  0.22960947E+00  0.22293610E+00  0.21652858E+00  0.21037482E+00
  0.20446285E+00  0.19878386E+00  0.19332937E+00  0.18808714E+00  0.18304399E+00
  0.17818887E+00  0.17351211E+00  0.16900928E+00  0.16466323E+00  0.16049062E+00
  0.15641207E+00  0.15262373E+00  0.14800289E+00  0.14512618E+00
