  0.28118571E+01  0.27662486E+01  0.27248693E+01  0.27280521E+01  0.27273914E+01
  0.27282304E+01  0.27296000E+01  0.27317914E+01  0.27346863E+01  0.27382208E+01
  0.27422085E+01  0.27465689E+01  0.27513616E+01  0.27565688E+01  0.27621335E+01
  0.27679623E+01  0.27738649E+01  0.27795591E+01  0.27846532E+01  0.27887739E+01
  0.27911605E+01  0.27908909E+01  0.27870462E+01  0.27783040E+01  0.27620212E+01
  0.27357524E+01  0.26972427E+01  0.26433829E+01  0.25719216E+01  0.24820518E+01
  0.23768708E+01  0.22622663E+01  0.21428824E+01  0.20215725E+01  0.19005273E+01
  0.17821585E+01  0.16687803E+01  0.15619527E+01  0.14623942E+01  0.13701145E+01
  0.12846675E+01  0.12054461E+01  0.11318585E+01  0.10633941E+01  0.99969958E+00
  0.94052533E+00  0.88548462E+00  0.83405595E+00  0.78581347E+00  0.74047749E+00
  0.69784338E+00  0.65774630E+00  0.62004325E+00  0.58460491E+00  0.55131066E+00
  0.52004535E+00  0.49069821E+00  0.46316105E+00  0.43732827E+00  0.41309724E+00
  0.39036915E+00  0.36904990E+00  0.34905031E+00  0.33028688E+00  0.31268089E+00
  0.29615909E+00  0.28065545E+00  0.26610955E+00  0.25246588E+00  0.23967353E+00
  0.22768440E+00  0.21645371E+00  0.20594064E+00  0.19610384E+00  0.18690429E+00
  0.17830537E+00  0.17027442E+00  0.16277494E+00  0.15577315E+00  0.14924046E+00
  0.14314262E+00  0.13744807E+00  0.13212739E+00  0.12715287E+00  0.12249847E+00
  0.11813979E+00  0.11405394E+00  0.11021952E+00  0.10661655E+00  0.10322641E+00
  0.10003191E+00  0.97016966E-01  0.94167087E-01  0.91467852E-01  0.88908663E-01
  0.86472412E-01  0.84163079E-01  0.81930803E-01  0.79874515E-01  0.77395407E-01
  0.75858693E-01  0.28139652E+01  0.27680392E+01  0.27264319E+01  0.27296632E+01
  0.27289046E+01  0.27296252E+01  0.27308485E+01  0.27328476E+01  0.27355306E+01
  0.27388752E+01  0.27427162E+01  0.27469789E+01  0.27517307E+01  0.27569728E+01
  0.27626679E+01  0.27687467E+01  0.27750782E+01  0.27814468E+01  0.27875422E+01
  0.27929794E+01  0.27970448E+01  0.27987633E+01  0.27969170E+01  0.27902092E+01
  0.27759956E+01  0.27516251E+01  0.27146923E+01  0.26619023E+01  0.25908595E+01
  0.25007218E+01  0.23943707E+01  0.22778023E+01  0.21564462E+01  0.20335239E+01
  0.19111551E+01  0.17916876E+01  0.16773543E+01  0.15696865E+01  0.14693840E+01
  0.13764455E+01  0.12904166E+01  0.12106818E+01  0.11366412E+01  0.10677781E+01
  0.10037243E+01  0.94423217E+00  0.88894149E+00  0.83732541E+00  0.78893080E+00
  0.74346226E+00  0.70070727E+00  0.66049659E+00  0.62268492E+00  0.58714187E+00
  0.55374609E+00  0.52238212E+00  0.49293892E+00  0.46530819E+00  0.43938425E+00
  0.41506443E+00  0.39224998E+00  0.37084687E+00  0.35076609E+00  0.33192417E+00
  0.31424308E+00  0.29765070E+00  0.28208122E+00  0.26747431E+00  0.25377440E+00
  0.24093054E+00  0.22889430E+00  0.21762136E+00  0.20706951E+00  0.19719675E+00
  0.18796551E+00  0.17933868E+00  0.17128263E+00  0.16376033E+00  0.15673758E+00
  0.15018510E+00  0.14406845E+00  0.13835598E+00  0.13301817E+00  0.12802717E+00
  0.12335683E+00  0.11898260E+00  0.11488150E+00  0.11103204E+00  0.10741418E+00
  0.10400930E+00  0.10080015E+00  0.97770640E-01  0.94906270E-01  0.92192600E-01
  0.89619038E-01  0.87168434E-01  0.84844883E-01  0.82598262E-01  0.80528250E-01
  0.78032117E-01  0.76484783E-01  0.28184055E+01  0.27710897E+01  0.27282172E+01
  0.27315830E+01  0.27308364E+01  0.27315255E+01  0.27326481E+01  0.27344877E+01
  0.27369861E+01  0.27401520E+01  0.27438782E+01  0.27481090E+01  0.27528757E+01
  0.27581836E+01  0.27640109E+01  0.27703094E+01  0.27769975E+01  0.27839252E+01
  0.27908533E+01  0.27973566E+01  0.28028240E+01  0.28061606E+01  0.28059817E+01
  0.28011157E+01  0.27887663E+01  0.27661221E+01  0.27306545E+01  0.26788806E+01
  0.26082578E+01  0.25178783E+01  0.24104131E+01  0.22919891E+01  0.21687811E+01
  0.20443500E+01  0.19207464E+01  0.18002647E+01  0.16850642E+01  0.15766446E+01
  0.14756839E+01  0.13821639E+01  0.12956193E+01  0.12154260E+01  0.11409776E+01
  0.10717525E+01  0.10073706E+01  0.94758866E+00  0.89206734E+00  0.84027310E+00
  0.79172992E+00  0.74612892E+00  0.70325125E+00  0.66292453E+00  0.62500209E+00
  0.58935343E+00  0.55585684E+00  0.52439602E+00  0.49485941E+00  0.46713831E+00
  0.44112674E+00  0.41672198E+00  0.39382541E+00  0.37234312E+00  0.35218649E+00
  0.33327243E+00  0.31552389E+00  0.29887006E+00  0.28324570E+00  0.26859078E+00
  0.25484993E+00  0.24197198E+00  0.22990828E+00  0.21861459E+00  0.20804694E+00
  0.19816279E+00  0.18892530E+00  0.18029650E+00  0.17224070E+00  0.16472010E+00
  0.15769961E+00  0.15114828E+00  0.14503190E+00  0.13931870E+00  0.13397899E+00
  0.12898482E+00  0.12430991E+00  0.11992964E+00  0.11582100E+00  0.11196251E+00
  0.10833421E+00  0.10491754E+00  0.10169536E+00  0.98651713E-01  0.95772185E-01
  0.93042439E-01  0.90452007E-01  0.87983800E-01  0.85642184E-01  0.83376764E-01
  0.81288340E-01  0.78768613E-01  0.77206373E-01  0.28247536E+01  0.27748780E+01
  0.27294953E+01  0.27329848E+01  0.27324174E+01  0.27333013E+01  0.27345826E+01
  0.27365341E+01  0.27391041E+01  0.27423064E+01  0.27460592E+01  0.27503159E+01
  0.27550804E+01  0.27603514E+01  0.27661068E+01  0.27722974E+01  0.27788328E+01
  0.27855560E+01  0.27922381E+01  0.27983523E+01  0.28035435E+01  0.28063883E+01
  0.28056143E+01  0.28004919E+01  0.27878510E+01  0.27649363E+01  0.27292779E+01
  0.26773863E+01  0.26067129E+01  0.25163164E+01  0.24088746E+01  0.22905422E+01
  0.21674485E+01  0.20431180E+01  0.19196068E+01  0.17992232E+01  0.16841327E+01
  0.15758283E+01  0.14749787E+01  0.13815563E+01  0.12950920E+01  0.12149612E+01
  0.11405600E+01  0.10713676E+01  0.10070095E+01  0.94724692E+00  0.89173323E+00
  0.83993408E+00  0.79138037E+00  0.74576613E+00  0.70287431E+00  0.66253404E+00
  0.62459937E+00  0.58893973E+00  0.55543344E+00  0.52396439E+00  0.49442071E+00
  0.46669343E+00  0.44067637E+00  0.41626689E+00  0.39336666E+00  0.37188218E+00
  0.35172545E+00  0.33281424E+00  0.31507235E+00  0.29842972E+00  0.28282186E+00
  0.26818929E+00  0.25447696E+00  0.24163328E+00  0.22960980E+00  0.21836104E+00
  0.20784227E+00  0.19801124E+00  0.18882901E+00  0.18025644E+00  0.17225556E+00
  0.16478816E+00  0.15781821E+00  0.15131250E+00  0.14523727E+00  0.13956076E+00
  0.13425320E+00  0.12928669E+00  0.12463502E+00  0.12027372E+00  0.11617994E+00
  0.11233245E+00  0.10871154E+00  0.10529894E+00  0.10207779E+00  0.99032412E-01
  0.96148684E-01  0.93412535E-01  0.90813785E-01  0.88335569E-01  0.85982617E-01
  0.83704485E-01  0.81602942E-01  0.79065182E-01  0.77491242E-01  0.28343966E+01
  0.27809241E+01  0.27319694E+01  0.27355306E+01  0.27351093E+01  0.27362153E+01
  0.27377334E+01  0.27398799E+01  0.27425778E+01  0.27458543E+01  0.27496152E+01
  0.27538099E+01  0.27584735E+01  0.27636161E+01  0.27692220E+01  0.27752458E+01
  0.27816033E+01  0.27881321E+01  0.27946423E+01  0.28004945E+01  0.28056782E+01
  0.28083296E+01  0.28070839E+01  0.28017913E+01  0.27889508E+01  0.27658149E+01
  0.27299670E+01  0.26779083E+01  0.26070933E+01  0.25165825E+01  0.24090592E+01
  0.22906837E+01  0.21675662E+01  0.20432133E+01  0.19196919E+01  0.17993230E+01
  0.16842713E+01  0.15760180E+01  0.14752177E+01  0.13818336E+01  0.12953924E+01
  0.12152686E+01  0.11408600E+01  0.10716475E+01  0.10072616E+01  0.94746912E+00
  0.89191913E+00  0.84007686E+00  0.79147790E+00  0.74581852E+00  0.70288264E+00
  0.66250030E+00  0.62452654E+00  0.58883008E+00  0.55528883E+00  0.52378727E+00
  0.49421331E+00  0.46645764E+00  0.44041398E+00  0.41597986E+00  0.39305738E+00
  0.37155365E+00  0.35138158E+00  0.33246015E+00  0.31471446E+00  0.29807561E+00
  0.28248000E+00  0.26786864E+00  0.25418654E+00  0.24138161E+00  0.22940520E+00
  0.21820989E+00  0.20775042E+00  0.19798417E+00  0.18886931E+00  0.18036402E+00
  0.17242898E+00  0.16502570E+00  0.15811562E+00  0.15166381E+00  0.14563670E+00
  0.14000257E+00  0.13473168E+00  0.12979615E+00  0.12516992E+00  0.12082871E+00
  0.11674994E+00  0.11291269E+00  0.10929758E+00  0.10588666E+00  0.10266345E+00
  0.99612616E-01  0.96720389E-01  0.93973042E-01  0.91360768E-01  0.88866976E-01
  0.86496866E-01  0.84199867E-01  0.82079108E-01  0.79515299E-01  0.77924529E-01
  0.28473893E+01  0.27890289E+01  0.27352171E+01  0.27388853E+01  0.27386625E+01
  0.27400379E+01  0.27418458E+01  0.27442508E+01  0.27471483E+01  0.27505409E+01
  0.27543153E+01  0.27584438E+01  0.27629913E+01  0.27679790E+01  0.27733989E+01
  0.27792126E+01  0.27853458E+01  0.27916413E+01  0.27979324E+01  0.28035387E+01
  0.28085888E+01  0.28110773E+01  0.28095382E+01  0.28040338E+01  0.27909634E+01
  0.27675746E+01  0.27314985E+01  0.26792257E+01  0.26082186E+01  0.25175458E+01
  0.24099010E+01  0.22914464E+01  0.21682658E+01  0.20438493E+01  0.19202807E+01
  0.17998998E+01  0.16848706E+01  0.15766586E+01  0.14758987E+01  0.13825407E+01
  0.12961058E+01  0.12159677E+01  0.11415268E+01  0.10722672E+01  0.10078257E+01
  0.94797546E+00  0.89236229E+00  0.84044987E+00  0.79177781E+00  0.74604522E+00
  0.70303762E+00  0.66258608E+00  0.62454698E+00  0.58879033E+00  0.55519392E+00
  0.52364175E+00  0.49402126E+00  0.46622243E+00  0.44013883E+00  0.41566816E+00
  0.39271301E+00  0.37118138E+00  0.35098744E+00  0.33205175E+00  0.31430101E+00
  0.29766761E+00  0.28208883E+00  0.26750610E+00  0.25386412E+00  0.24110990E+00
  0.22919449E+00  0.21806850E+00  0.20768412E+00  0.19799871E+00  0.18896532E+00
  0.18054289E+00  0.17268488E+00  0.16535167E+00  0.15851163E+00  0.15212365E+00
  0.14615339E+00  0.14056906E+00  0.13534092E+00  0.13044119E+00  0.12584405E+00
  0.12152553E+00  0.11746342E+00  0.11363717E+00  0.11002783E+00  0.10661786E+00
  0.10339120E+00  0.10033296E+00  0.97429799E-01  0.94668390E-01  0.92039357E-01
  0.89526441E-01  0.87135339E-01  0.84815346E-01  0.82671257E-01  0.80075840E-01
  0.78464659E-01  0.28641349E+01  0.27994861E+01  0.27394735E+01  0.27433763E+01
  0.27434583E+01  0.27451909E+01  0.27473856E+01  0.27501516E+01  0.27533235E+01
  0.27568715E+01  0.27606680E+01  0.27646892E+01  0.27690528E+01  0.27737971E+01
  0.27789313E+01  0.27844320E+01  0.27902386E+01  0.27962063E+01  0.28021783E+01
  0.28074822E+01  0.28122011E+01  0.28144408E+01  0.28127101E+01  0.28069741E+01
  0.27936549E+01  0.27699936E+01  0.27336686E+01  0.26811592E+01  0.26099307E+01
  0.25190577E+01  0.24112476E+01  0.22926667E+01  0.21693764E+01  0.20448553E+01
  0.19212081E+01  0.18007945E+01  0.16857757E+01  0.15775977E+01  0.14768713E+01
  0.13835295E+01  0.12970873E+01  0.12169178E+01  0.11424250E+01  0.10730970E+01
  0.10085777E+01  0.94864676E+00  0.89294795E+00  0.84094414E+00  0.79217877E+00
  0.74635397E+00  0.70325718E+00  0.66272070E+00  0.62460150E+00  0.58877120E+00
  0.55510915E+00  0.52349724E+00  0.49382047E+00  0.46596857E+00  0.43983558E+00
  0.41531987E+00  0.39232504E+00  0.37076052E+00  0.35054232E+00  0.33159300E+00
  0.31384104E+00  0.29722012E+00  0.28166825E+00  0.26712689E+00  0.25354009E+00
  0.24085425E+00  0.22901722E+00  0.21797701E+00  0.20768441E+00  0.19809400E+00
  0.18915562E+00  0.18082644E+00  0.17305681E+00  0.16580543E+00  0.15904165E+00
  0.15272310E+00  0.14681470E+00  0.14128435E+00  0.13610226E+00  0.13124083E+00
  0.12667452E+00  0.12237972E+00  0.11833466E+00  0.11451924E+00  0.11091495E+00
  0.10750476E+00  0.10427309E+00  0.10120554E+00  0.98289213E-01  0.95511255E-01
  0.92862713E-01  0.90327728E-01  0.87912381E-01  0.85565916E-01  0.83395119E-01
  0.80763339E-01  0.79128648E-01  0.28851143E+01  0.28126774E+01  0.27451005E+01
  0.27494540E+01  0.27499547E+01  0.27521118E+01  0.27547807E+01  0.27579422E+01
  0.27613299E+01  0.27649964E+01  0.27688025E+01  0.27726809E+01  0.27768135E+01
  0.27812563E+01  0.27860364E+01  0.27911455E+01  0.27965358E+01  0.28020790E+01
  0.28076225E+01  0.28125284E+01  0.28167731E+01  0.28186325E+01  0.28166448E+01
  0.28106015E+01  0.27969722E+01  0.27729871E+01  0.27363673E+01  0.26835784E+01
  0.26120871E+01  0.25209732E+01  0.24129601E+01  0.22942193E+01  0.21707892E+01
  0.20461371E+01  0.19223920E+01  0.18019364E+01  0.16869270E+01  0.15787857E+01
  0.14780963E+01  0.13847719E+01  0.12983188E+01  0.12181100E+01  0.11435534E+01
  0.10741421E+01  0.10095281E+01  0.94949800E+00  0.89369464E+00  0.84158083E+00
  0.79270437E+00  0.74677120E+00  0.70357128E+00  0.66293843E+00  0.62473069E+00
  0.58881901E+00  0.55508172E+00  0.52340136E+00  0.49366309E+00  0.46575605E+00
  0.43957390E+00  0.41501538E+00  0.39198505E+00  0.37039368E+00  0.35015904E+00
  0.33120551E+00  0.31346305E+00  0.29686630E+00  0.28135357E+00  0.26686612E+00
  0.25334752E+00  0.24074292E+00  0.22899680E+00  0.21805501E+00  0.20786623E+00
  0.19837914E+00  0.18954382E+00  0.18131146E+00  0.17363712E+00  0.16647816E+00
  0.15979320E+00  0.15354511E+00  0.14769903E+00  0.14222269E+00  0.13708635E+00
  0.13226260E+00  0.12772619E+00  0.12345391E+00  0.11942440E+00  0.11561804E+00
  0.11201682E+00  0.10860422E+00  0.10536517E+00  0.10228575E+00  0.99353552E-01
  0.96556176E-01  0.93885078E-01  0.91324825E-01  0.88881771E-01  0.86505147E-01
  0.84304018E-01  0.81630734E-01  0.79969170E-01  0.29108335E+01  0.28290012E+01
  0.27524151E+01  0.27574545E+01  0.27584561E+01  0.27610846E+01  0.27642746E+01
  0.27677942E+01  0.27715190E+01  0.27751054E+01  0.27784557E+01  0.27820420E+01
  0.27858589E+01  0.27899426E+01  0.27943282E+01  0.27990188E+01  0.28039744E+01
  0.28090783E+01  0.28141700E+01  0.28186578E+01  0.28223708E+01  0.28237756E+01
  0.28214710E+01  0.28150280E+01  0.28010118E+01  0.27766427E+01  0.27396565E+01
  0.26865218E+01  0.26147097E+01  0.25233057E+01  0.24150521E+01  0.22961243E+01
  0.21725301E+01  0.20477240E+01  0.19238637E+01  0.18033583E+01  0.16883577E+01
  0.15802563E+01  0.14796071E+01  0.13862991E+01  0.12998290E+01  0.12195695E+01
  0.11449338E+01  0.10754219E+01  0.10106954E+01  0.95055082E+00  0.89463225E+00
  0.84240316E+00  0.79341571E+00  0.74737929E+00  0.70408558E+00  0.66336869E+00
  0.62508635E+00  0.58910770E+00  0.55530837E+00  0.52357068E+00  0.49377995E+00
  0.46582434E+00  0.43959714E+00  0.41499732E+00  0.39193076E+00  0.37031080E+00
  0.35005823E+00  0.33110033E+00  0.31336920E+00  0.29680082E+00  0.28133411E+00
  0.26690964E+00  0.25346877E+00  0.24095402E+00  0.22930646E+00  0.21847012E+00
  0.20839074E+00  0.19901199E+00  0.19028126E+00  0.18214795E+00  0.17456779E+00
  0.16749591E+00  0.16088777E+00  0.15470707E+00  0.14891933E+00  0.14349253E+00
  0.13839721E+00  0.13360620E+00  0.12909463E+00  0.12483968E+00  0.12082043E+00
  0.11701775E+00  0.11341415E+00  0.10999364E+00  0.10674169E+00  0.10364484E+00
  0.10069119E+00  0.97868774E-01  0.95169469E-01  0.92578255E-01  0.90101766E-01
  0.87689133E-01  0.85452029E-01  0.82729947E-01  0.81036875E-01  0.29418355E+01
  0.28490787E+01  0.27619512E+01  0.27677354E+01  0.27695347E+01  0.27730225E+01
  0.27769765E+01  0.27809720E+01  0.27850925E+01  0.27888397E+01  0.27919249E+01
  0.27950604E+01  0.27982272E+01  0.28015376E+01  0.28050923E+01  0.28089505E+01
  0.28131137E+01  0.28174917E+01  0.28219201E+01  0.28258585E+01  0.28289462E+01
  0.28298362E+01  0.28271945E+01  0.28202139E+01  0.28057444E+01  0.27810415E+01
  0.27436366E+01  0.26900778E+01  0.26178747E+01  0.25261238E+01  0.24175865E+01
  0.22984384E+01  0.21746484E+01  0.20496587E+01  0.19256613E+01  0.18050943E+01
  0.16900985E+01  0.15820393E+01  0.14814300E+01  0.13881326E+01  0.13016380E+01
  0.12213187E+01  0.11465951E+01  0.10769767E+01  0.10121403E+01  0.95189873E+00
  0.89589782E+00  0.84359637E+00  0.79454663E+00  0.74845703E+00  0.70511698E+00
  0.66435802E+00  0.62603499E+00  0.59001518E+00  0.55617271E+00  0.52438714E+00
  0.49454259E+00  0.46652820E+00  0.44023909E+00  0.41557696E+00  0.39245147E+00
  0.37078052E+00  0.35048953E+00  0.33150963E+00  0.31377585E+00  0.29722608E+00
  0.28179938E+00  0.26743436E+00  0.25406921E+00  0.24164235E+00  0.23009114E+00
  0.21935554E+00  0.20937886E+00  0.20009964E+00  0.19146611E+00  0.18342068E+00
  0.17591706E+00  0.16891834E+00  0.16237539E+00  0.15625055E+00  0.15050938E+00
  0.14512014E+00  0.14005367E+00  0.13528320E+00  0.13078429E+00  0.12653458E+00
  0.12251367E+00  0.11870299E+00  0.11508561E+00  0.11164611E+00  0.10837051E+00
  0.10524587E+00  0.10226076E+00  0.99403706E-01  0.96667014E-01  0.94036081E-01
  0.91517884E-01  0.89061305E-01  0.86781028E-01  0.84001876E-01  0.82272278E-01
  0.29785318E+01  0.28744429E+01  0.27757350E+01  0.27820047E+01  0.27852495E+01
  0.27900398E+01  0.27948426E+01  0.28000731E+01  0.28052018E+01  0.28092128E+01
  0.28123268E+01  0.28148168E+01  0.28169388E+01  0.28189373E+01  0.28210206E+01
  0.28233414E+01  0.28259866E+01  0.28289419E+01  0.28320699E+01  0.28349508E+01
  0.28369732E+01  0.28370514E+01  0.28339604E+01  0.28262912E+01  0.28112462E+01
  0.27861715E+01  0.27483068E+01  0.26942735E+01  0.26216241E+01  0.25294727E+01
  0.24206033E+01  0.23011921E+01  0.21771692E+01  0.20519649E+01  0.19278100E+01
  0.18071719E+01  0.16921828E+01  0.15841723E+01  0.14836109E+01  0.13903330E+01
  0.13038214E+01  0.12234535E+01  0.11486617E+01  0.10789714E+01  0.10140839E+01
  0.95383456E+00  0.89785631E+00  0.84558404E+00  0.79655877E+00  0.75047998E+00
  0.70713259E+00  0.66634612E+00  0.62797318E+00  0.59188124E+00  0.55794650E+00
  0.52605187E+00  0.49608533E+00  0.46793971E+00  0.44151653E+00  0.41672543E+00
  0.39348125E+00  0.37170680E+00  0.35133334E+00  0.33229653E+00  0.31453459E+00
  0.29798482E+00  0.28258334E+00  0.26826565E+00  0.25496672E+00  0.24261848E+00
  0.23115528E+00  0.22051360E+00  0.21062927E+00  0.20143907E+00  0.19288911E+00
  0.18492074E+00  0.17748519E+00  0.17054490E+00  0.16405281E+00  0.15797032E+00
  0.15226270E+00  0.14689831E+00  0.14184824E+00  0.13708614E+00  0.13258804E+00
  0.12833217E+00  0.12429875E+00  0.12046981E+00  0.11682905E+00  0.11336162E+00
  0.11005406E+00  0.10689396E+00  0.10387039E+00  0.10097229E+00  0.98192423E-01
  0.95516578E-01  0.92952140E-01  0.90447644E-01  0.88120913E-01  0.85281618E-01
  0.83513799E-01  0.30217371E+01  0.29046477E+01  0.27932711E+01  0.28010449E+01
  0.28064255E+01  0.28128531E+01  0.28200300E+01  0.28274189E+01  0.28331382E+01
  0.28371264E+01  0.28397263E+01  0.28414025E+01  0.28423750E+01  0.28428779E+01
  0.28432495E+01  0.28436683E+01  0.28442687E+01  0.28451829E+01  0.28463391E+01
  0.28473928E+01  0.28477244E+01  0.28464421E+01  0.28423730E+01  0.28337281E+01
  0.28178660E+01  0.27921791E+01  0.27537240E+01  0.26991407E+01  0.26259839E+01
  0.25333756E+01  0.24241289E+01  0.23044284E+01  0.21801582E+01  0.20547296E+01
  0.19304142E+01  0.18097123E+01  0.16947488E+01  0.15868086E+01  0.14863186E+01
  0.13930927E+01  0.13066056E+01  0.12262446E+01  0.11514606E+01  0.10817986E+01
  0.10169889E+01  0.95687471E+00  0.90103702E+00  0.84885940E+00  0.79986423E+00
  0.75374625E+00  0.71029427E+00  0.66934755E+00  0.63077398E+00  0.59445451E+00
  0.56027557E+00  0.52813026E+00  0.49791109E+00  0.46951503E+00  0.44285215E+00
  0.41784050E+00  0.39440598E+00  0.37248054E+00  0.35199827E+00  0.33289474E+00
  0.31510512E+00  0.29856367E+00  0.28320295E+00  0.26895194E+00  0.25573803E+00
  0.24348606E+00  0.23212504E+00  0.22158706E+00  0.21180243E+00  0.20270802E+00
  0.19424298E+00  0.18635501E+00  0.17899466E+00  0.17211229E+00  0.16566757E+00
  0.15962297E+00  0.15394417E+00  0.14859987E+00  0.14356159E+00  0.13880353E+00
  0.13430232E+00  0.13003685E+00  0.12598800E+00  0.12213843E+00  0.11847245E+00
  0.11497578E+00  0.11163544E+00  0.10843952E+00  0.10537755E+00  0.10243889E+00
  0.99616720E-01  0.96897142E-01  0.94287973E-01  0.91737382E-01  0.89366137E-01
  0.86469555E-01  0.84665408E-01  0.30721227E+01  0.29411493E+01  0.28167318E+01
  0.28267485E+01  0.28349600E+01  0.28449184E+01  0.28542811E+01  0.28613799E+01
  0.28658713E+01  0.28685981E+01  0.28705260E+01  0.28717112E+01  0.28720614E+01
  0.28716454E+01  0.28707819E+01  0.28695914E+01  0.28682331E+01  0.28669472E+01
  0.28657735E+01  0.28644547E+01  0.28625583E+01  0.28592866E+01  0.28534968E+01
  0.28433158E+01  0.28262142E+01  0.27995901E+01  0.27602832E+01  0.27049643E+01
  0.26311690E+01  0.25380147E+01  0.24283506E+01  0.23083713E+01  0.21838805E+01
  0.20582470E+01  0.19337880E+01  0.18130464E+01  0.16981378E+01  0.15903059E+01
  0.14899397E+01  0.13968320E+01  0.13104549E+01  0.12302045E+01  0.11555465E+01
  0.10860319E+01  0.10213975E+01  0.96144795E+00  0.90566921E+00  0.85339755E+00
  0.80417441E+00  0.75773325E+00  0.71390044E+00  0.67254417E+00  0.63355593E+00
  0.59682985E+00  0.56225540E+00  0.52972906E+00  0.49915942E+00  0.47046090E+00
  0.44354361E+00  0.41832364E+00  0.39472832E+00  0.37269049E+00  0.35214391E+00
  0.33302191E+00  0.31525506E+00  0.29877153E+00  0.28349597E+00  0.26934941E+00
  0.25625210E+00  0.24412521E+00  0.23289103E+00  0.22247430E+00  0.21280369E+00
  0.20381402E+00  0.19544368E+00  0.18764031E+00  0.18035297E+00  0.17353134E+00
  0.16713601E+00  0.16113041E+00  0.15548094E+00  0.15015695E+00  0.14513066E+00
  0.14037700E+00  0.13587330E+00  0.13159920E+00  0.12753619E+00  0.12366757E+00
  0.11997827E+00  0.11645451E+00  0.11308382E+00  0.10985480E+00  0.10675740E+00
  0.10378140E+00  0.10092035E+00  0.98160655E-01  0.95510508E-01  0.92917709E-01
  0.90505708E-01  0.87556620E-01  0.85719153E-01  0.31226942E+01  0.29807184E+01
  0.28476218E+01  0.28607428E+01  0.28694990E+01  0.28781969E+01  0.28844361E+01
  0.28887255E+01  0.28918879E+01  0.28939015E+01  0.28959030E+01  0.28975563E+01
  0.28986321E+01  0.28990808E+01  0.28987659E+01  0.28975977E+01  0.28957440E+01
  0.28932550E+01  0.28902234E+01  0.28866248E+01  0.28822556E+01  0.28765219E+01
  0.28684528E+01  0.28561268E+01  0.28372286E+01  0.28092132E+01  0.27686824E+01
  0.27123411E+01  0.26376986E+01  0.25438629E+01  0.24337289E+01  0.23134983E+01
  0.21888391E+01  0.20630402E+01  0.19384707E+01  0.18177256E+01  0.17029162E+01
  0.15952527E+01  0.14950876E+01  0.14021831E+01  0.13159980E+01  0.12359244E+01
  0.11614163E+01  0.10919923E+01  0.10273370E+01  0.96718876E+00  0.91101487E+00
  0.85820365E+00  0.80836918E+00  0.76130261E+00  0.71686869E+00  0.67495272E+00
  0.63544059E+00  0.59823609E+00  0.56324817E+00  0.53037169E+00  0.49950694E+00
  0.47056203E+00  0.44344743E+00  0.41808114E+00  0.39438825E+00  0.37229972E+00
  0.35174899E+00  0.33266675E+00  0.31497907E+00  0.29860555E+00  0.28346032E+00
  0.26945795E+00  0.25651066E+00  0.24453413E+00  0.23344671E+00  0.22316870E+00
  0.21362434E+00  0.20475062E+00  0.19648081E+00  0.18876089E+00  0.18154860E+00
  0.17479153E+00  0.16844943E+00  0.16248608E+00  0.15686858E+00  0.15156715E+00
  0.14655494E+00  0.14180770E+00  0.13730363E+00  0.13302306E+00  0.12894824E+00
  0.12506312E+00  0.12135320E+00  0.11780523E+00  0.11440730E+00  0.11114846E+00
  0.10801910E+00  0.10500942E+00  0.10211329E+00  0.99317418E-01  0.96630317E-01
  0.93999455E-01  0.91550707E-01  0.88554190E-01  0.86686588E-01  0.31708296E+01
  0.30167076E+01  0.28716214E+01  0.28839979E+01  0.28902955E+01  0.28947389E+01
  0.28979092E+01  0.29010414E+01  0.29037753E+01  0.29063472E+01  0.29089353E+01
  0.29115671E+01  0.29141504E+01  0.29166397E+01  0.29186658E+01  0.29198634E+01
  0.29200908E+01  0.29189271E+01  0.29162593E+01  0.29121005E+01  0.29062567E+01
  0.28983999E+01  0.28879148E+01  0.28731767E+01  0.28520327E+01  0.28219716E+01
  0.27796908E+01  0.27219507E+01  0.26461972E+01  0.25515137E+01  0.24408618E+01
  0.23204436E+01  0.21957079E+01  0.20698098E+01  0.19451763E+01  0.18244614E+01
  0.17097819E+01  0.16023138E+01  0.15023614E+01  0.14096352E+01  0.13235539E+01
  0.12434657E+01  0.11687766E+01  0.10989774E+01  0.10337336E+01  0.97280580E+00
  0.91576573E+00  0.86211004E+00  0.81149825E+00  0.76373455E+00  0.71867022E+00
  0.67619608E+00  0.63621790E+00  0.59862492E+00  0.56331143E+00  0.53016743E+00
  0.49907972E+00  0.46994443E+00  0.44267726E+00  0.41720380E+00  0.39345601E+00
  0.37136794E+00  0.35086958E+00  0.33188435E+00  0.31432872E+00  0.29811298E+00
  0.28314298E+00  0.26932466E+00  0.25656153E+00  0.24476162E+00  0.23383955E+00
  0.22371362E+00  0.21430677E+00  0.20555510E+00  0.19739232E+00  0.18976397E+00
  0.18262884E+00  0.17593729E+00  0.16964897E+00  0.16372814E+00  0.15814273E+00
  0.15286392E+00  0.14786585E+00  0.14312523E+00  0.13862111E+00  0.13433463E+00
  0.13024879E+00  0.12634822E+00  0.12261895E+00  0.11904835E+00  0.11562501E+00
  0.11233845E+00  0.10917949E+00  0.10613870E+00  0.10321030E+00  0.10038124E+00
  0.97660332E-01  0.94994755E-01  0.92512568E-01  0.89473024E-01  0.87578113E-01
  0.32076131E+01  0.30416173E+01  0.28831934E+01  0.28937654E+01  0.28998103E+01
  0.29046662E+01  0.29087108E+01  0.29114401E+01  0.29128598E+01  0.29148350E+01
  0.29170505E+01  0.29195418E+01  0.29223845E+01  0.29256143E+01  0.29291078E+01
  0.29325439E+01  0.29354658E+01  0.29374878E+01  0.29375888E+01  0.29352872E+01
  0.29305356E+01  0.29226133E+01  0.29109624E+01  0.28944161E+01  0.28711257E+01
  0.28387029E+01  0.27942410E+01  0.27347025E+01  0.26575248E+01  0.25617888E+01
  0.24505615E+01  0.23300162E+01  0.22052636E+01  0.20792714E+01  0.19545314E+01
  0.18337606E+01  0.17190872E+01  0.16116373E+01  0.15116373E+01  0.14187315E+01
  0.13322950E+01  0.12516503E+01  0.11762017E+01  0.11054735E+01  0.10391916E+01
  0.97721348E+00  0.91921552E+00  0.86473080E+00  0.81339373E+00  0.76499272E+00
  0.71939346E+00  0.67648096E+00  0.63614379E+00  0.59825172E+00  0.56267126E+00
  0.52928652E+00  0.49799354E+00  0.46870140E+00  0.44133003E+00  0.41580810E+00
  0.39207032E+00  0.37004783E+00  0.34966405E+00  0.33083327E+00  0.31346161E+00
  0.29744769E+00  0.28268892E+00  0.26907975E+00  0.25651772E+00  0.24490861E+00
  0.23416113E+00  0.22419134E+00  0.21492473E+00  0.20629309E+00  0.19823754E+00
  0.19070449E+00  0.18364341E+00  0.17701197E+00  0.17077173E+00  0.16488807E+00
  0.15932995E+00  0.15406954E+00  0.14908194E+00  0.14434480E+00  0.13983800E+00
  0.13554349E+00  0.13144503E+00  0.12752784E+00  0.12377858E+00  0.12018518E+00
  0.11673675E+00  0.11342325E+00  0.11023591E+00  0.10716562E+00  0.10420693E+00
  0.10134698E+00  0.98594895E-01  0.95897530E-01  0.93384907E-01  0.90306552E-01
  0.88387077E-01  0.32398887E+01  0.30647047E+01  0.28979412E+01  0.29096426E+01
  0.29160626E+01  0.29210725E+01  0.29248498E+01  0.29270672E+01  0.29281125E+01
  0.29295422E+01  0.29308908E+01  0.29322468E+01  0.29338118E+01  0.29357872E+01
  0.29383438E+01  0.29415339E+01  0.29450627E+01  0.29487552E+01  0.29516174E+01
  0.29521159E+01  0.29498759E+01  0.29441846E+01  0.29337459E+01  0.29172719E+01
  0.28931109E+01  0.28590660E+01  0.28126325E+01  0.27512130E+01  0.26724248E+01
  0.25754582E+01  0.24635346E+01  0.23427263E+01  0.22177154E+01  0.20913020E+01
  0.19660793E+01  0.18448465E+01  0.17297555E+01  0.16218716E+01  0.15213326E+01
  0.14277340E+01  0.13404427E+01  0.12588128E+01  0.11823034E+01  0.11104984E+01
  0.10431806E+01  0.98026303E+00  0.92145097E+00  0.86624533E+00  0.81428128E+00
  0.76536364E+00  0.71934464E+00  0.67608119E+00  0.63542404E+00  0.59724285E+00
  0.56141295E+00  0.52781990E+00  0.49636361E+00  0.46695947E+00  0.43953260E+00
  0.41401618E+00  0.39034468E+00  0.36844369E+00  0.34822750E+00  0.32959906E+00
  0.31245195E+00  0.29667279E+00  0.28214918E+00  0.26876664E+00  0.25641670E+00
  0.24500198E+00  0.23442911E+00  0.22461410E+00  0.21548274E+00  0.20696803E+00
  0.19901214E+00  0.19156212E+00  0.18456917E+00  0.17799258E+00  0.17179520E+00
  0.16594363E+00  0.16040806E+00  0.15516177E+00  0.15018090E+00  0.14544401E+00
  0.14093194E+00  0.13662747E+00  0.13251501E+00  0.12858046E+00  0.12481110E+00
  0.12119541E+00  0.11772297E+00  0.11438417E+00  0.11117056E+00  0.10807333E+00
  0.10508728E+00  0.10219970E+00  0.99419990E-01  0.96694630E-01  0.94155332E-01
  0.91043165E-01  0.89102326E-01  0.32791222E+01  0.30934898E+01  0.29167904E+01
  0.29274191E+01  0.29309615E+01  0.29342588E+01  0.29359724E+01  0.29371160E+01
  0.29389758E+01  0.29409118E+01  0.29427832E+01  0.29445716E+01  0.29462952E+01
  0.29480118E+01  0.29498527E+01  0.29520514E+01  0.29547281E+01  0.29578388E+01
  0.29613026E+01  0.29636256E+01  0.29634209E+01  0.29600942E+01  0.29521022E+01
  0.29375152E+01  0.29143946E+01  0.28804576E+01  0.28332962E+01  0.27706488E+01
  0.26904833E+01  0.25922558E+01  0.24793179E+01  0.23575730E+01  0.22314868E+01
  0.21039175E+01  0.19776048E+01  0.18554327E+01  0.17395275E+01  0.16308726E+01
  0.15295289E+01  0.14350548E+01  0.13468313E+01  0.12642435E+01  0.11867911E+01
  0.11140962E+01  0.10459630E+01  0.98229453E+00  0.92276836E+00  0.86692835E+00
  0.81444778E+00  0.76509758E+00  0.71869157E+00  0.67507602E+00  0.63411153E+00
  0.59566331E+00  0.55960699E+00  0.52583288E+00  0.49424557E+00  0.46476473E+00
  0.43732442E+00  0.41186262E+00  0.38830958E+00  0.36658183E+00  0.34658128E+00
  0.32819693E+00  0.31130769E+00  0.29578884E+00  0.28151653E+00  0.26837044E+00
  0.25623851E+00  0.24501802E+00  0.23461631E+00  0.22495108E+00  0.21594874E+00
  0.20754505E+00  0.19968141E+00  0.19230680E+00  0.18537704E+00  0.17885075E+00
  0.17269199E+00  0.16686879E+00  0.16135267E+00  0.15611816E+00  0.15114240E+00
  0.14640498E+00  0.14188764E+00  0.13757388E+00  0.13344874E+00  0.12949878E+00
  0.12571188E+00  0.12207698E+00  0.11858407E+00  0.11522387E+00  0.11198821E+00
  0.10886846E+00  0.10585957E+00  0.10294902E+00  0.10014635E+00  0.97397658E-01
  0.94836081E-01  0.91695449E-01  0.89736562E-01  0.33167106E+01  0.31180361E+01
  0.29279903E+01  0.29364774E+01  0.29370781E+01  0.29386530E+01  0.29396131E+01
  0.29405931E+01  0.29425628E+01  0.29449976E+01  0.29478034E+01  0.29509143E+01
  0.29542259E+01  0.29575991E+01  0.29607116E+01  0.29634059E+01  0.29658631E+01
  0.29682407E+01  0.29707380E+01  0.29730654E+01  0.29737161E+01  0.29715365E+01
  0.29653531E+01  0.29528249E+01  0.29316445E+01  0.28991208E+01  0.28525939E+01
  0.27898405E+01  0.27089869E+01  0.26096863E+01  0.24953102E+01  0.23717466E+01
  0.22437484E+01  0.21144714E+01  0.19867874E+01  0.18636034E+01  0.17469190E+01
  0.16375834E+01  0.15355861E+01  0.14404486E+01  0.13515340E+01  0.12682472E+01
  0.11901062E+01  0.11167445E+01  0.10479418E+01  0.98356087E+00  0.92337164E+00
  0.86699719E+00  0.81404787E+00  0.76425991E+00  0.71745799E+00  0.67349233E+00
  0.63222037E+00  0.59350722E+00  0.55723207E+00  0.52328982E+00  0.49159409E+00
  0.46207429E+00  0.43467031E+00  0.40931967E+00  0.38594341E+00  0.36444461E+00
  0.34470923E+00  0.32660989E+00  0.31001000E+00  0.29477398E+00  0.28076772E+00
  0.26786522E+00  0.25595350E+00  0.24492827E+00  0.23469785E+00  0.22518043E+00
  0.21630583E+00  0.20800937E+00  0.20023724E+00  0.19294013E+00  0.18607096E+00
  0.17959295E+00  0.17347172E+00  0.16767665E+00  0.16218054E+00  0.15695903E+00
  0.15199030E+00  0.14725488E+00  0.14273527E+00  0.13841560E+00  0.13428159E+00
  0.13032039E+00  0.12652034E+00  0.12287080E+00  0.11936205E+00  0.11598511E+00
  0.11273203E+00  0.10959437E+00  0.10656722E+00  0.10363820E+00  0.10081682E+00
  0.98048888E-01  0.95468720E-01  0.92303792E-01  0.90329413E-01  0.33485308E+01
  0.31345972E+01  0.29288827E+01  0.29363552E+01  0.29362088E+01  0.29366627E+01
  0.29373458E+01  0.29392982E+01  0.29417886E+01  0.29447535E+01  0.29482003E+01
  0.29521533E+01  0.29566014E+01  0.29614788E+01  0.29665341E+01  0.29713984E+01
  0.29755976E+01  0.29788728E+01  0.29813019E+01  0.29830347E+01  0.29833717E+01
  0.29813000E+01  0.29756471E+01  0.29641697E+01  0.29443935E+01  0.29132050E+01
  0.28676620E+01  0.28054174E+01  0.27244264E+01  0.26243033E+01  0.25083721E+01
  0.23827476E+01  0.22527499E+01  0.21218664E+01  0.19930469E+01  0.18691554E+01
  0.17520284E+01  0.16423603E+01  0.15400389E+01  0.14445329E+01  0.13551875E+01
  0.12714103E+01  0.11927214E+01  0.11187494E+01  0.10492398E+01  0.98416075E+00
  0.92339167E+00  0.86648159E+00  0.81301499E+00  0.76275875E+00  0.71554263E+00
  0.67121739E+00  0.62963932E+00  0.59067385E+00  0.55420237E+00  0.52012623E+00
  0.48837141E+00  0.45887723E+00  0.43158324E+00  0.40641852E+00  0.38329101E+00
  0.36208655E+00  0.34267184E+00  0.32490123E+00  0.30862326E+00  0.29369205E+00
  0.27996577E+00  0.26731480E+00  0.25562738E+00  0.24479945E+00  0.23474001E+00
  0.22536971E+00  0.21662100E+00  0.20843045E+00  0.20074794E+00  0.19352567E+00
  0.18671574E+00  0.18028496E+00  0.17420113E+00  0.16843469E+00  0.16295950E+00
  0.15775233E+00  0.15279235E+00  0.14806096E+00  0.14354131E+00  0.13921815E+00
  0.13507783E+00  0.13110810E+00  0.12729770E+00  0.12363624E+00  0.12011449E+00
  0.11672365E+00  0.11345605E+00  0.11030331E+00  0.10726077E+00  0.10431571E+00
  0.10147769E+00  0.98693003E-01  0.96096548E-01  0.92909930E-01  0.90921630E-01
  0.33795644E+01  0.31483551E+01  0.29265682E+01  0.29352046E+01  0.29351519E+01
  0.29358700E+01  0.29366476E+01  0.29384933E+01  0.29408575E+01  0.29437455E+01
  0.29472019E+01  0.29512822E+01  0.29560138E+01  0.29613935E+01  0.29674241E+01
  0.29739483E+01  0.29804378E+01  0.29861648E+01  0.29904822E+01  0.29930515E+01
  0.29934371E+01  0.29911639E+01  0.29853050E+01  0.29738576E+01  0.29544763E+01
  0.29238726E+01  0.28788522E+01  0.28169071E+01  0.27357694E+01  0.26349197E+01
  0.25176439E+01  0.23903420E+01  0.22588107E+01  0.21267577E+01  0.19972249E+01
  0.18730302E+01  0.17558122E+01  0.16461103E+01  0.15436886E+01  0.14479594E+01
  0.13582690E+01  0.12740240E+01  0.11947530E+01  0.11200729E+01  0.10498459E+01
  0.98414103E+00  0.92274855E+00  0.86521794E+00  0.81119392E+00  0.76045598E+00
  0.71283710E+00  0.66818352E+00  0.62634503E+00  0.58718367E+00  0.55058126E+00
  0.51644934E+00  0.48472151E+00  0.45533943E+00  0.42824190E+00  0.40334606E+00
  0.38054206E+00  0.35969456E+00  0.34064908E+00  0.32324151E+00  0.30730801E+00
  0.29269344E+00  0.27925151E+00  0.26685309E+00  0.25538670E+00  0.24475007E+00
  0.23485475E+00  0.22562511E+00  0.21699466E+00  0.20890470E+00  0.20130400E+00
  0.19414724E+00  0.18739315E+00  0.18100640E+00  0.17495647E+00  0.16921549E+00
  0.16375869E+00  0.15856381E+00  0.15361073E+00  0.14888161E+00  0.14436040E+00
  0.14003265E+00  0.13588529E+00  0.13190649E+00  0.12808540E+00  0.12441207E+00
  0.12087748E+00  0.11747303E+00  0.11419112E+00  0.11102356E+00  0.10796566E+00
  0.10500490E+00  0.10215102E+00  0.99349601E-01  0.96737087E-01  0.93529835E-01
  0.91528282E-01  0.34249901E+01  0.31697254E+01  0.29237776E+01  0.29323519E+01
  0.29316764E+01  0.29323361E+01  0.29340053E+01  0.29363610E+01  0.29391397E+01
  0.29423555E+01  0.29460593E+01  0.29503640E+01  0.29553203E+01  0.29609331E+01
  0.29671929E+01  0.29740513E+01  0.29814240E+01  0.29889222E+01  0.29955769E+01
  0.30006826E+01  0.30025687E+01  0.30006672E+01  0.29949775E+01  0.29833863E+01
  0.29638501E+01  0.29331406E+01  0.28879796E+01  0.28258323E+01  0.27442678E+01
  0.26426595E+01  0.25243013E+01  0.23958087E+01  0.22632223E+01  0.21304188E+01
  0.20005076E+01  0.18762064E+01  0.17590159E+01  0.16493292E+01  0.15468149E+01
  0.14508475E+01  0.13607560E+01  0.12759612E+01  0.11960165E+01  0.11206461E+01
  0.10497720E+01  0.98336200E+00  0.92124396E+00  0.86307959E+00  0.80853192E+00
  0.75738026E+00  0.70944560E+00  0.66455624E+00  0.62254749E+00  0.58327435E+00
  0.54662310E+00  0.51251623E+00  0.48089502E+00  0.45170746E+00  0.42488700E+00
  0.40033238E+00  0.37791091E+00  0.35746337E+00  0.33881428E+00  0.32178342E+00
  0.30619744E+00  0.29189502E+00  0.27872919E+00  0.26657221E+00  0.25531256E+00
  0.24485265E+00  0.23510841E+00  0.22600643E+00  0.21748255E+00  0.20948079E+00
  0.20195189E+00  0.19485260E+00  0.18814456E+00  0.18179362E+00  0.17577008E+00
  0.17004761E+00  0.16460263E+00  0.15941379E+00  0.15446196E+00  0.14973007E+00
  0.14520281E+00  0.14086647E+00  0.13670853E+00  0.13271747E+00  0.12888286E+00
  0.12519520E+00  0.12164552E+00  0.11822543E+00  0.11492742E+00  0.11174353E+00
  0.10866899E+00  0.10569182E+00  0.10282174E+00  0.10000366E+00  0.97374943E-01
  0.94146956E-01  0.92132486E-01  0.34652479E+01  0.31923312E+01  0.29271583E+01
  0.29336293E+01  0.29326062E+01  0.29330649E+01  0.29339655E+01  0.29356034E+01
  0.29378192E+01  0.29407413E+01  0.29444392E+01  0.29488818E+01  0.29540183E+01
  0.29598451E+01  0.29663661E+01  0.29735329E+01  0.29811961E+01  0.29892587E+01
  0.29971358E+01  0.30043760E+01  0.30087626E+01  0.30085493E+01  0.30037541E+01
  0.29926100E+01  0.29731231E+01  0.29421500E+01  0.28965173E+01  0.28338251E+01
  0.27515841E+01  0.26491429E+01  0.25298418E+01  0.24003998E+01  0.22669392E+01
  0.21334838E+01  0.20032118E+01  0.18787663E+01  0.17615573E+01  0.16518413E+01
  0.15491968E+01  0.14529483E+01  0.13623965E+01  0.12770217E+01  0.11964568E+01
  0.11204451E+01  0.10488332E+01  0.98163343E+00  0.91883752E+00  0.86014599E+00
  0.80521318E+00  0.75379133E+00  0.70566870E+00  0.66064624E+00  0.61854556E+00
  0.57922219E+00  0.54257886E+00  0.50855418E+00  0.47710221E+00  0.44817471E+00
  0.42168958E+00  0.39752363E+00  0.37551857E+00  0.35549070E+00  0.33724432E+00
  0.32058645E+00  0.30533629E+00  0.29132867E+00  0.27842015E+00  0.26648486E+00
  0.25541266E+00  0.24511139E+00  0.23550065E+00  0.22650980E+00  0.21807725E+00
  0.21014935E+00  0.20267923E+00  0.19562562E+00  0.18895197E+00  0.18262616E+00
  0.17661971E+00  0.17090721E+00  0.16546597E+00  0.16027578E+00  0.15531870E+00
  0.15057843E+00  0.14604027E+00  0.14169100E+00  0.13751859E+00  0.13351200E+00
  0.12966107E+00  0.12595644E+00  0.12238950E+00  0.11895203E+00  0.11563670E+00
  0.11243560E+00  0.10934420E+00  0.10635033E+00  0.10346387E+00  0.10062995E+00
  0.97986364E-01  0.94739636E-01  0.92713356E-01  0.34885787E+01  0.32083008E+01
  0.29357902E+01  0.29418581E+01  0.29411421E+01  0.29423788E+01  0.29430317E+01
  0.29438405E+01  0.29448339E+01  0.29461533E+01  0.29479993E+01  0.29507363E+01
  0.29545786E+01  0.29596245E+01  0.29658149E+01  0.29729401E+01  0.29807291E+01
  0.29889341E+01  0.29971977E+01  0.30050324E+01  0.30115275E+01  0.30137132E+01
  0.30102145E+01  0.30003055E+01  0.29815512E+01  0.29507368E+01  0.29048086E+01
  0.28415928E+01  0.27586217E+01  0.26552971E+01  0.25350057E+01  0.24044993E+01
  0.22699754E+01  0.21356372E+01  0.20048537E+01  0.18802518E+01  0.17630670E+01
  0.16533778E+01  0.15506244E+01  0.14540912E+01  0.13631318E+01  0.12772329E+01
  0.11960329E+01  0.11192771E+01  0.10468932E+01  0.97904952E+00  0.91578296E+00
  0.85677594E+00  0.80163323E+00  0.75006474E+00  0.70182931E+00  0.65671381E+00
  0.61454070E+00  0.57518325E+00  0.53856961E+00  0.50466033E+00  0.47342320E+00
  0.44480245E+00  0.41869420E+00  0.39494940E+00  0.37338072E+00  0.35377926E+00
  0.33593082E+00  0.31963306E+00  0.30470127E+00  0.29096875E+00  0.27829508E+00
  0.26655890E+00  0.25565410E+00  0.24549206E+00  0.23599597E+00  0.22709860E+00
  0.21874116E+00  0.21087242E+00  0.20344761E+00  0.19642743E+00  0.18977724E+00
  0.18346640E+00  0.17746767E+00  0.17175688E+00  0.16631245E+00  0.16111512E+00
  0.15614769E+00  0.15139461E+00  0.14684183E+00  0.14247658E+00  0.13828724E+00
  0.13426314E+00  0.13039440E+00  0.12667183E+00  0.12308701E+00  0.11963185E+00
  0.11629917E+00  0.11308111E+00  0.10997335E+00  0.10696358E+00  0.10406197E+00
  0.10121312E+00  0.98556121E-01  0.95293355E-01  0.93256786E-01  0.35060317E+01
  0.32173838E+01  0.29369100E+01  0.29428743E+01  0.29415305E+01  0.29431998E+01
  0.29451387E+01  0.29473805E+01  0.29495584E+01  0.29516012E+01  0.29536494E+01
  0.29559135E+01  0.29586656E+01  0.29623688E+01  0.29673003E+01  0.29734885E+01
  0.29807589E+01  0.29887701E+01  0.29970975E+01  0.30049057E+01  0.30119992E+01
  0.30157702E+01  0.30139406E+01  0.30055413E+01  0.29880165E+01  0.29579122E+01
  0.29121321E+01  0.28486743E+01  0.27651050E+01  0.26609005E+01  0.25394525E+01
  0.24075493E+01  0.22717034E+01  0.21364752E+01  0.20053085E+01  0.18806866E+01
  0.17636264E+01  0.16540064E+01  0.15511593E+01  0.14543354E+01  0.13629136E+01
  0.12764182E+01  0.11945365E+01  0.11171411E+01  0.10442555E+01  0.97605818E+00
  0.91255594E+00  0.85338051E+00  0.79809860E+00  0.74640117E+00  0.69804167E+00
  0.65281085E+00  0.61054515E+00  0.57114836E+00  0.53457789E+00  0.50081600E+00
  0.46983676E+00  0.44156767E+00  0.41587784E+00  0.39258373E+00  0.37146630E+00
  0.35229168E+00  0.33483209E+00  0.31887736E+00  0.30424043E+00  0.29075974E+00
  0.27829808E+00  0.26673927E+00  0.25598261E+00  0.24594201E+00  0.23654400E+00
  0.22772480E+00  0.21942853E+00  0.21160642E+00  0.20421564E+00  0.19721880E+00
  0.19058313E+00  0.18427939E+00  0.17828150E+00  0.17256646E+00  0.16711383E+00
  0.16190518E+00  0.15692394E+00  0.15215524E+00  0.14758560E+00  0.14320270E+00
  0.13899527E+00  0.13495288E+00  0.13106589E+00  0.12732532E+00  0.12372285E+00
  0.12025052E+00  0.11690125E+00  0.11366730E+00  0.11054439E+00  0.10752027E+00
  0.10460518E+00  0.10174350E+00  0.99074734E-01  0.95797790E-01  0.93752475E-01
  0.35173335E+01  0.32216309E+01  0.29340243E+01  0.29395644E+01  0.29377658E+01
  0.29393537E+01  0.29415493E+01  0.29445182E+01  0.29479055E+01  0.29516058E+01
  0.29554906E+01  0.29593224E+01  0.29631251E+01  0.29670135E+01  0.29712285E+01
  0.29762855E+01  0.29824426E+01  0.29896030E+01  0.29974554E+01  0.30050932E+01
  0.30118637E+01  0.30160736E+01  0.30154812E+01  0.30081994E+01  0.29919005E+01
  0.29627565E+01  0.29174599E+01  0.28540526E+01  0.27700729E+01  0.26650093E+01
  0.25422726E+01  0.24088888E+01  0.22717375E+01  0.21356537E+01  0.20041543E+01
  0.18795583E+01  0.17626510E+01  0.16531257E+01  0.15502316E+01  0.14531987E+01
  0.13614207E+01  0.12745155E+01  0.11922736E+01  0.11145914E+01  0.10414888E+01
  0.97311677E+00  0.90944804E+00  0.85009995E+00  0.79464280E+00  0.74277205E+00
  0.69424426E+00  0.64885985E+00  0.60647946E+00  0.56704423E+00  0.53054350E+00
  0.49697559E+00  0.46630974E+00  0.43844583E+00  0.41321559E+00  0.39039666E+00
  0.36973817E+00  0.35098488E+00  0.33389935E+00  0.31826814E+00  0.30390493E+00
  0.29065401E+00  0.27838387E+00  0.26698335E+00  0.25635652E+00  0.24642088E+00
  0.23710609E+00  0.22835151E+00  0.22010421E+00  0.21231786E+00  0.20495176E+00
  0.19797020E+00  0.19134196E+00  0.18503917E+00  0.17903703E+00  0.17331366E+00
  0.16784957E+00  0.16262710E+00  0.15763035E+00  0.15284500E+00  0.14825801E+00
  0.14385746E+00  0.13963235E+00  0.13557245E+00  0.13166831E+00  0.12791108E+00
  0.12429255E+00  0.12080485E+00  0.11744101E+00  0.11419332E+00  0.11105758E+00
  0.10802148E+00  0.10509533E+00  0.10222326E+00  0.99545016E-01  0.96256658E-01
  0.94204319E-01  0.35248435E+01  0.32239984E+01  0.29313516E+01  0.29373532E+01
  0.29359430E+01  0.29374530E+01  0.29393940E+01  0.29421478E+01  0.29455907E+01
  0.29496688E+01  0.29542063E+01  0.29591543E+01  0.29644492E+01  0.29698574E+01
  0.29751908E+01  0.29805075E+01  0.29860823E+01  0.29922224E+01  0.29990660E+01
  0.30060411E+01  0.30122797E+01  0.30162332E+01  0.30158759E+01  0.30090700E+01
  0.29935339E+01  0.29651402E+01  0.29203306E+01  0.28570827E+01  0.27727910E+01
  0.26669280E+01  0.25429309E+01  0.24080983E+01  0.22696697E+01  0.21327513E+01
  0.20010035E+01  0.18765794E+01  0.17600106E+01  0.16507969E+01  0.15480790E+01
  0.14510922E+01  0.13592957E+01  0.12723316E+01  0.11899966E+01  0.11121877E+01
  0.10389189E+01  0.97034326E+00  0.90644626E+00  0.84686169E+00  0.79116978E+00
  0.73907066E+00  0.69032583E+00  0.64475191E+00  0.60224647E+00  0.56279083E+00
  0.52640472E+00  0.49309461E+00  0.46280744E+00  0.43540441E+00  0.41067215E+00
  0.38834757E+00  0.36814996E+00  0.34980895E+00  0.33308006E+00  0.31775099E+00
  0.30364238E+00  0.29060331E+00  0.27850757E+00  0.26724900E+00  0.25673673E+00
  0.24689238E+00  0.23764871E+00  0.22894807E+00  0.22074033E+00  0.21298164E+00
  0.20563339E+00  0.19866158E+00  0.19203632E+00  0.18573105E+00  0.17972227E+00
  0.17398906E+00  0.16851272E+00  0.16327634E+00  0.15826464E+00  0.15346376E+00
  0.14886101E+00  0.14444477E+00  0.14020422E+00  0.13612931E+00  0.13221067E+00
  0.12843958E+00  0.12480788E+00  0.12130775E+00  0.11793229E+00  0.11467383E+00
  0.11152814E+00  0.10848287E+00  0.10554829E+00  0.10266827E+00  0.99982779E-01
  0.96685530E-01  0.94627605E-01  0.35257899E+01  0.32209372E+01  0.29239203E+01
  0.29298384E+01  0.29291901E+01  0.29318746E+01  0.29351296E+01  0.29388997E+01
  0.29429281E+01  0.29473366E+01  0.29522311E+01  0.29576791E+01  0.29636206E+01
  0.29700378E+01  0.29768043E+01  0.29835960E+01  0.29901085E+01  0.29962871E+01
  0.30024363E+01  0.30084889E+01  0.30139019E+01  0.30170957E+01  0.30163069E+01
  0.30094292E+01  0.29940250E+01  0.29658065E+01  0.29210464E+01  0.28577206E+01
  0.27730298E+01  0.26663918E+01  0.25412480E+01  0.24050845E+01  0.22655658E+01
  0.21281440E+01  0.19965236E+01  0.18726288E+01  0.17567184E+01  0.16480919E+01
  0.15458048E+01  0.14490839E+01  0.13574068E+01  0.12704411E+01  0.11880064E+01
  0.11100162E+01  0.10365025E+01  0.96763900E+00  0.90343368E+00  0.84353958E+00
  0.78754674E+00  0.73516252E+00  0.68615913E+00  0.64037604E+00  0.59775704E+00
  0.55832549E+00  0.52212259E+00  0.48914847E+00  0.45931250E+00  0.43242689E+00
  0.40822743E+00  0.38641099E+00  0.36667239E+00  0.34873126E+00  0.33234220E+00
  0.31729700E+00  0.30342350E+00  0.29057834E+00  0.27864125E+00  0.26751077E+00
  0.25710082E+00  0.24733718E+00  0.23815587E+00  0.22950194E+00  0.22132780E+00
  0.21359190E+00  0.20625770E+00  0.19929288E+00  0.19266885E+00  0.18636032E+00
  0.18034495E+00  0.17460270E+00  0.16911559E+00  0.16386737E+00  0.15884325E+00
  0.15402973E+00  0.14941436E+00  0.14498566E+00  0.14073295E+00  0.13664624E+00
  0.13271626E+00  0.12893429E+00  0.12529223E+00  0.12178233E+00  0.11839773E+00
  0.11513078E+00  0.11197721E+00  0.10892462E+00  0.10598325E+00  0.10309673E+00
  0.10040528E+00  0.97100586E-01  0.95037944E-01  0.35183576E+01  0.32115059E+01
  0.29141808E+01  0.29216446E+01  0.29209933E+01  0.29241774E+01  0.29283083E+01
  0.29331812E+01  0.29383318E+01  0.29436986E+01  0.29493315E+01  0.29553746E+01
  0.29619333E+01  0.29690115E+01  0.29765849E+01  0.29845357E+01  0.29925362E+01
  0.29999959E+01  0.30066535E+01  0.30123905E+01  0.30171264E+01  0.30193271E+01
  0.30175553E+01  0.30101086E+01  0.29943522E+01  0.29658042E+01  0.29206111E+01
  0.28568478E+01  0.27715532E+01  0.26640668E+01  0.25378721E+01  0.24006521E+01
  0.22604044E+01  0.21228314E+01  0.19916281E+01  0.18684993E+01  0.17534313E+01
  0.16455314E+01  0.15437717E+01  0.14473675E+01  0.13558178E+01  0.12688189E+01
  0.11862204E+01  0.11079661E+01  0.10341145E+01  0.96486545E+00  0.90025966E+00
  0.83997896E+00  0.78362652E+00  0.73091794E+00  0.68163588E+00  0.63565089E+00
  0.59296003E+00  0.55362596E+00  0.51769737E+00  0.48515033E+00  0.45584420E+00
  0.42953070E+00  0.40589266E+00  0.38459148E+00  0.36530486E+00  0.34774858E+00
  0.33168213E+00  0.31690422E+00  0.30325063E+00  0.29058520E+00  0.27879279E+00
  0.26777788E+00  0.25745916E+00  0.24776663E+00  0.23863982E+00  0.23002650E+00
  0.22188139E+00  0.21416505E+00  0.20684282E+00  0.19988393E+00  0.19326113E+00
  0.18695033E+00  0.18093004E+00  0.17518092E+00  0.16968558E+00  0.16442821E+00
  0.15939435E+00  0.15457072E+00  0.14994500E+00  0.14550576E+00  0.14124241E+00
  0.13714505E+00  0.13320446E+00  0.12941200E+00  0.12575966E+00  0.12223984E+00
  0.11884575E+00  0.11556980E+00  0.11240778E+00  0.10934726E+00  0.10639858E+00
  0.10350522E+00  0.10080772E+00  0.97496147E-01  0.95429310E-01  0.35067404E+01
  0.32004459E+01  0.29059731E+01  0.29154564E+01  0.29145899E+01  0.29178352E+01
  0.29220074E+01  0.29270896E+01  0.29327113E+01  0.29387700E+01  0.29451935E+01
  0.29520074E+01  0.29592829E+01  0.29670697E+01  0.29753581E+01  0.29840546E+01
  0.29930315E+01  0.30019073E+01  0.30100396E+01  0.30165982E+01  0.30214421E+01
  0.30230834E+01  0.30202882E+01  0.30118192E+01  0.29952743E+01  0.29660360E+01
  0.29200915E+01  0.28555849E+01  0.27694636E+01  0.26610298E+01  0.25338509E+01
  0.23957596E+01  0.22550160E+01  0.21175192E+01  0.19869118E+01  0.18646871E+01
  0.17505505E+01  0.16434167E+01  0.15421781E+01  0.14460424E+01  0.13545373E+01
  0.12674009E+01  0.11845248E+01  0.11058898E+01  0.10315837E+01  0.96184123E+00
  0.89675290E+00  0.83603391E+00  0.77929526E+00  0.72625304E+00  0.67670051E+00
  0.63055465E+00  0.58786687E+00  0.54872735E+00  0.51318144E+00  0.48116250E+00
  0.45246220E+00  0.42676559E+00  0.40370623E+00  0.38291793E+00  0.36407021E+00
  0.34688069E+00  0.33111550E+00  0.31658478E+00  0.30313297E+00  0.29063064E+00
  0.27896981E+00  0.26806006E+00  0.25782430E+00  0.24819641E+00  0.23911927E+00
  0.23054328E+00  0.22242522E+00  0.21472744E+00  0.20741683E+00  0.20046397E+00
  0.19384279E+00  0.18753009E+00  0.18150508E+00  0.17574899E+00  0.17024491E+00
  0.16497737E+00  0.15993219E+00  0.15509626E+00  0.15045743E+00  0.14600441E+00
  0.14172680E+00  0.13761487E+00  0.13365959E+00  0.12985249E+00  0.12618584E+00
  0.12265223E+00  0.11924508E+00  0.11595691E+00  0.11278364E+00  0.10971287E+00
  0.10675519E+00  0.10385396E+00  0.10115005E+00  0.97832654E-01  0.95762652E-01
  0.34949596E+01  0.31900855E+01  0.28969139E+01  0.29061606E+01  0.29056387E+01
  0.29098773E+01  0.29150086E+01  0.29207902E+01  0.29268825E+01  0.29333619E+01
  0.29402902E+01  0.29477212E+01  0.29556841E+01  0.29641952E+01  0.29732348E+01
  0.29827158E+01  0.29924425E+01  0.30021892E+01  0.30116586E+01  0.30197057E+01
  0.30256427E+01  0.30276088E+01  0.30243592E+01  0.30149914E+01  0.29974558E+01
  0.29671678E+01  0.29201277E+01  0.28546079E+01  0.27674497E+01  0.26579598E+01
  0.25298257E+01  0.23910239E+01  0.22499161E+01  0.21125738E+01  0.19826543E+01
  0.18613951E+01  0.17481958E+01  0.16417777E+01  0.15409667E+01  0.14449796E+01
  0.13533878E+01  0.12659816E+01  0.11827001E+01  0.11035647E+01  0.10287021E+01
  0.95839523E+00  0.89278997E+00  0.83162590E+00  0.77451126E+00  0.72115497E+00
  0.67136961E+00  0.62513366E+00  0.58254748E+00  0.54371979E+00  0.50867504E+00
  0.47727978E+00  0.44924726E+00  0.42419662E+00  0.40171972E+00  0.38143274E+00
  0.36300447E+00  0.34616017E+00  0.33067643E+00  0.31637464E+00  0.30310754E+00
  0.29075375E+00  0.27921281E+00  0.26839842E+00  0.25823726E+00  0.24866658E+00
  0.23963219E+00  0.23108701E+00  0.22298983E+00  0.21530460E+00  0.20799955E+00
  0.20104647E+00  0.19442036E+00  0.18809882E+00  0.18206173E+00  0.17629093E+00
  0.17077005E+00  0.16548405E+00  0.16041912E+00  0.15556255E+00  0.15090248E+00
  0.14642796E+00  0.14212887E+00  0.13799581E+00  0.13402000E+00  0.13019333E+00
  0.12650835E+00  0.12295786E+00  0.11953540E+00  0.11623355E+00  0.11304831E+00
  0.10996725E+00  0.10700118E+00  0.10409329E+00  0.10138455E+00  0.98064225E-01
  0.95993064E-01  0.34737713E+01  0.31764533E+01  0.28900345E+01  0.28981117E+01
  0.28973515E+01  0.29019396E+01  0.29075870E+01  0.29139746E+01  0.29206537E+01
  0.29276381E+01  0.29350135E+01  0.29429077E+01  0.29514048E+01  0.29605354E+01
  0.29702721E+01  0.29805148E+01  0.29910839E+01  0.30016026E+01  0.30118851E+01
  0.30211254E+01  0.30286643E+01  0.30316945E+01  0.30287175E+01  0.30191839E+01
  0.30009942E+01  0.29696405E+01  0.29212853E+01  0.28545301E+01  0.27661694E+01
  0.26555212E+01  0.25264083E+01  0.23868923E+01  0.22453379E+01  0.21080746E+01
  0.19788458E+01  0.18585338E+01  0.17462021E+01  0.16403890E+01  0.15398746E+01
  0.14438998E+01  0.13520898E+01  0.12642923E+01  0.11805008E+01  0.11007878E+01
  0.10253248E+01  0.95444344E+00  0.88833773E+00  0.82675890E+00  0.76930395E+00
  0.71567475E+00  0.66571765E+00  0.61947965E+00  0.57710989E+00  0.53872445E+00
  0.50429655E+00  0.47360678E+00  0.44628598E+00  0.42189270E+00  0.39998724E+00
  0.38017881E+00  0.36214268E+00  0.34561681E+00  0.33039113E+00  0.31629600E+00
  0.30319451E+00  0.29097250E+00  0.27953357E+00  0.26879719E+00  0.25869407E+00
  0.24916470E+00  0.24015765E+00  0.23162838E+00  0.22353762E+00  0.21585072E+00
  0.20853707E+00  0.20156974E+00  0.19492490E+00  0.18858122E+00  0.18251951E+00
  0.17672243E+00  0.17117429E+00  0.16586064E+00  0.16076817E+00  0.15588456E+00
  0.15119842E+00  0.14669921E+00  0.14237707E+00  0.13822277E+00  0.13422774E+00
  0.13038405E+00  0.12668430E+00  0.12312123E+00  0.11968828E+00  0.11637792E+00
  0.11318606E+00  0.11010010E+00  0.10713090E+00  0.10422142E+00  0.10151241E+00
  0.98193907E-01  0.96124337E-01  0.34184096E+01  0.31418810E+01  0.28790414E+01
  0.28901359E+01  0.28897994E+01  0.28947511E+01  0.29007072E+01  0.29073979E+01
  0.29144260E+01  0.29217923E+01  0.29295513E+01  0.29378294E+01  0.29467424E+01
  0.29563561E+01  0.29666656E+01  0.29775745E+01  0.29889071E+01  0.30002805E+01
  0.30113483E+01  0.30212984E+01  0.30302658E+01  0.30345940E+01  0.30322557E+01
  0.30232226E+01  0.30050569E+01  0.29731235E+01  0.29236393E+01  0.28555959E+01
  0.27659758E+01  0.26541031E+01  0.25238169E+01  0.23832971E+01  0.22410385E+01
  0.21037138E+01  0.19751070E+01  0.18556874E+01  0.17441502E+01  0.16388531E+01
  0.15385398E+01  0.14424796E+01  0.13503621E+01  0.12621044E+01  0.11777623E+01
  0.10974607E+01  0.10214124E+01  0.94999344E+00  0.88343694E+00  0.82149645E+00
  0.76375162E+00  0.70990130E+00  0.65984377E+00  0.61370508E+00  0.57167944E+00
  0.53386413E+00  0.50015190E+00  0.47022614E+00  0.44363429E+00  0.41988440E+00
  0.39851880E+00  0.37915081E+00  0.36146881E+00  0.34522498E+00  0.33022268E+00
  0.31630295E+00  0.30333516E+00  0.29121336E+00  0.27984926E+00  0.26916620E+00
  0.25909814E+00  0.24958843E+00  0.24058833E+00  0.23205538E+00  0.22395219E+00
  0.21624601E+00  0.20890824E+00  0.20191370E+00  0.19523996E+00  0.18886692E+00
  0.18277640E+00  0.17695187E+00  0.17137818E+00  0.16604111E+00  0.16092742E+00
  0.15602478E+00  0.15132181E+00  0.14680794E+00  0.14247329E+00  0.13830859E+00
  0.13430532E+00  0.13045545E+00  0.12675141E+00  0.12318577E+00  0.11975179E+00
  0.11644176E+00  0.11325143E+00  0.11016804E+00  0.10720237E+00  0.10429727E+00
  0.10159296E+00  0.98280859E-01  0.96215360E-01  0.33559799E+01  0.31043727E+01
  0.28660624E+01  0.28775944E+01  0.28786568E+01  0.28849668E+01  0.28924235E+01
  0.29002963E+01  0.29080813E+01  0.29159410E+01  0.29240800E+01  0.29326955E+01
  0.29419445E+01  0.29519284E+01  0.29626764E+01  0.29741179E+01  0.29860770E+01
  0.29982004E+01  0.30101436E+01  0.30208275E+01  0.30304648E+01  0.30360573E+01
  0.30349073E+01  0.30264164E+01  0.30086314E+01  0.29765918E+01  0.29264098E+01
  0.28573339E+01  0.27664439E+01  0.26531713E+01  0.25214505E+01  0.23795809E+01
  0.22363506E+01  0.20988784E+01  0.19709027E+01  0.18524000E+01  0.17416570E+01
  0.16368498E+01  0.15366928E+01  0.14405006E+01  0.13480456E+01  0.12593210E+01
  0.11744447E+01  0.10935890E+01  0.10170052E+01  0.94511377E+00  0.87817720E+00
  0.81594073E+00  0.75795363E+00  0.70392537E+00  0.65383917E+00  0.60790698E+00
  0.56634221E+00  0.52919422E+00  0.49626028E+00  0.46711643E+00  0.44123441E+00
  0.41808675E+00  0.39721174E+00  0.37823466E+00  0.36085989E+00  0.34485475E+00
  0.33003572E+00  0.31625511E+00  0.30339113E+00  0.29134434E+00  0.28003087E+00
  0.26937784E+00  0.25932347E+00  0.24981505E+00  0.24080699E+00  0.23225898E+00
  0.22413613E+00  0.21640844E+00  0.20904912E+00  0.20203402E+00  0.19534133E+00
  0.18895142E+00  0.18284650E+00  0.17701020E+00  0.17142730E+00  0.16608321E+00
  0.16096434E+00  0.15605820E+00  0.15135319E+00  0.14683858E+00  0.14250433E+00
  0.13834123E+00  0.13434094E+00  0.13049534E+00  0.12679663E+00  0.12323714E+00
  0.11980992E+00  0.11650713E+00  0.11332438E+00  0.11024882E+00  0.10729114E+00
  0.10439413E+00  0.10169737E+00  0.98393807E-01  0.96333377E-01  0.32435416E+01
  0.30441992E+01  0.28570479E+01  0.28680422E+01  0.28694416E+01  0.28756308E+01
  0.28834601E+01  0.28920557E+01  0.29007722E+01  0.29094931E+01  0.29183205E+01
  0.29274594E+01  0.29371165E+01  0.29474538E+01  0.29585574E+01  0.29704070E+01
  0.29828522E+01  0.29955667E+01  0.30082390E+01  0.30198146E+01  0.30297322E+01
  0.30362771E+01  0.30365499E+01  0.30285829E+01  0.30112992E+01  0.29793457E+01
  0.29287203E+01  0.28588583E+01  0.27667478E+01  0.26519353E+01  0.25185589E+01
  0.23750695E+01  0.22307374E+01  0.20931795E+01  0.19659532E+01  0.18484524E+01
  0.17385444E+01  0.16342249E+01  0.15342023E+01  0.14378785E+01  0.13451070E+01
  0.12559527E+01  0.11705907E+01  0.10892398E+01  0.10121936E+01  0.93991516E+00
  0.87267439E+00  0.81018656E+00  0.75196517E+00  0.69776559E+00  0.64769257E+00
  0.60203577E+00  0.56101109E+00  0.52459170E+00  0.49245669E+00  0.46407745E+00
  0.43886220E+00  0.41626228E+00  0.39582204E+00  0.37718333E+00  0.36006824E+00
  0.34426010E+00  0.32958884E+00  0.31591866E+00  0.30313862E+00  0.29115310E+00
  0.27988143E+00  0.26925770E+00  0.25922443E+00  0.24973141E+00  0.24073494E+00
  0.23219698E+00  0.22408364E+00  0.21636438E+00  0.20901232E+00  0.20200370E+00
  0.19531692E+00  0.18893294E+00  0.18283464E+00  0.17700553E+00  0.17143025E+00
  0.16609437E+00  0.16098448E+00  0.15608817E+00  0.15139393E+00  0.14689105E+00
  0.14256950E+00  0.13841996E+00  0.13443375E+00  0.13060264E+00  0.12691853E+00
  0.12337341E+00  0.11996029E+00  0.11667126E+00  0.11350183E+00  0.11043914E+00
  0.10749342E+00  0.10460728E+00  0.10191939E+00  0.98622334E-01  0.96564777E-01
  0.31091777E+01  0.29682988E+01  0.28399928E+01  0.28547192E+01  0.28605929E+01
  0.28678777E+01  0.28755047E+01  0.28839560E+01  0.28929397E+01  0.29022730E+01
  0.29118744E+01  0.29217664E+01  0.29320613E+01  0.29429068E+01  0.29544241E+01
  0.29666501E+01  0.29794882E+01  0.29926537E+01  0.30058408E+01  0.30182175E+01
  0.30286617E+01  0.30358137E+01  0.30369012E+01  0.30293884E+01  0.30126415E+01
  0.29808638E+01  0.29298403E+01  0.28592222E+01  0.27659649E+01  0.26496154E+01
  0.25144482E+01  0.23691822E+01  0.22237903E+01  0.20863548E+01  0.19600576E+01
  0.18436873E+01  0.17346923E+01  0.16309021E+01  0.15310478E+01  0.14346405E+01
  0.13416060E+01  0.12520783E+01  0.11662947E+01  0.10845248E+01  0.10071049E+01
  0.93451263E+00  0.86698476E+00  0.80419321E+00  0.74565012E+00  0.69121557E+00
  0.64114531E+00  0.59579796E+00  0.55537382E+00  0.51973883E+00  0.48842532E+00
  0.46080148E+00  0.43622462E+00  0.41413837E+00  0.39410313E+00  0.37578250E+00
  0.35891615E+00  0.34330499E+00  0.32879530E+00  0.31525981E+00  0.30259176E+00
  0.29070186E+00  0.27951356E+00  0.26896044E+00  0.25898589E+00  0.24954184E+00
  0.24058739E+00  0.23208664E+00  0.22400690E+00  0.21631854E+00  0.20899555E+00
  0.20201483E+00  0.19535552E+00  0.18899869E+00  0.18292669E+00  0.17712279E+00
  0.17157162E+00  0.16625885E+00  0.16117122E+00  0.15629672E+00  0.15162431E+00
  0.14714370E+00  0.14284530E+00  0.13872001E+00  0.13475898E+00  0.13095356E+00
  0.12729544E+00  0.12377686E+00  0.12039062E+00  0.11712842E+00  0.11398509E+00
  0.11094720E+00  0.10802326E+00  0.10515495E+00  0.10247923E+00  0.99182547E-01
  0.97121289E-01  0.30281233E+01  0.29200705E+01  0.28213086E+01  0.28357945E+01
  0.28469453E+01  0.28576664E+01  0.28671219E+01  0.28762757E+01  0.28853980E+01
  0.28949386E+01  0.29049659E+01  0.29155041E+01  0.29265284E+01  0.29380621E+01
  0.29501672E+01  0.29628778E+01  0.29761309E+01  0.29896959E+01  0.30032451E+01
  0.30161855E+01  0.30272265E+01  0.30349597E+01  0.30365236E+01  0.30292117E+01
  0.30127597E+01  0.29809989E+01  0.29295130E+01  0.28581135E+01  0.27636699E+01
  0.26457338E+01  0.25087455E+01  0.23617215E+01  0.22153943E+01  0.20783178E+01
  0.19531969E+01  0.18381434E+01  0.17301740E+01  0.16269885E+01  0.15273640E+01
  0.14309174E+01  0.13376639E+01  0.12478201E+01  0.11616886E+01  0.10795787E+01
  0.10018323E+01  0.92888147E+00  0.86091590E+00  0.79761245E+00  0.73856835E+00
  0.68381788E+00  0.63377797E+00  0.58887080E+00  0.54921852E+00  0.51450779E+00
  0.48410825E+00  0.45729251E+00  0.43338324E+00  0.41183562E+00  0.39224065E+00
  0.37428354E+00  0.35772384E+00  0.34237300E+00  0.32807824E+00  0.31471847E+00
  0.30219602E+00  0.29042876E+00  0.27934453E+00  0.26888022E+00  0.25898281E+00
  0.24960671E+00  0.24071179E+00  0.23226230E+00  0.22422734E+00  0.21657962E+00
  0.20929431E+00  0.20234944E+00  0.19572530E+00  0.18940349E+00  0.18336615E+00
  0.17759680E+00  0.17208079E+00  0.16680486E+00  0.16175674E+00  0.15692464E+00
  0.15229734E+00  0.14786383E+00  0.14361457E+00  0.13954058E+00  0.13563200E+00
  0.13187917E+00  0.12827300E+00  0.12480479E+00  0.12146612E+00  0.11824751E+00
  0.11514256E+00  0.11213686E+00  0.10923751E+00  0.10638627E+00  0.10371872E+00
  0.10040658E+00  0.98328667E-01  0.29589438E+01  0.28777297E+01  0.28045277E+01
  0.28181787E+01  0.28309559E+01  0.28444365E+01  0.28566286E+01  0.28676178E+01
  0.28777529E+01  0.28877588E+01  0.28980570E+01  0.29089741E+01  0.29205574E+01
  0.29327748E+01  0.29455858E+01  0.29589408E+01  0.29727417E+01  0.29867810E+01
  0.30006837E+01  0.30140005E+01  0.30255107E+01  0.30338053E+01  0.30357766E+01
  0.30285778E+01  0.30122379E+01  0.29802497E+01  0.29281140E+01  0.28558092E+01
  0.27600665E+01  0.26404662E+01  0.25016207E+01  0.23528803E+01  0.22057666E+01
  0.20693013E+01  0.19456173E+01  0.18320482E+01  0.17251851E+01  0.16226454E+01
  0.15232819E+01  0.14268296E+01  0.13334094E+01  0.12433176E+01  0.11568925E+01
  0.10744335E+01  0.99622410E+00  0.92263680E+00  0.85392159E+00  0.78988399E+00
  0.73029923E+00  0.67540018E+00  0.62570741E+00  0.58161191E+00  0.54305051E+00
  0.50947836E+00  0.48012074E+00  0.45419662E+00  0.43102779E+00  0.41008288E+00
  0.39096417E+00  0.37338481E+00  0.35713027E+00  0.34202908E+00  0.32794041E+00
  0.31475155E+00  0.30237021E+00  0.29071738E+00  0.27972595E+00  0.26934067E+00
  0.25951302E+00  0.25019883E+00  0.24135890E+00  0.23296023E+00  0.22497465E+00
  0.21737714E+00  0.21014483E+00  0.20325636E+00  0.19669138E+00  0.19043172E+00
  0.18446154E+00  0.17876510E+00  0.17332649E+00  0.16813057E+00  0.16316266E+00
  0.15840870E+00  0.15385512E+00  0.14949076E+00  0.14530539E+00  0.14128554E+00
  0.13741900E+00  0.13369640E+00  0.13010878E+00  0.12664749E+00  0.12330454E+00
  0.12007159E+00  0.11694378E+00  0.11390840E+00  0.11097466E+00  0.10808663E+00
  0.10538586E+00  0.10204436E+00  0.99951607E-01  0.28989361E+01  0.28359172E+01
  0.27806873E+01  0.27958991E+01  0.28118798E+01  0.28282941E+01  0.28433078E+01
  0.28567712E+01  0.28688138E+01  0.28801653E+01  0.28912813E+01  0.29025835E+01
  0.29145524E+01  0.29272651E+01  0.29406903E+01  0.29547232E+01  0.29691831E+01
  0.29838244E+01  0.29981956E+01  0.30118767E+01  0.30237288E+01  0.30324558E+01
  0.30347387E+01  0.30275631E+01  0.30112450E+01  0.29789187E+01  0.29259305E+01
  0.28525170E+01  0.27553347E+01  0.26339731E+01  0.24932184E+01  0.23427904E+01
  0.21950645E+01  0.20594842E+01  0.19374700E+01  0.18255177E+01  0.17198259E+01
  0.16179762E+01  0.15189218E+01  0.14225207E+01  0.13289819E+01  0.12386389E+01
  0.11518076E+01  0.10687387E+01  0.98968600E+00  0.91512800E+00  0.84559766E+00
  0.78107088E+00  0.72138808E+00  0.66687944E+00  0.61808076E+00  0.57522539E+00
  0.53801355E+00  0.50573900E+00  0.47749751E+00  0.45245089E+00  0.42995742E+00
  0.40953619E+00  0.39082643E+00  0.37356382E+00  0.35755106E+00  0.34263642E+00
  0.32869997E+00  0.31564064E+00  0.30337138E+00  0.29181839E+00  0.28091877E+00
  0.27061838E+00  0.26087013E+00  0.25163599E+00  0.24288290E+00  0.23457943E+00
  0.22669544E+00  0.21920284E+00  0.21207586E+00  0.20529000E+00  0.19882457E+00
  0.19266011E+00  0.18677405E+00  0.18114421E+00  0.17575205E+00  0.17058047E+00
  0.16561379E+00  0.16083755E+00  0.15623940E+00  0.15181092E+00  0.14754311E+00
  0.14342863E+00  0.13946111E+00  0.13563133E+00  0.13193126E+00  0.12835330E+00
  0.12489066E+00  0.12153644E+00  0.11828745E+00  0.11513247E+00  0.11208705E+00
  0.10909731E+00  0.10631419E+00  0.10289321E+00  0.10075403E+00  0.28515356E+01
  0.27986096E+01  0.27533392E+01  0.27702970E+01  0.27898294E+01  0.28094682E+01
  0.28273839E+01  0.28434185E+01  0.28577558E+01  0.28709217E+01  0.28834377E+01
  0.28958227E+01  0.29085079E+01  0.29217616E+01  0.29357051E+01  0.29503186E+01
  0.29654200E+01  0.29807202E+01  0.29956709E+01  0.30098234E+01  0.30220396E+01
  0.30310954E+01  0.30335716E+01  0.30263240E+01  0.30099030E+01  0.29771161E+01
  0.29231439E+01  0.28484806E+01  0.27497204E+01  0.26264802E+01  0.24837396E+01
  0.23316130E+01  0.21833981E+01  0.20489583E+01  0.19288665E+01  0.18187004E+01
  0.17142804E+01  0.16131827E+01  0.15144644E+01  0.14180840E+01  0.13242964E+01
  0.12334339E+01  0.11458003E+01  0.10617154E+01  0.98166412E+00  0.90646546E+00
  0.83681569E+00  0.77256243E+00  0.71345565E+00  0.65987135E+00  0.61232994E+00
  0.57094034E+00  0.53515953E+00  0.50408745E+00  0.47679137E+00  0.45246089E+00
  0.43049184E+00  0.41045256E+00  0.39203841E+00  0.37501725E+00  0.35921000E+00
  0.34447884E+00  0.33071145E+00  0.31781045E+00  0.30569258E+00  0.29428432E+00
  0.28352400E+00  0.27336183E+00  0.26375236E+00  0.25464910E+00  0.24600705E+00
  0.23778737E+00  0.22995539E+00  0.22247927E+00  0.21533189E+00  0.20849276E+00
  0.20194457E+00  0.19566791E+00  0.18964311E+00  0.18385297E+00  0.17828135E+00
  0.17291279E+00  0.16773475E+00  0.16273214E+00  0.15789919E+00  0.15323762E+00
  0.14874199E+00  0.14440853E+00  0.14023245E+00  0.13620729E+00  0.13232739E+00
  0.12858781E+00  0.12498125E+00  0.12149818E+00  0.11813587E+00  0.11488358E+00
  0.11175657E+00  0.10869836E+00  0.10586132E+00  0.10242398E+00  0.10029074E+00
  0.28169011E+01  0.27694233E+01  0.27283145E+01  0.27445167E+01  0.27656235E+01
  0.27878270E+01  0.28087165E+01  0.28274769E+01  0.28443221E+01  0.28595983E+01
  0.28741115E+01  0.28882838E+01  0.29021089E+01  0.29161856E+01  0.29307591E+01
  0.29459278E+01  0.29615945E+01  0.29774977E+01  0.29930379E+01  0.30077398E+01
  0.30204269E+01  0.30298335E+01  0.30324462E+01  0.30250467E+01  0.30084027E+01
  0.29750182E+01  0.29199169E+01  0.28438591E+01  0.27433756E+01  0.26181287E+01
  0.24733410E+01  0.23194078E+01  0.21707913E+01  0.20378982E+01  0.19200712E+01
  0.18118605E+01  0.17087436E+01  0.16083193E+01  0.15097423E+01  0.14130617E+01
  0.13186026E+01  0.12267826E+01  0.11381270E+01  0.10532909E+01  0.97305980E+00
  0.89836823E+00  0.82960178E+00  0.76623224E+00  0.70800712E+00  0.65550879E+00
  0.60928080E+00  0.56923836E+00  0.53468402E+00  0.50460561E+00  0.47806931E+00
  0.45433347E+00  0.43283325E+00  0.41317987E+00  0.39510852E+00  0.37840045E+00
  0.36287043E+00  0.34837363E+00  0.33479184E+00  0.32202403E+00  0.30998415E+00
  0.29860422E+00  0.28782840E+00  0.27760768E+00  0.26789270E+00  0.25863464E+00
  0.24979294E+00  0.24133023E+00  0.23321649E+00  0.22542101E+00  0.21792766E+00
  0.21073663E+00  0.20383586E+00  0.19720884E+00  0.19084428E+00  0.18473293E+00
  0.17886598E+00  0.17322691E+00  0.16779554E+00  0.16256000E+00  0.15750928E+00
  0.15263117E+00  0.14791566E+00  0.14335283E+00  0.13893475E+00  0.13465753E+00
  0.13051781E+00  0.12651305E+00  0.12264245E+00  0.11890491E+00  0.11530419E+00
  0.11183536E+00  0.10852017E+00  0.10530984E+00  0.10237205E+00  0.98979659E-01
  0.96925955E-01  0.27910562E+01  0.27476447E+01  0.27087839E+01  0.27221204E+01
  0.27419179E+01  0.27646194E+01  0.27875823E+01  0.28089520E+01  0.28283786E+01
  0.28461944E+01  0.28627943E+01  0.28787862E+01  0.28944121E+01  0.29099204E+01
  0.29255643E+01  0.29415318E+01  0.29578387E+01  0.29743162E+01  0.29904027E+01
  0.30056297E+01  0.30188120E+01  0.30286363E+01  0.30314133E+01  0.30238393E+01
  0.30069096E+01  0.29728193E+01  0.29164472E+01  0.28388388E+01  0.27364834E+01
  0.26091034E+01  0.24622212E+01  0.23064129E+01  0.21574950E+01  0.20264919E+01
  0.19111220E+01  0.18048267E+01  0.17027775E+01  0.16026419E+01  0.15037435E+01
  0.14063423E+01  0.13110498E+01  0.12185776E+01  0.11297406E+01  0.10453844E+01
  0.96633481E+00  0.89316785E+00  0.82564241E+00  0.76304974E+00  0.70545683E+00
  0.65379299E+00  0.60867484E+00  0.56982727E+00  0.53637804E+00  0.50725550E+00
  0.48148262E+00  0.45833404E+00  0.43729499E+00  0.41799584E+00  0.40014555E+00
  0.38352057E+00  0.36796037E+00  0.35332770E+00  0.33951063E+00  0.32641384E+00
  0.31396887E+00  0.30214380E+00  0.29090209E+00  0.28019606E+00  0.26998393E+00
  0.26023419E+00  0.25092882E+00  0.24203541E+00  0.23350916E+00  0.22532241E+00
  0.21745152E+00  0.20987180E+00  0.20256098E+00  0.19550197E+00  0.18868018E+00
  0.18208299E+00  0.17570096E+00  0.16952736E+00  0.16355591E+00  0.15778459E+00
  0.15220365E+00  0.14679611E+00  0.14155409E+00  0.13647347E+00  0.13155241E+00
  0.12678991E+00  0.12218527E+00  0.11773787E+00  0.11345256E+00  0.10933497E+00
  0.10539292E+00  0.10162726E+00  0.98072298E-01  0.94696410E-01  0.91687760E-01
  0.88454360E-01  0.86568264E-01  0.27719626E+01  0.27317202E+01  0.26943769E+01
  0.27040568E+01  0.27204994E+01  0.27415499E+01  0.27648390E+01  0.27879960E+01
  0.28098533E+01  0.28302015E+01  0.28489988E+01  0.28670821E+01  0.28848589E+01
  0.29022369E+01  0.29194561E+01  0.29366769E+01  0.29539600E+01  0.29711887E+01
  0.29878960E+01  0.30036402E+01  0.30172666E+01  0.30274998E+01  0.30304499E+01
  0.30227019E+01  0.30054672E+01  0.29706081E+01  0.29128427E+01  0.28336316E+01
  0.27293580E+01  0.25996480E+01  0.24504101E+01  0.22924612E+01  0.21431809E+01
  0.20141748E+01  0.19011837E+01  0.17965024E+01  0.16951278E+01  0.15949685E+01
  0.14957601E+01  0.13981271E+01  0.13029524E+01  0.12112180E+01  0.11236313E+01
  0.10407496E+01  0.96330547E+00  0.89152497E+00  0.82470377E+00  0.76226028E+00
  0.70488824E+00  0.65384046E+00  0.60967399E+00  0.57189043E+00  0.53933580E+00
  0.51079330E+00  0.48529703E+00  0.46217412E+00  0.44096775E+00  0.42134025E+00
  0.40303300E+00  0.38588262E+00  0.36977007E+00  0.35456508E+00  0.34015544E+00
  0.32646087E+00  0.31341155E+00  0.30094289E+00  0.28899922E+00  0.27753474E+00
  0.26651591E+00  0.25591603E+00  0.24570960E+00  0.23587879E+00  0.22640756E+00
  0.21728625E+00  0.20849412E+00  0.19999764E+00  0.19177773E+00  0.18382393E+00
  0.17612869E+00  0.16868268E+00  0.16147384E+00  0.15450366E+00  0.14778016E+00
  0.14130430E+00  0.13507580E+00  0.12909344E+00  0.12335496E+00  0.11785758E+00
  0.11259917E+00  0.10757804E+00  0.10279146E+00  0.98236844E-01  0.93912704E-01
  0.89817897E-01  0.85957039E-01  0.82328427E-01  0.78960134E-01  0.75827365E-01
  0.73102103E-01  0.70373338E-01  0.68847357E-01  0.27593523E+01  0.27195138E+01
  0.26823150E+01  0.26904559E+01  0.27037956E+01  0.27216963E+01  0.27435093E+01
  0.27663134E+01  0.27889123E+01  0.28114607E+01  0.28328745E+01  0.28534660E+01
  0.28733561E+01  0.28926797E+01  0.29117767E+01  0.29306872E+01  0.29494063E+01
  0.29677695E+01  0.29853713E+01  0.30017885E+01  0.30159131E+01  0.30265433E+01
  0.30296346E+01  0.30216828E+01  0.30040986E+01  0.29684012E+01  0.29091424E+01
  0.28280910E+01  0.27215802E+01  0.25892982E+01  0.24372762E+01  0.22768186E+01
  0.21271137E+01  0.20000535E+01  0.18893258E+01  0.17862282E+01  0.16858374E+01
  0.15864323E+01  0.14881858E+01  0.13916836E+01  0.12978109E+01  0.12076799E+01
  0.11220896E+01  0.10412112E+01  0.96500736E+00  0.89326695E+00  0.82591144E+00
  0.76305027E+00  0.70528021E+00  0.65402272E+00  0.60981475E+00  0.57190121E+00
  0.53895135E+00  0.50970662E+00  0.48322836E+00  0.45888594E+00  0.43627250E+00
  0.41511752E+00  0.39524110E+00  0.37650655E+00  0.35879127E+00  0.34199959E+00
  0.32604890E+00  0.31087429E+00  0.29639981E+00  0.28253603E+00  0.26922460E+00
  0.25643042E+00  0.24412653E+00  0.23229155E+00  0.22090137E+00  0.20994878E+00
  0.19944307E+00  0.18937936E+00  0.17974955E+00  0.17054367E+00  0.16175121E+00
  0.15336417E+00  0.14537248E+00  0.13776603E+00  0.13053550E+00  0.12367105E+00
  0.11716201E+00  0.11099746E+00  0.10516674E+00  0.99658271E-01  0.94459502E-01
  0.89557275E-01  0.84939645E-01  0.80595536E-01  0.76513263E-01  0.72682145E-01
  0.69092469E-01  0.65736515E-01  0.62612142E-01  0.59711665E-01  0.57049869E-01
  0.54604734E-01  0.52504179E-01  0.50487250E-01  0.49391154E-01  0.27509506E+01
  0.27106779E+01  0.26728017E+01  0.26799969E+01  0.26913471E+01  0.27061847E+01
  0.27250542E+01  0.27465937E+01  0.27683982E+01  0.27908315E+01  0.28139000E+01
  0.28367410E+01  0.28589734E+01  0.28805945E+01  0.29018932E+01  0.29228640E+01
  0.29434538E+01  0.29634209E+01  0.29823348E+01  0.29997498E+01  0.30146068E+01
  0.30257545E+01  0.30290111E+01  0.30208308E+01  0.30028419E+01  0.29662170E+01
  0.29053513E+01  0.28221874E+01  0.27130830E+01  0.25779135E+01  0.24225370E+01
  0.22590329E+01  0.21090364E+01  0.19845914E+01  0.18772022E+01  0.17769286E+01
  0.16786735E+01  0.15812147E+01  0.14849496E+01  0.13909102E+01  0.12997648E+01
  0.12119564E+01  0.11274479E+01  0.10463208E+01  0.96925087E+00  0.89340715E+00
  0.81681408E+00  0.74263214E+00  0.67540309E+00  0.61793889E+00  0.56998703E+00
  0.52968534E+00  0.49500219E+00  0.46437877E+00  0.43674768E+00  0.41141161E+00
  0.38792891E+00  0.36600794E+00  0.34543960E+00  0.32605740E+00  0.30773242E+00
  0.29038979E+00  0.27397039E+00  0.25841130E+00  0.24366059E+00  0.22967402E+00
  0.21641359E+00  0.20384692E+00  0.19194644E+00  0.18068662E+00  0.17004419E+00
  0.15999530E+00  0.15051626E+00  0.14158388E+00  0.13317632E+00  0.12527014E+00
  0.11784090E+00  0.11086777E+00  0.10432676E+00  0.98197758E-01  0.92464191E-01
  0.87105400E-01  0.82099509E-01  0.77425289E-01  0.73062928E-01  0.68993193E-01
  0.65197553E-01  0.61657928E-01  0.58358304E-01  0.55283946E-01  0.52420387E-01
  0.49754639E-01  0.47275084E-01  0.44971274E-01  0.42836368E-01  0.40861113E-01
  0.39052017E-01  0.37391446E-01  0.35962716E-01  0.34593860E-01  0.33852684E-01
  0.27449410E+01  0.27051455E+01  0.26669262E+01  0.26721652E+01  0.26813739E+01
  0.26938037E+01  0.27096010E+01  0.27291502E+01  0.27496185E+01  0.27705828E+01
  0.27935620E+01  0.28175739E+01  0.28417235E+01  0.28656372E+01  0.28892878E+01
  0.29125586E+01  0.29353464E+01  0.29573279E+01  0.29779970E+01  0.29968330E+01
  0.30127863E+01  0.30247440E+01  0.30283237E+01  0.30199698E+01  0.30015864E+01
  0.29639751E+01  0.29013793E+01  0.28159927E+01  0.27040847E+01  0.25654376E+01
  0.24059255E+01  0.22398249E+01  0.20918897E+01  0.19726459E+01  0.18702759E+01
  0.17745092E+01  0.16805909E+01  0.15869302E+01  0.14936331E+01  0.14013364E+01
  0.13101400E+01  0.12216880E+01  0.11345825E+01  0.10440646E+01  0.94699214E+00
  0.84243860E+00  0.73730970E+00  0.64256376E+00  0.56447605E+00  0.50315223E+00
  0.45509615E+00  0.41639199E+00  0.38403012E+00  0.35604925E+00  0.33123560E+00
  0.30883539E+00  0.28837032E+00  0.26952240E+00  0.25206712E+00  0.23583619E+00
  0.22069747E+00  0.20654804E+00  0.19330544E+00  0.18090325E+00  0.16929410E+00
  0.15843706E+00  0.14828855E+00  0.13880681E+00  0.12995341E+00  0.12169244E+00
  0.11399044E+00  0.10681393E+00  0.10013066E+00  0.93910149E-01  0.88124017E-01
  0.82744170E-01  0.77743266E-01  0.73097435E-01  0.68782193E-01  0.64774327E-01
  0.61052590E-01  0.57596810E-01  0.54387986E-01  0.51408242E-01  0.48641090E-01
  0.46071024E-01  0.43683587E-01  0.41464988E-01  0.39403118E-01  0.37486565E-01
  0.35704277E-01  0.34046663E-01  0.32505229E-01  0.31072244E-01  0.29742313E-01
  0.28508190E-01  0.27372443E-01  0.26320951E-01  0.25403763E-01  0.24486929E-01
  0.23977031E-01  0.27411913E+01  0.27009397E+01  0.26624565E+01  0.26671685E+01
  0.26745653E+01  0.26847557E+01  0.26980731E+01  0.27146837E+01  0.27338799E+01
  0.27532043E+01  0.27735369E+01  0.27971099E+01  0.28221846E+01  0.28477794E+01
  0.28735513E+01  0.28991401E+01  0.29242934E+01  0.29485659E+01  0.29713479E+01
  0.29920305E+01  0.30094943E+01  0.30226137E+01  0.30267831E+01  0.30186126E+01
  0.30001711E+01  0.29616653E+01  0.28973921E+01  0.28095770E+01  0.26942584E+01
  0.25519470E+01  0.23900393E+01  0.22252505E+01  0.20841580E+01  0.19743949E+01
  0.18798443E+01  0.17890020E+01  0.16973289E+01  0.16041718E+01  0.15104803E+01
  0.14144973E+01  0.13124953E+01  0.12026136E+01  0.10836147E+01  0.95444693E+00
  0.81484124E+00  0.67414425E+00  0.55156458E+00  0.45737600E+00  0.38890352E+00
  0.33950277E+00  0.30281770E+00  0.27424861E+00  0.25089409E+00  0.23103409E+00
  0.21366997E+00  0.19820042E+00  0.18424157E+00  0.17153380E+00  0.15989306E+00
  0.14918213E+00  0.13929371E+00  0.13014409E+00  0.12166507E+00  0.11379996E+00
  0.10650174E+00  0.99729311E-01  0.93446683E-01  0.87619775E-01  0.82217009E-01
  0.77209163E-01  0.72569337E-01  0.68271312E-01  0.64290213E-01  0.60602926E-01
  0.57188073E-01  0.54025252E-01  0.51095366E-01  0.48381357E-01  0.45866275E-01
  0.43534327E-01  0.41371184E-01  0.39363527E-01  0.37499019E-01  0.35766214E-01
  0.34154590E-01  0.32654499E-01  0.31257014E-01  0.29953839E-01  0.28737628E-01
  0.27601565E-01  0.26539331E-01  0.25545254E-01  0.24614227E-01  0.23741449E-01
  0.22923526E-01  0.22155477E-01  0.21438657E-01  0.20761222E-01  0.20154223E-01
  0.19490447E-01  0.19100501E-01  0.27387929E+01  0.26975750E+01  0.26583851E+01
  0.26633227E+01  0.26700963E+01  0.26788436E+01  0.26903432E+01  0.27047638E+01
  0.27221007E+01  0.27391407E+01  0.27566811E+01  0.27786152E+01  0.28029830E+01
  0.28286134E+01  0.28552973E+01  0.28824976E+01  0.29097168E+01  0.29362775E+01
  0.29613653E+01  0.29841548E+01  0.30034044E+01  0.30180881E+01  0.30230882E+01
  0.30150413E+01  0.29966280E+01  0.29575839E+01  0.28918243E+01  0.28017503E+01
  0.26841936E+01  0.25415003E+01  0.23817437E+01  0.22227705E+01  0.20916154E+01
  0.19916677E+01  0.19018827E+01  0.18084058E+01  0.17059203E+01  0.15929558E+01
  0.14688875E+01  0.13333052E+01  0.11867432E+01  0.10299224E+01  0.86744568E+00
  0.70850546E+00  0.56019954E+00  0.43246458E+00  0.33661434E+00  0.27178212E+00
  0.22872282E+00  0.19934073E+00  0.17813736E+00  0.16182810E+00  0.14856847E+00
  0.13733694E+00  0.12755843E+00  0.11888767E+00  0.11110094E+00  0.10404354E+00
  0.97604681E-01  0.91701634E-01  0.86269579E-01  0.81257368E-01  0.76623514E-01
  0.72333653E-01  0.68359448E-01  0.64675804E-01  0.61259928E-01  0.58090776E-01
  0.55148977E-01  0.52416903E-01  0.49878581E-01  0.47518833E-01  0.45323461E-01
  0.43279396E-01  0.41374614E-01  0.39598067E-01  0.37939716E-01  0.36390351E-01
  0.34941114E-01  0.33583800E-01  0.32311028E-01  0.31116086E-01  0.29992827E-01
  0.28935592E-01  0.27939121E-01  0.26998637E-01  0.26109785E-01  0.25268700E-01
  0.24471947E-01  0.23716458E-01  0.22999495E-01  0.22318297E-01  0.21670283E-01
  0.21052924E-01  0.20464576E-01  0.19902165E-01  0.19367340E-01  0.18849861E-01
  0.18374040E-01  0.17809858E-01  0.17463426E-01  0.27379764E+01  0.26952393E+01
  0.26547122E+01  0.26600171E+01  0.26669096E+01  0.26752782E+01  0.26859952E+01
  0.26991494E+01  0.27139623E+01  0.27302964E+01  0.27469597E+01  0.27656171E+01
  0.27874797E+01  0.28112955E+01  0.28370653E+01  0.28642473E+01  0.28922598E+01
  0.29203421E+01  0.29474120E+01  0.29724398E+01  0.29934497E+01  0.30106787E+01
  0.30178465E+01  0.30101339E+01  0.29923486E+01  0.29533449E+01  0.28873492E+01
  0.27992863E+01  0.26854682E+01  0.25464418E+01  0.23885376E+01  0.22185096E+01
  0.20603585E+01  0.19255896E+01  0.17953029E+01  0.16575606E+01  0.15090521E+01
  0.13494948E+01  0.11801637E+01  0.10065980E+01  0.83690044E+00  0.67747310E+00
  0.53399193E+00  0.41184026E+00  0.31319065E+00  0.23884478E+00  0.18855344E+00
  0.15679628E+00  0.13641073E+00  0.12254041E+00  0.11233905E+00  0.10427258E+00
  0.97536017E-01  0.91699915E-01  0.86524081E-01  0.81863950E-01  0.77624145E-01
  0.73737046E-01  0.70152738E-01  0.66832954E-01  0.63747444E-01  0.60871700E-01
  0.58185814E-01  0.55674315E-01  0.53323898E-01  0.51121472E-01  0.49054985E-01
  0.47113355E-01  0.45286761E-01  0.43566695E-01  0.41945254E-01  0.40414944E-01
  0.38968832E-01  0.37600587E-01  0.36304492E-01  0.35075379E-01  0.33908515E-01
  0.32799602E-01  0.31744640E-01  0.30739926E-01  0.29782189E-01  0.28868455E-01
  0.27996090E-01  0.27162356E-01  0.26364377E-01  0.25599799E-01  0.24866721E-01
  0.24163444E-01  0.23488369E-01  0.22839919E-01  0.22216774E-01  0.21617866E-01
  0.21042160E-01  0.20488389E-01  0.19955871E-01  0.19442488E-01  0.18950208E-01
  0.18469568E-01  0.18023625E-01  0.17480283E-01  0.17142062E-01  0.27383928E+01
  0.26939813E+01  0.26518424E+01  0.26573566E+01  0.26644938E+01  0.26729319E+01
  0.26833782E+01  0.26959845E+01  0.27096215E+01  0.27262111E+01  0.27421391E+01
  0.27578392E+01  0.27776178E+01  0.27995914E+01  0.28237080E+01  0.28495365E+01
  0.28767633E+01  0.29047855E+01  0.29327882E+01  0.29594883E+01  0.29829917E+01
  0.30013550E+01  0.30117705E+01  0.30104160E+01  0.29971422E+01  0.29641851E+01
  0.29072589E+01  0.28260014E+01  0.27069479E+01  0.25346889E+01  0.22900016E+01
  0.19911184E+01  0.17187479E+01  0.15067988E+01  0.13251825E+01  0.11555706E+01
  0.99246135E+00  0.83645220E+00  0.69053219E+00  0.55913801E+00  0.44584170E+00
  0.35193228E+00  0.27707688E+00  0.21978854E+00  0.17739477E+00  0.14719888E+00
  0.12694472E+00  0.11365166E+00  0.10444656E+00  0.97525829E-01  0.91908744E-01
  0.87086228E-01  0.82797389E-01  0.78905223E-01  0.75331730E-01  0.72025923E-01
  0.68951247E-01  0.66079425E-01  0.63387896E-01  0.60858351E-01  0.58475617E-01
  0.56227022E-01  0.54101691E-01  0.52090520E-01  0.50184550E-01  0.48375207E-01
  0.46655966E-01  0.45020982E-01  0.43464828E-01  0.41982620E-01  0.40569781E-01
  0.39222084E-01  0.37935683E-01  0.36707049E-01  0.35532920E-01  0.34410333E-01
  0.33336667E-01  0.32309496E-01  0.31326393E-01  0.30385020E-01  0.29483203E-01
  0.28618935E-01  0.27790194E-01  0.26995333E-01  0.26233131E-01  0.25502179E-01
  0.24800879E-01  0.24127947E-01  0.23481938E-01  0.22861137E-01  0.22264224E-01
  0.21689970E-01  0.21137221E-01  0.20604512E-01  0.20090986E-01  0.19594657E-01
  0.19117306E-01  0.18649718E-01  0.18214422E-01  0.17677006E-01  0.17340271E-01
  0.27385879E+01  0.26925848E+01  0.26490163E+01  0.26549495E+01  0.26625547E+01
  0.26713752E+01  0.26818128E+01  0.26940620E+01  0.27072047E+01  0.27233360E+01
  0.27380681E+01  0.27521551E+01  0.27709908E+01  0.27920310E+01  0.28150309E+01
  0.28396412E+01  0.28655911E+01  0.28924363E+01  0.29198417E+01  0.29473950E+01
  0.29720728E+01  0.29990679E+01  0.30170196E+01  0.30130361E+01  0.29853876E+01
  0.29262819E+01  0.28244506E+01  0.26595545E+01  0.24201877E+01  0.21046569E+01
  0.17120829E+01  0.13129143E+01  0.10159391E+01  0.82438842E+00  0.68617184E+00
  0.57514564E+00  0.48137850E+00  0.40144124E+00  0.33407152E+00  0.27854602E+00
  0.23393201E+00  0.19900926E+00  0.17243290E+00  0.15227582E+00  0.13649931E+00
  0.12385513E+00  0.11382240E+00  0.10600903E+00  0.99803129E-01  0.94628411E-01
  0.90103182E-01  0.86009563E-01  0.82234668E-01  0.78719101E-01  0.75428047E-01
  0.72339092E-01  0.69434436E-01  0.66697323E-01  0.64112939E-01  0.61668315E-01
  0.59352133E-01  0.57154512E-01  0.55066791E-01  0.53080575E-01  0.51189338E-01
  0.49388289E-01  0.47672034E-01  0.46036075E-01  0.44476145E-01  0.42987397E-01
  0.41565506E-01  0.40206719E-01  0.38907668E-01  0.37665247E-01  0.36476501E-01
  0.35338722E-01  0.34249480E-01  0.33206427E-01  0.32207286E-01  0.31249808E-01
  0.30331787E-01  0.29451209E-01  0.28606111E-01  0.27794898E-01  0.27016342E-01
  0.26268966E-01  0.25551187E-01  0.24861513E-01  0.24198532E-01  0.23560965E-01
  0.22947460E-01  0.22356531E-01  0.21786949E-01  0.21237367E-01  0.20707064E-01
  0.20194098E-01  0.19700414E-01  0.19216668E-01  0.18766386E-01  0.18212189E-01
  0.17865546E-01  0.27374992E+01  0.26898272E+01  0.26448355E+01  0.26513399E+01
  0.26596415E+01  0.26692695E+01  0.26803098E+01  0.26927659E+01  0.27062354E+01
  0.27191111E+01  0.27319998E+01  0.27492081E+01  0.27749878E+01  0.28102636E+01
  0.28528709E+01  0.29020250E+01  0.29520088E+01  0.29912644E+01  0.30093907E+01
  0.30050150E+01  0.29779799E+01  0.29289441E+01  0.28474988E+01  0.27260511E+01
  0.25618337E+01  0.23569316E+01  0.21147050E+01  0.18274513E+01  0.15054888E+01
  0.11704346E+01  0.85145756E+00  0.60305951E+00  0.45606745E+00  0.37652316E+00
  0.32580478E+00  0.28833483E+00  0.25843057E+00  0.23359549E+00  0.21254851E+00
  0.19452615E+00  0.17895754E+00  0.16538852E+00  0.15347077E+00  0.14286616E+00
  0.13327597E+00  0.12465416E+00  0.11721291E+00  0.11100461E+00  0.10575227E+00
  0.10111150E+00  0.96835696E-01  0.92802143E-01  0.88961172E-01  0.85294394E-01
  0.81795515E-01  0.78462706E-01  0.75292803E-01  0.72279920E-01  0.69416201E-01
  0.66693270E-01  0.64103040E-01  0.61637998E-01  0.59291219E-01  0.57055967E-01
  0.54927142E-01  0.52900586E-01  0.50971206E-01  0.49134007E-01  0.47384132E-01
  0.45716594E-01  0.44126582E-01  0.42609831E-01  0.41162266E-01  0.39780012E-01
  0.38459647E-01  0.37197865E-01  0.35991405E-01  0.34837211E-01  0.33732881E-01
  0.32675888E-01  0.31663627E-01  0.30693899E-01  0.29764541E-01  0.28873279E-01
  0.28017807E-01  0.27196106E-01  0.26406597E-01  0.25647578E-01  0.24917587E-01
  0.24215768E-01  0.23540864E-01  0.22891636E-01  0.22267124E-01  0.21666196E-01
  0.21088308E-01  0.20531383E-01  0.19997062E-01  0.19476033E-01  0.18988743E-01
  0.18402163E-01  0.18042397E-01  0.26831956E+01  0.26191394E+01  0.25183013E+01
  0.24466361E+01  0.23832820E+01  0.23332840E+01  0.22970053E+01  0.22724459E+01
  0.22556023E+01  0.22414279E+01  0.22295048E+01  0.22188707E+01  0.22067093E+01
  0.21927487E+01  0.21752457E+01  0.21528356E+01  0.21235760E+01  0.20856498E+01
  0.20339653E+01  0.19664858E+01  0.18843559E+01  0.17796141E+01  0.16531541E+01
  0.15086212E+01  0.13409734E+01  0.11575947E+01  0.97065910E+00  0.78892791E+00
  0.62347962E+00  0.48317842E+00  0.37631755E+00  0.30911405E+00  0.27499930E+00
  0.25718366E+00  0.24375375E+00  0.23132832E+00  0.21923820E+00  0.20747202E+00
  0.19612236E+00  0.18525095E+00  0.17485165E+00  0.16497342E+00  0.15563414E+00
  0.14697435E+00  0.13904114E+00  0.13180411E+00  0.12544345E+00  0.11995391E+00
  0.11509039E+00  0.11061720E+00  0.10640734E+00  0.10240550E+00  0.98590169E-01
  0.94954031E-01  0.91493819E-01  0.88204801E-01  0.85080611E-01  0.82114019E-01
  0.79296481E-01  0.76619350E-01  0.74074395E-01  0.71654179E-01  0.69351851E-01
  0.67161608E-01  0.65077011E-01  0.63091123E-01  0.61198702E-01  0.59394394E-01
  0.57672832E-01  0.56029254E-01  0.54459129E-01  0.52958387E-01  0.51523113E-01
  0.50149586E-01  0.48834535E-01  0.47574854E-01  0.46367594E-01  0.45209967E-01
  0.44099675E-01  0.43034344E-01  0.42011551E-01  0.41029253E-01  0.40085277E-01
  0.39177628E-01  0.38304574E-01  0.37464382E-01  0.36655423E-01  0.35876217E-01
  0.35125409E-01  0.34401832E-01  0.33704145E-01  0.33031072E-01  0.32381632E-01
  0.31754570E-01  0.31149383E-01  0.30563788E-01  0.30000084E-01  0.29444927E-01
  0.28934109E-01  0.28249011E-01  0.27794742E-01  0.26298651E+01  0.25503083E+01
  0.23943823E+01  0.22442812E+01  0.21089280E+01  0.19988506E+01  0.19147785E+01
  0.18528418E+01  0.18050434E+01  0.17667047E+01  0.17311046E+01  0.16885695E+01
  0.16310495E+01  0.15533212E+01  0.14557727E+01  0.13368968E+01  0.12038014E+01
  0.10755974E+01  0.96265806E+00  0.86434094E+00  0.77834341E+00  0.70306617E+00
  0.63698280E+00  0.57829412E+00  0.52562244E+00  0.47755332E+00  0.43279329E+00
  0.39150167E+00  0.35415179E+00  0.32040148E+00  0.29053210E+00  0.26760973E+00
  0.25374563E+00  0.24456015E+00  0.23540887E+00  0.22566016E+00  0.21555479E+00
  0.20536124E+00  0.19528524E+00  0.18548798E+00  0.17606344E+00  0.16706229E+00
  0.15850372E+00  0.15040104E+00  0.14271897E+00  0.13555677E+00  0.12919643E+00
  0.12367162E+00  0.11877031E+00  0.11431673E+00  0.11020652E+00  0.10637914E+00
  0.10279716E+00  0.99435369E-01  0.96274625E-01  0.93298657E-01  0.90492744E-01
  0.87843164E-01  0.85337169E-01  0.82963237E-01  0.80711139E-01  0.78571914E-01
  0.76537661E-01  0.74601144E-01  0.72755615E-01  0.70994862E-01  0.69313274E-01
  0.67705762E-01  0.66167658E-01  0.64694622E-01  0.63282636E-01  0.61928031E-01
  0.60627464E-01  0.59377876E-01  0.58176437E-01  0.57020527E-01  0.55907705E-01
  0.54835716E-01  0.53802468E-01  0.52806005E-01  0.51844505E-01  0.50916241E-01
  0.50019583E-01  0.49153004E-01  0.48315059E-01  0.47504384E-01  0.46719691E-01
  0.45959769E-01  0.45223482E-01  0.44509769E-01  0.43817637E-01  0.43146099E-01
  0.42494324E-01  0.41861234E-01  0.41246611E-01  0.40648111E-01  0.40069286E-01
  0.39492411E-01  0.38972860E-01  0.38200520E-01  0.37653738E-01
