  0.32164606E+04  0.32160383E+04  0.32159236E+04  0.32163958E+04  0.32166661E+04
  0.32168476E+04  0.32169730E+04  0.32170496E+04  0.32170840E+04  0.32170801E+04
  0.32170366E+04  0.32169478E+04  0.32168050E+04  0.32165953E+04  0.32162998E+04
  0.32158929E+04  0.32153395E+04  0.32145922E+04  0.32135866E+04  0.32122364E+04
  0.32104245E+04  0.32079926E+04  0.32047314E+04  0.32003622E+04  0.31945123E+04
  0.31867750E+04  0.31766704E+04  0.31636564E+04  0.31472798E+04  0.31272987E+04
  0.31040476E+04  0.30784188E+04  0.30513768E+04  0.30234749E+04  0.29949595E+04
  0.29661691E+04  0.29375197E+04  0.29093754E+04  0.28819385E+04  0.28552558E+04
  0.28292726E+04  0.28038983E+04  0.27790464E+04  0.27546561E+04  0.27307200E+04
  0.27072848E+04  0.26843516E+04  0.26618299E+04  0.26396304E+04  0.26177117E+04
  0.25960597E+04  0.25746739E+04  0.25535600E+04  0.25327267E+04  0.25121839E+04
  0.24919414E+04  0.24720079E+04  0.24523894E+04  0.24330893E+04  0.24141092E+04
  0.23954489E+04  0.23771079E+04  0.23590853E+04  0.23413807E+04  0.23239946E+04
  0.23069298E+04  0.22901910E+04  0.22737854E+04  0.22577218E+04  0.22420111E+04
  0.22266628E+04  0.22116906E+04  0.21971014E+04  0.21829027E+04  0.21691093E+04
  0.21557295E+04  0.21427697E+04  0.21302324E+04  0.21181159E+04  0.21064151E+04
  0.20951217E+04  0.20842255E+04  0.20737143E+04  0.20635745E+04  0.20537916E+04
  0.20443503E+04  0.20352344E+04  0.20264273E+04  0.20179119E+04  0.20096706E+04
  0.20016865E+04  0.19939418E+04  0.19864203E+04  0.19791036E+04  0.19719795E+04
  0.19650206E+04  0.19582412E+04  0.19515245E+04  0.19451802E+04  0.19373307E+04
  0.19324438E+04  0.32164597E+04  0.32160388E+04  0.32159269E+04  0.32164008E+04
  0.32166716E+04  0.32168530E+04  0.32169783E+04  0.32170551E+04  0.32170896E+04
  0.32170854E+04  0.32170414E+04  0.32169522E+04  0.32168089E+04  0.32165987E+04
  0.32163028E+04  0.32158956E+04  0.32153419E+04  0.32145945E+04  0.32135888E+04
  0.32122384E+04  0.32104261E+04  0.32079937E+04  0.32047319E+04  0.32003622E+04
  0.31945117E+04  0.31867739E+04  0.31766691E+04  0.31636551E+04  0.31472789E+04
  0.31272987E+04  0.31040487E+04  0.30784211E+04  0.30513791E+04  0.30234773E+04
  0.29949631E+04  0.29661749E+04  0.29375284E+04  0.29093872E+04  0.28819531E+04
  0.28552727E+04  0.28292909E+04  0.28039172E+04  0.27790652E+04  0.27546743E+04
  0.27307369E+04  0.27073004E+04  0.26843656E+04  0.26618420E+04  0.26396407E+04
  0.26177206E+04  0.25960674E+04  0.25746807E+04  0.25535660E+04  0.25327322E+04
  0.25121891E+04  0.24919465E+04  0.24720128E+04  0.24523941E+04  0.24330939E+04
  0.24141135E+04  0.23954530E+04  0.23771119E+04  0.23590894E+04  0.23413854E+04
  0.23240009E+04  0.23069387E+04  0.22902042E+04  0.22738047E+04  0.22577492E+04
  0.22420488E+04  0.22267131E+04  0.22117559E+04  0.21971843E+04  0.21830058E+04
  0.21692351E+04  0.21558792E+04  0.21429435E+04  0.21304297E+04  0.21183358E+04
  0.21066562E+04  0.20953828E+04  0.20845051E+04  0.20740108E+04  0.20638865E+04
  0.20541173E+04  0.20446879E+04  0.20355820E+04  0.20267830E+04  0.20182738E+04
  0.20100370E+04  0.20020556E+04  0.19943121E+04  0.19867903E+04  0.19794718E+04
  0.19723447E+04  0.19653816E+04  0.19585970E+04  0.19518742E+04  0.19455233E+04
  0.19376643E+04  0.19327712E+04  0.32164553E+04  0.32160404E+04  0.32159400E+04
  0.32164216E+04  0.32166947E+04  0.32168757E+04  0.32170007E+04  0.32170778E+04
  0.32171122E+04  0.32171071E+04  0.32170616E+04  0.32169707E+04  0.32168258E+04
  0.32166139E+04  0.32163164E+04  0.32159077E+04  0.32153528E+04  0.32146043E+04
  0.32135978E+04  0.32122463E+04  0.32104324E+04  0.32079982E+04  0.32047345E+04
  0.32003628E+04  0.31945102E+04  0.31867702E+04  0.31766636E+04  0.31636481E+04
  0.31472712E+04  0.31272909E+04  0.31040415E+04  0.30784140E+04  0.30513709E+04
  0.30234682E+04  0.29949559E+04  0.29661727E+04  0.29375336E+04  0.29094010E+04
  0.28819747E+04  0.28552999E+04  0.28293213E+04  0.28039481E+04  0.27790944E+04
  0.27546996E+04  0.27307570E+04  0.27073143E+04  0.26843720E+04  0.26618401E+04
  0.26396308E+04  0.26177031E+04  0.25960429E+04  0.25746496E+04  0.25535289E+04
  0.25326895E+04  0.25121414E+04  0.24918941E+04  0.24719560E+04  0.24523327E+04
  0.24330277E+04  0.24140425E+04  0.23953773E+04  0.23770318E+04  0.23590060E+04
  0.23413003E+04  0.23239167E+04  0.23068592E+04  0.22901341E+04  0.22737495E+04
  0.22577154E+04  0.22420427E+04  0.22267419E+04  0.22118262E+04  0.21973034E+04
  0.21831811E+04  0.21694716E+04  0.21561812E+04  0.21433124E+04  0.21308648E+04
  0.21188349E+04  0.21072162E+04  0.20960000E+04  0.20851757E+04  0.20747306E+04
  0.20646508E+04  0.20549214E+04  0.20455267E+04  0.20364502E+04  0.20276753E+04
  0.20191850E+04  0.20109621E+04  0.20029897E+04  0.19952508E+04  0.19877292E+04
  0.19804071E+04  0.19732725E+04  0.19662988E+04  0.19595004E+04  0.19527612E+04
  0.19463926E+04  0.19385080E+04  0.19335981E+04  0.32164456E+04  0.32160435E+04
  0.32159687E+04  0.32164670E+04  0.32167443E+04  0.32169252E+04  0.32170492E+04
  0.32171255E+04  0.32171588E+04  0.32171518E+04  0.32171037E+04  0.32170099E+04
  0.32168621E+04  0.32166473E+04  0.32163469E+04  0.32159353E+04  0.32153777E+04
  0.32146266E+04  0.32136176E+04  0.32122634E+04  0.32104464E+04  0.32080088E+04
  0.32047415E+04  0.32003658E+04  0.31945085E+04  0.31867637E+04  0.31766522E+04
  0.31636317E+04  0.31472501E+04  0.31272658E+04  0.31040127E+04  0.30783804E+04
  0.30513317E+04  0.30234254E+04  0.29949140E+04  0.29661370E+04  0.29375083E+04
  0.29093887E+04  0.28819745E+04  0.28553086E+04  0.28293344E+04  0.28039612E+04
  0.27791030E+04  0.27546999E+04  0.27307460E+04  0.27072900E+04  0.26843325E+04
  0.26617846E+04  0.26395591E+04  0.26176155E+04  0.25959399E+04  0.25745317E+04
  0.25533967E+04  0.25325438E+04  0.25119828E+04  0.24917232E+04  0.24717729E+04
  0.24521372E+04  0.24328196E+04  0.24138217E+04  0.23951440E+04  0.23767870E+04
  0.23587515E+04  0.23410391E+04  0.23236535E+04  0.23066005E+04  0.22898878E+04
  0.22735251E+04  0.22575232E+04  0.22418934E+04  0.22266472E+04  0.22117964E+04
  0.21973489E+04  0.21833122E+04  0.21696956E+04  0.21565040E+04  0.21437373E+04
  0.21313918E+04  0.21194615E+04  0.21079384E+04  0.20968126E+04  0.20860726E+04
  0.20757052E+04  0.20656959E+04  0.20560294E+04  0.20466896E+04  0.20376600E+04
  0.20289238E+04  0.20204642E+04  0.20122642E+04  0.20043073E+04  0.19965767E+04
  0.19890569E+04  0.19817301E+04  0.19745853E+04  0.19675962E+04  0.19607776E+04
  0.19540139E+04  0.19476187E+04  0.19396955E+04  0.19347604E+04  0.32164309E+04
  0.32160491E+04  0.32160154E+04  0.32165411E+04  0.32168255E+04  0.32170062E+04
  0.32171284E+04  0.32172021E+04  0.32172325E+04  0.32172223E+04  0.32171706E+04
  0.32170729E+04  0.32169210E+04  0.32167021E+04  0.32163976E+04  0.32159817E+04
  0.32154199E+04  0.32146645E+04  0.32136512E+04  0.32122926E+04  0.32104708E+04
  0.32080280E+04  0.32047551E+04  0.32003731E+04  0.31945085E+04  0.31867557E+04
  0.31766359E+04  0.31636062E+04  0.31472155E+04  0.31272224E+04  0.31039604E+04
  0.30783179E+04  0.30512586E+04  0.30233450E+04  0.29948332E+04  0.29660636E+04
  0.29374489E+04  0.29093468E+04  0.28819489E+04  0.28552951E+04  0.28293271E+04
  0.28039536E+04  0.27790891E+04  0.27546741E+04  0.27307038E+04  0.27072283E+04
  0.26842496E+04  0.26616794E+04  0.26394315E+04  0.26174657E+04  0.25957682E+04
  0.25743386E+04  0.25531830E+04  0.25323103E+04  0.25117304E+04  0.24914525E+04
  0.24714840E+04  0.24518299E+04  0.24324935E+04  0.24134767E+04  0.23947809E+04
  0.23764071E+04  0.23583576E+04  0.23406362E+04  0.23232486E+04  0.23062029E+04
  0.22895089E+04  0.22731780E+04  0.22572222E+04  0.22416531E+04  0.22264835E+04
  0.22117222E+04  0.21973762E+04  0.21834552E+04  0.21699637E+04  0.21569027E+04
  0.21442689E+04  0.21320560E+04  0.21202554E+04  0.21088571E+04  0.20978495E+04
  0.20872197E+04  0.20769537E+04  0.20670362E+04  0.20574514E+04  0.20481829E+04
  0.20392142E+04  0.20305284E+04  0.20221090E+04  0.20139393E+04  0.20060031E+04
  0.19982840E+04  0.19907670E+04  0.19834351E+04  0.19762778E+04  0.19692696E+04
  0.19624257E+04  0.19556311E+04  0.19492021E+04  0.19412295E+04  0.19362621E+04
  0.32164122E+04  0.32160580E+04  0.32160808E+04  0.32166452E+04  0.32169406E+04
  0.32171217E+04  0.32172411E+04  0.32173110E+04  0.32173368E+04  0.32173218E+04
  0.32172653E+04  0.32171626E+04  0.32170056E+04  0.32167815E+04  0.32164715E+04
  0.32160500E+04  0.32154823E+04  0.32147210E+04  0.32137016E+04  0.32123366E+04
  0.32105081E+04  0.32080580E+04  0.32047773E+04  0.32003866E+04  0.31945120E+04
  0.31867482E+04  0.31766164E+04  0.31635738E+04  0.31471696E+04  0.31271630E+04
  0.31038875E+04  0.30782304E+04  0.30511561E+04  0.30232319E+04  0.29947187E+04
  0.29659579E+04  0.29373611E+04  0.29092814E+04  0.28819045E+04  0.28552658E+04
  0.28293055E+04  0.28039317E+04  0.27790593E+04  0.27546295E+04  0.27306390E+04
  0.27071396E+04  0.26841349E+04  0.26615375E+04  0.26392621E+04  0.26172690E+04
  0.25955447E+04  0.25740890E+04  0.25529081E+04  0.25320112E+04  0.25114081E+04
  0.24911076E+04  0.24711166E+04  0.24514398E+04  0.24320804E+04  0.24130409E+04
  0.23943233E+04  0.23759304E+04  0.23578661E+04  0.23401370E+04  0.23227516E+04
  0.23057206E+04  0.22890564E+04  0.22727721E+04  0.22568808E+04  0.22413946E+04
  0.22263267E+04  0.22116806E+04  0.21974643E+04  0.21836898E+04  0.21703548E+04
  0.21574544E+04  0.21449817E+04  0.21329281E+04  0.21212826E+04  0.21100333E+04
  0.20991668E+04  0.20886686E+04  0.20785233E+04  0.20687150E+04  0.20592273E+04
  0.20500439E+04  0.20411479E+04  0.20325229E+04  0.20241524E+04  0.20160199E+04
  0.20081098E+04  0.20004063E+04  0.19928949E+04  0.19855595E+04  0.19783900E+04
  0.19713620E+04  0.19644908E+04  0.19576624E+04  0.19511961E+04  0.19431677E+04
  0.19381637E+04  0.32163901E+04  0.32160703E+04  0.32161647E+04  0.32167793E+04
  0.32170900E+04  0.32172724E+04  0.32173885E+04  0.32174532E+04  0.32174731E+04
  0.32174520E+04  0.32173896E+04  0.32172811E+04  0.32171183E+04  0.32168879E+04
  0.32165712E+04  0.32161425E+04  0.32155673E+04  0.32147982E+04  0.32137708E+04
  0.32123975E+04  0.32105602E+04  0.32081009E+04  0.32048100E+04  0.32004082E+04
  0.31945207E+04  0.31867429E+04  0.31765958E+04  0.31635364E+04  0.31471148E+04
  0.31270906E+04  0.31037975E+04  0.30781217E+04  0.30510288E+04  0.30230915E+04
  0.29945763E+04  0.29658264E+04  0.29372515E+04  0.29091996E+04  0.28818485E+04
  0.28552288E+04  0.28292783E+04  0.28039047E+04  0.27790232E+04  0.27545763E+04
  0.27305623E+04  0.27070355E+04  0.26840010E+04  0.26613724E+04  0.26390655E+04
  0.26170414E+04  0.25952870E+04  0.25738023E+04  0.25525936E+04  0.25316703E+04
  0.25110422E+04  0.24907175E+04  0.24707025E+04  0.24510015E+04  0.24316180E+04
  0.24125550E+04  0.23938159E+04  0.23754053E+04  0.23573301E+04  0.23395999E+04
  0.23222265E+04  0.23052238E+04  0.22886064E+04  0.22723896E+04  0.22565877E+04
  0.22412115E+04  0.22262714E+04  0.22117698E+04  0.21977149E+04  0.21841159E+04
  0.21709655E+04  0.21582532E+04  0.21459683E+04  0.21340990E+04  0.21226321E+04
  0.21115536E+04  0.21008483E+04  0.20905001E+04  0.20804925E+04  0.20708089E+04
  0.20614327E+04  0.20523470E+04  0.20435355E+04  0.20349815E+04  0.20266688E+04
  0.20185816E+04  0.20107046E+04  0.20030227E+04  0.19955221E+04  0.19881873E+04
  0.19810092E+04  0.19739640E+04  0.19670675E+04  0.19602063E+04  0.19537028E+04
  0.19456173E+04  0.19405754E+04  0.32163650E+04  0.32160860E+04  0.32162664E+04
  0.32169424E+04  0.32172727E+04  0.32174574E+04  0.32175699E+04  0.32176283E+04
  0.32176410E+04  0.32176131E+04  0.32175444E+04  0.32174298E+04  0.32172605E+04
  0.32170228E+04  0.32166981E+04  0.32162608E+04  0.32156765E+04  0.32148980E+04
  0.32138607E+04  0.32124771E+04  0.32106290E+04  0.32081582E+04  0.32048548E+04
  0.32004393E+04  0.31945363E+04  0.31867414E+04  0.31765755E+04  0.31634957E+04
  0.31470528E+04  0.31270071E+04  0.31036926E+04  0.30779946E+04  0.30508801E+04
  0.30229276E+04  0.29944107E+04  0.29656744E+04  0.29371260E+04  0.29091075E+04
  0.28817876E+04  0.28551909E+04  0.28292529E+04  0.28038804E+04  0.27789892E+04
  0.27545236E+04  0.27304839E+04  0.27069272E+04  0.26838604E+04  0.26611986E+04
  0.26388588E+04  0.26168030E+04  0.25950185E+04  0.25735055E+04  0.25522705E+04
  0.25313229E+04  0.25106721E+04  0.24903256E+04  0.24702890E+04  0.24505665E+04
  0.24311619E+04  0.24120791E+04  0.23933233E+04  0.23749018E+04  0.23568250E+04
  0.23391062E+04  0.23217609E+04  0.23048069E+04  0.22882613E+04  0.22721394E+04
  0.22564539E+04  0.22412171E+04  0.22264351E+04  0.22121139E+04  0.21982600E+04
  0.21848692E+04  0.21719306E+04  0.21594314E+04  0.21473573E+04  0.21356936E+04
  0.21244248E+04  0.21135345E+04  0.21030060E+04  0.20928221E+04  0.20829655E+04
  0.20734190E+04  0.20641656E+04  0.20551884E+04  0.20464708E+04  0.20379965E+04
  0.20297499E+04  0.20217154E+04  0.20138783E+04  0.20062244E+04  0.19987406E+04
  0.19914121E+04  0.19842303E+04  0.19771725E+04  0.19702544E+04  0.19633635E+04
  0.19568252E+04  0.19486842E+04  0.19436050E+04  0.32163377E+04  0.32161051E+04
  0.32163850E+04  0.32171329E+04  0.32174863E+04  0.32176747E+04  0.32177833E+04
  0.32178342E+04  0.32178391E+04  0.32178048E+04  0.32177303E+04  0.32176096E+04
  0.32174330E+04  0.32171869E+04  0.32168529E+04  0.32164057E+04  0.32158108E+04
  0.32150212E+04  0.32139725E+04  0.32125768E+04  0.32107159E+04  0.32082314E+04
  0.32049132E+04  0.32004814E+04  0.31945602E+04  0.31867451E+04  0.31765569E+04
  0.31634529E+04  0.31469850E+04  0.31269139E+04  0.31035743E+04  0.30778508E+04
  0.30507118E+04  0.30227428E+04  0.29942250E+04  0.29655052E+04  0.29369886E+04
  0.29090099E+04  0.28817270E+04  0.28551582E+04  0.28292357E+04  0.28038654E+04
  0.27789652E+04  0.27544808E+04  0.27304146E+04  0.27068278E+04  0.26837302E+04
  0.26610380E+04  0.26386690E+04  0.26165861E+04  0.25947769E+04  0.25732416E+04
  0.25519870E+04  0.25310222E+04  0.25103556E+04  0.24899941E+04  0.24699424E+04
  0.24502047E+04  0.24307853E+04  0.24116897E+04  0.23929256E+04  0.23745040E+04
  0.23564394E+04  0.23387502E+04  0.23214558E+04  0.23045755E+04  0.22881284E+04
  0.22721305E+04  0.22565940E+04  0.22415325E+04  0.22269459E+04  0.22128422E+04
  0.21992240E+04  0.21860706E+04  0.21733678E+04  0.21611013E+04  0.21492551E+04
  0.21378119E+04  0.21267540E+04  0.21160632E+04  0.21057212E+04  0.20957101E+04
  0.20860121E+04  0.20766094E+04  0.20674849E+04  0.20586216E+04  0.20500030E+04
  0.20416133E+04  0.20334371E+04  0.20254596E+04  0.20176668E+04  0.20100450E+04
  0.20025817E+04  0.19952631E+04  0.19880810E+04  0.19810134E+04  0.19740763E+04
  0.19671579E+04  0.19605864E+04  0.19523912E+04  0.19472753E+04  0.32163086E+04
  0.32161274E+04  0.32165189E+04  0.32173478E+04  0.32177278E+04  0.32179209E+04
  0.32180252E+04  0.32180676E+04  0.32180655E+04  0.32180270E+04  0.32179477E+04
  0.32178205E+04  0.32176357E+04  0.32173802E+04  0.32170358E+04  0.32165773E+04
  0.32159705E+04  0.32151685E+04  0.32141068E+04  0.32126974E+04  0.32108218E+04
  0.32083215E+04  0.32049862E+04  0.32005355E+04  0.31945935E+04  0.31867551E+04
  0.31765410E+04  0.31634092E+04  0.31469124E+04  0.31268119E+04  0.31034435E+04
  0.30776912E+04  0.30505251E+04  0.30225385E+04  0.29940206E+04  0.29653214E+04
  0.29368430E+04  0.29089109E+04  0.28816718E+04  0.28551357E+04  0.28292322E+04
  0.28038669E+04  0.27789590E+04  0.27544571E+04  0.27303681E+04  0.27067581E+04
  0.26836389E+04  0.26609262E+04  0.26385380E+04  0.26164379E+04  0.25946140E+04
  0.25730669E+04  0.25518028E+04  0.25308298E+04  0.25101553E+04  0.24897847E+04
  0.24697227E+04  0.24499744E+04  0.24305455E+04  0.24114433E+04  0.23926793E+04
  0.23742691E+04  0.23562323E+04  0.23385918E+04  0.23213707E+04  0.23045909E+04
  0.22882727E+04  0.22724327E+04  0.22570842E+04  0.22422339E+04  0.22278785E+04
  0.22140227E+04  0.22006580E+04  0.21877579E+04  0.21753045E+04  0.21632810E+04
  0.21516698E+04  0.21404519E+04  0.21296079E+04  0.21191182E+04  0.21089634E+04
  0.20991248E+04  0.20895842E+04  0.20803237E+04  0.20713259E+04  0.20625741E+04
  0.20540523E+04  0.20457450E+04  0.20376374E+04  0.20297153E+04  0.20219653E+04
  0.20143742E+04  0.20069303E+04  0.19996201E+04  0.19924362E+04  0.19853575E+04
  0.19783999E+04  0.19714526E+04  0.19648467E+04  0.19565960E+04  0.19514428E+04
  0.32162778E+04  0.32161521E+04  0.32166654E+04  0.32175837E+04  0.32179932E+04
  0.32181923E+04  0.32182926E+04  0.32183292E+04  0.32183233E+04  0.32182815E+04
  0.32181968E+04  0.32180617E+04  0.32178674E+04  0.32176014E+04  0.32172456E+04
  0.32167750E+04  0.32161553E+04  0.32153397E+04  0.32142637E+04  0.32128392E+04
  0.32109474E+04  0.32084294E+04  0.32050748E+04  0.32006028E+04  0.31946373E+04
  0.31867724E+04  0.31765286E+04  0.31633654E+04  0.31468358E+04  0.31267020E+04
  0.31033010E+04  0.30775167E+04  0.30503211E+04  0.30223164E+04  0.29937996E+04
  0.29651258E+04  0.29366934E+04  0.29088160E+04  0.28816280E+04  0.28551313E+04
  0.28292523E+04  0.28038971E+04  0.27789865E+04  0.27544729E+04  0.27303687E+04
  0.27067443E+04  0.26836123E+04  0.26608882E+04  0.26384908E+04  0.26163839E+04
  0.25945555E+04  0.25730056E+04  0.25517391E+04  0.25307631E+04  0.25100834E+04
  0.24897045E+04  0.24696318E+04  0.24498722E+04  0.24304333E+04  0.24113258E+04
  0.23925657E+04  0.23741748E+04  0.23561782E+04  0.23386038E+04  0.23214790E+04
  0.23048280E+04  0.22886711E+04  0.22730219E+04  0.22578912E+04  0.22432746E+04
  0.22291726E+04  0.22155802E+04  0.22024713E+04  0.21898254E+04  0.21776222E+04
  0.21658412E+04  0.21544621E+04  0.21434642E+04  0.21328270E+04  0.21225299E+04
  0.21125530E+04  0.21028769E+04  0.20934834E+04  0.20843545E+04  0.20754729E+04
  0.20668224E+04  0.20583871E+04  0.20501523E+04  0.20421037E+04  0.20342276E+04
  0.20265114E+04  0.20189425E+04  0.20115098E+04  0.20042006E+04  0.19970082E+04
  0.19899124E+04  0.19829291E+04  0.19759484E+04  0.19693044E+04  0.19609953E+04
  0.19558035E+04  0.32162453E+04  0.32161777E+04  0.32168208E+04  0.32178352E+04
  0.32182773E+04  0.32184850E+04  0.32185864E+04  0.32186240E+04  0.32186170E+04
  0.32185694E+04  0.32184757E+04  0.32183306E+04  0.32181259E+04  0.32178487E+04
  0.32174810E+04  0.32169977E+04  0.32163643E+04  0.32155343E+04  0.32144431E+04
  0.32130022E+04  0.32110928E+04  0.32085556E+04  0.32051798E+04  0.32006841E+04
  0.31946927E+04  0.31867980E+04  0.31765208E+04  0.31633224E+04  0.31467561E+04
  0.31265850E+04  0.31031478E+04  0.30773285E+04  0.30501017E+04  0.30220791E+04
  0.29935665E+04  0.29649243E+04  0.29365470E+04  0.29087344E+04  0.28816071E+04
  0.28551583E+04  0.28293124E+04  0.28039756E+04  0.27790720E+04  0.27545577E+04
  0.27304497E+04  0.27068228E+04  0.26836896E+04  0.26609642E+04  0.26385653E+04
  0.26164554E+04  0.25946217E+04  0.25730632E+04  0.25517844E+04  0.25307929E+04
  0.25100960E+04  0.24896991E+04  0.24696061E+04  0.24498241E+04  0.24303644E+04
  0.24112434E+04  0.23924841E+04  0.23741151E+04  0.23561686E+04  0.23386766E+04
  0.23216686E+04  0.23051695E+04  0.22891962E+04  0.22737586E+04  0.22588604E+04
  0.22444914E+04  0.22306511E+04  0.22173213E+04  0.22044665E+04  0.21920693E+04
  0.21801082E+04  0.21685599E+04  0.21574013E+04  0.21466103E+04  0.21361650E+04
  0.21260445E+04  0.21162288E+04  0.21066986E+04  0.20974353E+04  0.20884212E+04
  0.20796393E+04  0.20710736E+04  0.20627088E+04  0.20545305E+04  0.20465254E+04
  0.20386805E+04  0.20309839E+04  0.20234240E+04  0.20159906E+04  0.20086718E+04
  0.20014618E+04  0.19943410E+04  0.19873259E+04  0.19803070E+04  0.19736218E+04
  0.19652528E+04  0.19600218E+04  0.32162119E+04  0.32162030E+04  0.32169794E+04
  0.32180949E+04  0.32185734E+04  0.32187960E+04  0.32189056E+04  0.32189497E+04
  0.32189417E+04  0.32188845E+04  0.32187798E+04  0.32186239E+04  0.32184082E+04
  0.32181196E+04  0.32177398E+04  0.32172434E+04  0.32165960E+04  0.32157510E+04
  0.32146439E+04  0.32131860E+04  0.32112579E+04  0.32087003E+04  0.32053014E+04
  0.32007801E+04  0.31947606E+04  0.31868332E+04  0.31765189E+04  0.31632816E+04
  0.31466748E+04  0.31264625E+04  0.31029857E+04  0.30771294E+04  0.30498709E+04
  0.30218322E+04  0.29933288E+04  0.29647267E+04  0.29364153E+04  0.29086788E+04
  0.28816236E+04  0.28552346E+04  0.28294333E+04  0.28041262E+04  0.27792406E+04
  0.27547362E+04  0.27306352E+04  0.27070151E+04  0.26838860E+04  0.26611576E+04
  0.26387463E+04  0.26166153E+04  0.25947524E+04  0.25731621E+04  0.25518519E+04
  0.25308261E+04  0.25100901E+04  0.24896494E+04  0.24695108E+04  0.24496841E+04
  0.24301857E+04  0.24110397E+04  0.23922771E+04  0.23739344E+04  0.23560497E+04
  0.23386566E+04  0.23217841E+04  0.23054553E+04  0.22896827E+04  0.22744717E+04
  0.22598151E+04  0.22457047E+04  0.22321270E+04  0.22190508E+04  0.22064476E+04
  0.21942932E+04  0.21825634E+04  0.21712332E+04  0.21602784E+04  0.21496760E+04
  0.21394036E+04  0.21294402E+04  0.21197661E+04  0.21103620E+04  0.21012093E+04
  0.20922903E+04  0.20835884E+04  0.20750884E+04  0.20667757E+04  0.20586367E+04
  0.20506590E+04  0.20428306E+04  0.20351403E+04  0.20275776E+04  0.20201331E+04
  0.20127957E+04  0.20055605E+04  0.19984087E+04  0.19913575E+04  0.19842977E+04
  0.19775700E+04  0.19691420E+04  0.19638730E+04  0.32161821E+04  0.32162313E+04
  0.32171405E+04  0.32183586E+04  0.32188774E+04  0.32191196E+04  0.32192410E+04
  0.32192908E+04  0.32192809E+04  0.32192165E+04  0.32191029E+04  0.32189372E+04
  0.32187109E+04  0.32184111E+04  0.32180191E+04  0.32175097E+04  0.32168482E+04
  0.32159881E+04  0.32148647E+04  0.32133891E+04  0.32114419E+04  0.32088629E+04
  0.32054399E+04  0.32008913E+04  0.31948420E+04  0.31868792E+04  0.31765244E+04
  0.31632449E+04  0.31465941E+04  0.31263371E+04  0.31028183E+04  0.30769240E+04
  0.30496348E+04  0.30215840E+04  0.29930972E+04  0.29645457E+04  0.29363131E+04
  0.29086663E+04  0.28816969E+04  0.28553808E+04  0.28296355E+04  0.28043676E+04
  0.27795069E+04  0.27550160E+04  0.27309193E+04  0.27072928E+04  0.26841436E+04
  0.26613793E+04  0.26389190E+04  0.26167353E+04  0.25948198E+04  0.25731735E+04
  0.25518030E+04  0.25307135E+04  0.25099089E+04  0.24893959E+04  0.24691860E+04
  0.24492950E+04  0.24297459E+04  0.24105705E+04  0.23918088E+04  0.23735043E+04
  0.23556973E+04  0.23384231E+04  0.23217091E+04  0.23055719E+04  0.22900197E+04
  0.22750500E+04  0.22606477E+04  0.22468021E+04  0.22334834E+04  0.22206543E+04
  0.22082919E+04  0.21963680E+04  0.21848552E+04  0.21737271E+04  0.21629588E+04
  0.21525269E+04  0.21424093E+04  0.21325850E+04  0.21230339E+04  0.21137368E+04
  0.21046754E+04  0.20958328E+04  0.20871934E+04  0.20787428E+04  0.20704675E+04
  0.20623549E+04  0.20543932E+04  0.20465715E+04  0.20388795E+04  0.20313072E+04
  0.20238460E+04  0.20164857E+04  0.20092220E+04  0.20020370E+04  0.19949483E+04
  0.19878470E+04  0.19810770E+04  0.19725920E+04  0.19672865E+04  0.32161574E+04
  0.32162653E+04  0.32173076E+04  0.32186285E+04  0.32191890E+04  0.32194512E+04
  0.32195812E+04  0.32196324E+04  0.32196221E+04  0.32195565E+04  0.32194382E+04
  0.32192651E+04  0.32190297E+04  0.32187193E+04  0.32183157E+04  0.32177934E+04
  0.32171180E+04  0.32162428E+04  0.32151031E+04  0.32136098E+04  0.32116431E+04
  0.32090424E+04  0.32055945E+04  0.32010175E+04  0.31949371E+04  0.31869366E+04
  0.31765386E+04  0.31632142E+04  0.31465163E+04  0.31262119E+04  0.31026495E+04
  0.30767178E+04  0.30494006E+04  0.30213431E+04  0.29928817E+04  0.29643931E+04
  0.29362530E+04  0.29087103E+04  0.28818398E+04  0.28556057E+04  0.28299218E+04
  0.28046941E+04  0.27798529E+04  0.27553622E+04  0.27312452E+04  0.27075755E+04
  0.26843612E+04  0.26615227E+04  0.26389873E+04  0.26167235E+04  0.25947248E+04
  0.25729909E+04  0.25515273E+04  0.25303424E+04  0.25094431E+04  0.24888385E+04
  0.24685430E+04  0.24485781E+04  0.24289749E+04  0.24097755E+04  0.23910284E+04
  0.23727811E+04  0.23550756E+04  0.23379462E+04  0.23214168E+04  0.23054970E+04
  0.22901873E+04  0.22754734E+04  0.22613383E+04  0.22477590E+04  0.22346943E+04
  0.22221094E+04  0.22099766E+04  0.21982676E+04  0.21869542E+04  0.21760097E+04
  0.21654091E+04  0.21551293E+04  0.21451480E+04  0.21354440E+04  0.21259972E+04
  0.21167887E+04  0.21078016E+04  0.20990199E+04  0.20904293E+04  0.20820162E+04
  0.20737680E+04  0.20656730E+04  0.20577202E+04  0.20498994E+04  0.20422010E+04
  0.20346158E+04  0.20271360E+04  0.20197519E+04  0.20124599E+04  0.20052424E+04
  0.19981176E+04  0.19909767E+04  0.19841664E+04  0.19756273E+04  0.19702872E+04
  0.32161419E+04  0.32163053E+04  0.32174809E+04  0.32189083E+04  0.32195081E+04
  0.32197846E+04  0.32199192E+04  0.32199719E+04  0.32199634E+04  0.32198990E+04
  0.32197794E+04  0.32196018E+04  0.32193594E+04  0.32190400E+04  0.32186256E+04
  0.32180912E+04  0.32174023E+04  0.32165121E+04  0.32153562E+04  0.32138454E+04
  0.32118592E+04  0.32092365E+04  0.32057634E+04  0.32011573E+04  0.31950447E+04
  0.31870052E+04  0.31765620E+04  0.31631905E+04  0.31464435E+04  0.31260900E+04
  0.31024831E+04  0.30765147E+04  0.30491722E+04  0.30211132E+04  0.29926855E+04
  0.29642703E+04  0.29362350E+04  0.29088068E+04  0.28820412E+04  0.28558902E+04
  0.28302623E+04  0.28050618E+04  0.27802188E+04  0.27556983E+04  0.27315198E+04
  0.27077646E+04  0.26844566E+04  0.26615190E+04  0.26388785E+04  0.26165033E+04
  0.25943882E+04  0.25725397E+04  0.25509652E+04  0.25296705E+04  0.25086631E+04
  0.24879550E+04  0.24675654E+04  0.24475240E+04  0.24278726E+04  0.24086641E+04
  0.23899530E+04  0.23717896E+04  0.23542164E+04  0.23372642E+04  0.23209489E+04
  0.23052723E+04  0.22902230E+04  0.22757790E+04  0.22619140E+04  0.22485908E+04
  0.22357699E+04  0.22234184E+04  0.22115040E+04  0.21999963E+04  0.21888668E+04
  0.21780890E+04  0.21676389E+04  0.21574934E+04  0.21476300E+04  0.21380278E+04
  0.21286676E+04  0.21195317E+04  0.21106043E+04  0.21018707E+04  0.20933173E+04
  0.20849314E+04  0.20767015E+04  0.20686165E+04  0.20606662E+04  0.20528412E+04
  0.20451328E+04  0.20375324E+04  0.20300327E+04  0.20226249E+04  0.20153056E+04
  0.20080580E+04  0.20009002E+04  0.19937236E+04  0.19868773E+04  0.19782895E+04
  0.19729184E+04  0.32161368E+04  0.32163497E+04  0.32176536E+04  0.32191890E+04
  0.32198273E+04  0.32201158E+04  0.32202555E+04  0.32203114E+04  0.32203044E+04
  0.32202408E+04  0.32201206E+04  0.32199406E+04  0.32196936E+04  0.32193675E+04
  0.32189443E+04  0.32183991E+04  0.32176975E+04  0.32167930E+04  0.32156213E+04
  0.32140929E+04  0.32120871E+04  0.32094422E+04  0.32059436E+04  0.32013077E+04
  0.31951620E+04  0.31870825E+04  0.31765932E+04  0.31631733E+04  0.31463757E+04
  0.31259715E+04  0.31023191E+04  0.30763132E+04  0.30489452E+04  0.30208868E+04
  0.29924970E+04  0.29641614E+04  0.29362365E+04  0.29089254E+04  0.28822621E+04
  0.28561850E+04  0.28305970E+04  0.28054005E+04  0.27805268E+04  0.27559393E+04
  0.27316688E+04  0.27078076E+04  0.26843823E+04  0.26613179E+04  0.26385427E+04
  0.26160346E+04  0.25937917E+04  0.25718188E+04  0.25501219E+04  0.25287063E+04
  0.25075808E+04  0.24867618E+04  0.24662756E+04  0.24461624E+04  0.24264771E+04
  0.24072812E+04  0.23886339E+04  0.23705873E+04  0.23531808E+04  0.23364382E+04
  0.23203648E+04  0.23049516E+04  0.22901747E+04  0.22760064E+04  0.22624067E+04
  0.22493297E+04  0.22367418E+04  0.22246084E+04  0.22128958E+04  0.22015726E+04
  0.21906102E+04  0.21799825E+04  0.21696654E+04  0.21596359E+04  0.21498721E+04
  0.21403543E+04  0.21310647E+04  0.21219870E+04  0.21131064E+04  0.21044091E+04
  0.20958824E+04  0.20875148E+04  0.20792953E+04  0.20712139E+04  0.20632612E+04
  0.20554286E+04  0.20477079E+04  0.20400915E+04  0.20325726E+04  0.20251426E+04
  0.20177989E+04  0.20105247E+04  0.20033386E+04  0.19961319E+04  0.19892554E+04
  0.19806271E+04  0.19752300E+04  0.32161384E+04  0.32163981E+04  0.32178240E+04
  0.32194641E+04  0.32201432E+04  0.32204474E+04  0.32205930E+04  0.32206510E+04
  0.32206439E+04  0.32205790E+04  0.32204570E+04  0.32202748E+04  0.32200247E+04
  0.32196942E+04  0.32192651E+04  0.32187118E+04  0.32179995E+04  0.32170819E+04
  0.32158950E+04  0.32143494E+04  0.32123238E+04  0.32096563E+04  0.32061313E+04
  0.32014648E+04  0.31952846E+04  0.31871642E+04  0.31766280E+04  0.31631585E+04
  0.31463085E+04  0.31258514E+04  0.31021503E+04  0.30761020E+04  0.30487029E+04
  0.30206409E+04  0.29922879E+04  0.29640320E+04  0.29362168E+04  0.29090179E+04
  0.28824471E+04  0.28564298E+04  0.28308626E+04  0.28056462E+04  0.27807159E+04
  0.27560455E+04  0.27316707E+04  0.27076816E+04  0.26841115E+04  0.26608996E+04
  0.26379808E+04  0.26153327E+04  0.25929533E+04  0.25708468E+04  0.25490176E+04
  0.25274713E+04  0.25062199E+04  0.24852861E+04  0.24647055E+04  0.24445318E+04
  0.24248324E+04  0.24056761E+04  0.23871256E+04  0.23692312E+04  0.23520259E+04
  0.23355220E+04  0.23197129E+04  0.23045757E+04  0.22900783E+04  0.22761807E+04
  0.22628364E+04  0.22500016E+04  0.22376376E+04  0.22257080E+04  0.22141792E+04
  0.22030212E+04  0.21922064E+04  0.21817091E+04  0.21715054E+04  0.21615728E+04
  0.21518911E+04  0.21424421E+04  0.21332094E+04  0.21241778E+04  0.21153335E+04
  0.21066637E+04  0.20981566E+04  0.20898015E+04  0.20815884E+04  0.20735080E+04
  0.20655519E+04  0.20577120E+04  0.20499809E+04  0.20423513E+04  0.20348170E+04
  0.20273698E+04  0.20200072E+04  0.20127128E+04  0.20055051E+04  0.19982753E+04
  0.19913758E+04  0.19827162E+04  0.19772989E+04  0.32161478E+04  0.32164540E+04
  0.32179990E+04  0.32197410E+04  0.32204613E+04  0.32207812E+04  0.32209310E+04
  0.32209884E+04  0.32209787E+04  0.32209101E+04  0.32207844E+04  0.32205989E+04
  0.32203460E+04  0.32200128E+04  0.32195804E+04  0.32190223E+04  0.32183026E+04
  0.32173743E+04  0.32161738E+04  0.32146116E+04  0.32125665E+04  0.32098759E+04
  0.32063238E+04  0.32016252E+04  0.31954091E+04  0.31872457E+04  0.31766595E+04
  0.31631372E+04  0.31462317E+04  0.31257176E+04  0.31019608E+04  0.30758600E+04
  0.30484181E+04  0.30203432E+04  0.29920213E+04  0.29638423E+04  0.29361336E+04
  0.29090410E+04  0.28825523E+04  0.28565796E+04  0.28310163E+04  0.28057671E+04
  0.27807709E+04  0.27560076E+04  0.27315103E+04  0.27073733E+04  0.26836498E+04
  0.26602849E+04  0.26372153E+04  0.26144193E+04  0.25918946E+04  0.25696444E+04
  0.25476720E+04  0.25259847E+04  0.25046001E+04  0.24835490E+04  0.24628803E+04
  0.24426631E+04  0.24229751E+04  0.24038911E+04  0.23854743E+04  0.23677691E+04
  0.23507974E+04  0.23345579E+04  0.23190297E+04  0.23041767E+04  0.22899581E+04
  0.22763239E+04  0.22632239E+04  0.22506162E+04  0.22384591E+04  0.22267161E+04
  0.22153546E+04  0.22043456E+04  0.21936620E+04  0.21832786E+04  0.21731728E+04
  0.21633236E+04  0.21537125E+04  0.21443226E+04  0.21351386E+04  0.21261466E+04
  0.21173336E+04  0.21086878E+04  0.21001984E+04  0.20918553E+04  0.20836494E+04
  0.20755723E+04  0.20676160E+04  0.20597731E+04  0.20520367E+04  0.20443999E+04
  0.20368568E+04  0.20293995E+04  0.20220254E+04  0.20147184E+04  0.20074969E+04
  0.20002519E+04  0.19933367E+04  0.19846547E+04  0.19792229E+04  0.32161625E+04
  0.32165134E+04  0.32181777E+04  0.32200229E+04  0.32207825E+04  0.32211147E+04
  0.32212650E+04  0.32213185E+04  0.32213032E+04  0.32212289E+04  0.32210980E+04
  0.32209086E+04  0.32206528E+04  0.32203177E+04  0.32198836E+04  0.32193232E+04
  0.32185997E+04  0.32176644E+04  0.32164528E+04  0.32148758E+04  0.32128118E+04
  0.32100982E+04  0.32065181E+04  0.32017859E+04  0.31955310E+04  0.31873205E+04
  0.31766799E+04  0.31631003E+04  0.31461334E+04  0.31255544E+04  0.31017312E+04
  0.30755634E+04  0.30480646E+04  0.30199658E+04  0.29916688E+04  0.29635646E+04
  0.29359603E+04  0.29089704E+04  0.28825590E+04  0.28566257E+04  0.28310609E+04
  0.28057708E+04  0.27806975E+04  0.27558226E+04  0.27311884E+04  0.27069000E+04
  0.26830167E+04  0.26594907E+04  0.26362609E+04  0.26133067E+04  0.25906257E+04
  0.25682202E+04  0.25460935E+04  0.25242563E+04  0.25027329E+04  0.24815663E+04
  0.24608228E+04  0.24405862E+04  0.24209430E+04  0.24019710E+04  0.23837293E+04
  0.23662522E+04  0.23495464E+04  0.23335948E+04  0.23183599E+04  0.23037965E+04
  0.22898522E+04  0.22764717E+04  0.22636064E+04  0.22512101E+04  0.22392427E+04
  0.22276695E+04  0.22164597E+04  0.22055848E+04  0.21950183E+04  0.21847365E+04
  0.21747183E+04  0.21649443E+04  0.21553972E+04  0.21460612E+04  0.21369223E+04
  0.21279676E+04  0.21191848E+04  0.21105631E+04  0.21020925E+04  0.20937637E+04
  0.20855681E+04  0.20774981E+04  0.20695463E+04  0.20617056E+04  0.20539695E+04
  0.20463315E+04  0.20387856E+04  0.20313243E+04  0.20239451E+04  0.20166318E+04
  0.20094028E+04  0.20021489E+04  0.19952241E+04  0.19865274E+04  0.19810856E+04
  0.32161793E+04  0.32165718E+04  0.32183545E+04  0.32203047E+04  0.32211006E+04
  0.32214411E+04  0.32215881E+04  0.32216338E+04  0.32216105E+04  0.32215291E+04
  0.32213926E+04  0.32211992E+04  0.32209412E+04  0.32206048E+04  0.32201700E+04
  0.32196090E+04  0.32188840E+04  0.32179452E+04  0.32167262E+04  0.32151370E+04
  0.32130560E+04  0.32103200E+04  0.32067115E+04  0.32019441E+04  0.31956467E+04
  0.31873842E+04  0.31766843E+04  0.31630405E+04  0.31460034E+04  0.31253487E+04
  0.31014457E+04  0.30751962E+04  0.30476275E+04  0.30194950E+04  0.29912194E+04
  0.29631911E+04  0.29356928E+04  0.29088054E+04  0.28824690E+04  0.28565715E+04
  0.28309996E+04  0.28056589E+04  0.27804965E+04  0.27555032E+04  0.27307258E+04
  0.27062751E+04  0.26822202E+04  0.26585206E+04  0.26351180E+04  0.26119938E+04
  0.25891458E+04  0.25665751E+04  0.25442860E+04  0.25222944E+04  0.25006339E+04
  0.24793640E+04  0.24585701E+04  0.24383490E+04  0.24187938E+04  0.23999809E+04
  0.23819606E+04  0.23647517E+04  0.23483421E+04  0.23326975E+04  0.23177644E+04
  0.23034914E+04  0.22898172E+04  0.22766793E+04  0.22640336E+04  0.22518348E+04
  0.22400435E+04  0.22286264E+04  0.22175542E+04  0.22068000E+04  0.21963392E+04
  0.21861497E+04  0.21762116E+04  0.21665067E+04  0.21570189E+04  0.21477334E+04
  0.21386372E+04  0.21297181E+04  0.21209646E+04  0.21123668E+04  0.21039155E+04
  0.20956019E+04  0.20874184E+04  0.20793574E+04  0.20714122E+04  0.20635762E+04
  0.20558431E+04  0.20482065E+04  0.20406608E+04  0.20331985E+04  0.20258172E+04
  0.20185008E+04  0.20112676E+04  0.20040085E+04  0.19970779E+04  0.19883720E+04
  0.19829238E+04  0.32161935E+04  0.32166200E+04  0.32185140E+04  0.32205714E+04
  0.32214041E+04  0.32217497E+04  0.32218899E+04  0.32219254E+04  0.32218929E+04
  0.32218045E+04  0.32216631E+04  0.32214668E+04  0.32212073E+04  0.32208706E+04
  0.32204362E+04  0.32198758E+04  0.32191508E+04  0.32182107E+04  0.32169876E+04
  0.32153896E+04  0.32132940E+04  0.32105371E+04  0.32069006E+04  0.32020970E+04
  0.31957546E+04  0.31874358E+04  0.31766699E+04  0.31629537E+04  0.31458365E+04
  0.31250940E+04  0.31010975E+04  0.30747528E+04  0.30471037E+04  0.30189308E+04
  0.29906762E+04  0.29627282E+04  0.29353386E+04  0.29085548E+04  0.28822908E+04
  0.28564221E+04  0.28308332E+04  0.28054335E+04  0.27801760E+04  0.27550548E+04
  0.27301212E+04  0.27054942E+04  0.26812545E+04  0.26573695E+04  0.26337851E+04
  0.26104842E+04  0.25874637E+04  0.25647234E+04  0.25422699E+04  0.25201260E+04
  0.24983396E+04  0.24769903E+04  0.24561813E+04  0.24360210E+04  0.24166053E+04
  0.23980040E+04  0.23802517E+04  0.23633471E+04  0.23472579E+04  0.23319313E+04
  0.23173042E+04  0.23033136E+04  0.22898937E+04  0.22769853E+04  0.22645433E+04
  0.22525265E+04  0.22408980E+04  0.22296253E+04  0.22186802E+04  0.22080372E+04
  0.21976735E+04  0.21875687E+04  0.21777039E+04  0.21680622E+04  0.21586284E+04
  0.21493887E+04  0.21403306E+04  0.21314429E+04  0.21227153E+04  0.21141381E+04
  0.21057030E+04  0.20974021E+04  0.20892282E+04  0.20811743E+04  0.20732340E+04
  0.20654012E+04  0.20576699E+04  0.20500339E+04  0.20424879E+04  0.20350243E+04
  0.20276411E+04  0.20203221E+04  0.20130859E+04  0.20058233E+04  0.19988892E+04
  0.19901776E+04  0.19847254E+04  0.32162003E+04  0.32166556E+04  0.32186533E+04
  0.32208158E+04  0.32216828E+04  0.32220285E+04  0.32221591E+04  0.32221845E+04
  0.32221438E+04  0.32220496E+04  0.32219049E+04  0.32217072E+04  0.32214477E+04
  0.32211121E+04  0.32206793E+04  0.32201207E+04  0.32193970E+04  0.32184569E+04
  0.32172320E+04  0.32156282E+04  0.32135208E+04  0.32107450E+04  0.32070813E+04
  0.32022411E+04  0.31958520E+04  0.31874729E+04  0.31766351E+04  0.31628387E+04
  0.31456313E+04  0.31247890E+04  0.31006862E+04  0.30742342E+04  0.30464956E+04
  0.30182782E+04  0.29900459E+04  0.29621827E+04  0.29349054E+04  0.29082252E+04
  0.28820307E+04  0.28561859E+04  0.28305727E+04  0.28051034E+04  0.27797364E+04
  0.27544725E+04  0.27293692E+04  0.27045540E+04  0.26801201E+04  0.26560444E+04
  0.26322761E+04  0.26087985E+04  0.25856064E+04  0.25626980E+04  0.25400835E+04
  0.25177964E+04  0.24959036E+04  0.24745069E+04  0.24537266E+04  0.24336797E+04
  0.24144591E+04  0.23961202E+04  0.23786771E+04  0.23621043E+04  0.23463502E+04
  0.23313440E+04  0.23170166E+04  0.23032954E+04  0.22901130E+04  0.22774190E+04
  0.22651663E+04  0.22533171E+04  0.22418375E+04  0.22306966E+04  0.22198670E+04
  0.22093245E+04  0.21990478E+04  0.21890174E+04  0.21792158E+04  0.21696276E+04
  0.21602383E+04  0.21510353E+04  0.21420067E+04  0.21331423E+04  0.21244327E+04
  0.21158692E+04  0.21074439E+04  0.20991496E+04  0.20909799E+04  0.20829284E+04
  0.20749891E+04  0.20671559E+04  0.20594235E+04  0.20517858E+04  0.20442376E+04
  0.20367716E+04  0.20293859E+04  0.20220645E+04  0.20148262E+04  0.20075618E+04
  0.20006260E+04  0.19919123E+04  0.19864586E+04  0.32162081E+04  0.32166915E+04
  0.32187826E+04  0.32210347E+04  0.32219262E+04  0.32222664E+04  0.32223865E+04
  0.32224037E+04  0.32223574E+04  0.32222599E+04  0.32221142E+04  0.32219171E+04
  0.32216594E+04  0.32213264E+04  0.32208967E+04  0.32203411E+04  0.32196201E+04
  0.32186813E+04  0.32174558E+04  0.32158482E+04  0.32137314E+04  0.32109385E+04
  0.32072489E+04  0.32023723E+04  0.31959353E+04  0.31874930E+04  0.31765778E+04
  0.31626940E+04  0.31453870E+04  0.31244336E+04  0.31002124E+04  0.30736412E+04
  0.30458040E+04  0.30175380E+04  0.29893300E+04  0.29615560E+04  0.29343941E+04
  0.29078167E+04  0.28816869E+04  0.28558579E+04  0.28302095E+04  0.28046582E+04
  0.27791692E+04  0.27537509E+04  0.27284682E+04  0.27034589E+04  0.26788300E+04
  0.26545669E+04  0.26306201E+04  0.26069712E+04  0.25836117E+04  0.25605387E+04
  0.25377689E+04  0.25153515E+04  0.24933769E+04  0.24719711E+04  0.24512696E+04
  0.24313916E+04  0.24124194E+04  0.23943878E+04  0.23772851E+04  0.23610614E+04
  0.23456450E+04  0.23309539E+04  0.23169108E+04  0.23034419E+04  0.22904849E+04
  0.22779899E+04  0.22659111E+04  0.22542134E+04  0.22428661E+04  0.22318405E+04
  0.22211103E+04  0.22106528E+04  0.22004478E+04  0.21904772E+04  0.21807250E+04
  0.21711768E+04  0.21618193E+04  0.21526412E+04  0.21436314E+04  0.21347804E+04
  0.21260799E+04  0.21175220E+04  0.21090997E+04  0.21008063E+04  0.20926360E+04
  0.20845829E+04  0.20766413E+04  0.20688056E+04  0.20610703E+04  0.20534298E+04
  0.20458790E+04  0.20384109E+04  0.20310236E+04  0.20237014E+04  0.20164632E+04
  0.20091996E+04  0.20022653E+04  0.19935537E+04  0.19881013E+04  0.32162231E+04
  0.32167306E+04  0.32188938E+04  0.32212105E+04  0.32221176E+04  0.32224528E+04
  0.32225654E+04  0.32225777E+04  0.32225292E+04  0.32224318E+04  0.32222879E+04
  0.32220937E+04  0.32218398E+04  0.32215113E+04  0.32210864E+04  0.32205354E+04
  0.32198183E+04  0.32188819E+04  0.32176567E+04  0.32160465E+04  0.32139217E+04
  0.32111134E+04  0.32073988E+04  0.32024858E+04  0.31959999E+04  0.31874915E+04
  0.31764942E+04  0.31625161E+04  0.31451006E+04  0.31240252E+04  0.30996730E+04
  0.30729701E+04  0.30450239E+04  0.30167047E+04  0.29885227E+04  0.29608426E+04
  0.29337988E+04  0.29073226E+04  0.28812516E+04  0.28554296E+04  0.28297354E+04
  0.28040912E+04  0.27784711E+04  0.27528925E+04  0.27274289E+04  0.27022291E+04
  0.26774126E+04  0.26529703E+04  0.26288524E+04  0.26050374E+04  0.25815123E+04
  0.25582758E+04  0.25353556E+04  0.25128229E+04  0.24907963E+04  0.24694248E+04
  0.24488548E+04  0.24292001E+04  0.24105244E+04  0.23928361E+04  0.23760936E+04
  0.23602244E+04  0.23451375E+04  0.23307467E+04  0.23169713E+04  0.23037347E+04
  0.22909813E+04  0.22786640E+04  0.22667402E+04  0.22551757E+04  0.22439418E+04
  0.22330123E+04  0.22223632E+04  0.22119733E+04  0.22018236E+04  0.21918977E+04
  0.21821811E+04  0.21726605E+04  0.21633236E+04  0.21541601E+04  0.21451604E+04
  0.21363156E+04  0.21276181E+04  0.21190611E+04  0.21106381E+04  0.21023432E+04
  0.20941707E+04  0.20861152E+04  0.20781711E+04  0.20703331E+04  0.20625958E+04
  0.20549538E+04  0.20474021E+04  0.20399338E+04  0.20325475E+04  0.20252272E+04
  0.20179920E+04  0.20107324E+04  0.20038027E+04  0.19950974E+04  0.19896488E+04
  0.32162418E+04  0.32167654E+04  0.32189734E+04  0.32213275E+04  0.32222443E+04
  0.32225794E+04  0.32226906E+04  0.32227028E+04  0.32226563E+04  0.32225623E+04
  0.32224229E+04  0.32222343E+04  0.32219869E+04  0.32216651E+04  0.32212470E+04
  0.32207023E+04  0.32199904E+04  0.32190575E+04  0.32178334E+04  0.32162209E+04
  0.32140889E+04  0.32112659E+04  0.32075266E+04  0.32025768E+04  0.31960401E+04
  0.31874622E+04  0.31763782E+04  0.31622992E+04  0.31447662E+04  0.31235574E+04
  0.30990608E+04  0.30722117E+04  0.30441444E+04  0.30157673E+04  0.29876144E+04
  0.29600337E+04  0.29331109E+04  0.29067343E+04  0.28807171E+04  0.28548951E+04
  0.28291470E+04  0.28034039E+04  0.27776517E+04  0.27519154E+04  0.27262766E+04
  0.27008947E+04  0.26758989E+04  0.26512841E+04  0.26269987E+04  0.26030168E+04
  0.25793224E+04  0.25559193E+04  0.25328523E+04  0.25102218E+04  0.24881781E+04
  0.24668896E+04  0.24465055E+04  0.24271261E+04  0.24087886E+04  0.23914686E+04
  0.23750951E+04  0.23595736E+04  0.23448013E+04  0.23306890E+04  0.23171565E+04
  0.23041296E+04  0.22915551E+04  0.22793910E+04  0.22675997E+04  0.22561480E+04
  0.22450082E+04  0.22341567E+04  0.22235720E+04  0.22132348E+04  0.22031276E+04
  0.21932352E+04  0.21835443E+04  0.21740427E+04  0.21647196E+04  0.21555653E+04
  0.21465715E+04  0.21377301E+04  0.21290342E+04  0.21204775E+04  0.21120541E+04
  0.21037584E+04  0.20955850E+04  0.20875284E+04  0.20795833E+04  0.20717444E+04
  0.20640067E+04  0.20563645E+04  0.20488133E+04  0.20413463E+04  0.20339621E+04
  0.20266450E+04  0.20194140E+04  0.20121598E+04  0.20052359E+04  0.19965386E+04
  0.19910951E+04  0.32162599E+04  0.32167888E+04  0.32190144E+04  0.32213851E+04
  0.32223082E+04  0.32226472E+04  0.32227619E+04  0.32227784E+04  0.32227373E+04
  0.32226497E+04  0.32225175E+04  0.32223373E+04  0.32220990E+04  0.32217867E+04
  0.32213775E+04  0.32208408E+04  0.32201354E+04  0.32192070E+04  0.32179845E+04
  0.32163702E+04  0.32142312E+04  0.32113934E+04  0.32076291E+04  0.32026413E+04
  0.31960520E+04  0.31874011E+04  0.31762243E+04  0.31620369E+04  0.31443764E+04
  0.31230218E+04  0.30983659E+04  0.30713551E+04  0.30431528E+04  0.30147148E+04
  0.29865984E+04  0.29591243E+04  0.29323272E+04  0.29060509E+04  0.28800857E+04
  0.28542598E+04  0.28284549E+04  0.28026143E+04  0.27767344E+04  0.27508465E+04
  0.27250388E+04  0.26994806E+04  0.26743090E+04  0.26495216E+04  0.26250648E+04
  0.26009083E+04  0.25770350E+04  0.25534596E+04  0.25302517E+04  0.25075468E+04
  0.24855270E+04  0.24643747E+04  0.24442323E+04  0.24251765E+04  0.24072100E+04
  0.23902725E+04  0.23742658E+04  0.23590760E+04  0.23445979E+04  0.23307392E+04
  0.23174181E+04  0.23045726E+04  0.22921533E+04  0.22801214E+04  0.22684428E+04
  0.22570864E+04  0.22460259E+04  0.22352395E+04  0.22247079E+04  0.22144137E+04
  0.22043410E+04  0.21944757E+04  0.21848055E+04  0.21753193E+04  0.21660075E+04
  0.21568611E+04  0.21478724E+04  0.21390344E+04  0.21303405E+04  0.21217847E+04
  0.21133615E+04  0.21050652E+04  0.20968907E+04  0.20888324E+04  0.20808851E+04
  0.20730437E+04  0.20653032E+04  0.20576583E+04  0.20501046E+04  0.20426358E+04
  0.20352506E+04  0.20279335E+04  0.20207039E+04  0.20134521E+04  0.20065318E+04
  0.19978412E+04  0.19924022E+04  0.32162758E+04  0.32167988E+04  0.32190210E+04
  0.32213950E+04  0.32223220E+04  0.32226662E+04  0.32227861E+04  0.32228083E+04
  0.32227739E+04  0.32226944E+04  0.32225718E+04  0.32224026E+04  0.32221761E+04
  0.32218754E+04  0.32214772E+04  0.32209500E+04  0.32202523E+04  0.32193292E+04
  0.32181090E+04  0.32164933E+04  0.32143472E+04  0.32114942E+04  0.32077039E+04
  0.32026759E+04  0.31960317E+04  0.31873039E+04  0.31760277E+04  0.31617231E+04
  0.31439241E+04  0.31224103E+04  0.30975790E+04  0.30703901E+04  0.30420409E+04
  0.30135429E+04  0.29854743E+04  0.29581181E+04  0.29314548E+04  0.29052831E+04
  0.28793709E+04  0.28535405E+04  0.28276809E+04  0.28017469E+04  0.27757421E+04
  0.27497059E+04  0.27237318E+04  0.26979963E+04  0.26726445E+04  0.26476772E+04
  0.26230385E+04  0.25986938E+04  0.25746292E+04  0.25508766E+04  0.25275396E+04
  0.25047935E+04  0.24828473E+04  0.24618887E+04  0.24420434E+04  0.24233536E+04
  0.24057812E+04  0.23892300E+04  0.23735782E+04  0.23586998E+04  0.23444901E+04
  0.23308577E+04  0.23177244E+04  0.23050377E+04  0.22927541E+04  0.22808373E+04
  0.22692558E+04  0.22579814E+04  0.22469896E+04  0.22362598E+04  0.22257742E+04
  0.22155171E+04  0.22054741E+04  0.21956321E+04  0.21859795E+04  0.21765064E+04
  0.21672035E+04  0.21580629E+04  0.21490773E+04  0.21402399E+04  0.21315448E+04
  0.21229862E+04  0.21145583E+04  0.21062559E+04  0.20980736E+04  0.20900063E+04
  0.20820488E+04  0.20741964E+04  0.20664443E+04  0.20587878E+04  0.20512231E+04
  0.20437441E+04  0.20363500E+04  0.20290256E+04  0.20217908E+04  0.20145360E+04
  0.20076151E+04  0.19989283E+04  0.19934926E+04  0.32162912E+04  0.32168016E+04
  0.32190071E+04  0.32213752E+04  0.32223022E+04  0.32226501E+04  0.32227736E+04
  0.32227999E+04  0.32227709E+04  0.32226998E+04  0.32225887E+04  0.32224324E+04
  0.32222194E+04  0.32219319E+04  0.32215459E+04  0.32210296E+04  0.32203406E+04
  0.32194233E+04  0.32182060E+04  0.32165891E+04  0.32144358E+04  0.32115669E+04
  0.32077490E+04  0.32026789E+04  0.31959765E+04  0.31871667E+04  0.31757842E+04
  0.31613534E+04  0.31434042E+04  0.31217175E+04  0.30966930E+04  0.30693094E+04
  0.30408077E+04  0.30122559E+04  0.29842499E+04  0.29570271E+04  0.29305085E+04
  0.29044478E+04  0.28785899E+04  0.28527559E+04  0.28268445E+04  0.28008178E+04
  0.27746875E+04  0.27485010E+04  0.27223563E+04  0.26964349E+04  0.26708917E+04
  0.26457317E+04  0.26208964E+04  0.25963479E+04  0.25720799E+04  0.25481503E+04
  0.25247053E+04  0.25019617E+04  0.24801477E+04  0.24594456E+04  0.24399512E+04
  0.24216628E+04  0.24044978E+04  0.23883279E+04  0.23730126E+04  0.23584242E+04
  0.23444565E+04  0.23310231E+04  0.23180594E+04  0.23055169E+04  0.22933556E+04
  0.22815417E+04  0.22700463E+04  0.22588439E+04  0.22479121E+04  0.22372314E+04
  0.22267852E+04  0.22165588E+04  0.22065391E+04  0.21967139E+04  0.21870724E+04
  0.21776051E+04  0.21683035E+04  0.21591601E+04  0.21501679E+04  0.21413210E+04
  0.21326134E+04  0.21240397E+04  0.21155945E+04  0.21072726E+04  0.20990691E+04
  0.20909792E+04  0.20829983E+04  0.20751221E+04  0.20673467E+04  0.20596679E+04
  0.20520826E+04  0.20445852E+04  0.20371754E+04  0.20298380E+04  0.20225938E+04
  0.20153329E+04  0.20084094E+04  0.19997263E+04  0.19942945E+04  0.32163059E+04
  0.32167986E+04  0.32189753E+04  0.32213306E+04  0.32222553E+04  0.32226037E+04
  0.32227301E+04  0.32227608E+04  0.32227376E+04  0.32226747E+04  0.32225745E+04
  0.32224309E+04  0.32222314E+04  0.32219576E+04  0.32215846E+04  0.32210796E+04
  0.32203998E+04  0.32194889E+04  0.32182747E+04  0.32166568E+04  0.32144960E+04
  0.32116102E+04  0.32077632E+04  0.32026489E+04  0.31958851E+04  0.31869877E+04
  0.31754913E+04  0.31609248E+04  0.31428134E+04  0.31209409E+04  0.30957031E+04
  0.30681090E+04  0.30394558E+04  0.30108626E+04  0.29829379E+04  0.29558661E+04
  0.29295042E+04  0.29035600E+04  0.28777572E+04  0.28519191E+04  0.28259546E+04
  0.27998318E+04  0.27735701E+04  0.27472253E+04  0.27208987E+04  0.26947776E+04
  0.26690284E+04  0.26436610E+04  0.26186136E+04  0.25938464E+04  0.25693672E+04
  0.25452704E+04  0.25217518E+04  0.24990664E+04  0.24774525E+04  0.24570723E+04
  0.24379785E+04  0.24201178E+04  0.24033642E+04  0.23875632E+04  0.23725635E+04
  0.23582417E+04  0.23444958E+04  0.23312444E+04  0.23184337E+04  0.23060199E+04
  0.22939664E+04  0.22822420E+04  0.22708202E+04  0.22596777E+04  0.22487940E+04
  0.22381509E+04  0.22277322E+04  0.22175243E+04  0.22075145E+04  0.21976918E+04
  0.21880463E+04  0.21785691E+04  0.21692523E+04  0.21600891E+04  0.21510735E+04
  0.21421999E+04  0.21334633E+04  0.21248586E+04  0.21163811E+04  0.21080260E+04
  0.20997890E+04  0.20916660E+04  0.20836533E+04  0.20757472E+04  0.20679445E+04
  0.20602418E+04  0.20526362E+04  0.20451223E+04  0.20377000E+04  0.20303541E+04
  0.20231054E+04  0.20158439E+04  0.20089233E+04  0.20002498E+04  0.19948253E+04
  0.32163181E+04  0.32167801E+04  0.32189064E+04  0.32212392E+04  0.32221611E+04
  0.32225128E+04  0.32226481E+04  0.32226908E+04  0.32226802E+04  0.32226278E+04
  0.32225367E+04  0.32224033E+04  0.32222158E+04  0.32219550E+04  0.32215944E+04
  0.32211009E+04  0.32204307E+04  0.32195264E+04  0.32183152E+04  0.32166957E+04
  0.32145264E+04  0.32116224E+04  0.32077449E+04  0.32025837E+04  0.31957546E+04
  0.31867646E+04  0.31751468E+04  0.31604351E+04  0.31421497E+04  0.31200789E+04
  0.30946086E+04  0.30667893E+04  0.30379885E+04  0.30093694E+04  0.29815479E+04
  0.29546459E+04  0.29284522E+04  0.29026266E+04  0.28768771E+04  0.28510324E+04
  0.28250082E+04  0.27987804E+04  0.27723766E+04  0.27458606E+04  0.27193375E+04
  0.26930014E+04  0.26670320E+04  0.26414439E+04  0.26161705E+04  0.25911734E+04
  0.25664826E+04  0.25422410E+04  0.25186982E+04  0.24961399E+04  0.24748012E+04
  0.24548075E+04  0.24361558E+04  0.24187382E+04  0.24023904E+04  0.23869391E+04
  0.23722320E+04  0.23581512E+04  0.23446033E+04  0.23315162E+04  0.23188397E+04
  0.23065349E+04  0.22945698E+04  0.22829162E+04  0.22715497E+04  0.22604488E+04
  0.22495943E+04  0.22389690E+04  0.22285577E+04  0.22183472E+04  0.22083263E+04
  0.21984849E+04  0.21888146E+04  0.21793075E+04  0.21699571E+04  0.21607576E+04
  0.21517042E+04  0.21427923E+04  0.21340180E+04  0.21253766E+04  0.21168639E+04
  0.21084759E+04  0.21002089E+04  0.20920595E+04  0.20840244E+04  0.20761002E+04
  0.20682843E+04  0.20605731E+04  0.20529636E+04  0.20454502E+04  0.20380326E+04
  0.20306948E+04  0.20234575E+04  0.20162103E+04  0.20093053E+04  0.20006531E+04
  0.19952420E+04  0.32163302E+04  0.32167484E+04  0.32187844E+04  0.32210641E+04
  0.32219849E+04  0.32223528E+04  0.32225112E+04  0.32225787E+04  0.32225908E+04
  0.32225565E+04  0.32224782E+04  0.32223540E+04  0.32221761E+04  0.32219264E+04
  0.32215777E+04  0.32210954E+04  0.32204345E+04  0.32195363E+04  0.32183271E+04
  0.32167048E+04  0.32145261E+04  0.32116029E+04  0.32076926E+04  0.32024813E+04
  0.31955832E+04  0.31864950E+04  0.31747484E+04  0.31598820E+04  0.31414111E+04
  0.31191295E+04  0.30934104E+04  0.30653527E+04  0.30364064E+04  0.30077782E+04
  0.29800827E+04  0.29533691E+04  0.29273529E+04  0.29016451E+04  0.28759435E+04
  0.28500852E+04  0.28239907E+04  0.27976457E+04  0.27710863E+04  0.27443848E+04
  0.27176509E+04  0.26910865E+04  0.26648860E+04  0.26390672E+04  0.26135572E+04
  0.25883236E+04  0.25634307E+04  0.25390815E+04  0.25155791E+04  0.24932273E+04
  0.24722405E+04  0.24526903E+04  0.24345094E+04  0.24175363E+04  0.24015765E+04
  0.23864466E+04  0.23720019E+04  0.23581290E+04  0.23447430E+04  0.23317876E+04
  0.23192180E+04  0.23069986E+04  0.22950992E+04  0.22834938E+04  0.22721596E+04
  0.22610761E+04  0.22502261E+04  0.22395943E+04  0.22291670E+04  0.22189327E+04
  0.22088817E+04  0.21990060E+04  0.21892987E+04  0.21797539E+04  0.21703665E+04
  0.21611322E+04  0.21520471E+04  0.21431073E+04  0.21343086E+04  0.21256471E+04
  0.21171191E+04  0.21087211E+04  0.21004500E+04  0.20923023E+04  0.20842746E+04
  0.20763636E+04  0.20685659E+04  0.20608775E+04  0.20532947E+04  0.20458113E+04
  0.20384258E+04  0.20311218E+04  0.20239190E+04  0.20167065E+04  0.20098337E+04
  0.20012164E+04  0.19958253E+04  0.32163476E+04  0.32166985E+04  0.32185840E+04
  0.32207701E+04  0.32216965E+04  0.32221017E+04  0.32223024E+04  0.32224096E+04
  0.32224561E+04  0.32224500E+04  0.32223930E+04  0.32222827E+04  0.32221137E+04
  0.32218733E+04  0.32215362E+04  0.32210652E+04  0.32204133E+04  0.32195206E+04
  0.32183122E+04  0.32166854E+04  0.32144954E+04  0.32115506E+04  0.32076045E+04
  0.32023393E+04  0.31953678E+04  0.31861758E+04  0.31742925E+04  0.31592620E+04
  0.31405940E+04  0.31180887E+04  0.30921058E+04  0.30637972E+04  0.30347067E+04
  0.30060861E+04  0.29785387E+04  0.29520301E+04  0.29261968E+04  0.29006035E+04
  0.28749419E+04  0.28490589E+04  0.28228816E+04  0.27964062E+04  0.27696782E+04
  0.27427785E+04  0.27158222E+04  0.26890212E+04  0.26625832E+04  0.26365267E+04
  0.26107720E+04  0.25852998E+04  0.25602250E+04  0.25358189E+04  0.25124323E+04
  0.24903707E+04  0.24698060E+04  0.24507412E+04  0.24330397E+04  0.24164930E+04
  0.24008858E+04  0.23860371E+04  0.23718103E+04  0.23581029E+04  0.23448441E+04
  0.23319864E+04  0.23194912E+04  0.23073274E+04  0.22954672E+04  0.22838853E+04
  0.22725596E+04  0.22614724E+04  0.22506089E+04  0.22399567E+04  0.22295048E+04
  0.22192437E+04  0.22091654E+04  0.21992636E+04  0.21895332E+04  0.21799701E+04
  0.21705705E+04  0.21613309E+04  0.21522473E+04  0.21433152E+04  0.21345304E+04
  0.21258892E+04  0.21173884E+04  0.21090243E+04  0.21007929E+04  0.20926899E+04
  0.20847111E+04  0.20768525E+04  0.20691100E+04  0.20614788E+04  0.20539542E+04
  0.20465290E+04  0.20392011E+04  0.20319534E+04  0.20248043E+04  0.20176428E+04
  0.20108151E+04  0.20022417E+04  0.19968747E+04  0.32163700E+04  0.32166249E+04
  0.32182978E+04  0.32203507E+04  0.32212853E+04  0.32217470E+04  0.32220091E+04
  0.32221716E+04  0.32222649E+04  0.32222972E+04  0.32222708E+04  0.32221833E+04
  0.32220282E+04  0.32217975E+04  0.32214710E+04  0.32210107E+04  0.32203676E+04
  0.32194801E+04  0.32182715E+04  0.32166382E+04  0.32144340E+04  0.32114642E+04
  0.32074786E+04  0.32021553E+04  0.31951052E+04  0.31858026E+04  0.31737743E+04
  0.31585697E+04  0.31396921E+04  0.31169484E+04  0.30906888E+04  0.30621170E+04
  0.30328814E+04  0.30042844E+04  0.29769050E+04  0.29506166E+04  0.29249678E+04
  0.28994831E+04  0.28738543E+04  0.28479348E+04  0.28216619E+04  0.27950439E+04
  0.27681366E+04  0.27410291E+04  0.27138438E+04  0.26868024E+04  0.26601233E+04
  0.26338222E+04  0.26078137E+04  0.25821045E+04  0.25568769E+04  0.25324746E+04
  0.25092832E+04  0.24875897E+04  0.24675010E+04  0.24489388E+04  0.24316991E+04
  0.24155372E+04  0.24002309E+04  0.23856106E+04  0.23715521E+04  0.23579707E+04
  0.23448110E+04  0.23320276E+04  0.23195862E+04  0.23074593E+04  0.22956219E+04
  0.22840512E+04  0.22727282E+04  0.22616381E+04  0.22507690E+04  0.22401114E+04
  0.22296569E+04  0.22193975E+04  0.22093265E+04  0.21994393E+04  0.21897319E+04
  0.21802007E+04  0.21708416E+04  0.21616496E+04  0.21526197E+04  0.21437466E+04
  0.21350263E+04  0.21264547E+04  0.21180269E+04  0.21097376E+04  0.21015815E+04
  0.20935536E+04  0.20856494E+04  0.20778647E+04  0.20701948E+04  0.20626346E+04
  0.20551791E+04  0.20478210E+04  0.20405579E+04  0.20333726E+04  0.20262824E+04
  0.20191761E+04  0.20123970E+04  0.20038700E+04  0.19985278E+04  0.32163771E+04
  0.32165444E+04  0.32179739E+04  0.32198421E+04  0.32207699E+04  0.32212908E+04
  0.32216260E+04  0.32218560E+04  0.32220073E+04  0.32220883E+04  0.32221015E+04
  0.32220458E+04  0.32219148E+04  0.32216983E+04  0.32213818E+04  0.32209317E+04
  0.32202968E+04  0.32194138E+04  0.32182037E+04  0.32165620E+04  0.32143413E+04
  0.32113432E+04  0.32073137E+04  0.32019268E+04  0.31947919E+04  0.31853710E+04
  0.31731878E+04  0.31577975E+04  0.31386966E+04  0.31156974E+04  0.30891498E+04
  0.30602995E+04  0.30309102E+04  0.30023544E+04  0.29751662E+04  0.29491137E+04
  0.29236506E+04  0.28982684E+04  0.28726642E+04  0.28466968E+04  0.28203173E+04
  0.27935476E+04  0.27664538E+04  0.27391327E+04  0.27117148E+04  0.26844307E+04
  0.26575047E+04  0.26309463E+04  0.26046707E+04  0.25787279E+04  0.25533828E+04
  0.25290507E+04  0.25061328E+04  0.24848713E+04  0.24652878E+04  0.24472165E+04
  0.24303958E+04  0.24145622E+04  0.23995023E+04  0.23850639E+04  0.23711446E+04
  0.23576757E+04  0.23446073E+04  0.23318990E+04  0.23195174E+04  0.23074342E+04
  0.22956284E+04  0.22840851E+04  0.22727915E+04  0.22617364E+04  0.22509097E+04
  0.22403015E+04  0.22299028E+04  0.22197056E+04  0.22097046E+04  0.21998953E+04
  0.21902719E+04  0.21808288E+04  0.21715603E+04  0.21624607E+04  0.21535245E+04
  0.21447458E+04  0.21361185E+04  0.21276350E+04  0.21192882E+04  0.21110735E+04
  0.21029870E+04  0.20950251E+04  0.20871841E+04  0.20794600E+04  0.20718486E+04
  0.20643448E+04  0.20569444E+04  0.20496402E+04  0.20424297E+04  0.20352959E+04
  0.20282553E+04  0.20211967E+04  0.20144603E+04  0.20059749E+04  0.20006552E+04
  0.32163795E+04  0.32164669E+04  0.32176382E+04  0.32192834E+04  0.32201801E+04
  0.32207493E+04  0.32211570E+04  0.32214597E+04  0.32216764E+04  0.32218144E+04
  0.32218762E+04  0.32218610E+04  0.32217628E+04  0.32215687E+04  0.32212653E+04
  0.32208255E+04  0.32201994E+04  0.32193210E+04  0.32181088E+04  0.32164569E+04
  0.32142169E+04  0.32111867E+04  0.32071084E+04  0.32016519E+04  0.31944247E+04
  0.31848762E+04  0.31725266E+04  0.31569373E+04  0.31375967E+04  0.31143223E+04
  0.30874725E+04  0.30583270E+04  0.30287758E+04  0.30002813E+04  0.29733114E+04
  0.29475112E+04  0.29222360E+04  0.28969496E+04  0.28713603E+04  0.28453352E+04
  0.28188409E+04  0.27919132E+04  0.27646281E+04  0.27370894E+04  0.27094344E+04
  0.26818999E+04  0.26547119E+04  0.26278730E+04  0.26013111E+04  0.25751416E+04
  0.25497246E+04  0.25255363E+04  0.25029681E+04  0.24821890E+04  0.24631199E+04
  0.24455148E+04  0.24290729E+04  0.24135322E+04  0.23987021E+04  0.23844494E+04
  0.23706885E+04  0.23573549E+04  0.23443952E+04  0.23317773E+04  0.23194785E+04
  0.23074784E+04  0.22957603E+04  0.22843094E+04  0.22731132E+04  0.22621607E+04
  0.22514416E+04  0.22409451E+04  0.22306614E+04  0.22205826E+04  0.22107012E+04
  0.22010069E+04  0.21914906E+04  0.21821466E+04  0.21729708E+04  0.21639586E+04
  0.21551054E+04  0.21464055E+04  0.21378521E+04  0.21294378E+04  0.21211561E+04
  0.21130033E+04  0.21049755E+04  0.20970694E+04  0.20892817E+04  0.20816086E+04
  0.20740460E+04  0.20665894E+04  0.20592340E+04  0.20519718E+04  0.20447997E+04
  0.20377005E+04  0.20306913E+04  0.20236621E+04  0.20169512E+04  0.20084886E+04
  0.20031807E+04  0.32164001E+04  0.32163870E+04  0.32172919E+04  0.32187174E+04
  0.32195602E+04  0.32201535E+04  0.32206182E+04  0.32209875E+04  0.32212705E+04
  0.32214702E+04  0.32215876E+04  0.32216198E+04  0.32215613E+04  0.32213989E+04
  0.32211145E+04  0.32206870E+04  0.32200717E+04  0.32191992E+04  0.32179848E+04
  0.32163214E+04  0.32140595E+04  0.32109935E+04  0.32068612E+04  0.32013283E+04
  0.31940006E+04  0.31843137E+04  0.31717847E+04  0.31559807E+04  0.31363818E+04
  0.31128102E+04  0.30856366E+04  0.30561787E+04  0.30264668E+04  0.29980593E+04
  0.29713376E+04  0.29458055E+04  0.29207191E+04  0.28955220E+04  0.28699388E+04
  0.28438476E+04  0.28172316E+04  0.27901400E+04  0.27626577E+04  0.27348934E+04
  0.27069895E+04  0.26791856E+04  0.26517073E+04  0.26245575E+04  0.25976950E+04
  0.25713256E+04  0.25459103E+04  0.25219639E+04  0.24998355E+04  0.24795950E+04
  0.24610626E+04  0.24439328E+04  0.24278895E+04  0.24126727E+04  0.23980992E+04
  0.23840564E+04  0.23704745E+04  0.23573002E+04  0.23444935E+04  0.23320282E+04
  0.23198845E+04  0.23080444E+04  0.22964867E+04  0.22851914E+04  0.22741435E+04
  0.22633307E+04  0.22527423E+04  0.22423695E+04  0.22322046E+04  0.22222399E+04
  0.22124656E+04  0.22028698E+04  0.21934446E+04  0.21841855E+04  0.21750882E+04
  0.21661480E+04  0.21573593E+04  0.21487171E+04  0.21402169E+04  0.21318531E+04
  0.21236198E+04  0.21155104E+04  0.21075202E+04  0.20996468E+04  0.20918873E+04
  0.20842384E+04  0.20766958E+04  0.20692530E+04  0.20619047E+04  0.20546419E+04
  0.20474627E+04  0.20403529E+04  0.20333329E+04  0.20262955E+04  0.20195806E+04
  0.20111237E+04  0.20058218E+04  0.32164319E+04  0.32162970E+04  0.32169447E+04
  0.32181824E+04  0.32189568E+04  0.32195423E+04  0.32200363E+04  0.32204546E+04
  0.32207961E+04  0.32210562E+04  0.32212311E+04  0.32213160E+04  0.32213032E+04
  0.32211789E+04  0.32209215E+04  0.32205107E+04  0.32199077E+04  0.32190428E+04
  0.32178271E+04  0.32161517E+04  0.32138661E+04  0.32107610E+04  0.32065697E+04
  0.32009533E+04  0.31935161E+04  0.31836794E+04  0.31709562E+04  0.31549201E+04
  0.31350421E+04  0.31111491E+04  0.30836259E+04  0.30538354E+04  0.30239696E+04
  0.29956838E+04  0.29692456E+04  0.29439958E+04  0.29190979E+04  0.28939861E+04
  0.28684000E+04  0.28422335E+04  0.28154871E+04  0.27882221E+04  0.27605302E+04
  0.27325228E+04  0.27043467E+04  0.26762451E+04  0.26484510E+04  0.26209846E+04
  0.25938591E+04  0.25673820E+04  0.25421006E+04  0.25185393E+04  0.24969798E+04
  0.24773917E+04  0.24594864E+04  0.24428837E+04  0.24272644E+04  0.24123963E+04
  0.23981212E+04  0.23843415E+04  0.23709908E+04  0.23580284E+04  0.23454304E+04
  0.23331722E+04  0.23212275E+04  0.23095719E+04  0.22981820E+04  0.22870398E+04
  0.22761327E+04  0.22654484E+04  0.22549777E+04  0.22447116E+04  0.22346394E+04
  0.22247519E+04  0.22150407E+04  0.22055002E+04  0.21961260E+04  0.21869140E+04
  0.21778571E+04  0.21689474E+04  0.21601778E+04  0.21515421E+04  0.21430342E+04
  0.21346491E+04  0.21263828E+04  0.21182326E+04  0.21101985E+04  0.21022791E+04
  0.20944680E+04  0.20867591E+04  0.20791469E+04  0.20716266E+04  0.20641955E+04
  0.20568475E+04  0.20495885E+04  0.20424095E+04  0.20353322E+04  0.20282471E+04
  0.20214985E+04  0.20130337E+04  0.20077358E+04  0.32164871E+04  0.32162245E+04
  0.32166252E+04  0.32176932E+04  0.32183954E+04  0.32189541E+04  0.32194496E+04
  0.32198907E+04  0.32202716E+04  0.32205812E+04  0.32208090E+04  0.32209473E+04
  0.32209821E+04  0.32208998E+04  0.32206782E+04  0.32202889E+04  0.32196990E+04
  0.32188430E+04  0.32176275E+04  0.32159409E+04  0.32136313E+04  0.32104848E+04
  0.32062298E+04  0.32005229E+04  0.31929671E+04  0.31829681E+04  0.31700352E+04
  0.31537482E+04  0.31335682E+04  0.31093278E+04  0.30814269E+04  0.30512830E+04
  0.30212750E+04  0.29931532E+04  0.29670379E+04  0.29420842E+04  0.29173734E+04
  0.28923413E+04  0.28667406E+04  0.28404855E+04  0.28135938E+04  0.27861378E+04
  0.27582143E+04  0.27299403E+04  0.27014708E+04  0.26730763E+04  0.26450161E+04
  0.26173191E+04  0.25900573E+04  0.25636436E+04  0.25387012E+04  0.25157629E+04
  0.24949823E+04  0.24761658E+04  0.24589534E+04  0.24429392E+04  0.24278029E+04
  0.24133344E+04  0.23994049E+04  0.23859294E+04  0.23728453E+04  0.23601162E+04
  0.23477187E+04  0.23356291E+04  0.23238252E+04  0.23122863E+04  0.23009955E+04
  0.22899405E+04  0.22791093E+04  0.22684884E+04  0.22580681E+04  0.22478334E+04
  0.22377684E+04  0.22278668E+04  0.22181253E+04  0.22085438E+04  0.21991224E+04
  0.21898552E+04  0.21807283E+04  0.21717295E+04  0.21628526E+04  0.21540933E+04
  0.21454515E+04  0.21369314E+04  0.21285369E+04  0.21202680E+04  0.21121189E+04
  0.21040803E+04  0.20961454E+04  0.20883086E+04  0.20805620E+04  0.20729075E+04
  0.20653525E+04  0.20579032E+04  0.20505686E+04  0.20433307E+04  0.20362037E+04
  0.20290708E+04  0.20222770E+04  0.20137796E+04  0.20084697E+04  0.32165769E+04
  0.32161941E+04  0.32163621E+04  0.32172671E+04  0.32178970E+04  0.32184216E+04
  0.32188994E+04  0.32193364E+04  0.32197284E+04  0.32200651E+04  0.32203321E+04
  0.32205153E+04  0.32205952E+04  0.32205557E+04  0.32203728E+04  0.32200104E+04
  0.32194359E+04  0.32185892E+04  0.32173752E+04  0.32156796E+04  0.32133468E+04
  0.32101576E+04  0.32058350E+04  0.32000312E+04  0.31923473E+04  0.31821735E+04
  0.31690144E+04  0.31524564E+04  0.31319500E+04  0.31073342E+04  0.30790261E+04
  0.30485080E+04  0.30183747E+04  0.29904672E+04  0.29647163E+04  0.29400724E+04
  0.29155435E+04  0.28905777E+04  0.28649443E+04  0.28385804E+04  0.28115210E+04
  0.27838506E+04  0.27556793E+04  0.27271471E+04  0.26984387E+04  0.26698781E+04
  0.26417310E+04  0.26139897E+04  0.25867898E+04  0.25607005E+04  0.25363961E+04
  0.25143110E+04  0.24944831E+04  0.24765838E+04  0.24601557E+04  0.24447809E+04
  0.24301459E+04  0.24160488E+04  0.24023789E+04  0.23890790E+04  0.23761185E+04
  0.23634816E+04  0.23511466E+04  0.23390913E+04  0.23272980E+04  0.23157494E+04
  0.23044338E+04  0.22933408E+04  0.22824515E+04  0.22717457E+04  0.22612107E+04
  0.22508349E+04  0.22406157E+04  0.22305608E+04  0.22206741E+04  0.22109524E+04
  0.22013853E+04  0.21919566E+04  0.21826568E+04  0.21734764E+04  0.21644093E+04
  0.21554615E+04  0.21466528E+04  0.21379982E+04  0.21294950E+04  0.21211215E+04
  0.21128487E+04  0.21046619E+04  0.20965539E+04  0.20885180E+04  0.20805474E+04
  0.20726420E+04  0.20648081E+04  0.20570537E+04  0.20493865E+04  0.20417904E+04
  0.20342980E+04  0.20268118E+04  0.20197181E+04  0.20110131E+04  0.20056226E+04
  0.32166929E+04  0.32161962E+04  0.32161540E+04  0.32169179E+04  0.32174806E+04
  0.32179654E+04  0.32184122E+04  0.32188246E+04  0.32192012E+04  0.32195371E+04
  0.32198195E+04  0.32200291E+04  0.32201438E+04  0.32201410E+04  0.32199935E+04
  0.32196628E+04  0.32191077E+04  0.32182702E+04  0.32170589E+04  0.32153567E+04
  0.32130023E+04  0.32097696E+04  0.32053760E+04  0.31994690E+04  0.31916480E+04
  0.31812864E+04  0.31678839E+04  0.31510339E+04  0.31301751E+04  0.31051540E+04
  0.30764070E+04  0.30454943E+04  0.30152595E+04  0.29876236E+04  0.29622788E+04
  0.29379530E+04  0.29135923E+04  0.28886715E+04  0.28629807E+04  0.28364840E+04
  0.28092432E+04  0.27813693E+04  0.27530077E+04  0.27243360E+04  0.26955907E+04
  0.26671368E+04  0.26391576E+04  0.26115961E+04  0.25847045E+04  0.25591882E+04
  0.25357688E+04  0.25147598E+04  0.24960228E+04  0.24790771E+04  0.24633452E+04
  0.24483983E+04  0.24339738E+04  0.24199337E+04  0.24062269E+04  0.23928357E+04
  0.23797593E+04  0.23669923E+04  0.23545157E+04  0.23423187E+04  0.23303881E+04
  0.23187016E+04  0.23072375E+04  0.22959700E+04  0.22848795E+04  0.22739530E+04
  0.22631762E+04  0.22525598E+04  0.22421356E+04  0.22319162E+04  0.22218893E+04
  0.22120243E+04  0.22022861E+04  0.21926550E+04  0.21831221E+04  0.21736774E+04
  0.21643107E+04  0.21550224E+04  0.21458195E+04  0.21367021E+04  0.21276596E+04
  0.21186805E+04  0.21097593E+04  0.21008952E+04  0.20920858E+04  0.20833282E+04
  0.20746245E+04  0.20659708E+04  0.20573625E+04  0.20487978E+04  0.20402893E+04
  0.20318431E+04  0.20235333E+04  0.20152885E+04  0.20075634E+04  0.19984318E+04
  0.19928797E+04  0.32168230E+04  0.32162210E+04  0.32159998E+04  0.32166542E+04
  0.32171564E+04  0.32175933E+04  0.32179968E+04  0.32183707E+04  0.32187131E+04
  0.32190234E+04  0.32192926E+04  0.32195036E+04  0.32196335E+04  0.32196540E+04
  0.32195347E+04  0.32192346E+04  0.32187021E+04  0.32178769E+04  0.32166706E+04
  0.32149625E+04  0.32125863E+04  0.32093086E+04  0.32048403E+04  0.31988240E+04
  0.31908567E+04  0.31802939E+04  0.31666306E+04  0.31494663E+04  0.31282274E+04
  0.31027688E+04  0.30735479E+04  0.30422206E+04  0.30119152E+04  0.29846145E+04
  0.29597132E+04  0.29357042E+04  0.29114919E+04  0.28865949E+04  0.28608357E+04
  0.28342226E+04  0.28068634E+04  0.27789079E+04  0.27505485E+04  0.27219948E+04
  0.26935353E+04  0.26654752E+04  0.26378163E+04  0.26105351E+04  0.25840763E+04
  0.25592894E+04  0.25368645E+04  0.25168952E+04  0.24989684E+04  0.24824741E+04
  0.24668888E+04  0.24518810E+04  0.24372887E+04  0.24230426E+04  0.24091208E+04
  0.23955141E+04  0.23822049E+04  0.23691838E+04  0.23564800E+04  0.23441007E+04
  0.23320063E+04  0.23201473E+04  0.23084816E+04  0.22969802E+04  0.22856250E+04
  0.22744012E+04  0.22632916E+04  0.22522992E+04  0.22414396E+04  0.22307052E+04
  0.22200718E+04  0.22095214E+04  0.21990448E+04  0.21886374E+04  0.21782899E+04
  0.21679960E+04  0.21577489E+04  0.21475320E+04  0.21373209E+04  0.21270994E+04
  0.21168677E+04  0.21066432E+04  0.20964492E+04  0.20862978E+04  0.20761994E+04
  0.20661640E+04  0.20562026E+04  0.20463210E+04  0.20365241E+04  0.20268163E+04
  0.20172207E+04  0.20077483E+04  0.19984964E+04  0.19893955E+04  0.19809530E+04
  0.19713271E+04  0.19655857E+04  0.32169556E+04  0.32162593E+04  0.32158977E+04
  0.32164762E+04  0.32169211E+04  0.32173020E+04  0.32176501E+04  0.32179759E+04
  0.32182746E+04  0.32185417E+04  0.32187747E+04  0.32189623E+04  0.32190833E+04
  0.32191072E+04  0.32190017E+04  0.32187236E+04  0.32182155E+04  0.32174087E+04
  0.32162079E+04  0.32144905E+04  0.32120887E+04  0.32087623E+04  0.32042144E+04
  0.31980819E+04  0.31899582E+04  0.31791804E+04  0.31652377E+04  0.31477353E+04
  0.31260863E+04  0.31001548E+04  0.30704206E+04  0.30386586E+04  0.30083225E+04
  0.29814272E+04  0.29570009E+04  0.29333126E+04  0.29092581E+04  0.28844122E+04
  0.28586519E+04  0.28320502E+04  0.28047678E+04  0.27769921E+04  0.27489140E+04
  0.27207158E+04  0.26926868E+04  0.26650017E+04  0.26375612E+04  0.26104755E+04
  0.25843344E+04  0.25601051E+04  0.25383332E+04  0.25187310E+04  0.25008074E+04
  0.24841198E+04  0.24682606E+04  0.24529559E+04  0.24380934E+04  0.24236272E+04
  0.24095133E+04  0.23957082E+04  0.23821547E+04  0.23688188E+04  0.23557242E+04
  0.23428629E+04  0.23301878E+04  0.23176659E+04  0.23052770E+04  0.22930109E+04
  0.22808528E+04  0.22687860E+04  0.22567968E+04  0.22448582E+04  0.22329349E+04
  0.22210062E+04  0.22090705E+04  0.21971431E+04  0.21852440E+04  0.21733828E+04
  0.21615651E+04  0.21497984E+04  0.21380875E+04  0.21264253E+04  0.21147969E+04
  0.21031938E+04  0.20916205E+04  0.20800862E+04  0.20686005E+04  0.20571729E+04
  0.20458162E+04  0.20345435E+04  0.20233673E+04  0.20123029E+04  0.20013692E+04
  0.19905827E+04  0.19799763E+04  0.19695602E+04  0.19594421E+04  0.19495538E+04
  0.19404473E+04  0.19303373E+04  0.19243987E+04  0.32170805E+04  0.32163018E+04
  0.32158414E+04  0.32163754E+04  0.32167613E+04  0.32170814E+04  0.32173691E+04
  0.32176378E+04  0.32178855E+04  0.32181037E+04  0.32182897E+04  0.32184377E+04
  0.32185289E+04  0.32185354E+04  0.32184262E+04  0.32181577E+04  0.32176695E+04
  0.32168772E+04  0.32156743E+04  0.32139388E+04  0.32115040E+04  0.32081222E+04
  0.32034872E+04  0.31972294E+04  0.31889376E+04  0.31779286E+04  0.31636861E+04
  0.31458195E+04  0.31237274E+04  0.30972834E+04  0.30670050E+04  0.30347970E+04
  0.30044755E+04  0.29780769E+04  0.29541956E+04  0.29308974E+04  0.29070969E+04
  0.28824375E+04  0.28568819E+04  0.28305358E+04  0.28035551E+04  0.27761337E+04
  0.27484292E+04  0.27205708E+04  0.26927719E+04  0.26649694E+04  0.26369901E+04
  0.26091457E+04  0.25823457E+04  0.25576441E+04  0.25354970E+04  0.25155741E+04
  0.24973012E+04  0.24802319E+04  0.24639750E+04  0.24482716E+04  0.24329886E+04
  0.24180602E+04  0.24034316E+04  0.23890487E+04  0.23748646E+04  0.23608233E+04
  0.23468562E+04  0.23329253E+04  0.23190287E+04  0.23051817E+04  0.22913986E+04
  0.22776842E+04  0.22640400E+04  0.22504683E+04  0.22369700E+04  0.22235288E+04
  0.22101175E+04  0.21967230E+04  0.21833490E+04  0.21700018E+04  0.21566884E+04
  0.21434179E+04  0.21301999E+04  0.21170468E+04  0.21039700E+04  0.20909771E+04
  0.20780744E+04  0.20652677E+04  0.20525636E+04  0.20399678E+04  0.20274851E+04
  0.20151213E+04  0.20028852E+04  0.19907893E+04  0.19788459E+04  0.19670683E+04
  0.19554729E+04  0.19440746E+04  0.19329066E+04  0.19219771E+04  0.19113924E+04
  0.19010782E+04  0.18915980E+04  0.18811464E+04  0.18750355E+04  0.32172055E+04
  0.32163531E+04  0.32158179E+04  0.32163253E+04  0.32166559E+04  0.32169175E+04
  0.32171480E+04  0.32173568E+04  0.32175484E+04  0.32177173E+04  0.32178543E+04
  0.32179575E+04  0.32180104E+04  0.32179888E+04  0.32178648E+04  0.32175957E+04
  0.32171083E+04  0.32163048E+04  0.32150815E+04  0.32133156E+04  0.32108375E+04
  0.32073898E+04  0.32026559E+04  0.31962598E+04  0.31877839E+04  0.31765241E+04
  0.31619581E+04  0.31436984E+04  0.31211275E+04  0.30941308E+04  0.30632638E+04
  0.30306094E+04  0.30004230E+04  0.29747149E+04  0.29515683E+04  0.29288504E+04
  0.29055048E+04  0.28812361E+04  0.28560625E+04  0.28300814E+04  0.28034207E+04
  0.27762533E+04  0.27486441E+04  0.27205344E+04  0.26917546E+04  0.26620794E+04
  0.26317323E+04  0.26014854E+04  0.25727322E+04  0.25466644E+04  0.25235958E+04
  0.25032099E+04  0.24846431E+04  0.24671039E+04  0.24501664E+04  0.24336378E+04
  0.24174066E+04  0.24014076E+04  0.23856018E+04  0.23699608E+04  0.23544733E+04
  0.23391109E+04  0.23238065E+04  0.23085228E+04  0.22932625E+04  0.22780342E+04
  0.22628477E+04  0.22477121E+04  0.22326368E+04  0.22176318E+04  0.22027088E+04
  0.21878762E+04  0.21731392E+04  0.21585003E+04  0.21439616E+04  0.21295251E+04
  0.21151934E+04  0.21009749E+04  0.20868785E+04  0.20729132E+04  0.20590882E+04
  0.20454111E+04  0.20318903E+04  0.20185354E+04  0.20053565E+04  0.19923612E+04
  0.19795546E+04  0.19669394E+04  0.19545193E+04  0.19423015E+04  0.19302942E+04
  0.19185028E+04  0.19069351E+04  0.18955988E+04  0.18845182E+04  0.18736910E+04
  0.18632088E+04  0.18529781E+04  0.18435356E+04  0.18329814E+04  0.18267648E+04
  0.32173426E+04  0.32164178E+04  0.32158079E+04  0.32162938E+04  0.32165812E+04
  0.32167938E+04  0.32169745E+04  0.32171309E+04  0.32172696E+04  0.32173900E+04
  0.32174824E+04  0.32175442E+04  0.32175618E+04  0.32175124E+04  0.32173687E+04
  0.32170812E+04  0.32165620E+04  0.32157183E+04  0.32144564E+04  0.32126474E+04
  0.32101123E+04  0.32065816E+04  0.32017301E+04  0.31951763E+04  0.31864943E+04
  0.31749588E+04  0.31600423E+04  0.31413594E+04  0.31182763E+04  0.30906970E+04
  0.30592061E+04  0.30261723E+04  0.29963927E+04  0.29717183E+04  0.29495859E+04
  0.29276458E+04  0.29048798E+04  0.28810428E+04  0.28561492E+04  0.28302495E+04
  0.28033849E+04  0.27755324E+04  0.27465609E+04  0.27163128E+04  0.26844128E+04
  0.26508075E+04  0.26163798E+04  0.25827155E+04  0.25517409E+04  0.25245736E+04
  0.25010069E+04  0.24801816E+04  0.24610396E+04  0.24427212E+04  0.24248059E+04
  0.24071372E+04  0.23896526E+04  0.23723224E+04  0.23551326E+04  0.23380777E+04
  0.23211581E+04  0.23043751E+04  0.22877202E+04  0.22711825E+04  0.22547555E+04
  0.22384371E+04  0.22222314E+04  0.22061443E+04  0.21901828E+04  0.21743568E+04
  0.21586777E+04  0.21431560E+04  0.21278016E+04  0.21126234E+04  0.20976311E+04
  0.20828309E+04  0.20682262E+04  0.20538240E+04  0.20396289E+04  0.20256433E+04
  0.20118718E+04  0.19983189E+04  0.19849881E+04  0.19718825E+04  0.19590054E+04
  0.19463596E+04  0.19339465E+04  0.19217646E+04  0.19098133E+04  0.18980919E+04
  0.18865997E+04  0.18753361E+04  0.18643021E+04  0.18534983E+04  0.18429393E+04
  0.18326133E+04  0.18225930E+04  0.18127678E+04  0.18036347E+04  0.17931767E+04
  0.17869354E+04  0.32174861E+04  0.32164877E+04  0.32157997E+04  0.32162667E+04
  0.32165225E+04  0.32166986E+04  0.32168400E+04  0.32169566E+04  0.32170514E+04
  0.32171272E+04  0.32171837E+04  0.32172145E+04  0.32172049E+04  0.32171305E+04
  0.32169543E+04  0.32166168E+04  0.32160426E+04  0.32151538E+04  0.32138479E+04
  0.32119822E+04  0.32093652E+04  0.32057223E+04  0.32007250E+04  0.31939858E+04
  0.31850695E+04  0.31732300E+04  0.31579365E+04  0.31388056E+04  0.31151909E+04
  0.30870286E+04  0.30549371E+04  0.30216799E+04  0.29926559E+04  0.29693176E+04
  0.29482529E+04  0.29269574E+04  0.29044683E+04  0.28804696E+04  0.28548902E+04
  0.28277636E+04  0.27991190E+04  0.27688073E+04  0.27365982E+04  0.27023896E+04
  0.26660189E+04  0.26277577E+04  0.25890821E+04  0.25525128E+04  0.25202266E+04
  0.24927254E+04  0.24690521E+04  0.24477824E+04  0.24278245E+04  0.24085246E+04
  0.23895716E+04  0.23708464E+04  0.23523121E+04  0.23339611E+04  0.23157954E+04
  0.22978175E+04  0.22800280E+04  0.22624291E+04  0.22450263E+04  0.22278276E+04
  0.22108410E+04  0.21940721E+04  0.21775245E+04  0.21611999E+04  0.21451024E+04
  0.21292371E+04  0.21136096E+04  0.20982227E+04  0.20830773E+04  0.20681748E+04
  0.20535194E+04  0.20391146E+04  0.20249621E+04  0.20110629E+04  0.19974143E+04
  0.19840133E+04  0.19708596E+04  0.19579536E+04  0.19452947E+04  0.19328809E+04
  0.19207095E+04  0.19087779E+04  0.18970833E+04  0.18856216E+04  0.18743892E+04
  0.18633811E+04  0.18525928E+04  0.18420204E+04  0.18316616E+04  0.18215124E+04
  0.18115802E+04  0.18018493E+04  0.17923748E+04  0.17830378E+04  0.17742990E+04
  0.17640408E+04  0.17578366E+04  0.32176285E+04  0.32165575E+04  0.32157910E+04
  0.32162414E+04  0.32164753E+04  0.32166260E+04  0.32167382E+04  0.32168259E+04
  0.32168903E+04  0.32169330E+04  0.32169645E+04  0.32169787E+04  0.32169446E+04
  0.32168326E+04  0.32166018E+04  0.32162015E+04  0.32155831E+04  0.32146650E+04
  0.32133160E+04  0.32113670E+04  0.32086203E+04  0.32048188E+04  0.31996464E+04
  0.31926897E+04  0.31834996E+04  0.31713264E+04  0.31556350E+04  0.31360425E+04
  0.31118954E+04  0.30831646E+04  0.30504872E+04  0.30170311E+04  0.29887429E+04
  0.29663902E+04  0.29456466E+04  0.29240259E+04  0.29006274E+04  0.28750640E+04
  0.28472752E+04  0.28173514E+04  0.27853869E+04  0.27513718E+04  0.27152394E+04
  0.26769980E+04  0.26366557E+04  0.25946859E+04  0.25532945E+04  0.25155945E+04
  0.24832685E+04  0.24559864E+04  0.24322919E+04  0.24106596E+04  0.23900845E+04
  0.23700728E+04  0.23504317E+04  0.23310978E+04  0.23120504E+04  0.22932884E+04
  0.22748161E+04  0.22566345E+04  0.22387410E+04  0.22211307E+04  0.22038005E+04
  0.21867520E+04  0.21699907E+04  0.21535203E+04  0.21373388E+04  0.21214428E+04
  0.21058307E+04  0.20905020E+04  0.20754569E+04  0.20606929E+04  0.20462060E+04
  0.20319926E+04  0.20180506E+04  0.20043786E+04  0.19909749E+04  0.19778365E+04
  0.19649576E+04  0.19523312E+04  0.19399526E+04  0.19278184E+04  0.19159246E+04
  0.19042660E+04  0.18928364E+04  0.18816305E+04  0.18706432E+04  0.18598698E+04
  0.18493049E+04  0.18389424E+04  0.18287770E+04  0.18188049E+04  0.18090240E+04
  0.17994299E+04  0.17900275E+04  0.17807995E+04  0.17717898E+04  0.17628752E+04
  0.17544886E+04  0.17444422E+04  0.17383004E+04  0.32177653E+04  0.32166247E+04
  0.32157832E+04  0.32162210E+04  0.32164400E+04  0.32165735E+04  0.32166641E+04
  0.32167290E+04  0.32167756E+04  0.32168040E+04  0.32168217E+04  0.32168242E+04
  0.32167566E+04  0.32165828E+04  0.32162895E+04  0.32158482E+04  0.32152151E+04
  0.32142882E+04  0.32128745E+04  0.32107715E+04  0.32078214E+04  0.32037925E+04
  0.31983915E+04  0.31911919E+04  0.31817075E+04  0.31691754E+04  0.31530583E+04
  0.31329645E+04  0.31082201E+04  0.30787593E+04  0.30451261E+04  0.30107570E+04
  0.29821342E+04  0.29594244E+04  0.29375441E+04  0.29141201E+04  0.28883976E+04
  0.28601432E+04  0.28294582E+04  0.27964999E+04  0.27613646E+04  0.27241586E+04
  0.26850242E+04  0.26441283E+04  0.26015161E+04  0.25577607E+04  0.25155990E+04
  0.24782572E+04  0.24467165E+04  0.24200363E+04  0.23965503E+04  0.23748555E+04
  0.23541313E+04  0.23339979E+04  0.23143133E+04  0.22950319E+04  0.22761328E+04
  0.22576063E+04  0.22394484E+04  0.22216527E+04  0.22042089E+04  0.21871051E+04
  0.21703307E+04  0.21538777E+04  0.21377412E+04  0.21219177E+04  0.21064033E+04
  0.20911928E+04  0.20762814E+04  0.20616648E+04  0.20473400E+04  0.20333024E+04
  0.20195468E+04  0.20060670E+04  0.19928570E+04  0.19799114E+04  0.19672251E+04
  0.19547921E+04  0.19426051E+04  0.19306566E+04  0.19189399E+04  0.19074491E+04
  0.18961775E+04  0.18851184E+04  0.18742649E+04  0.18636116E+04  0.18531538E+04
  0.18428873E+04  0.18328077E+04  0.18229100E+04  0.18131907E+04  0.18036470E+04
  0.17942778E+04  0.17850784E+04  0.17760522E+04  0.17671819E+04  0.17585043E+04
  0.17498944E+04  0.17417662E+04  0.17318841E+04  0.17257955E+04  0.32178922E+04
  0.32166874E+04  0.32157793E+04  0.32162087E+04  0.32164174E+04  0.32165393E+04
  0.32166130E+04  0.32166576E+04  0.32166894E+04  0.32167178E+04  0.32167305E+04
  0.32167117E+04  0.32165945E+04  0.32163494E+04  0.32160032E+04  0.32155316E+04
  0.32148765E+04  0.32139234E+04  0.32123733E+04  0.32100071E+04  0.32067869E+04
  0.32025140E+04  0.31968471E+04  0.31893388E+04  0.31794960E+04  0.31665075E+04
  0.31498137E+04  0.31289646E+04  0.31031703E+04  0.30721431E+04  0.30361864E+04
  0.29992353E+04  0.29685935E+04  0.29442496E+04  0.29205850E+04  0.28950841E+04
  0.28670856E+04  0.28365591E+04  0.28037321E+04  0.27687996E+04  0.27318568E+04
  0.26929937E+04  0.26523765E+04  0.26102756E+04  0.25668007E+04  0.25227531E+04
  0.24812067E+04  0.24451810E+04  0.24150403E+04  0.23894013E+04  0.23665283E+04
  0.23452083E+04  0.23248002E+04  0.23050137E+04  0.22857325E+04  0.22669136E+04
  0.22485329E+04  0.22305710E+04  0.22130107E+04  0.21958339E+04  0.21790219E+04
  0.21625577E+04  0.21464266E+04  0.21306162E+04  0.21151182E+04  0.20999293E+04
  0.20850467E+04  0.20704665E+04  0.20561826E+04  0.20421884E+04  0.20284795E+04
  0.20150500E+04  0.20018922E+04  0.19889972E+04  0.19763558E+04  0.19639598E+04
  0.19518025E+04  0.19398776E+04  0.19281790E+04  0.19167009E+04  0.19054383E+04
  0.18943849E+04  0.18835340E+04  0.18728792E+04  0.18624145E+04  0.18521347E+04
  0.18420358E+04  0.18321141E+04  0.18223665E+04  0.18127902E+04  0.18033818E+04
  0.17941379E+04  0.17850561E+04  0.17761313E+04  0.17673655E+04  0.17587422E+04
  0.17502941E+04  0.17418952E+04  0.17339477E+04  0.17241781E+04  0.17181233E+04
  0.32180065E+04  0.32167471E+04  0.32157886E+04  0.32162201E+04  0.32164244E+04
  0.32165403E+04  0.32166044E+04  0.32166348E+04  0.32166478E+04  0.32166670E+04
  0.32166587E+04  0.32165916E+04  0.32164058E+04  0.32160850E+04  0.32156709E+04
  0.32151144E+04  0.32143345E+04  0.32132221E+04  0.32114396E+04  0.32087943E+04
  0.32053282E+04  0.32008061E+04  0.31948051E+04  0.31868412E+04  0.31764044E+04
  0.31626047E+04  0.31448049E+04  0.31224378E+04  0.30944999E+04  0.30603801E+04
  0.30202971E+04  0.29794591E+04  0.29467220E+04  0.29215773E+04  0.28972643E+04
  0.28709608E+04  0.28419688E+04  0.28103674E+04  0.27765002E+04  0.27406188E+04
  0.27028488E+04  0.26632560E+04  0.26220250E+04  0.25796113E+04  0.25362792E+04
  0.24930508E+04  0.24531324E+04  0.24191442E+04  0.23908305E+04  0.23664796E+04
  0.23444446E+04  0.23237342E+04  0.23038545E+04  0.22845827E+04  0.22658243E+04
  0.22475382E+04  0.22297017E+04  0.22122920E+04  0.21952822E+04  0.21786467E+04
  0.21623646E+04  0.21464209E+04  0.21308035E+04  0.21155014E+04  0.21005083E+04
  0.20858209E+04  0.20714353E+04  0.20573458E+04  0.20435429E+04  0.20300166E+04
  0.20167593E+04  0.20037619E+04  0.19910147E+04  0.19785080E+04  0.19662331E+04
  0.19541831E+04  0.19423523E+04  0.19307368E+04  0.19193324E+04  0.19081348E+04
  0.18971410E+04  0.18863483E+04  0.18757529E+04  0.18653506E+04  0.18551364E+04
  0.18451043E+04  0.18352495E+04  0.18255673E+04  0.18160546E+04  0.18067089E+04
  0.17975265E+04  0.17885024E+04  0.17796326E+04  0.17709115E+04  0.17623404E+04
  0.17539034E+04  0.17456309E+04  0.17373973E+04  0.17295977E+04  0.17199480E+04
  0.17139465E+04  0.32181080E+04  0.32168099E+04  0.32158339E+04  0.32162984E+04
  0.32165206E+04  0.32166479E+04  0.32167223E+04  0.32167568E+04  0.32167518E+04
  0.32167077E+04  0.32165875E+04  0.32163854E+04  0.32161029E+04  0.32157008E+04
  0.32151443E+04  0.32143630E+04  0.32132677E+04  0.32117646E+04  0.32097190E+04
  0.32070011E+04  0.32034306E+04  0.31986933E+04  0.31923133E+04  0.31837178E+04
  0.31723662E+04  0.31572700E+04  0.31376461E+04  0.31128393E+04  0.30817732E+04
  0.30437886E+04  0.29993166E+04  0.29553528E+04  0.29226099E+04  0.28987696E+04
  0.28749533E+04  0.28485009E+04  0.28190067E+04  0.27867314E+04  0.27521136E+04
  0.27155061E+04  0.26771914E+04  0.26374192E+04  0.25965080E+04  0.25549120E+04
  0.25127718E+04  0.24711529E+04  0.24333945E+04  0.24017402E+04  0.23752808E+04
  0.23521185E+04  0.23308346E+04  0.23106560E+04  0.22912104E+04  0.22723323E+04
  0.22539514E+04  0.22360360E+04  0.22185663E+04  0.22015185E+04  0.21848632E+04
  0.21685736E+04  0.21526296E+04  0.21370170E+04  0.21217265E+04  0.21067495E+04
  0.20920794E+04  0.20777090E+04  0.20636305E+04  0.20498353E+04  0.20363138E+04
  0.20230560E+04  0.20100503E+04  0.19972864E+04  0.19847562E+04  0.19724534E+04
  0.19603725E+04  0.19485089E+04  0.19368589E+04  0.19254201E+04  0.19141896E+04
  0.19031638E+04  0.18923384E+04  0.18817103E+04  0.18712761E+04  0.18610320E+04
  0.18509740E+04  0.18410973E+04  0.18313970E+04  0.18218687E+04  0.18125090E+04
  0.18033152E+04  0.17942836E+04  0.17854096E+04  0.17766886E+04  0.17681143E+04
  0.17596873E+04  0.17513906E+04  0.17432543E+04  0.17351560E+04  0.17274875E+04
  0.17179848E+04  0.17120669E+04  0.32182470E+04  0.32168910E+04  0.32158856E+04
  0.32163969E+04  0.32166470E+04  0.32167930E+04  0.32168836E+04  0.32169280E+04
  0.32169066E+04  0.32167689E+04  0.32164814E+04  0.32160921E+04  0.32156928E+04
  0.32152040E+04  0.32144673E+04  0.32134064E+04  0.32119451E+04  0.32100044E+04
  0.32077470E+04  0.32050928E+04  0.32014958E+04  0.31964873E+04  0.31895695E+04
  0.31802237E+04  0.31678973E+04  0.31514934E+04  0.31300466E+04  0.31029292E+04
  0.30693567E+04  0.30289308E+04  0.29823920E+04  0.29378238E+04  0.29065383E+04
  0.28842751E+04  0.28607716E+04  0.28339087E+04  0.28037682E+04  0.27708482E+04
  0.27356340E+04  0.26985321E+04  0.26599709E+04  0.26204422E+04  0.25803692E+04
  0.25399983E+04  0.24992140E+04  0.24590925E+04  0.24231984E+04  0.23934161E+04
  0.23682464E+04  0.23458214E+04  0.23249587E+04  0.23050421E+04  0.22857798E+04
  0.22670488E+04  0.22488050E+04  0.22310320E+04  0.22137150E+04  0.21968303E+04
  0.21803473E+04  0.21642361E+04  0.21484736E+04  0.21330416E+04  0.21179255E+04
  0.21031137E+04  0.20885944E+04  0.20743569E+04  0.20603937E+04  0.20466987E+04
  0.20332664E+04  0.20200896E+04  0.20071577E+04  0.19944629E+04  0.19820004E+04
  0.19697672E+04  0.19577602E+04  0.19459757E+04  0.19344101E+04  0.19230604E+04
  0.19119240E+04  0.19009976E+04  0.18902752E+04  0.18797495E+04  0.18694136E+04
  0.18592621E+04  0.18492911E+04  0.18394974E+04  0.18298779E+04  0.18204294E+04
  0.18111494E+04  0.18020355E+04  0.17930846E+04  0.17842925E+04  0.17756552E+04
  0.17671660E+04  0.17588255E+04  0.17506155E+04  0.17425670E+04  0.17345591E+04
  0.17269841E+04  0.17175949E+04  0.17117428E+04  0.32183386E+04  0.32169388E+04
  0.32159017E+04  0.32164321E+04  0.32166923E+04  0.32168441E+04  0.32169391E+04
  0.32169851E+04  0.32169547E+04  0.32167751E+04  0.32164116E+04  0.32159359E+04
  0.32154777E+04  0.32149426E+04  0.32141237E+04  0.32129413E+04  0.32113261E+04
  0.32092061E+04  0.32068611E+04  0.32042245E+04  0.32006064E+04  0.31954026E+04
  0.31881229E+04  0.31783854E+04  0.31656180E+04  0.31486638E+04  0.31264663E+04
  0.30984467E+04  0.30640695E+04  0.30230932E+04  0.29764153E+04  0.29322829E+04
  0.29017792E+04  0.28799970E+04  0.28564752E+04  0.28293680E+04  0.27989384E+04
  0.27657727E+04  0.27303709E+04  0.26931455E+04  0.26545585E+04  0.26151890E+04
  0.25754852E+04  0.25355964E+04  0.24953182E+04  0.24557552E+04  0.24205760E+04
  0.23914731E+04  0.23667127E+04  0.23444962E+04  0.23237389E+04  0.23038785E+04
  0.22846470E+04  0.22659343E+04  0.22477070E+04  0.22299562E+04  0.22126701E+04
  0.21958255E+04  0.21793905E+04  0.21633325E+04  0.21476263E+04  0.21322519E+04
  0.21171917E+04  0.21024308E+04  0.20879534E+04  0.20737475E+04  0.20598069E+04
  0.20461280E+04  0.20327078E+04  0.20195406E+04  0.20066176E+04  0.19939323E+04
  0.19814812E+04  0.19692623E+04  0.19572730E+04  0.19455096E+04  0.19339683E+04
  0.19226453E+04  0.19115381E+04  0.19006433E+04  0.18899539E+04  0.18794611E+04
  0.18691564E+04  0.18590336E+04  0.18490887E+04  0.18393191E+04  0.18297222E+04
  0.18202956E+04  0.18110371E+04  0.18019448E+04  0.17930159E+04  0.17842462E+04
  0.17756322E+04  0.17671672E+04  0.17588523E+04  0.17506692E+04  0.17426490E+04
  0.17346709E+04  0.17271278E+04  0.17177756E+04  0.17119436E+04
