  0.32153778E+04  0.32154968E+04  0.32159256E+04  0.32163985E+04  0.32166674E+04
  0.32168489E+04  0.32169741E+04  0.32170503E+04  0.32170842E+04  0.32170796E+04
  0.32170347E+04  0.32169437E+04  0.32167974E+04  0.32165819E+04  0.32162775E+04
  0.32158564E+04  0.32152809E+04  0.32144997E+04  0.32134420E+04  0.32120128E+04
  0.32100818E+04  0.32074714E+04  0.32039455E+04  0.31991861E+04  0.31927656E+04
  0.31842297E+04  0.31730161E+04  0.31584935E+04  0.31401585E+04  0.31177579E+04
  0.30917195E+04  0.30628971E+04  0.30326877E+04  0.30019858E+04  0.29708681E+04
  0.29397986E+04  0.29092679E+04  0.28795792E+04  0.28508244E+04  0.28229214E+04
  0.27957132E+04  0.27690548E+04  0.27428378E+04  0.27170069E+04  0.26915707E+04
  0.26666114E+04  0.26421733E+04  0.26181724E+04  0.25945180E+04  0.25711818E+04
  0.25481590E+04  0.25254538E+04  0.25030739E+04  0.24810286E+04  0.24593285E+04
  0.24379817E+04  0.24169929E+04  0.23963622E+04  0.23760868E+04  0.23561629E+04
  0.23365872E+04  0.23173575E+04  0.22984731E+04  0.22799363E+04  0.22617537E+04
  0.22439376E+04  0.22265050E+04  0.22094758E+04  0.21928731E+04  0.21767205E+04
  0.21610354E+04  0.21458502E+04  0.21311545E+04  0.21169837E+04  0.21033810E+04
  0.20903309E+04  0.20778415E+04  0.20658992E+04  0.20544854E+04  0.20435793E+04
  0.20331573E+04  0.20231949E+04  0.20136672E+04  0.20045486E+04  0.19958128E+04
  0.19874333E+04  0.19793826E+04  0.19716331E+04  0.19641579E+04  0.19569313E+04
  0.19499289E+04  0.19431271E+04  0.19365044E+04  0.19300375E+04  0.19237123E+04
  0.19174925E+04  0.19114099E+04  0.19053268E+04  0.18995340E+04  0.18922475E+04
  0.18876608E+04  0.32153789E+04  0.32154984E+04  0.32159289E+04  0.32164035E+04
  0.32166730E+04  0.32168543E+04  0.32169794E+04  0.32170558E+04  0.32170898E+04
  0.32170849E+04  0.32170395E+04  0.32169480E+04  0.32168012E+04  0.32165853E+04
  0.32162804E+04  0.32158590E+04  0.32152833E+04  0.32145019E+04  0.32134442E+04
  0.32120148E+04  0.32100833E+04  0.32074724E+04  0.32039459E+04  0.31991859E+04
  0.31927648E+04  0.31842285E+04  0.31730146E+04  0.31584921E+04  0.31401575E+04
  0.31177578E+04  0.30917203E+04  0.30628986E+04  0.30326896E+04  0.30019886E+04
  0.29708730E+04  0.29398065E+04  0.29092794E+04  0.28795940E+04  0.28508419E+04
  0.28229405E+04  0.27957330E+04  0.27690745E+04  0.27428568E+04  0.27170248E+04
  0.26915877E+04  0.26666272E+04  0.26421866E+04  0.26181832E+04  0.25945271E+04
  0.25711898E+04  0.25481661E+04  0.25254603E+04  0.25030799E+04  0.24810345E+04
  0.24593342E+04  0.24379873E+04  0.24169982E+04  0.23963670E+04  0.23760909E+04
  0.23561663E+04  0.23365901E+04  0.23173604E+04  0.22984769E+04  0.22799425E+04
  0.22617646E+04  0.22439561E+04  0.22265342E+04  0.22095194E+04  0.21929347E+04
  0.21768033E+04  0.21611436E+04  0.21459873E+04  0.21313240E+04  0.21171898E+04
  0.21036247E+04  0.20906083E+04  0.20781477E+04  0.20662306E+04  0.20548388E+04
  0.20439520E+04  0.20335468E+04  0.20235987E+04  0.20140825E+04  0.20049724E+04
  0.19962419E+04  0.19878644E+04  0.19798127E+04  0.19720597E+04  0.19645788E+04
  0.19573447E+04  0.19503333E+04  0.19435212E+04  0.19368869E+04  0.19304074E+04
  0.19240689E+04  0.19178356E+04  0.19117393E+04  0.19056424E+04  0.18998365E+04
  0.18925336E+04  0.18879367E+04  0.32153821E+04  0.32155038E+04  0.32159420E+04
  0.32164244E+04  0.32166960E+04  0.32168770E+04  0.32170017E+04  0.32170785E+04
  0.32171125E+04  0.32171066E+04  0.32170596E+04  0.32169665E+04  0.32168180E+04
  0.32166004E+04  0.32162939E+04  0.32158711E+04  0.32152941E+04  0.32145116E+04
  0.32134531E+04  0.32120225E+04  0.32100892E+04  0.32074764E+04  0.32039480E+04
  0.31991859E+04  0.31927623E+04  0.31842237E+04  0.31730078E+04  0.31584836E+04
  0.31401482E+04  0.31177485E+04  0.30917111E+04  0.30628889E+04  0.30326789E+04
  0.30019782E+04  0.29708668E+04  0.29398081E+04  0.29092905E+04  0.28796147E+04
  0.28508698E+04  0.28229724E+04  0.27957658E+04  0.27691055E+04  0.27428837E+04
  0.27170459E+04  0.26916023E+04  0.26666343E+04  0.26421839E+04  0.26181708E+04
  0.25945067E+04  0.25711621E+04  0.25481315E+04  0.25254193E+04  0.25030331E+04
  0.24809823E+04  0.24592771E+04  0.24379251E+04  0.24169303E+04  0.23962928E+04
  0.23760100E+04  0.23560788E+04  0.23364968E+04  0.23172628E+04  0.22983778E+04
  0.22798467E+04  0.22616789E+04  0.22438889E+04  0.22264952E+04  0.22095191E+04
  0.21929837E+04  0.21769113E+04  0.21613226E+04  0.21462457E+04  0.21316753E+04
  0.21176395E+04  0.21041715E+04  0.20912522E+04  0.20788771E+04  0.20670347E+04
  0.20557085E+04  0.20448788E+04  0.20345231E+04  0.20246172E+04  0.20151352E+04
  0.20060506E+04  0.19973367E+04  0.19889670E+04  0.19809148E+04  0.19731541E+04
  0.19656594E+04  0.19584061E+04  0.19513709E+04  0.19445308E+04  0.19378652E+04
  0.19313517E+04  0.19249771E+04  0.19187063E+04  0.19125724E+04  0.19064375E+04
  0.19005953E+04  0.18932475E+04  0.18886226E+04  0.32153872E+04  0.32155143E+04
  0.32159708E+04  0.32164699E+04  0.32167457E+04  0.32169264E+04  0.32170502E+04
  0.32171262E+04  0.32171590E+04  0.32171512E+04  0.32171016E+04  0.32170056E+04
  0.32168543E+04  0.32166337E+04  0.32163243E+04  0.32158985E+04  0.32153188E+04
  0.32145337E+04  0.32134726E+04  0.32120392E+04  0.32101027E+04  0.32074863E+04
  0.32039539E+04  0.31991874E+04  0.31927587E+04  0.31842146E+04  0.31729932E+04
  0.31584631E+04  0.31401224E+04  0.31177181E+04  0.30916762E+04  0.30628486E+04
  0.30326328E+04  0.30019296E+04  0.29708225E+04  0.29397747E+04  0.29092719E+04
  0.28796112E+04  0.28508777E+04  0.28229861E+04  0.27957800E+04  0.27691150E+04
  0.27428843E+04  0.27170341E+04  0.26915760E+04  0.26665917E+04  0.26421228E+04
  0.26180910E+04  0.25944097E+04  0.25710483E+04  0.25480016E+04  0.25252739E+04
  0.25028728E+04  0.24808080E+04  0.24590891E+04  0.24377231E+04  0.24167134E+04
  0.23960599E+04  0.23757605E+04  0.23558132E+04  0.23362165E+04  0.23169707E+04
  0.22980792E+04  0.22795499E+04  0.22613953E+04  0.22436327E+04  0.22262822E+04
  0.22093663E+04  0.21929084E+04  0.21769297E+04  0.21614535E+04  0.21464974E+04
  0.21320651E+04  0.21181776E+04  0.21048549E+04  0.20920832E+04  0.20798442E+04
  0.20681232E+04  0.20569038E+04  0.20461672E+04  0.20358918E+04  0.20260530E+04
  0.20166249E+04  0.20075806E+04  0.19988937E+04  0.19905379E+04  0.19824875E+04
  0.19747175E+04  0.19672039E+04  0.19599231E+04  0.19528527E+04  0.19459710E+04
  0.19392585E+04  0.19326938E+04  0.19262650E+04  0.19199378E+04  0.19137469E+04
  0.19075538E+04  0.19016558E+04  0.18942393E+04  0.18895719E+04  0.32153948E+04
  0.32155311E+04  0.32160176E+04  0.32165441E+04  0.32168268E+04  0.32170073E+04
  0.32171293E+04  0.32172027E+04  0.32172327E+04  0.32172216E+04  0.32171684E+04
  0.32170685E+04  0.32169130E+04  0.32166884E+04  0.32163748E+04  0.32159447E+04
  0.32153608E+04  0.32145714E+04  0.32135059E+04  0.32120679E+04  0.32101264E+04
  0.32075045E+04  0.32039660E+04  0.31991926E+04  0.31927556E+04  0.31842027E+04
  0.31729717E+04  0.31584310E+04  0.31400797E+04  0.31176650E+04  0.30916129E+04
  0.30627741E+04  0.30325472E+04  0.30018383E+04  0.29707358E+04  0.29397023E+04
  0.29092196E+04  0.28795794E+04  0.28508614E+04  0.28229781E+04  0.27957723E+04
  0.27691006E+04  0.27428571E+04  0.27169890E+04  0.26915099E+04  0.26665024E+04
  0.26420078E+04  0.26179501E+04  0.25942441E+04  0.25708586E+04  0.25477884E+04
  0.25250379E+04  0.25026150E+04  0.24805292E+04  0.24587897E+04  0.24374025E+04
  0.24163704E+04  0.23956930E+04  0.23753693E+04  0.23553984E+04  0.23357806E+04
  0.23165184E+04  0.22976188E+04  0.22790939E+04  0.22609604E+04  0.22432384E+04
  0.22259504E+04  0.22091204E+04  0.21927713E+04  0.21769237E+04  0.21616012E+04
  0.21468045E+04  0.21325532E+04  0.21188677E+04  0.21057353E+04  0.20931452E+04
  0.20810775E+04  0.20695136E+04  0.20584350E+04  0.20478217E+04  0.20376512E+04
  0.20278991E+04  0.20185393E+04  0.20095458E+04  0.20008928E+04  0.19925550E+04
  0.19845077E+04  0.19767272E+04  0.19691903E+04  0.19618751E+04  0.19547606E+04
  0.19478264E+04  0.19410547E+04  0.19344254E+04  0.19279282E+04  0.19215297E+04
  0.19152663E+04  0.19089991E+04  0.19030292E+04  0.18955239E+04  0.18908013E+04
  0.32154052E+04  0.32155545E+04  0.32160832E+04  0.32166483E+04  0.32169419E+04
  0.32171227E+04  0.32172419E+04  0.32173114E+04  0.32173368E+04  0.32173210E+04
  0.32172629E+04  0.32171580E+04  0.32169975E+04  0.32167676E+04  0.32164485E+04
  0.32160128E+04  0.32154229E+04  0.32146275E+04  0.32135557E+04  0.32121112E+04
  0.32101627E+04  0.32075331E+04  0.32039862E+04  0.31992033E+04  0.31927551E+04
  0.31841898E+04  0.31729452E+04  0.31583895E+04  0.31400225E+04  0.31175921E+04
  0.30915245E+04  0.30626694E+04  0.30324268E+04  0.30017093E+04  0.29706117E+04
  0.29395963E+04  0.29091391E+04  0.28795250E+04  0.28508270E+04  0.28229542E+04
  0.27957491E+04  0.27690688E+04  0.27428091E+04  0.27169186E+04  0.26914130E+04
  0.26663767E+04  0.26418507E+04  0.26177613E+04  0.25940249E+04  0.25706099E+04
  0.25475107E+04  0.25247320E+04  0.25022820E+04  0.24801704E+04  0.24584052E+04
  0.24369916E+04  0.24159314E+04  0.23952248E+04  0.23748716E+04  0.23548728E+04
  0.23352309E+04  0.23159522E+04  0.22970484E+04  0.22785366E+04  0.22604381E+04
  0.22427764E+04  0.22255765E+04  0.22088631E+04  0.21926587E+04  0.21769815E+04
  0.21618500E+04  0.21472504E+04  0.21332270E+04  0.21197914E+04  0.21068861E+04
  0.20945054E+04  0.20826339E+04  0.20712519E+04  0.20603385E+04  0.20498704E+04
  0.20398234E+04  0.20301723E+04  0.20208918E+04  0.20119572E+04  0.20033440E+04
  0.19950282E+04  0.19869861E+04  0.19791951E+04  0.19716336E+04  0.19642810E+04
  0.19571179E+04  0.19501259E+04  0.19432887E+04  0.19365878E+04  0.19300143E+04
  0.19235360E+04  0.19171909E+04  0.19108394E+04  0.19047876E+04  0.18971798E+04
  0.18923933E+04  0.32154188E+04  0.32155846E+04  0.32161673E+04  0.32167826E+04
  0.32170913E+04  0.32172734E+04  0.32173892E+04  0.32174535E+04  0.32174729E+04
  0.32174510E+04  0.32173870E+04  0.32172763E+04  0.32171099E+04  0.32168738E+04
  0.32165479E+04  0.32161050E+04  0.32155076E+04  0.32147043E+04  0.32136244E+04
  0.32121712E+04  0.32102136E+04  0.32075743E+04  0.32040166E+04  0.31992215E+04
  0.31927589E+04  0.31841779E+04  0.31729159E+04  0.31583406E+04  0.31399534E+04
  0.31175024E+04  0.30914145E+04  0.30625388E+04  0.30322766E+04  0.30015484E+04
  0.29704569E+04  0.29394635E+04  0.29090377E+04  0.28794558E+04  0.28507823E+04
  0.28229225E+04  0.27957186E+04  0.27690284E+04  0.27427495E+04  0.27168327E+04
  0.26912963E+04  0.26662264E+04  0.26416647E+04  0.26175391E+04  0.25937680E+04
  0.25703196E+04  0.25471883E+04  0.25243784E+04  0.25018986E+04  0.24797585E+04
  0.24579652E+04  0.24365226E+04  0.24154318E+04  0.23946936E+04  0.23743095E+04
  0.23542825E+04  0.23346187E+04  0.23153294E+04  0.22964322E+04  0.22779500E+04
  0.22599085E+04  0.22423349E+04  0.22252562E+04  0.22086969E+04  0.21926759E+04
  0.21772083E+04  0.21623043E+04  0.21479522E+04  0.21341974E+04  0.21210331E+04
  0.21083857E+04  0.20962446E+04  0.20845946E+04  0.20734151E+04  0.20626842E+04
  0.20523765E+04  0.20424661E+04  0.20329274E+04  0.20237361E+04  0.20148688E+04
  0.20063022E+04  0.19980136E+04  0.19899807E+04  0.19821822E+04  0.19745982E+04
  0.19672096E+04  0.19599990E+04  0.19529497E+04  0.19460469E+04  0.19392738E+04
  0.19326227E+04  0.19260623E+04  0.19196327E+04  0.19131934E+04  0.19070553E+04
  0.18993381E+04  0.18944833E+04  0.32154355E+04  0.32156212E+04  0.32162693E+04
  0.32169461E+04  0.32172739E+04  0.32174583E+04  0.32175705E+04  0.32176284E+04
  0.32176407E+04  0.32176119E+04  0.32175417E+04  0.32174249E+04  0.32172519E+04
  0.32170085E+04  0.32166746E+04  0.32162230E+04  0.32156164E+04  0.32148035E+04
  0.32137136E+04  0.32122499E+04  0.32102811E+04  0.32076296E+04  0.32040586E+04
  0.31992485E+04  0.31927688E+04  0.31841686E+04  0.31728851E+04  0.31582861E+04
  0.31398742E+04  0.31173981E+04  0.30912857E+04  0.30623855E+04  0.30321003E+04
  0.30013601E+04  0.29702763E+04  0.29393098E+04  0.29089220E+04  0.28793786E+04
  0.28507345E+04  0.28228904E+04  0.27956885E+04  0.27689874E+04  0.27426871E+04
  0.27167409E+04  0.26911700E+04  0.26660634E+04  0.26414633E+04  0.26172995E+04
  0.25934920E+04  0.25700095E+04  0.25468461E+04  0.25240060E+04  0.25014979E+04
  0.24793310E+04  0.24575112E+04  0.24360410E+04  0.24149213E+04  0.23941539E+04
  0.23737424E+04  0.23536927E+04  0.23340158E+04  0.23147294E+04  0.22958582E+04
  0.22774309E+04  0.22594775E+04  0.22420284E+04  0.22251112E+04  0.22087468E+04
  0.21929505E+04  0.21777381E+04  0.21631048E+04  0.21490676E+04  0.21356280E+04
  0.21227356E+04  0.21103590E+04  0.20984766E+04  0.20870658E+04  0.20761034E+04
  0.20655652E+04  0.20554258E+04  0.20456594E+04  0.20362408E+04  0.20271464E+04
  0.20183536E+04  0.20098401E+04  0.20015842E+04  0.19935650E+04  0.19857634E+04
  0.19781611E+04  0.19707412E+04  0.19634878E+04  0.19563859E+04  0.19494221E+04
  0.19425808E+04  0.19358554E+04  0.19292156E+04  0.19227030E+04  0.19161765E+04
  0.19099522E+04  0.19021239E+04  0.18971991E+04  0.32154553E+04  0.32156639E+04
  0.32163882E+04  0.32171368E+04  0.32174876E+04  0.32176755E+04  0.32177837E+04
  0.32178341E+04  0.32178385E+04  0.32178034E+04  0.32177274E+04  0.32176045E+04
  0.32174243E+04  0.32171724E+04  0.32168292E+04  0.32163676E+04  0.32157502E+04
  0.32149262E+04  0.32138246E+04  0.32123485E+04  0.32103664E+04  0.32077005E+04
  0.32041137E+04  0.31992859E+04  0.31927860E+04  0.31841632E+04  0.31728541E+04
  0.31582274E+04  0.31397864E+04  0.31172806E+04  0.30911394E+04  0.30622111E+04
  0.30319003E+04  0.30011473E+04  0.29700737E+04  0.29391394E+04  0.29087966E+04
  0.28792988E+04  0.28506893E+04  0.28228643E+04  0.27956656E+04  0.27689532E+04
  0.27426301E+04  0.27166526E+04  0.26910458E+04  0.26659020E+04  0.26412647E+04
  0.26170649E+04  0.25932244E+04  0.25697124E+04  0.25465225E+04  0.25236589E+04
  0.25011298E+04  0.24789433E+04  0.24571036E+04  0.24356120E+04  0.24144697E+04
  0.23936801E+04  0.23732494E+04  0.23531878E+04  0.23335128E+04  0.23142502E+04
  0.22954319E+04  0.22770923E+04  0.22592657E+04  0.22419836E+04  0.22252715E+04
  0.22091485E+04  0.21936295E+04  0.21787241E+04  0.21644059E+04  0.21507239E+04
  0.21376241E+04  0.21250111E+04  0.21129092E+04  0.21012905E+04  0.20901252E+04
  0.20793851E+04  0.20690434E+04  0.20590746E+04  0.20494538E+04  0.20401572E+04
  0.20311622E+04  0.20224465E+04  0.20139885E+04  0.20057680E+04  0.19977660E+04
  0.19899652E+04  0.19823494E+04  0.19749032E+04  0.19676123E+04  0.19604628E+04
  0.19534424E+04  0.19465367E+04  0.19397403E+04  0.19330237E+04  0.19264303E+04
  0.19198183E+04  0.19135086E+04  0.19055691E+04  0.19005740E+04  0.32154781E+04
  0.32157121E+04  0.32165224E+04  0.32173522E+04  0.32177291E+04  0.32179216E+04
  0.32180255E+04  0.32180674E+04  0.32180648E+04  0.32180254E+04  0.32179448E+04
  0.32178153E+04  0.32176268E+04  0.32173654E+04  0.32170117E+04  0.32165388E+04
  0.32159095E+04  0.32150728E+04  0.32139580E+04  0.32124678E+04  0.32104705E+04
  0.32077881E+04  0.32041830E+04  0.31993346E+04  0.31928118E+04  0.31841628E+04
  0.31728241E+04  0.31581653E+04  0.31396908E+04  0.31171507E+04  0.30909767E+04
  0.30620165E+04  0.30316775E+04  0.30009116E+04  0.29698512E+04  0.29389554E+04
  0.29086655E+04  0.28792209E+04  0.28506519E+04  0.28228499E+04  0.27956569E+04
  0.27689343E+04  0.27425890E+04  0.27165810E+04  0.26909405E+04  0.26657642E+04
  0.26410968E+04  0.26168700E+04  0.25930064E+04  0.25694754E+04  0.25462704E+04
  0.25233948E+04  0.25008558E+04  0.24786594E+04  0.24568080E+04  0.24353022E+04
  0.24141440E+04  0.23933394E+04  0.23728983E+04  0.23528369E+04  0.23331816E+04
  0.23139670E+04  0.22952322E+04  0.22770172E+04  0.22593593E+04  0.22422903E+04
  0.22258337E+04  0.22100049E+04  0.21948141E+04  0.21802470E+04  0.21662854E+04
  0.21529565E+04  0.21401731E+04  0.21278571E+04  0.21160329E+04  0.21046725E+04
  0.20937448E+04  0.20832200E+04  0.20730688E+04  0.20632648E+04  0.20537838E+04
  0.20446035E+04  0.20357022E+04  0.20270583E+04  0.20186517E+04  0.20104642E+04
  0.20024787E+04  0.19946794E+04  0.19870512E+04  0.19795801E+04  0.19722527E+04
  0.19650564E+04  0.19579798E+04  0.19510097E+04  0.19441420E+04  0.19373486E+04
  0.19306742E+04  0.19239762E+04  0.19175806E+04  0.19095292E+04  0.19044632E+04
  0.32155033E+04  0.32157648E+04  0.32166693E+04  0.32175885E+04  0.32179946E+04
  0.32181930E+04  0.32182928E+04  0.32183290E+04  0.32183225E+04  0.32182799E+04
  0.32181938E+04  0.32180563E+04  0.32178583E+04  0.32175864E+04  0.32172213E+04
  0.32167361E+04  0.32160938E+04  0.32152434E+04  0.32141141E+04  0.32126083E+04
  0.32105941E+04  0.32078931E+04  0.32042674E+04  0.31993959E+04  0.31928473E+04
  0.31841683E+04  0.31727958E+04  0.31581009E+04  0.31395882E+04  0.31170092E+04
  0.30907981E+04  0.30618026E+04  0.30314332E+04  0.30006550E+04  0.29696118E+04
  0.29387615E+04  0.29085335E+04  0.28791507E+04  0.28506297E+04  0.28228563E+04
  0.27956733E+04  0.27689443E+04  0.27425808E+04  0.27165479E+04  0.26908815E+04
  0.26656836E+04  0.26409990E+04  0.26167584E+04  0.25928848E+04  0.25693472E+04
  0.25461380E+04  0.25232595E+04  0.25007171E+04  0.24785144E+04  0.24566523E+04
  0.24351316E+04  0.24139565E+04  0.23931369E+04  0.23726880E+04  0.23526347E+04
  0.23330137E+04  0.23138693E+04  0.22952484E+04  0.22771961E+04  0.22597500E+04
  0.22429396E+04  0.22267836E+04  0.22112864E+04  0.21964456E+04  0.21822218E+04
  0.21686386E+04  0.21556388E+04  0.21431290E+04  0.21311156E+04  0.21195671E+04
  0.21084542E+04  0.20977477E+04  0.20874198E+04  0.20774417E+04  0.20677869E+04
  0.20584315E+04  0.20493543E+04  0.20405343E+04  0.20319512E+04  0.20235866E+04
  0.20154238E+04  0.20074473E+04  0.19996425E+04  0.19919956E+04  0.19844937E+04
  0.19771248E+04  0.19698772E+04  0.19627409E+04  0.19557037E+04  0.19487627E+04
  0.19418905E+04  0.19351332E+04  0.19283475E+04  0.19218648E+04  0.19137006E+04
  0.19085634E+04  0.32155303E+04  0.32158202E+04  0.32168251E+04  0.32178405E+04
  0.32182787E+04  0.32184857E+04  0.32185865E+04  0.32186237E+04  0.32186162E+04
  0.32185676E+04  0.32184724E+04  0.32183250E+04  0.32181165E+04  0.32178335E+04
  0.32174564E+04  0.32169584E+04  0.32163023E+04  0.32154373E+04  0.32142924E+04
  0.32127699E+04  0.32107374E+04  0.32080162E+04  0.32043678E+04  0.31994706E+04
  0.31928935E+04  0.31841809E+04  0.31727702E+04  0.31580351E+04  0.31394796E+04
  0.31168570E+04  0.30906046E+04  0.30615708E+04  0.30311695E+04  0.30003807E+04
  0.29693601E+04  0.29385644E+04  0.29084086E+04  0.28790979E+04  0.28506346E+04
  0.28228982E+04  0.27957325E+04  0.27690046E+04  0.27426316E+04  0.27165841E+04
  0.26909043E+04  0.26656988E+04  0.26410104E+04  0.26167669E+04  0.25928905E+04
  0.25693493E+04  0.25461348E+04  0.25232484E+04  0.25006940E+04  0.24784732E+04
  0.24565866E+04  0.24350367E+04  0.24138309E+04  0.23929843E+04  0.23725204E+04
  0.23524761E+04  0.23328999E+04  0.23138467E+04  0.22953705E+04  0.22775162E+04
  0.22603186E+04  0.22438000E+04  0.22279670E+04  0.22128151E+04  0.21983233E+04
  0.21844543E+04  0.21712280E+04  0.21585280E+04  0.21462867E+04  0.21345510E+04
  0.21232584E+04  0.21123736E+04  0.21018671E+04  0.20917122E+04  0.20818829E+04
  0.20723549E+04  0.20631056E+04  0.20541132E+04  0.20453573E+04  0.20368191E+04
  0.20284814E+04  0.20203288E+04  0.20123471E+04  0.20045236E+04  0.19968461E+04
  0.19893030E+04  0.19818837E+04  0.19745780E+04  0.19673772E+04  0.19602701E+04
  0.19532544E+04  0.19463027E+04  0.19394630E+04  0.19325908E+04  0.19260227E+04
  0.19177483E+04  0.19125416E+04  0.32155591E+04  0.32158767E+04  0.32169843E+04
  0.32181007E+04  0.32185750E+04  0.32187967E+04  0.32189058E+04  0.32189495E+04
  0.32189408E+04  0.32188825E+04  0.32187763E+04  0.32186182E+04  0.32183987E+04
  0.32181042E+04  0.32177149E+04  0.32172037E+04  0.32165334E+04  0.32156533E+04
  0.32144922E+04  0.32129521E+04  0.32109002E+04  0.32081575E+04  0.32044845E+04
  0.31995595E+04  0.31929516E+04  0.31842017E+04  0.31727488E+04  0.31579693E+04
  0.31393666E+04  0.31166959E+04  0.30903985E+04  0.30613242E+04  0.30308911E+04
  0.30000951E+04  0.29691051E+04  0.29383749E+04  0.29083045E+04  0.28790790E+04
  0.28506851E+04  0.28229966E+04  0.27958585E+04  0.27691422E+04  0.27427704E+04
  0.27167191E+04  0.26910361E+04  0.26658296E+04  0.26411384E+04  0.26168865E+04
  0.25929954E+04  0.25694335E+04  0.25461926E+04  0.25232741E+04  0.25006817E+04
  0.24784159E+04  0.24564775E+04  0.24348717E+04  0.24136118E+04  0.23927199E+04
  0.23722317E+04  0.23521984E+04  0.23326818E+04  0.23137459E+04  0.22954449E+04
  0.22778188E+04  0.22608971E+04  0.22446913E+04  0.22291960E+04  0.22143958E+04
  0.22002487E+04  0.21867458E+04  0.21738272E+04  0.21613992E+04  0.21494501E+04
  0.21379596E+04  0.21268872E+04  0.21161984E+04  0.21058635E+04  0.20958553E+04
  0.20861502E+04  0.20767257E+04  0.20675599E+04  0.20586302E+04  0.20499165E+04
  0.20414021E+04  0.20330723E+04  0.20249131E+04  0.20169122E+04  0.20090581E+04
  0.20013399E+04  0.19937474E+04  0.19862714E+04  0.19789027E+04  0.19716339E+04
  0.19644547E+04  0.19573639E+04  0.19503347E+04  0.19434166E+04  0.19364636E+04
  0.19298161E+04  0.19214396E+04  0.19161683E+04  0.32155902E+04  0.32159357E+04
  0.32171459E+04  0.32183648E+04  0.32188791E+04  0.32191205E+04  0.32192414E+04
  0.32192907E+04  0.32192800E+04  0.32192144E+04  0.32190993E+04  0.32189313E+04
  0.32187013E+04  0.32183954E+04  0.32179939E+04  0.32174696E+04  0.32167851E+04
  0.32158896E+04  0.32147119E+04  0.32131537E+04  0.32110818E+04  0.32083166E+04
  0.32046178E+04  0.31996631E+04  0.31930224E+04  0.31842322E+04  0.31727331E+04
  0.31579056E+04  0.31392514E+04  0.31165286E+04  0.30901835E+04  0.30610679E+04
  0.30306050E+04  0.29998079E+04  0.29688588E+04  0.29382077E+04  0.29082379E+04
  0.28791133E+04  0.28508022E+04  0.28231730E+04  0.27960731E+04  0.27693769E+04
  0.27430122E+04  0.27169592E+04  0.26912684E+04  0.26660470E+04  0.26413295E+04
  0.26170390E+04  0.25930990E+04  0.25694811E+04  0.25461790E+04  0.25231943E+04
  0.25005294E+04  0.24781845E+04  0.24561624E+04  0.24344732E+04  0.24131374E+04
  0.23921879E+04  0.23716752E+04  0.23516659E+04  0.23322346E+04  0.23134466E+04
  0.22953507E+04  0.22779844E+04  0.22613676E+04  0.22454966E+04  0.22303557E+04
  0.22159079E+04  0.22021102E+04  0.21889456E+04  0.21762979E+04  0.21641237E+04
  0.21524374E+04  0.21411712E+04  0.21302934E+04  0.21197735E+04  0.21095844E+04
  0.20997003E+04  0.20900984E+04  0.20807555E+04  0.20716490E+04  0.20627588E+04
  0.20540677E+04  0.20455610E+04  0.20372258E+04  0.20290503E+04  0.20210231E+04
  0.20131334E+04  0.20053714E+04  0.19977278E+04  0.19901944E+04  0.19827629E+04
  0.19754265E+04  0.19681762E+04  0.19610121E+04  0.19539081E+04  0.19469145E+04
  0.19398846E+04  0.19331628E+04  0.19246929E+04  0.19193631E+04  0.32156197E+04
  0.32159972E+04  0.32173135E+04  0.32186349E+04  0.32191910E+04  0.32194522E+04
  0.32195817E+04  0.32196325E+04  0.32196213E+04  0.32195545E+04  0.32194346E+04
  0.32192591E+04  0.32190199E+04  0.32187034E+04  0.32182902E+04  0.32177530E+04
  0.32170543E+04  0.32161434E+04  0.32149490E+04  0.32133726E+04  0.32112805E+04
  0.32084923E+04  0.32047668E+04  0.31997812E+04  0.31931064E+04  0.31842731E+04
  0.31727247E+04  0.31578461E+04  0.31391370E+04  0.31163589E+04  0.30899645E+04
  0.30608084E+04  0.30303194E+04  0.29995292E+04  0.29686334E+04  0.29380770E+04
  0.29082238E+04  0.28792144E+04  0.28509978E+04  0.28234361E+04  0.27963780E+04
  0.27697008E+04  0.27433358E+04  0.27172656E+04  0.26915407E+04  0.26662668E+04
  0.26414800E+04  0.26171077E+04  0.25930785E+04  0.25693671E+04  0.25459685E+04
  0.25228840E+04  0.25001150E+04  0.24776619E+04  0.24555308E+04  0.24337386E+04
  0.24123156E+04  0.23913082E+04  0.23707840E+04  0.23508263E+04  0.23315143E+04
  0.23129093E+04  0.22950581E+04  0.22779904E+04  0.22617102E+04  0.22461964E+04
  0.22314190E+04  0.22173199E+04  0.22038739E+04  0.21910064E+04  0.21786123E+04
  0.21666878E+04  0.21552116E+04  0.21441362E+04  0.21334256E+04  0.21230495E+04
  0.21129831E+04  0.21032020E+04  0.20936813E+04  0.20843970E+04  0.20753293E+04
  0.20664620E+04  0.20577815E+04  0.20492747E+04  0.20409291E+04  0.20327336E+04
  0.20246777E+04  0.20167514E+04  0.20089458E+04  0.20012527E+04  0.19936647E+04
  0.19861742E+04  0.19787753E+04  0.19714594E+04  0.19642270E+04  0.19570524E+04
  0.19499871E+04  0.19428835E+04  0.19360906E+04  0.19275320E+04  0.19221469E+04
  0.32156472E+04  0.32160590E+04  0.32174874E+04  0.32189151E+04  0.32195103E+04
  0.32197859E+04  0.32199199E+04  0.32199720E+04  0.32199628E+04  0.32198972E+04
  0.32197759E+04  0.32195959E+04  0.32193496E+04  0.32190240E+04  0.32185999E+04
  0.32180503E+04  0.32173379E+04  0.32164117E+04  0.32152009E+04  0.32136063E+04
  0.32114938E+04  0.32086824E+04  0.32049297E+04  0.31999125E+04  0.31932021E+04
  0.31843240E+04  0.31727241E+04  0.31577921E+04  0.31390256E+04  0.31161901E+04
  0.30897457E+04  0.30605505E+04  0.30300395E+04  0.29992641E+04  0.29684334E+04
  0.29379859E+04  0.29082628E+04  0.28793778E+04  0.28512599E+04  0.28237643E+04
  0.27967402E+04  0.27700661E+04  0.27436767E+04  0.27175569E+04  0.26917571E+04
  0.26663854E+04  0.26414865E+04  0.26169953E+04  0.25928441E+04  0.25690093E+04
  0.25454868E+04  0.25222779E+04  0.24993823E+04  0.24768015E+04  0.24545460E+04
  0.24326411E+04  0.24111298E+04  0.23900765E+04  0.23695690E+04  0.23497011E+04
  0.23305497E+04  0.23121738E+04  0.22946148E+04  0.22778853E+04  0.22619679E+04
  0.22468262E+04  0.22324085E+04  0.22186574E+04  0.22055162E+04  0.21928979E+04
  0.21807543E+04  0.21690636E+04  0.21577786E+04  0.21468657E+04  0.21362947E+04
  0.21260383E+04  0.21160719E+04  0.21063696E+04  0.20969061E+04  0.20876611E+04
  0.20786185E+04  0.20697648E+04  0.20610873E+04  0.20525737E+04  0.20442125E+04
  0.20359932E+04  0.20279060E+04  0.20199421E+04  0.20120935E+04  0.20043530E+04
  0.19967137E+04  0.19891689E+04  0.19817134E+04  0.19743388E+04  0.19670456E+04
  0.19598083E+04  0.19526794E+04  0.19455099E+04  0.19386522E+04  0.19300110E+04
  0.19245739E+04  0.32156756E+04  0.32161204E+04  0.32176605E+04  0.32191961E+04
  0.32198296E+04  0.32201172E+04  0.32202563E+04  0.32203117E+04  0.32203041E+04
  0.32202392E+04  0.32201173E+04  0.32199348E+04  0.32196838E+04  0.32193513E+04
  0.32189183E+04  0.32183577E+04  0.32176323E+04  0.32166915E+04  0.32154644E+04
  0.32138516E+04  0.32117185E+04  0.32088835E+04  0.32051031E+04  0.32000535E+04
  0.31933064E+04  0.31843825E+04  0.31727301E+04  0.31577428E+04  0.31389171E+04
  0.31160225E+04  0.30895270E+04  0.30602926E+04  0.30297605E+04  0.29990042E+04
  0.29682463E+04  0.29379163E+04  0.29083300E+04  0.28795705E+04  0.28515457E+04
  0.28241038E+04  0.27970941E+04  0.27703969E+04  0.27439510E+04  0.27177451E+04
  0.26918331E+04  0.26663295E+04  0.26412885E+04  0.26166525E+04  0.25923565E+04
  0.25683790E+04  0.25447165E+04  0.25213679E+04  0.24983313E+04  0.24756097E+04
  0.24532206E+04  0.24312013E+04  0.24096104E+04  0.23885356E+04  0.23680837E+04
  0.23483496E+04  0.23294077E+04  0.23113135E+04  0.22940908E+04  0.22777302E+04
  0.22621920E+04  0.22474229E+04  0.22333540E+04  0.22199311E+04  0.22070515E+04
  0.21946570E+04  0.21827434E+04  0.21712491E+04  0.21601333E+04  0.21493632E+04
  0.21389121E+04  0.21287548E+04  0.21188651E+04  0.21092179E+04  0.20997928E+04
  0.20905737E+04  0.20815463E+04  0.20726977E+04  0.20640157E+04  0.20554889E+04
  0.20471068E+04  0.20388602E+04  0.20307402E+04  0.20227388E+04  0.20148493E+04
  0.20070647E+04  0.19993789E+04  0.19917859E+04  0.19842808E+04  0.19768550E+04
  0.19695098E+04  0.19622195E+04  0.19550371E+04  0.19478122E+04  0.19409000E+04
  0.19321882E+04  0.19267062E+04  0.32157053E+04  0.32161831E+04  0.32178313E+04
  0.32194715E+04  0.32201457E+04  0.32204489E+04  0.32205940E+04  0.32206515E+04
  0.32206437E+04  0.32205775E+04  0.32204539E+04  0.32202690E+04  0.32200148E+04
  0.32196779E+04  0.32192388E+04  0.32186699E+04  0.32179335E+04  0.32169792E+04
  0.32157364E+04  0.32141056E+04  0.32119517E+04  0.32090925E+04  0.32052835E+04
  0.32002001E+04  0.31934147E+04  0.31844440E+04  0.31727378E+04  0.31576933E+04
  0.31388062E+04  0.31158500E+04  0.30893002E+04  0.30600214E+04  0.30294628E+04
  0.29987231E+04  0.29680393E+04  0.29378284E+04  0.29083779E+04  0.28797386E+04
  0.28517950E+04  0.28243887E+04  0.27973702E+04  0.27706236E+04  0.27440936E+04
  0.27177752E+04  0.26917279E+04  0.26660714E+04  0.26408692E+04  0.26160721E+04
  0.25916183E+04  0.25674871E+04  0.25436735E+04  0.25201736E+04  0.24969841E+04
  0.24741118E+04  0.24515842E+04  0.24294540E+04  0.24078018E+04  0.23867409E+04
  0.23663880E+04  0.23468369E+04  0.23281595E+04  0.23103950E+04  0.22935438E+04
  0.22775707E+04  0.22624152E+04  0.22480053E+04  0.22342695E+04  0.22211280E+04
  0.22085001E+04  0.21963415E+04  0.21846165E+04  0.21732807E+04  0.21623005E+04
  0.21516467E+04  0.21412921E+04  0.21312093E+04  0.21213736E+04  0.21117643E+04
  0.21023655E+04  0.20931629E+04  0.20841426E+04  0.20752926E+04  0.20666014E+04
  0.20580583E+04  0.20496544E+04  0.20413811E+04  0.20332305E+04  0.20251960E+04
  0.20172711E+04  0.20094494E+04  0.20017251E+04  0.19940930E+04  0.19865476E+04
  0.19790804E+04  0.19716934E+04  0.19643607E+04  0.19571354E+04  0.19498660E+04
  0.19429106E+04  0.19341424E+04  0.19286245E+04  0.32157374E+04  0.32162506E+04
  0.32180067E+04  0.32197486E+04  0.32204640E+04  0.32207829E+04  0.32209321E+04
  0.32209890E+04  0.32209786E+04  0.32209087E+04  0.32207813E+04  0.32205931E+04
  0.32203361E+04  0.32199964E+04  0.32195538E+04  0.32189799E+04  0.32182358E+04
  0.32172703E+04  0.32160131E+04  0.32143650E+04  0.32121902E+04  0.32093062E+04
  0.32054676E+04  0.32003487E+04  0.31935234E+04  0.31845028E+04  0.31727389E+04
  0.31576340E+04  0.31386817E+04  0.31156589E+04  0.30890469E+04  0.30597122E+04
  0.30291151E+04  0.29983842E+04  0.29677712E+04  0.29376774E+04  0.29083580E+04
  0.28798309E+04  0.28519571E+04  0.28245704E+04  0.27975246E+04  0.27707101E+04
  0.27440790E+04  0.27176328E+04  0.26914343E+04  0.26656101E+04  0.26402359E+04
  0.26152688E+04  0.25906483E+04  0.25663531E+04  0.25423764E+04  0.25187113E+04
  0.24953545E+04  0.24723217E+04  0.24496555E+04  0.24274263E+04  0.24057426E+04
  0.23847391E+04  0.23645352E+04  0.23452238E+04  0.23268642E+04  0.23094707E+04
  0.22930157E+04  0.22774374E+04  0.22626557E+04  0.22485860E+04  0.22351535E+04
  0.22222624E+04  0.22098574E+04  0.21979026E+04  0.21863416E+04  0.21751451E+04
  0.21642823E+04  0.21537252E+04  0.21434457E+04  0.21334188E+04  0.21236242E+04
  0.21140451E+04  0.21046670E+04  0.20954761E+04  0.20864599E+04  0.20776075E+04
  0.20689074E+04  0.20603504E+04  0.20519287E+04  0.20436340E+04  0.20354598E+04
  0.20274002E+04  0.20194488E+04  0.20115994E+04  0.20038472E+04  0.19961863E+04
  0.19886116E+04  0.19811145E+04  0.19736969E+04  0.19663325E+04  0.19590744E+04
  0.19517715E+04  0.19447820E+04  0.19359704E+04  0.19304261E+04  0.32157701E+04
  0.32163192E+04  0.32181857E+04  0.32200307E+04  0.32207854E+04  0.32211166E+04
  0.32212662E+04  0.32213193E+04  0.32213032E+04  0.32212275E+04  0.32210949E+04
  0.32209027E+04  0.32206428E+04  0.32203011E+04  0.32198566E+04  0.32192803E+04
  0.32185320E+04  0.32175589E+04  0.32162899E+04  0.32146259E+04  0.32124309E+04
  0.32095219E+04  0.32056525E+04  0.32004961E+04  0.31936270E+04  0.31845518E+04
  0.31727253E+04  0.31575544E+04  0.31385297E+04  0.31154311E+04  0.30887445E+04
  0.30593381E+04  0.30286874E+04  0.29979561E+04  0.29674101E+04  0.29374325E+04
  0.29082418E+04  0.28798198E+04  0.28520070E+04  0.28246306E+04  0.27975468E+04
  0.27706528E+04  0.27439086E+04  0.27173238E+04  0.26909642E+04  0.26649625E+04
  0.26394059E+04  0.26142582E+04  0.25894597E+04  0.25649881E+04  0.25408340E+04
  0.25169886E+04  0.24934520E+04  0.24702517E+04  0.24474490E+04  0.24251422E+04
  0.24034692E+04  0.23825756E+04  0.23625818E+04  0.23435722E+04  0.23255818E+04
  0.23085947E+04  0.22925515E+04  0.22773661E+04  0.22629402E+04  0.22491918E+04
  0.22360236E+04  0.22233610E+04  0.22111602E+04  0.21993657E+04  0.21879454E+04
  0.21768702E+04  0.21661094E+04  0.21556331E+04  0.21454158E+04  0.21354381E+04
  0.21256815E+04  0.21161304E+04  0.21067718E+04  0.20975926E+04  0.20885819E+04
  0.20797294E+04  0.20710239E+04  0.20624587E+04  0.20540254E+04  0.20457164E+04
  0.20375269E+04  0.20294509E+04  0.20214821E+04  0.20136147E+04  0.20058437E+04
  0.19981628E+04  0.19905675E+04  0.19830500E+04  0.19756106E+04  0.19682229E+04
  0.19609409E+04  0.19536134E+04  0.19465989E+04  0.19377551E+04  0.19321910E+04
  0.32158014E+04  0.32163849E+04  0.32183628E+04  0.32203128E+04  0.32211036E+04
  0.32214430E+04  0.32215893E+04  0.32216346E+04  0.32216104E+04  0.32215276E+04
  0.32213894E+04  0.32211932E+04  0.32209309E+04  0.32205878E+04  0.32201426E+04
  0.32195654E+04  0.32188154E+04  0.32178382E+04  0.32165610E+04  0.32148836E+04
  0.32126699E+04  0.32097362E+04  0.32058354E+04  0.32006394E+04  0.31937219E+04
  0.31845865E+04  0.31726914E+04  0.31574460E+04  0.31383387E+04  0.31151516E+04
  0.30883752E+04  0.30588804E+04  0.30281630E+04  0.29974242E+04  0.29669441E+04
  0.29370846E+04  0.29080242E+04  0.28797046E+04  0.28519458E+04  0.28245724E+04
  0.27974432E+04  0.27704614E+04  0.27435947E+04  0.27168600E+04  0.26903289E+04
  0.26641393E+04  0.26383871E+04  0.26130445E+04  0.25880543E+04  0.25633930E+04
  0.25390483E+04  0.25150104E+04  0.24912869E+04  0.24679202E+04  0.24449953E+04
  0.24226469E+04  0.24010384E+04  0.23803203E+04  0.23606075E+04  0.23419631E+04
  0.23243897E+04  0.23078356E+04  0.22922097E+04  0.22774062E+04  0.22633143E+04
  0.22498624E+04  0.22369341E+04  0.22244663E+04  0.22124445E+04  0.22007983E+04
  0.21895005E+04  0.21785267E+04  0.21678498E+04  0.21574420E+04  0.21472810E+04
  0.21373491E+04  0.21276280E+04  0.21181038E+04  0.21087644E+04  0.20995974E+04
  0.20905941E+04  0.20817434E+04  0.20730354E+04  0.20644656E+04  0.20560257E+04
  0.20477085E+04  0.20395091E+04  0.20314216E+04  0.20234408E+04  0.20155611E+04
  0.20077766E+04  0.20000811E+04  0.19924704E+04  0.19849366E+04  0.19774804E+04
  0.19700752E+04  0.19627756E+04  0.19554294E+04  0.19483980E+04  0.19395311E+04
  0.19339505E+04  0.32158284E+04  0.32164397E+04  0.32185225E+04  0.32205797E+04
  0.32214072E+04  0.32217517E+04  0.32218911E+04  0.32219262E+04  0.32218928E+04
  0.32218028E+04  0.32216596E+04  0.32214605E+04  0.32211967E+04  0.32208533E+04
  0.32204084E+04  0.32198314E+04  0.32190811E+04  0.32181021E+04  0.32168199E+04
  0.32151325E+04  0.32129025E+04  0.32099453E+04  0.32060129E+04  0.32007759E+04
  0.31938068E+04  0.31846058E+04  0.31726343E+04  0.31573048E+04  0.31381028E+04
  0.31148130E+04  0.30879314E+04  0.30583332E+04  0.30275389E+04  0.29967896E+04
  0.29663777E+04  0.29366414E+04  0.29077140E+04  0.28794959E+04  0.28517862E+04
  0.28244074E+04  0.27972231E+04  0.27701435E+04  0.27431439E+04  0.27162468E+04
  0.26895295E+04  0.26631369E+04  0.26371753E+04  0.26116256E+04  0.25864329E+04
  0.25615727E+04  0.25370288E+04  0.25127921E+04  0.24888813E+04  0.24653607E+04
  0.24423471E+04  0.24200110E+04  0.23985357E+04  0.23780704E+04  0.23587124E+04
  0.23404920E+04  0.23233725E+04  0.23072640E+04  0.22920485E+04  0.22776048E+04
  0.22638244E+04  0.22506210E+04  0.22379028E+04  0.22256177E+04  0.22137427E+04
  0.22022315E+04  0.21910483E+04  0.21801669E+04  0.21695641E+04  0.21592173E+04
  0.21491070E+04  0.21392150E+04  0.21295249E+04  0.21200247E+04  0.21107017E+04
  0.21015448E+04  0.20925466E+04  0.20836970E+04  0.20749878E+04  0.20664125E+04
  0.20579656E+04  0.20496414E+04  0.20414329E+04  0.20333350E+04  0.20253429E+04
  0.20174515E+04  0.20096547E+04  0.20019466E+04  0.19943222E+04  0.19867738E+04
  0.19793028E+04  0.19718833E+04  0.19645699E+04  0.19572095E+04  0.19501656E+04
  0.19412819E+04  0.19356896E+04  0.32158448E+04  0.32164801E+04  0.32186621E+04
  0.32208245E+04  0.32216861E+04  0.32220304E+04  0.32221602E+04  0.32221851E+04
  0.32221434E+04  0.32220477E+04  0.32219012E+04  0.32217007E+04  0.32214368E+04
  0.32210943E+04  0.32206508E+04  0.32200754E+04  0.32193260E+04  0.32183465E+04
  0.32170617E+04  0.32153671E+04  0.32131234E+04  0.32101445E+04  0.32061810E+04
  0.32009020E+04  0.31938790E+04  0.31846075E+04  0.31725524E+04  0.31571293E+04
  0.31378207E+04  0.31144141E+04  0.30874125E+04  0.30576978E+04  0.30268181E+04
  0.29960575E+04  0.29657192E+04  0.29361120E+04  0.29073202E+04  0.28792013E+04
  0.28515351E+04  0.28241425E+04  0.27968913E+04  0.27697005E+04  0.27425539E+04
  0.27154803E+04  0.26885622E+04  0.26619525E+04  0.26357711E+04  0.26100079E+04
  0.25846098E+04  0.25595488E+04  0.25348042E+04  0.25103696E+04  0.24862806E+04
  0.24626304E+04  0.24395766E+04  0.24173212E+04  0.23960575E+04  0.23759255E+04
  0.23569910E+04  0.23392415E+04  0.23225961E+04  0.23069286E+04  0.22921032E+04
  0.22779874E+04  0.22644884E+04  0.22514985E+04  0.22389590E+04  0.22268422E+04
  0.22150967E+04  0.22037016E+04  0.21926197E+04  0.21818212E+04  0.21712836E+04
  0.21609884E+04  0.21509189E+04  0.21410576E+04  0.21313902E+04  0.21219065E+04
  0.21125938E+04  0.21034421E+04  0.20944426E+04  0.20855891E+04  0.20768753E+04
  0.20682917E+04  0.20598343E+04  0.20514992E+04  0.20432799E+04  0.20351707E+04
  0.20271665E+04  0.20192621E+04  0.20114522E+04  0.20037309E+04  0.19960934E+04
  0.19885317E+04  0.19810479E+04  0.19736166E+04  0.19662928E+04  0.19589227E+04
  0.19518697E+04  0.19429747E+04  0.19373754E+04  0.32158575E+04  0.32165186E+04
  0.32187918E+04  0.32210437E+04  0.32219295E+04  0.32222683E+04  0.32223875E+04
  0.32224041E+04  0.32223568E+04  0.32222579E+04  0.32221103E+04  0.32219103E+04
  0.32216482E+04  0.32213081E+04  0.32208675E+04  0.32202949E+04  0.32195476E+04
  0.32185688E+04  0.32172825E+04  0.32155828E+04  0.32133275E+04  0.32103287E+04
  0.32063350E+04  0.32010137E+04  0.31939350E+04  0.31845887E+04  0.31724434E+04
  0.31569181E+04  0.31374915E+04  0.31139551E+04  0.30868197E+04  0.30569756E+04
  0.30260019E+04  0.29952302E+04  0.29649717E+04  0.29354993E+04  0.29068445E+04
  0.28788209E+04  0.28511905E+04  0.28237732E+04  0.27964423E+04  0.27691265E+04
  0.27418187E+04  0.27145549E+04  0.26874244E+04  0.26605910E+04  0.26341890E+04
  0.26082158E+04  0.25826167E+04  0.25573583E+04  0.25324149E+04  0.25077874E+04
  0.24835355E+04  0.24597897E+04  0.24367536E+04  0.24146569E+04  0.23936893E+04
  0.23739663E+04  0.23555114E+04  0.23382616E+04  0.23220903E+04  0.23068432E+04
  0.22923735E+04  0.22785495E+04  0.22652862E+04  0.22524963E+04  0.22401297E+04
  0.22281526E+04  0.22165190E+04  0.22052177E+04  0.21942163E+04  0.21834839E+04
  0.21729976E+04  0.21627406E+04  0.21526985E+04  0.21428566E+04  0.21332022E+04
  0.21237241E+04  0.21144123E+04  0.21052583E+04  0.20962518E+04  0.20873879E+04
  0.20786625E+04  0.20700676E+04  0.20615980E+04  0.20532497E+04  0.20450176E+04
  0.20368960E+04  0.20288792E+04  0.20209618E+04  0.20131390E+04  0.20054053E+04
  0.19977560E+04  0.19901836E+04  0.19826906E+04  0.19752515E+04  0.19679216E+04
  0.19605466E+04  0.19534890E+04  0.19445883E+04  0.19389857E+04  0.32158744E+04
  0.32165587E+04  0.32189034E+04  0.32212198E+04  0.32221209E+04  0.32224546E+04
  0.32225663E+04  0.32225779E+04  0.32225285E+04  0.32224296E+04  0.32222837E+04
  0.32220865E+04  0.32218281E+04  0.32214925E+04  0.32210564E+04  0.32204882E+04
  0.32197443E+04  0.32187672E+04  0.32174803E+04  0.32157764E+04  0.32135109E+04
  0.32104933E+04  0.32064700E+04  0.32011061E+04  0.31939698E+04  0.31845447E+04
  0.31723031E+04  0.31566675E+04  0.31371124E+04  0.31134331E+04  0.30861498E+04
  0.30561624E+04  0.30250857E+04  0.29943029E+04  0.29641304E+04  0.29347988E+04
  0.29062815E+04  0.28783479E+04  0.28507441E+04  0.28232908E+04  0.27958674E+04
  0.27684140E+04  0.27409340E+04  0.27134729E+04  0.26861283E+04  0.26590754E+04
  0.26324607E+04  0.26062859E+04  0.25804922E+04  0.25550387E+04  0.25298965E+04
  0.25050808E+04  0.24806856E+04  0.24568897E+04  0.24339391E+04  0.24120815E+04
  0.23914917E+04  0.23722436E+04  0.23543070E+04  0.23375640E+04  0.23218471E+04
  0.23069858E+04  0.22928268E+04  0.22792680E+04  0.22662111E+04  0.22535819E+04
  0.22413618E+04  0.22295040E+04  0.22179690E+04  0.22067412E+04  0.21957976E+04
  0.21851116E+04  0.21746611E+04  0.21644293E+04  0.21544020E+04  0.21445683E+04
  0.21349174E+04  0.21254361E+04  0.21161170E+04  0.21069532E+04  0.20979363E+04
  0.20890600E+04  0.20803205E+04  0.20717128E+04  0.20632313E+04  0.20548709E+04
  0.20466267E+04  0.20384933E+04  0.20304651E+04  0.20225368E+04  0.20147035E+04
  0.20069599E+04  0.19993019E+04  0.19917227E+04  0.19842247E+04  0.19767824E+04
  0.19694505E+04  0.19620746E+04  0.19550164E+04  0.19461147E+04  0.19405116E+04
  0.32158915E+04  0.32165928E+04  0.32189833E+04  0.32213371E+04  0.32222477E+04
  0.32225812E+04  0.32226914E+04  0.32227029E+04  0.32226553E+04  0.32225599E+04
  0.32224185E+04  0.32222268E+04  0.32219747E+04  0.32216457E+04  0.32212162E+04
  0.32206539E+04  0.32199148E+04  0.32189404E+04  0.32176534E+04  0.32159458E+04
  0.32136707E+04  0.32106348E+04  0.32065819E+04  0.32011741E+04  0.31939779E+04
  0.31844699E+04  0.31721258E+04  0.31563716E+04  0.31366768E+04  0.31128413E+04
  0.30853947E+04  0.30552486E+04  0.30240588E+04  0.29932651E+04  0.29631860E+04
  0.29340014E+04  0.29056220E+04  0.28777725E+04  0.28501866E+04  0.28226877E+04
  0.27951625E+04  0.27675648E+04  0.27399103E+04  0.27122543E+04  0.26847020E+04
  0.26574387E+04  0.26306204E+04  0.26042504E+04  0.25782637E+04  0.25526110E+04
  0.25272648E+04  0.25022648E+04  0.24777500E+04  0.24539581E+04  0.24311730E+04
  0.24096388E+04  0.23895005E+04  0.23707783E+04  0.23533779E+04  0.23371273E+04
  0.23218293E+04  0.23073074E+04  0.22934166E+04  0.22800810E+04  0.22672034E+04
  0.22547090E+04  0.22425981E+04  0.22308363E+04  0.22193833E+04  0.22082135E+04
  0.21973103E+04  0.21866548E+04  0.21762269E+04  0.21660101E+04  0.21559900E+04
  0.21461570E+04  0.21365021E+04  0.21270141E+04  0.21176853E+04  0.21085100E+04
  0.20994819E+04  0.20905948E+04  0.20818440E+04  0.20732254E+04  0.20647340E+04
  0.20563641E+04  0.20481102E+04  0.20399670E+04  0.20319293E+04  0.20239920E+04
  0.20161502E+04  0.20083989E+04  0.20007345E+04  0.19931508E+04  0.19856500E+04
  0.19782062E+04  0.19708739E+04  0.19634983E+04  0.19564407E+04  0.19475400E+04
  0.19419375E+04  0.32159046E+04  0.32166137E+04  0.32190245E+04  0.32213949E+04
  0.32223117E+04  0.32226489E+04  0.32227626E+04  0.32227784E+04  0.32227362E+04
  0.32226470E+04  0.32225128E+04  0.32223294E+04  0.32220864E+04  0.32217667E+04
  0.32213459E+04  0.32207912E+04  0.32200580E+04  0.32190873E+04  0.32178008E+04
  0.32160896E+04  0.32138049E+04  0.32107505E+04  0.32066671E+04  0.32012136E+04
  0.31939548E+04  0.31843591E+04  0.31719051E+04  0.31560231E+04  0.31361767E+04
  0.31121702E+04  0.30845436E+04  0.30542219E+04  0.30229090E+04  0.29921067E+04
  0.29621310E+04  0.29331018E+04  0.29048624E+04  0.28770937E+04  0.28495203E+04
  0.28219703E+04  0.27943400E+04  0.27665983E+04  0.27387731E+04  0.27109283E+04
  0.26831757E+04  0.26557085E+04  0.26286902E+04  0.26021240E+04  0.25759372E+04
  0.25500732E+04  0.25245138E+04  0.24993361E+04  0.24747357E+04  0.24510119E+04
  0.24284766E+04  0.24073516E+04  0.23877313E+04  0.23695680E+04  0.23526998E+04
  0.23369086E+04  0.23219834E+04  0.23077491E+04  0.22940945E+04  0.22809266E+04
  0.22681736E+04  0.22558047E+04  0.22437905E+04  0.22321061E+04  0.22207168E+04
  0.22095937E+04  0.21987219E+04  0.21880875E+04  0.21776742E+04  0.21674665E+04
  0.21574506E+04  0.21476162E+04  0.21379556E+04  0.21284607E+04  0.21191239E+04
  0.21099393E+04  0.21009017E+04  0.20920059E+04  0.20832466E+04  0.20746193E+04
  0.20661189E+04  0.20577395E+04  0.20494755E+04  0.20413215E+04  0.20332727E+04
  0.20253243E+04  0.20174717E+04  0.20097103E+04  0.20020374E+04  0.19944465E+04
  0.19869400E+04  0.19794917E+04  0.19721558E+04  0.19647775E+04  0.19577182E+04
  0.19488176E+04  0.19432156E+04  0.32159113E+04  0.32166192E+04  0.32190314E+04
  0.32214051E+04  0.32223255E+04  0.32226680E+04  0.32227868E+04  0.32228082E+04
  0.32227727E+04  0.32226914E+04  0.32225668E+04  0.32223945E+04  0.32221631E+04
  0.32218548E+04  0.32214448E+04  0.32208992E+04  0.32201731E+04  0.32192067E+04
  0.32179213E+04  0.32162069E+04  0.32139123E+04  0.32108386E+04  0.32067232E+04
  0.32012216E+04  0.31938969E+04  0.31842078E+04  0.31716358E+04  0.31556157E+04
  0.31356042E+04  0.31114110E+04  0.30835859E+04  0.30530710E+04  0.30216281E+04
  0.29908246E+04  0.29609672E+04  0.29321056E+04  0.29040112E+04  0.28763234E+04
  0.28487606E+04  0.28211581E+04  0.27934233E+04  0.27655405E+04  0.27375486E+04
  0.27095188E+04  0.26815680E+04  0.26538960E+04  0.26266727E+04  0.25999004E+04
  0.25734982E+04  0.25474050E+04  0.25216234E+04  0.24962816E+04  0.24716465E+04
  0.24480710E+04  0.24258733E+04  0.24052379E+04  0.23861886E+04  0.23685968E+04
  0.23522367E+04  0.23368593E+04  0.23222545E+04  0.23082625E+04  0.22948007E+04
  0.22817720E+04  0.22691225E+04  0.22568532E+04  0.22449210E+04  0.22332997E+04
  0.22219602E+04  0.22108769E+04  0.22000329E+04  0.21894159E+04  0.21790132E+04
  0.21688115E+04  0.21587981E+04  0.21489624E+04  0.21392967E+04  0.21297945E+04
  0.21204494E+04  0.21112554E+04  0.21022076E+04  0.20933010E+04  0.20845306E+04
  0.20758908E+04  0.20673759E+04  0.20589804E+04  0.20506989E+04  0.20425264E+04
  0.20344584E+04  0.20264904E+04  0.20186185E+04  0.20108394E+04  0.20031504E+04
  0.19955452E+04  0.19880258E+04  0.19805661E+04  0.19732208E+04  0.19658348E+04
  0.19587704E+04  0.19498683E+04  0.19442666E+04  0.32159124E+04  0.32166149E+04
  0.32190176E+04  0.32213855E+04  0.32223058E+04  0.32226518E+04  0.32227741E+04
  0.32227996E+04  0.32227694E+04  0.32226967E+04  0.32225836E+04  0.32224241E+04
  0.32222061E+04  0.32219108E+04  0.32215127E+04  0.32209774E+04  0.32202594E+04
  0.32192978E+04  0.32180140E+04  0.32162965E+04  0.32139918E+04  0.32108977E+04
  0.32067485E+04  0.32011960E+04  0.31938014E+04  0.31840126E+04  0.31713138E+04
  0.31551445E+04  0.31349538E+04  0.31105578E+04  0.30825126E+04  0.30517887E+04
  0.30202169E+04  0.29894260E+04  0.29597063E+04  0.29310275E+04  0.29030851E+04
  0.28754800E+04  0.28479274E+04  0.28202715E+04  0.27924328E+04  0.27644099E+04
  0.27362513E+04  0.27080342E+04  0.26798798E+04  0.26519936E+04  0.26245525E+04
  0.25975578E+04  0.25709198E+04  0.25445778E+04  0.25185698E+04  0.24930906E+04
  0.24684878E+04  0.24451551E+04  0.24233898E+04  0.24033185E+04  0.23848752E+04
  0.23678465E+04  0.23519541E+04  0.23369385E+04  0.23226029E+04  0.23088171E+04
  0.22954969E+04  0.22825839E+04  0.22700484E+04  0.22578650E+04  0.22460009E+04
  0.22344308E+04  0.22231313E+04  0.22120804E+04  0.22012600E+04  0.21906573E+04
  0.21802613E+04  0.21700609E+04  0.21600449E+04  0.21502030E+04  0.21405276E+04
  0.21310124E+04  0.21216520E+04  0.21124406E+04  0.21033735E+04  0.20944461E+04
  0.20856530E+04  0.20769882E+04  0.20684461E+04  0.20600212E+04  0.20517090E+04
  0.20435053E+04  0.20354060E+04  0.20274074E+04  0.20195070E+04  0.20117020E+04
  0.20039900E+04  0.19963642E+04  0.19888269E+04  0.19813517E+04  0.19739941E+04
  0.19665992E+04  0.19595296E+04  0.19506282E+04  0.19450284E+04  0.32159073E+04
  0.32166020E+04  0.32189860E+04  0.32213411E+04  0.32222589E+04  0.32226054E+04
  0.32227304E+04  0.32227603E+04  0.32227360E+04  0.32226714E+04  0.32225692E+04
  0.32224224E+04  0.32222179E+04  0.32219361E+04  0.32215505E+04  0.32210261E+04
  0.32203165E+04  0.32193603E+04  0.32180782E+04  0.32163576E+04  0.32140421E+04
  0.32109264E+04  0.32067414E+04  0.32011350E+04  0.31936664E+04  0.31837713E+04
  0.31709365E+04  0.31546065E+04  0.31342223E+04  0.31096078E+04  0.30813167E+04
  0.30503717E+04  0.30186838E+04  0.29879236E+04  0.29583643E+04  0.29298849E+04
  0.29021017E+04  0.28745804E+04  0.28470360E+04  0.28193239E+04  0.27913786E+04
  0.27632120E+04  0.27348807E+04  0.27064671E+04  0.26780965E+04  0.26499807E+04
  0.26223047E+04  0.25950679E+04  0.25681720E+04  0.25415651E+04  0.25153372E+04
  0.24897681E+04  0.24652838E+04  0.24422992E+04  0.24210649E+04  0.24016199E+04
  0.23837966E+04  0.23673027E+04  0.23518278E+04  0.23371213E+04  0.23230109E+04
  0.23094046E+04  0.22962137E+04  0.22833978E+04  0.22709546E+04  0.22588431E+04
  0.22470355E+04  0.22355070E+04  0.22242377E+04  0.22132088E+04  0.22024026E+04
  0.21918054E+04  0.21814061E+04  0.21711953E+04  0.21611633E+04  0.21513014E+04
  0.21416022E+04  0.21320596E+04  0.21226684E+04  0.21134240E+04  0.21043221E+04
  0.20953584E+04  0.20865273E+04  0.20778230E+04  0.20692401E+04  0.20607741E+04
  0.20524215E+04  0.20441789E+04  0.20360431E+04  0.20280116E+04  0.20200828E+04
  0.20122539E+04  0.20045220E+04  0.19968798E+04  0.19893297E+04  0.19818452E+04
  0.19744821E+04  0.19670855E+04  0.19600180E+04  0.19511251E+04  0.19455319E+04
  0.32158928E+04  0.32165701E+04  0.32189173E+04  0.32212499E+04  0.32221646E+04
  0.32225143E+04  0.32226484E+04  0.32226902E+04  0.32226785E+04  0.32226243E+04
  0.32225310E+04  0.32223944E+04  0.32222019E+04  0.32219330E+04  0.32215596E+04
  0.32210461E+04  0.32203453E+04  0.32193945E+04  0.32181137E+04  0.32163892E+04
  0.32140621E+04  0.32109234E+04  0.32067004E+04  0.32010368E+04  0.31934896E+04
  0.31834815E+04  0.31705015E+04  0.31539995E+04  0.31334074E+04  0.31085597E+04
  0.30799968E+04  0.30488204E+04  0.30170342E+04  0.29863278E+04  0.29569542E+04
  0.29286909E+04  0.29010722E+04  0.28736329E+04  0.28460915E+04  0.28183166E+04
  0.27902571E+04  0.27619375E+04  0.27334219E+04  0.27047976E+04  0.26761942E+04
  0.26478316E+04  0.26199029E+04  0.25924049E+04  0.25652308E+04  0.25383508E+04
  0.25119259E+04  0.24863380E+04  0.24620806E+04  0.24395584E+04  0.24189470E+04
  0.24001721E+04  0.23829595E+04  0.23669555E+04  0.23518423E+04  0.23373939E+04
  0.23234746E+04  0.23100125E+04  0.22969390E+04  0.22842160E+04  0.22718367E+04
  0.22597753E+04  0.22480058E+04  0.22365036E+04  0.22252492E+04  0.22142249E+04
  0.22034142E+04  0.21928034E+04  0.21823818E+04  0.21721407E+04  0.21620728E+04
  0.21521713E+04  0.21424298E+04  0.21328427E+04  0.21234057E+04  0.21141156E+04
  0.21049689E+04  0.20959610E+04  0.20870864E+04  0.20783395E+04  0.20697161E+04
  0.20612131E+04  0.20528279E+04  0.20445575E+04  0.20363994E+04  0.20283519E+04
  0.20204131E+04  0.20125792E+04  0.20048462E+04  0.19972067E+04  0.19896624E+04
  0.19821864E+04  0.19748347E+04  0.19674524E+04  0.19604005E+04  0.19515281E+04
  0.19459475E+04  0.32158677E+04  0.32165197E+04  0.32187952E+04  0.32210748E+04
  0.32219883E+04  0.32223542E+04  0.32225114E+04  0.32225779E+04  0.32225891E+04
  0.32225531E+04  0.32224723E+04  0.32223447E+04  0.32221615E+04  0.32219036E+04
  0.32215419E+04  0.32210393E+04  0.32203471E+04  0.32194012E+04  0.32181208E+04
  0.32163912E+04  0.32140509E+04  0.32108873E+04  0.32066236E+04  0.32008991E+04
  0.31932688E+04  0.31831408E+04  0.31700063E+04  0.31533209E+04  0.31325071E+04
  0.31074114E+04  0.30785553E+04  0.30471371E+04  0.30152680E+04  0.29846426E+04
  0.29554815E+04  0.29274493E+04  0.28999972E+04  0.28726342E+04  0.28450862E+04
  0.28172376E+04  0.27890523E+04  0.27605665E+04  0.27318518E+04  0.27030006E+04
  0.26741481E+04  0.26455233E+04  0.26173276E+04  0.25895516E+04  0.25620832E+04
  0.25349330E+04  0.25083564E+04  0.24828479E+04  0.24589435E+04  0.24369985E+04
  0.24170854E+04  0.23989970E+04  0.23823603E+04  0.23667858E+04  0.23519727E+04
  0.23377315E+04  0.23239668E+04  0.23106030E+04  0.22976008E+04  0.22849505E+04
  0.22726241E+04  0.22605994E+04  0.22488495E+04  0.22373521E+04  0.22260883E+04
  0.22150427E+04  0.22042019E+04  0.21935543E+04  0.21830901E+04  0.21728018E+04
  0.21626841E+04  0.21527321E+04  0.21429414E+04  0.21333078E+04  0.21238286E+04
  0.21145010E+04  0.21053213E+04  0.20962838E+04  0.20873829E+04  0.20786149E+04
  0.20699774E+04  0.20614678E+04  0.20530826E+04  0.20448184E+04  0.20366731E+04
  0.20286446E+04  0.20207295E+04  0.20129223E+04  0.20052182E+04  0.19976091E+04
  0.19900962E+04  0.19826525E+04  0.19753334E+04  0.19679842E+04  0.19609624E+04
  0.19521218E+04  0.19465597E+04  0.32158292E+04  0.32164416E+04  0.32185947E+04
  0.32207809E+04  0.32216998E+04  0.32221030E+04  0.32223025E+04  0.32224088E+04
  0.32224542E+04  0.32224466E+04  0.32223870E+04  0.32222730E+04  0.32220985E+04
  0.32218496E+04  0.32214993E+04  0.32210075E+04  0.32203235E+04  0.32193820E+04
  0.32181005E+04  0.32163636E+04  0.32140080E+04  0.32108168E+04  0.32065091E+04
  0.32007194E+04  0.31930006E+04  0.31827455E+04  0.31694470E+04  0.31525668E+04
  0.31315172E+04  0.31061584E+04  0.30769909E+04  0.30453206E+04  0.30133811E+04
  0.29828645E+04  0.29539425E+04  0.29261537E+04  0.28988660E+04  0.28715697E+04
  0.28440029E+04  0.28160667E+04  0.27877415E+04  0.27590752E+04  0.27301467E+04
  0.27010542E+04  0.26719396E+04  0.26430420E+04  0.26145685E+04  0.25865006E+04
  0.25587270E+04  0.25313227E+04  0.25046659E+04  0.24793561E+04  0.24559373E+04
  0.24346762E+04  0.24155072E+04  0.23980857E+04  0.23819606E+04  0.23667375E+04
  0.23521524E+04  0.23380632E+04  0.23243940E+04  0.23110925E+04  0.22981445E+04
  0.22855382E+04  0.22732429E+04  0.22612312E+04  0.22494756E+04  0.22379565E+04
  0.22266593E+04  0.22155731E+04  0.22046890E+04  0.21939977E+04  0.21834904E+04
  0.21731604E+04  0.21630038E+04  0.21530185E+04  0.21432024E+04  0.21335530E+04
  0.21240671E+04  0.21147399E+04  0.21055654E+04  0.20965377E+04  0.20876539E+04
  0.20789126E+04  0.20703108E+04  0.20618429E+04  0.20535029E+04  0.20452877E+04
  0.20371950E+04  0.20292217E+04  0.20213627E+04  0.20136113E+04  0.20059622E+04
  0.19984069E+04  0.19909459E+04  0.19835532E+04  0.19762828E+04  0.19689792E+04
  0.19619965E+04  0.19531944E+04  0.19476539E+04  0.32157784E+04  0.32163309E+04
  0.32183080E+04  0.32203614E+04  0.32212886E+04  0.32217483E+04  0.32220093E+04
  0.32221708E+04  0.32222630E+04  0.32222937E+04  0.32222647E+04  0.32221732E+04
  0.32220123E+04  0.32217729E+04  0.32214330E+04  0.32209514E+04  0.32202752E+04
  0.32193373E+04  0.32180533E+04  0.32163070E+04  0.32139332E+04  0.32107110E+04
  0.32063550E+04  0.32004948E+04  0.31926814E+04  0.31822910E+04  0.31688182E+04
  0.31517310E+04  0.31304305E+04  0.31047916E+04  0.30752981E+04  0.30433687E+04
  0.30113655E+04  0.29809825E+04  0.29523258E+04  0.29247904E+04  0.28976613E+04
  0.28704195E+04  0.28428200E+04  0.28147816E+04  0.27863027E+04  0.27574429E+04
  0.27282887E+04  0.26989442E+04  0.26695593E+04  0.26403829E+04  0.26116231E+04
  0.25832491E+04  0.25551634E+04  0.25275366E+04  0.25008927E+04  0.24759120E+04
  0.24531049E+04  0.24326086E+04  0.24141877E+04  0.23973700E+04  0.23816608E+04
  0.23666939E+04  0.23522602E+04  0.23382658E+04  0.23246520E+04  0.23113996E+04
  0.22985001E+04  0.22859163E+04  0.22736236E+04  0.22615990E+04  0.22498212E+04
  0.22382750E+04  0.22269504E+04  0.22158403E+04  0.22049373E+04  0.21942320E+04
  0.21837161E+04  0.21733841E+04  0.21632355E+04  0.21532711E+04  0.21434883E+04
  0.21338824E+04  0.21244462E+04  0.21151719E+04  0.21060525E+04  0.20970858E+04
  0.20882722E+04  0.20796058E+04  0.20710787E+04  0.20626847E+04  0.20544180E+04
  0.20462762E+04  0.20382571E+04  0.20303566E+04  0.20225685E+04  0.20148856E+04
  0.20073030E+04  0.19998120E+04  0.19924125E+04  0.19850780E+04  0.19778610E+04
  0.19706054E+04  0.19636621E+04  0.19548896E+04  0.19493626E+04  0.32157014E+04
  0.32162078E+04  0.32179835E+04  0.32198527E+04  0.32207732E+04  0.32212922E+04
  0.32216263E+04  0.32218553E+04  0.32220054E+04  0.32220846E+04  0.32220955E+04
  0.32220358E+04  0.32218982E+04  0.32216727E+04  0.32213425E+04  0.32208706E+04
  0.32202018E+04  0.32192669E+04  0.32179791E+04  0.32162213E+04  0.32138263E+04
  0.32105691E+04  0.32061595E+04  0.32002226E+04  0.31923072E+04  0.31817719E+04
  0.31681128E+04  0.31508049E+04  0.31292365E+04  0.31032977E+04  0.30734697E+04
  0.30412647E+04  0.30091953E+04  0.29789806E+04  0.29506175E+04  0.29233437E+04
  0.28963655E+04  0.28691646E+04  0.28415182E+04  0.28133641E+04  0.27847199E+04
  0.27556567E+04  0.27262684E+04  0.26966652E+04  0.26670054E+04  0.26375454E+04
  0.26084878E+04  0.25797879E+04  0.25513863E+04  0.25235835E+04  0.24970579E+04
  0.24725405E+04  0.24504533E+04  0.24307582E+04  0.24130379E+04  0.23967211E+04
  0.23813163E+04  0.23665192E+04  0.23521840E+04  0.23382559E+04  0.23247076E+04
  0.23115129E+04  0.22986445E+04  0.22860761E+04  0.22737886E+04  0.22617669E+04
  0.22499978E+04  0.22384689E+04  0.22271708E+04  0.22160965E+04  0.22052364E+04
  0.21945789E+04  0.21841170E+04  0.21738489E+04  0.21637778E+04  0.21538996E+04
  0.21442047E+04  0.21346879E+04  0.21253434E+04  0.21161635E+04  0.21071418E+04
  0.20982698E+04  0.20895369E+04  0.20809317E+04  0.20724535E+04  0.20641078E+04
  0.20558929E+04  0.20478056E+04  0.20398419E+04  0.20319957E+04  0.20242607E+04
  0.20166317E+04  0.20091043E+04  0.20016695E+04  0.19943266E+04  0.19870485E+04
  0.19798859E+04  0.19726827E+04  0.19657862E+04  0.19570539E+04  0.19515463E+04
  0.32156146E+04  0.32160851E+04  0.32176469E+04  0.32192936E+04  0.32201833E+04
  0.32207508E+04  0.32211574E+04  0.32214591E+04  0.32216745E+04  0.32218106E+04
  0.32218700E+04  0.32218508E+04  0.32217459E+04  0.32215420E+04  0.32212243E+04
  0.32207623E+04  0.32201014E+04  0.32191696E+04  0.32178772E+04  0.32161058E+04
  0.32136867E+04  0.32103900E+04  0.32059213E+04  0.31999004E+04  0.31918743E+04
  0.31811827E+04  0.31673235E+04  0.31497786E+04  0.31279227E+04  0.31016610E+04
  0.30714873E+04  0.30389869E+04  0.30068518E+04  0.29768475E+04  0.29488078E+04
  0.29218016E+04  0.28949652E+04  0.28677914E+04  0.28400845E+04  0.28118034E+04
  0.27829851E+04  0.27537114E+04  0.27240832E+04  0.26942162E+04  0.26642763E+04
  0.26345227E+04  0.26051450E+04  0.25760904E+04  0.25473730E+04  0.25194588E+04
  0.24931759E+04  0.24692530E+04  0.24479618E+04  0.24290578E+04  0.24119544E+04
  0.23960337E+04  0.23808576E+04  0.23662014E+04  0.23519730E+04  0.23381385E+04
  0.23246865E+04  0.23115725E+04  0.22987586E+04  0.22862457E+04  0.22740231E+04
  0.22620765E+04  0.22503900E+04  0.22389498E+04  0.22277469E+04  0.22167733E+04
  0.22060188E+04  0.21954733E+04  0.21851307E+04  0.21749852E+04  0.21650246E+04
  0.21552307E+04  0.21456043E+04  0.21361548E+04  0.21268787E+04  0.21177685E+04
  0.21088161E+04  0.21000096E+04  0.20913344E+04  0.20827810E+04  0.20743504E+04
  0.20660488E+04  0.20578767E+04  0.20498324E+04  0.20419109E+04  0.20341064E+04
  0.20264138E+04  0.20188268E+04  0.20113394E+04  0.20039396E+04  0.19966292E+04
  0.19893859E+04  0.19822637E+04  0.19751026E+04  0.19682393E+04  0.19595411E+04
  0.19540539E+04  0.32155401E+04  0.32159570E+04  0.32172996E+04  0.32187272E+04
  0.32195632E+04  0.32201551E+04  0.32206188E+04  0.32209870E+04  0.32212688E+04
  0.32214665E+04  0.32215810E+04  0.32216095E+04  0.32215444E+04  0.32213711E+04
  0.32210715E+04  0.32206213E+04  0.32199705E+04  0.32190430E+04  0.32177457E+04
  0.32159590E+04  0.32135127E+04  0.32101724E+04  0.32056385E+04  0.31995257E+04
  0.31913791E+04  0.31805183E+04  0.31664430E+04  0.31486426E+04  0.31264763E+04
  0.30998659E+04  0.30693245E+04  0.30365164E+04  0.30043312E+04  0.29745797E+04
  0.29468935E+04  0.29201588E+04  0.28934536E+04  0.28662929E+04  0.28385132E+04
  0.28100959E+04  0.27810960E+04  0.27516056E+04  0.27217307E+04  0.26915912E+04
  0.26613585E+04  0.26312895E+04  0.26015562E+04  0.25721164E+04  0.25430976E+04
  0.25151676E+04  0.24892788E+04  0.24660889E+04  0.24456583E+04  0.24275203E+04
  0.24109736E+04  0.23954133E+04  0.23804741E+04  0.23659966E+04  0.23519261E+04
  0.23382352E+04  0.23249082E+04  0.23119181E+04  0.22992457E+04  0.22868878E+04
  0.22748223E+04  0.22630237E+04  0.22514666E+04  0.22401426E+04  0.22290510E+04
  0.22181812E+04  0.22075262E+04  0.21970823E+04  0.21868433E+04  0.21767974E+04
  0.21669221E+04  0.21572001E+04  0.21476405E+04  0.21382523E+04  0.21290279E+04
  0.21199596E+04  0.21110403E+04  0.21022690E+04  0.20936415E+04  0.20851487E+04
  0.20767797E+04  0.20685266E+04  0.20603945E+04  0.20523878E+04  0.20445019E+04
  0.20367322E+04  0.20290656E+04  0.20214880E+04  0.20139965E+04  0.20065769E+04
  0.19992459E+04  0.19919895E+04  0.19848594E+04  0.19776973E+04  0.19708345E+04
  0.19621462E+04  0.19566681E+04  0.32154633E+04  0.32158124E+04  0.32169515E+04
  0.32181913E+04  0.32189596E+04  0.32195438E+04  0.32200370E+04  0.32204542E+04
  0.32207945E+04  0.32210527E+04  0.32212244E+04  0.32213054E+04  0.32212860E+04
  0.32211505E+04  0.32208766E+04  0.32204420E+04  0.32198029E+04  0.32188812E+04
  0.32175797E+04  0.32157769E+04  0.32133014E+04  0.32099135E+04  0.32053084E+04
  0.31990955E+04  0.31908178E+04  0.31797737E+04  0.31654646E+04  0.31473878E+04
  0.31248857E+04  0.30978979E+04  0.30669601E+04  0.30338312E+04  0.30016249E+04
  0.29721789E+04  0.29448778E+04  0.29184152E+04  0.28918285E+04  0.28646672E+04
  0.28368027E+04  0.28082398E+04  0.27790496E+04  0.27493325E+04  0.27191976E+04
  0.26887680E+04  0.26582201E+04  0.26278060E+04  0.25976848E+04  0.25678569E+04
  0.25386139E+04  0.25108380E+04  0.24855418E+04  0.24632474E+04  0.24437676E+04
  0.24264268E+04  0.24104611E+04  0.23952989E+04  0.23806499E+04  0.23664087E+04
  0.23525468E+04  0.23390444E+04  0.23258771E+04  0.23130508E+04  0.23005664E+04
  0.22883920E+04  0.22764935E+04  0.22648402E+04  0.22534109E+04  0.22422028E+04
  0.22312135E+04  0.22204325E+04  0.22098577E+04  0.21994792E+04  0.21892847E+04
  0.21792717E+04  0.21694356E+04  0.21597759E+04  0.21502881E+04  0.21409622E+04
  0.21317826E+04  0.21227422E+04  0.21138370E+04  0.21050642E+04  0.20964178E+04
  0.20878915E+04  0.20794872E+04  0.20712005E+04  0.20630372E+04  0.20549941E+04
  0.20470564E+04  0.20392181E+04  0.20314658E+04  0.20237992E+04  0.20162128E+04
  0.20087025E+04  0.20013121E+04  0.19940122E+04  0.19868303E+04  0.19796171E+04
  0.19727266E+04  0.19640428E+04  0.19585760E+04  0.32153975E+04  0.32156794E+04
  0.32166312E+04  0.32177010E+04  0.32183980E+04  0.32189556E+04  0.32194504E+04
  0.32198906E+04  0.32202701E+04  0.32205777E+04  0.32208025E+04  0.32209359E+04
  0.32209647E+04  0.32208714E+04  0.32206315E+04  0.32202171E+04  0.32195895E+04
  0.32186753E+04  0.32173709E+04  0.32155526E+04  0.32130471E+04  0.32096086E+04
  0.32049268E+04  0.31986054E+04  0.31901857E+04  0.31789432E+04  0.31643813E+04
  0.31460053E+04  0.31231394E+04  0.30957432E+04  0.30643771E+04  0.30309156E+04
  0.29987278E+04  0.29696495E+04  0.29427656E+04  0.29165726E+04  0.28900893E+04
  0.28629119E+04  0.28349482E+04  0.28062264E+04  0.27768312E+04  0.27468696E+04
  0.27164534E+04  0.26857120E+04  0.26548320E+04  0.26240699E+04  0.25935838E+04
  0.25634475E+04  0.25341648E+04  0.25068093E+04  0.24823943E+04  0.24612403E+04
  0.24428760E+04  0.24264334E+04  0.24111003E+04  0.23963648E+04  0.23820328E+04
  0.23680487E+04  0.23544059E+04  0.23411001E+04  0.23281073E+04  0.23154388E+04
  0.23030849E+04  0.22910087E+04  0.22791899E+04  0.22676079E+04  0.22562549E+04
  0.22451270E+04  0.22342087E+04  0.22234891E+04  0.22129639E+04  0.22025938E+04
  0.21923737E+04  0.21823299E+04  0.21724585E+04  0.21627614E+04  0.21532315E+04
  0.21438473E+04  0.21345825E+04  0.21254328E+04  0.21164046E+04  0.21074975E+04
  0.20987249E+04  0.20900993E+04  0.20816157E+04  0.20732579E+04  0.20650007E+04
  0.20568186E+04  0.20487033E+04  0.20406515E+04  0.20326728E+04  0.20248322E+04
  0.20171499E+04  0.20096260E+04  0.20022355E+04  0.19948836E+04  0.19876126E+04
  0.19802889E+04  0.19733028E+04  0.19645532E+04  0.19590606E+04  0.32153570E+04
  0.32155839E+04  0.32163672E+04  0.32172739E+04  0.32178995E+04  0.32184233E+04
  0.32189005E+04  0.32193365E+04  0.32197272E+04  0.32200618E+04  0.32203256E+04
  0.32205036E+04  0.32205772E+04  0.32205263E+04  0.32203242E+04  0.32199350E+04
  0.32193210E+04  0.32184142E+04  0.32171083E+04  0.32152768E+04  0.32127417E+04
  0.32092505E+04  0.32044868E+04  0.31980490E+04  0.31894761E+04  0.31780196E+04
  0.31631848E+04  0.31444851E+04  0.31212256E+04  0.30933875E+04  0.30615596E+04
  0.30277561E+04  0.29956366E+04  0.29669971E+04  0.29405610E+04  0.29146298E+04
  0.28882299E+04  0.28610160E+04  0.28329326E+04  0.28040318E+04  0.27744105E+04
  0.27441843E+04  0.27134732E+04  0.26824252E+04  0.26512558E+04  0.26202396E+04
  0.25895266E+04  0.25592762E+04  0.25302464E+04  0.25037025E+04  0.24805850E+04
  0.24609053E+04  0.24438511E+04  0.24283535E+04  0.24136006E+04  0.23992099E+04
  0.23850801E+04  0.23712098E+04  0.23576400E+04  0.23443950E+04  0.23314786E+04
  0.23188844E+04  0.23065639E+04  0.22944945E+04  0.22826651E+04  0.22710526E+04
  0.22596561E+04  0.22484684E+04  0.22374660E+04  0.22266337E+04  0.22159643E+04
  0.22054434E+04  0.21950977E+04  0.21849583E+04  0.21750019E+04  0.21652033E+04
  0.21555298E+04  0.21459457E+04  0.21364462E+04  0.21270248E+04  0.21177206E+04
  0.21086103E+04  0.20997504E+04  0.20910969E+04  0.20825437E+04  0.20740595E+04
  0.20656328E+04  0.20572514E+04  0.20489135E+04  0.20406124E+04  0.20323573E+04
  0.20241958E+04  0.20161657E+04  0.20082774E+04  0.20004743E+04  0.19926880E+04
  0.19850152E+04  0.19773262E+04  0.19700362E+04  0.19610871E+04  0.19555207E+04
  0.32153361E+04  0.32155176E+04  0.32161584E+04  0.32169241E+04  0.32174834E+04
  0.32179675E+04  0.32184137E+04  0.32188251E+04  0.32192001E+04  0.32195339E+04
  0.32198128E+04  0.32200171E+04  0.32201241E+04  0.32201097E+04  0.32199432E+04
  0.32195838E+04  0.32189870E+04  0.32180869E+04  0.32167810E+04  0.32149386E+04
  0.32123748E+04  0.32088292E+04  0.32039789E+04  0.31974169E+04  0.31886796E+04
  0.31769928E+04  0.31618642E+04  0.31428151E+04  0.31191297E+04  0.30908139E+04
  0.30584885E+04  0.30243374E+04  0.29923488E+04  0.29642268E+04  0.29382626E+04
  0.29125752E+04  0.28862310E+04  0.28589535E+04  0.28307256E+04  0.28016264E+04
  0.27717693E+04  0.27412880E+04  0.27103279E+04  0.26790715E+04  0.26477853E+04
  0.26167542E+04  0.25860674E+04  0.25559902E+04  0.25276216E+04  0.25024099E+04
  0.24810263E+04  0.24630195E+04  0.24471977E+04  0.24323497E+04  0.24178138E+04
  0.24034064E+04  0.23891285E+04  0.23750709E+04  0.23613372E+04  0.23479544E+04
  0.23349403E+04  0.23222510E+04  0.23098245E+04  0.22976692E+04  0.22857538E+04
  0.22740338E+04  0.22624925E+04  0.22510944E+04  0.22398219E+04  0.22286643E+04
  0.22176506E+04  0.22069035E+04  0.21964799E+04  0.21862764E+04  0.21761939E+04
  0.21662128E+04  0.21563147E+04  0.21464785E+04  0.21367081E+04  0.21269872E+04
  0.21173327E+04  0.21078083E+04  0.20984454E+04  0.20891964E+04  0.20799937E+04
  0.20708344E+04  0.20617342E+04  0.20526982E+04  0.20437196E+04  0.20347904E+04
  0.20259029E+04  0.20170056E+04  0.20080885E+04  0.19991715E+04  0.19903026E+04
  0.19815299E+04  0.19729766E+04  0.19645044E+04  0.19565695E+04  0.19471955E+04
  0.19414714E+04  0.32153234E+04  0.32154710E+04  0.32160038E+04  0.32166600E+04
  0.32171595E+04  0.32175957E+04  0.32179985E+04  0.32183713E+04  0.32187119E+04
  0.32190198E+04  0.32192853E+04  0.32194905E+04  0.32196118E+04  0.32196205E+04
  0.32194820E+04  0.32191515E+04  0.32185753E+04  0.32176853E+04  0.32163817E+04
  0.32145283E+04  0.32119349E+04  0.32083325E+04  0.32033906E+04  0.31966965E+04
  0.31877833E+04  0.31758495E+04  0.31604051E+04  0.31409792E+04  0.31168334E+04
  0.30880008E+04  0.30551403E+04  0.30206407E+04  0.29888587E+04  0.29613370E+04
  0.29358572E+04  0.29103843E+04  0.28840642E+04  0.28567013E+04  0.28283221E+04
  0.27990428E+04  0.27690043E+04  0.27383727E+04  0.27073339E+04  0.26761080E+04
  0.26450209E+04  0.26143014E+04  0.25839036E+04  0.25543274E+04  0.25270242E+04
  0.25034977E+04  0.24838804E+04  0.24670825E+04  0.24517395E+04  0.24368019E+04
  0.24219031E+04  0.24070790E+04  0.23924751E+04  0.23781639E+04  0.23641912E+04
  0.23505458E+04  0.23371938E+04  0.23241976E+04  0.23116519E+04  0.22994211E+04
  0.22873471E+04  0.22754177E+04  0.22636267E+04  0.22519481E+04  0.22403652E+04
  0.22288611E+04  0.22174537E+04  0.22062476E+04  0.21952769E+04  0.21844270E+04
  0.21736256E+04  0.21628879E+04  0.21522259E+04  0.21416401E+04  0.21311198E+04
  0.21206588E+04  0.21102100E+04  0.20997018E+04  0.20890908E+04  0.20784318E+04
  0.20678210E+04  0.20572826E+04  0.20468161E+04  0.20364259E+04  0.20261182E+04
  0.20158967E+04  0.20057623E+04  0.19956721E+04  0.19856044E+04  0.19755596E+04
  0.19655979E+04  0.19557686E+04  0.19462186E+04  0.19368193E+04  0.19280969E+04
  0.19181757E+04  0.19122388E+04  0.32153089E+04  0.32154358E+04  0.32159016E+04
  0.32164821E+04  0.32169244E+04  0.32173045E+04  0.32176518E+04  0.32179763E+04
  0.32182732E+04  0.32185375E+04  0.32187664E+04  0.32189480E+04  0.32190598E+04
  0.32190715E+04  0.32189461E+04  0.32186368E+04  0.32180844E+04  0.32172105E+04
  0.32159080E+04  0.32140392E+04  0.32114118E+04  0.32077479E+04  0.32027082E+04
  0.31958734E+04  0.31867717E+04  0.31745730E+04  0.31587896E+04  0.31389572E+04
  0.31143135E+04  0.30849210E+04  0.30514777E+04  0.30166329E+04  0.29851545E+04
  0.29583210E+04  0.29333311E+04  0.29080509E+04  0.28817508E+04  0.28543285E+04
  0.28258678E+04  0.27965297E+04  0.27664860E+04  0.27359435E+04  0.27051209E+04
  0.26742489E+04  0.26436717E+04  0.26134093E+04  0.25832999E+04  0.25542361E+04
  0.25278951E+04  0.25056783E+04  0.24869203E+04  0.24698724E+04  0.24539086E+04
  0.24385384E+04  0.24232762E+04  0.24081630E+04  0.23934164E+04  0.23790370E+04
  0.23649339E+04  0.23510441E+04  0.23372860E+04  0.23237633E+04  0.23106375E+04
  0.22977414E+04  0.22849323E+04  0.22722380E+04  0.22596663E+04  0.22472171E+04
  0.22348696E+04  0.22226075E+04  0.22103833E+04  0.21981122E+04  0.21857498E+04
  0.21733650E+04  0.21610418E+04  0.21487860E+04  0.21365953E+04  0.21244781E+04
  0.21124398E+04  0.21004870E+04  0.20885844E+04  0.20766558E+04  0.20646517E+04
  0.20526091E+04  0.20406002E+04  0.20286440E+04  0.20167467E+04  0.20049265E+04
  0.19932040E+04  0.19815952E+04  0.19701149E+04  0.19587740E+04  0.19475789E+04
  0.19365231E+04  0.19256373E+04  0.19149248E+04  0.19045523E+04  0.18943932E+04
  0.18850219E+04  0.18746456E+04  0.18685316E+04  0.32152851E+04  0.32154039E+04
  0.32158456E+04  0.32163815E+04  0.32167646E+04  0.32170840E+04  0.32173707E+04
  0.32176380E+04  0.32178836E+04  0.32180988E+04  0.32182806E+04  0.32184226E+04
  0.32185048E+04  0.32184985E+04  0.32183692E+04  0.32180704E+04  0.32175373E+04
  0.32166741E+04  0.32153633E+04  0.32134695E+04  0.32108004E+04  0.32070676E+04
  0.32019210E+04  0.31949344E+04  0.31856294E+04  0.31731455E+04  0.31569973E+04
  0.31367256E+04  0.31115420E+04  0.30815423E+04  0.30474909E+04  0.30123142E+04
  0.29812391E+04  0.29552094E+04  0.29307507E+04  0.29057064E+04  0.28795083E+04
  0.28521612E+04  0.28238189E+04  0.27946681E+04  0.27648879E+04  0.27347131E+04
  0.27043452E+04  0.26739339E+04  0.26435934E+04  0.26130233E+04  0.25823662E+04
  0.25529221E+04  0.25264469E+04  0.25040080E+04  0.24848980E+04  0.24673822E+04
  0.24507506E+04  0.24348072E+04  0.24191226E+04  0.24036541E+04  0.23884719E+04
  0.23735886E+04  0.23589242E+04  0.23444167E+04  0.23300107E+04  0.23155970E+04
  0.23011010E+04  0.22866256E+04  0.22722735E+04  0.22580423E+04  0.22439218E+04
  0.22299111E+04  0.22160048E+04  0.22022026E+04  0.21884694E+04  0.21747068E+04
  0.21608483E+04  0.21469524E+04  0.21330925E+04  0.21192717E+04  0.21054990E+04
  0.20917995E+04  0.20781951E+04  0.20646919E+04  0.20512841E+04  0.20379653E+04
  0.20247360E+04  0.20115985E+04  0.19985544E+04  0.19856032E+04  0.19727483E+04
  0.19600046E+04  0.19473923E+04  0.19349322E+04  0.19226405E+04  0.19105332E+04
  0.18986253E+04  0.18869259E+04  0.18754764E+04  0.18642698E+04  0.18534695E+04
  0.18429309E+04  0.18332287E+04  0.18225699E+04  0.18163212E+04  0.32152609E+04
  0.32153808E+04  0.32158224E+04  0.32163315E+04  0.32166590E+04  0.32169198E+04
  0.32171493E+04  0.32173567E+04  0.32175462E+04  0.32177122E+04  0.32178449E+04
  0.32179422E+04  0.32179874E+04  0.32179532E+04  0.32178096E+04  0.32175118E+04
  0.32169761E+04  0.32160957E+04  0.32147592E+04  0.32128286E+04  0.32101072E+04
  0.32062936E+04  0.32010263E+04  0.31938726E+04  0.31843451E+04  0.31715515E+04
  0.31550091E+04  0.31342615E+04  0.31084926E+04  0.30778350E+04  0.30431274E+04
  0.30076651E+04  0.29771999E+04  0.29521911E+04  0.29284220E+04  0.29037824E+04
  0.28778769E+04  0.28508361E+04  0.28228603E+04  0.27940977E+04  0.27646884E+04
  0.27347916E+04  0.27044512E+04  0.26736870E+04  0.26422466E+04  0.26095706E+04
  0.25764894E+04  0.25447890E+04  0.25167222E+04  0.24932101E+04  0.24735245E+04
  0.24561693E+04  0.24391505E+04  0.24220075E+04  0.24050379E+04  0.23883356E+04
  0.23718324E+04  0.23555230E+04  0.23393999E+04  0.23234525E+04  0.23076779E+04
  0.22919302E+04  0.22760330E+04  0.22600837E+04  0.22442058E+04  0.22283984E+04
  0.22126726E+04  0.21970369E+04  0.21814976E+04  0.21660680E+04  0.21507587E+04
  0.21355621E+04  0.21204617E+04  0.21054444E+04  0.20905079E+04  0.20756555E+04
  0.20608958E+04  0.20462505E+04  0.20317398E+04  0.20173747E+04  0.20031590E+04
  0.19891018E+04  0.19752213E+04  0.19615359E+04  0.19480533E+04  0.19347676E+04
  0.19216698E+04  0.19087548E+04  0.18960299E+04  0.18835088E+04  0.18712016E+04
  0.18591126E+04  0.18472561E+04  0.18356496E+04  0.18243243E+04  0.18132596E+04
  0.18026013E+04  0.17921903E+04  0.17825688E+04  0.17718460E+04  0.17655125E+04
  0.32152496E+04  0.32153713E+04  0.32158125E+04  0.32163000E+04  0.32165840E+04
  0.32167958E+04  0.32169755E+04  0.32171306E+04  0.32172674E+04  0.32173851E+04
  0.32174737E+04  0.32175302E+04  0.32175410E+04  0.32174799E+04  0.32173174E+04
  0.32169994E+04  0.32164268E+04  0.32155024E+04  0.32141246E+04  0.32121449E+04
  0.32093558E+04  0.32054419E+04  0.32000333E+04  0.31926904E+04  0.31829144E+04
  0.31697812E+04  0.31528121E+04  0.31315510E+04  0.31051530E+04  0.30737956E+04
  0.30383921E+04  0.30027805E+04  0.29733327E+04  0.29497392E+04  0.29269219E+04
  0.29028884E+04  0.28774105E+04  0.28507134E+04  0.28229450E+04  0.27941761E+04
  0.27644931E+04  0.27338546E+04  0.27020238E+04  0.26689325E+04  0.26340724E+04
  0.25970509E+04  0.25594118E+04  0.25243270E+04  0.24949341E+04  0.24713525E+04
  0.24514009E+04  0.24331598E+04  0.24149956E+04  0.23964118E+04  0.23778324E+04
  0.23594623E+04  0.23412985E+04  0.23233226E+04  0.23055341E+04  0.22879362E+04
  0.22705354E+04  0.22533083E+04  0.22361975E+04  0.22191753E+04  0.22022418E+04
  0.21854063E+04  0.21686860E+04  0.21520913E+04  0.21356362E+04  0.21193407E+04
  0.21032204E+04  0.20872864E+04  0.20715462E+04  0.20560076E+04  0.20406777E+04
  0.20255507E+04  0.20106174E+04  0.19958799E+04  0.19813453E+04  0.19670273E+04
  0.19529413E+04  0.19390925E+04  0.19254817E+04  0.19121146E+04  0.18989986E+04
  0.18861343E+04  0.18735131E+04  0.18611221E+04  0.18489574E+04  0.18370214E+04
  0.18253163E+04  0.18138404E+04  0.18025989E+04  0.17915990E+04  0.17808595E+04
  0.17703519E+04  0.17601986E+04  0.17502338E+04  0.17409583E+04  0.17303464E+04
  0.17239902E+04  0.32152478E+04  0.32153685E+04  0.32158044E+04  0.32162728E+04
  0.32165250E+04  0.32167004E+04  0.32168409E+04  0.32169563E+04  0.32170493E+04
  0.32171228E+04  0.32171763E+04  0.32172034E+04  0.32171873E+04  0.32171010E+04
  0.32169046E+04  0.32165318E+04  0.32159030E+04  0.32149347E+04  0.32135101E+04
  0.32114653E+04  0.32085794E+04  0.32045336E+04  0.31989539E+04  0.31913918E+04
  0.31813356E+04  0.31678307E+04  0.31504040E+04  0.31285981E+04  0.31015432E+04
  0.30694786E+04  0.30334213E+04  0.29979326E+04  0.29700393E+04  0.29481837E+04
  0.29262365E+04  0.29025846E+04  0.28771340E+04  0.28500300E+04  0.28213612E+04
  0.27912090E+04  0.27596235E+04  0.27263480E+04  0.26909810E+04  0.26534765E+04
  0.26133602E+04  0.25707933E+04  0.25285469E+04  0.24915610E+04  0.24625108E+04
  0.24394631E+04  0.24190580E+04  0.23991674E+04  0.23792642E+04  0.23593023E+04
  0.23394468E+04  0.23198144E+04  0.23004433E+04  0.22813405E+04  0.22625013E+04
  0.22439103E+04  0.22255545E+04  0.22074356E+04  0.21895618E+04  0.21719357E+04
  0.21545531E+04  0.21374028E+04  0.21204702E+04  0.21037629E+04  0.20873005E+04
  0.20710922E+04  0.20551413E+04  0.20394429E+04  0.20239930E+04  0.20088014E+04
  0.19938833E+04  0.19792403E+04  0.19648625E+04  0.19507394E+04  0.19368645E+04
  0.19232415E+04  0.19098833E+04  0.18967941E+04  0.18839670E+04  0.18713939E+04
  0.18590720E+04  0.18470012E+04  0.18351767E+04  0.18235879E+04  0.18122227E+04
  0.18010733E+04  0.17901402E+04  0.17794226E+04  0.17689203E+04  0.17586298E+04
  0.17485627E+04  0.17386900E+04  0.17291144E+04  0.17196664E+04  0.17108094E+04
  0.17004061E+04  0.16940880E+04  0.32152497E+04  0.32153681E+04  0.32157958E+04
  0.32162476E+04  0.32164777E+04  0.32166276E+04  0.32167390E+04  0.32168258E+04
  0.32168887E+04  0.32169297E+04  0.32169593E+04  0.32169712E+04  0.32169293E+04
  0.32168028E+04  0.32165490E+04  0.32161127E+04  0.32154440E+04  0.32144480E+04
  0.32129730E+04  0.32108280E+04  0.32077915E+04  0.32035678E+04  0.31977917E+04
  0.31899731E+04  0.31795924E+04  0.31656873E+04  0.31477802E+04  0.31254107E+04
  0.30976934E+04  0.30649397E+04  0.30282715E+04  0.29930825E+04  0.29668226E+04
  0.29461451E+04  0.29240288E+04  0.28996401E+04  0.28729031E+04  0.28438086E+04
  0.28125750E+04  0.27793051E+04  0.27440145E+04  0.27065567E+04  0.26667332E+04
  0.26246221E+04  0.25799246E+04  0.25331567E+04  0.24887644E+04  0.24522436E+04
  0.24242550E+04  0.24014114E+04  0.23803165E+04  0.23592889E+04  0.23381910E+04
  0.23172815E+04  0.22967264E+04  0.22765556E+04  0.22567634E+04  0.22373647E+04
  0.22183488E+04  0.21996863E+04  0.21813517E+04  0.21633258E+04  0.21456082E+04
  0.21282100E+04  0.21111410E+04  0.20943906E+04  0.20779360E+04  0.20617747E+04
  0.20459159E+04  0.20303630E+04  0.20151131E+04  0.20001552E+04  0.19854789E+04
  0.19710844E+04  0.19569779E+04  0.19431612E+04  0.19296272E+04  0.19163613E+04
  0.19033486E+04  0.18905843E+04  0.18780745E+04  0.18658225E+04  0.18538196E+04
  0.18420518E+04  0.18305108E+04  0.18191964E+04  0.18081060E+04  0.17972333E+04
  0.17865624E+04  0.17760834E+04  0.17658016E+04  0.17557187E+04  0.17458351E+04
  0.17361443E+04  0.17266510E+04  0.17173239E+04  0.17082488E+04  0.16992541E+04
  0.16907745E+04  0.16805947E+04  0.16743418E+04  0.32152537E+04  0.32153688E+04
  0.32157881E+04  0.32162273E+04  0.32164424E+04  0.32165752E+04  0.32166650E+04
  0.32167290E+04  0.32167747E+04  0.32168021E+04  0.32168187E+04  0.32168188E+04
  0.32167400E+04  0.32165481E+04  0.32162325E+04  0.32157599E+04  0.32150806E+04
  0.32140734E+04  0.32125134E+04  0.32101845E+04  0.32069235E+04  0.32024533E+04
  0.31964308E+04  0.31883378E+04  0.31776108E+04  0.31632734E+04  0.31448509E+04
  0.31218714E+04  0.30934216E+04  0.30598176E+04  0.30222075E+04  0.29865492E+04
  0.29606210E+04  0.29394484E+04  0.29153821E+04  0.28885564E+04  0.28590755E+04
  0.28269450E+04  0.27924782E+04  0.27557265E+04  0.27166774E+04  0.26754777E+04
  0.26322710E+04  0.25872267E+04  0.25399460E+04  0.24914275E+04  0.24472883E+04
  0.24124771E+04  0.23858344E+04  0.23633028E+04  0.23418615E+04  0.23204760E+04
  0.22992196E+04  0.22783191E+04  0.22579075E+04  0.22380006E+04  0.22185610E+04
  0.21995821E+04  0.21810510E+04  0.21629338E+04  0.21451961E+04  0.21278116E+04
  0.21107685E+04  0.20940634E+04  0.20776965E+04  0.20616669E+04  0.20459622E+04
  0.20305738E+04  0.20155005E+04  0.20007407E+04  0.19862916E+04  0.19721421E+04
  0.19582802E+04  0.19446966E+04  0.19313884E+04  0.19183528E+04  0.19055828E+04
  0.18930647E+04  0.18807869E+04  0.18687417E+04  0.18569245E+04  0.18453324E+04
  0.18339559E+04  0.18227839E+04  0.18118117E+04  0.18010403E+04  0.17904696E+04
  0.17800953E+04  0.17699065E+04  0.17598979E+04  0.17500750E+04  0.17404406E+04
  0.17309922E+04  0.17217195E+04  0.17126260E+04  0.17036790E+04  0.16949515E+04
  0.16862703E+04  0.16780500E+04  0.16680186E+04  0.16618060E+04  0.32152574E+04
  0.32153701E+04  0.32157844E+04  0.32162153E+04  0.32164199E+04  0.32165411E+04
  0.32166140E+04  0.32166578E+04  0.32166892E+04  0.32167173E+04  0.32167285E+04
  0.32167053E+04  0.32165729E+04  0.32163083E+04  0.32159429E+04  0.32154418E+04
  0.32147383E+04  0.32136960E+04  0.32119614E+04  0.32093335E+04  0.32057986E+04
  0.32010787E+04  0.31947596E+04  0.31863161E+04  0.31751757E+04  0.31602896E+04
  0.31411809E+04  0.31172992E+04  0.30875801E+04  0.30521074E+04  0.30118635E+04
  0.29738151E+04  0.29464674E+04  0.29236757E+04  0.28972115E+04  0.28676093E+04
  0.28353487E+04  0.28006779E+04  0.27638668E+04  0.27248855E+04  0.26836536E+04
  0.26402793E+04  0.25950701E+04  0.25484485E+04  0.25000718E+04  0.24517018E+04
  0.24095641E+04  0.23774854E+04  0.23528183E+04  0.23310849E+04  0.23098638E+04
  0.22887792E+04  0.22680117E+04  0.22477123E+04  0.22279548E+04  0.22087434E+04
  0.21900355E+04  0.21717956E+04  0.21539935E+04  0.21365922E+04  0.21195604E+04
  0.21028766E+04  0.20865253E+04  0.20705005E+04  0.20548066E+04  0.20394523E+04
  0.20244310E+04  0.20097310E+04  0.19953384E+04  0.19812480E+04  0.19674619E+04
  0.19539626E+04  0.19407318E+04  0.19277556E+04  0.19150261E+04  0.19025396E+04
  0.18902929E+04  0.18782800E+04  0.18664942E+04  0.18549330E+04  0.18435890E+04
  0.18324485E+04  0.18215019E+04  0.18107420E+04  0.18001641E+04  0.17897669E+04
  0.17795533E+04  0.17695218E+04  0.17596707E+04  0.17499959E+04  0.17404916E+04
  0.17311566E+04  0.17219873E+04  0.17129760E+04  0.17041278E+04  0.16954147E+04
  0.16868981E+04  0.16783980E+04  0.16703139E+04  0.16603374E+04  0.16541289E+04
  0.32152599E+04  0.32153738E+04  0.32157941E+04  0.32162271E+04  0.32164273E+04
  0.32165425E+04  0.32166059E+04  0.32166354E+04  0.32166478E+04  0.32166672E+04
  0.32166551E+04  0.32165799E+04  0.32163767E+04  0.32160358E+04  0.32156011E+04
  0.32150070E+04  0.32141642E+04  0.32129456E+04  0.32109520E+04  0.32080337E+04
  0.32042579E+04  0.31992710E+04  0.31925611E+04  0.31835819E+04  0.31717395E+04
  0.31558744E+04  0.31354311E+04  0.31096934E+04  0.30773220E+04  0.30380438E+04
  0.29929840E+04  0.29516546E+04  0.29238379E+04  0.29007458E+04  0.28731011E+04
  0.28421007E+04  0.28082736E+04  0.27721072E+04  0.27339525E+04  0.26937507E+04
  0.26513808E+04  0.26067729E+04  0.25603771E+04  0.25130661E+04  0.24648062E+04
  0.24180609E+04  0.23793191E+04  0.23508307E+04  0.23283591E+04  0.23075500E+04
  0.22868764E+04  0.22664043E+04  0.22463147E+04  0.22267165E+04  0.22076511E+04
  0.21891168E+04  0.21710843E+04  0.21534977E+04  0.21363045E+04  0.21194761E+04
  0.21030000E+04  0.20868718E+04  0.20710795E+04  0.20556123E+04  0.20404782E+04
  0.20256771E+04  0.20111974E+04  0.19970231E+04  0.19831297E+04  0.19695099E+04
  0.19561610E+04  0.19430658E+04  0.19302097E+04  0.19175837E+04  0.19051833E+04
  0.18930076E+04  0.18810575E+04  0.18693333E+04  0.18578272E+04  0.18465367E+04
  0.18354666E+04  0.18246100E+04  0.18139562E+04  0.18034957E+04  0.17932161E+04
  0.17831080E+04  0.17731721E+04  0.17634086E+04  0.17538202E+04  0.17444046E+04
  0.17351477E+04  0.17260403E+04  0.17170804E+04  0.17082638E+04  0.16995972E+04
  0.16910558E+04  0.16826958E+04  0.16743371E+04  0.16663730E+04  0.16564872E+04
  0.16503181E+04  0.32152624E+04  0.32153872E+04  0.32158401E+04  0.32163066E+04
  0.32165244E+04  0.32166514E+04  0.32167253E+04  0.32167591E+04  0.32167523E+04
  0.32167045E+04  0.32165751E+04  0.32163618E+04  0.32160656E+04  0.32156418E+04
  0.32150514E+04  0.32142150E+04  0.32130356E+04  0.32114107E+04  0.32091907E+04
  0.32062343E+04  0.32023173E+04  0.31970573E+04  0.31898750E+04  0.31801151E+04
  0.31671610E+04  0.31497028E+04  0.31270158E+04  0.30982856E+04  0.30620586E+04
  0.30179670E+04  0.29678424E+04  0.29246396E+04  0.28992984E+04  0.28778444E+04
  0.28493871E+04  0.28174307E+04  0.27826290E+04  0.27453682E+04  0.27060347E+04
  0.26647558E+04  0.26216906E+04  0.25769656E+04  0.25310105E+04  0.24845045E+04
  0.24373928E+04  0.23931179E+04  0.23586001E+04  0.23339166E+04  0.23132123E+04
  0.22930315E+04  0.22728565E+04  0.22528992E+04  0.22333234E+04  0.22142236E+04
  0.21956372E+04  0.21775623E+04  0.21599684E+04  0.21427941E+04  0.21259867E+04
  0.21095262E+04  0.20934076E+04  0.20776333E+04  0.20622008E+04  0.20470987E+04
  0.20323211E+04  0.20178541E+04  0.20036853E+04  0.19898003E+04  0.19761835E+04
  0.19628194E+04  0.19496895E+04  0.19367909E+04  0.19241239E+04  0.19116860E+04
  0.18994748E+04  0.18874889E+04  0.18757285E+04  0.18641952E+04  0.18528825E+04
  0.18417794E+04  0.18308838E+04  0.18201951E+04  0.18097078E+04  0.17994162E+04
  0.17893123E+04  0.17793863E+04  0.17696337E+04  0.17600531E+04  0.17506462E+04
  0.17414116E+04  0.17323368E+04  0.17234094E+04  0.17146242E+04  0.17059749E+04
  0.16974691E+04  0.16890790E+04  0.16808739E+04  0.16726897E+04  0.16649233E+04
  0.16552669E+04  0.16492213E+04  0.32152601E+04  0.32153976E+04  0.32158925E+04
  0.32164060E+04  0.32166512E+04  0.32167967E+04  0.32168869E+04  0.32169305E+04
  0.32169051E+04  0.32167572E+04  0.32164552E+04  0.32160543E+04  0.32156483E+04
  0.32151346E+04  0.32143462E+04  0.32132122E+04  0.32116478E+04  0.32095747E+04
  0.32072049E+04  0.32043513E+04  0.32003304E+04  0.31946735E+04  0.31868076E+04
  0.31761384E+04  0.31619729E+04  0.31428190E+04  0.31177068E+04  0.30859419E+04
  0.30464248E+04  0.29989292E+04  0.29460996E+04  0.29031932E+04  0.28811308E+04
  0.28613823E+04  0.28319822E+04  0.27988232E+04  0.27630210E+04  0.27247865E+04
  0.26844065E+04  0.26422086E+04  0.25987551E+04  0.25546625E+04  0.25101522E+04
  0.24651421E+04  0.24194440E+04  0.23777465E+04  0.23475596E+04  0.23261906E+04
  0.23064921E+04  0.22866175E+04  0.22666933E+04  0.22469561E+04  0.22275775E+04
  0.22086741E+04  0.21903036E+04  0.21724644E+04  0.21551108E+04  0.21381767E+04
  0.21216067E+04  0.21053745E+04  0.20894726E+04  0.20738903E+04  0.20586205E+04
  0.20436551E+04  0.20289786E+04  0.20145863E+04  0.20004812E+04  0.19866570E+04
  0.19731066E+04  0.19598086E+04  0.19467421E+04  0.19339137E+04  0.19213313E+04
  0.19089944E+04  0.18968970E+04  0.18850329E+04  0.18733994E+04  0.18619965E+04
  0.18508220E+04  0.18398632E+04  0.18290984E+04  0.18185154E+04  0.18081128E+04
  0.17978935E+04  0.17878609E+04  0.17780137E+04  0.17683474E+04  0.17588591E+04
  0.17495501E+04  0.17404170E+04  0.17314488E+04  0.17226342E+04  0.17139656E+04
  0.17054346E+04  0.16970475E+04  0.16887730E+04  0.16806930E+04  0.16726569E+04
  0.16650657E+04  0.16556299E+04  0.16497091E+04  0.32152563E+04  0.32153977E+04
  0.32159089E+04  0.32164415E+04  0.32166962E+04  0.32168473E+04  0.32169415E+04
  0.32169863E+04  0.32169508E+04  0.32167587E+04  0.32163787E+04  0.32158921E+04
  0.32154295E+04  0.32148676E+04  0.32139899E+04  0.32127265E+04  0.32109995E+04
  0.32087415E+04  0.32063061E+04  0.32034807E+04  0.31993980E+04  0.31934556E+04
  0.31851403E+04  0.31740210E+04  0.31592967E+04  0.31393841E+04  0.31131714E+04
  0.30800853E+04  0.30393486E+04  0.29908146E+04  0.29375204E+04  0.28952712E+04
  0.28745842E+04  0.28554556E+04  0.28256849E+04  0.27919957E+04  0.27557294E+04
  0.27170816E+04  0.26762978E+04  0.26337455E+04  0.25901281E+04  0.25463028E+04
  0.25024064E+04  0.24580099E+04  0.24129298E+04  0.23724841E+04  0.23443595E+04
  0.23243887E+04  0.23049901E+04  0.22852121E+04  0.22653552E+04  0.22456666E+04
  0.22263198E+04  0.22074485E+04  0.21891267E+04  0.21713546E+04  0.21540799E+04
  0.21372310E+04  0.21207463E+04  0.21045943E+04  0.20887676E+04  0.20732524E+04
  0.20580332E+04  0.20430972E+04  0.20284272E+04  0.20140284E+04  0.19999153E+04
  0.19860874E+04  0.19725380E+04  0.19592447E+04  0.19461899E+04  0.19333807E+04
  0.19208250E+04  0.19085223E+04  0.18964651E+04  0.18846448E+04  0.18730569E+04
  0.18617006E+04  0.18505754E+04  0.18396681E+04  0.18289498E+04  0.18184032E+04
  0.18080270E+04  0.17978279E+04  0.17878133E+04  0.17779853E+04  0.17683408E+04
  0.17588766E+04  0.17495941E+04  0.17404902E+04  0.17315534E+04  0.17227724E+04
  0.17141406E+04  0.17056497E+04  0.16973042E+04  0.16890715E+04  0.16810352E+04
  0.16730465E+04  0.16655076E+04  0.16561427E+04  0.16502653E+04
