  0.49014539E+01  0.48998855E+01  0.48964843E+01  0.48926108E+01  0.48885991E+01
  0.48848568E+01  0.48815446E+01  0.48786389E+01  0.48760135E+01  0.48735277E+01
  0.48710557E+01  0.48684783E+01  0.48656471E+01  0.48623694E+01  0.48584024E+01
  0.48534372E+01  0.48470723E+01  0.48387726E+01  0.48278373E+01  0.48133342E+01
  0.47940090E+01  0.47681882E+01  0.47336581E+01  0.46875497E+01  0.46263860E+01
  0.45461919E+01  0.44423919E+01  0.43101061E+01  0.41466292E+01  0.39513177E+01
  0.37293197E+01  0.34926587E+01  0.32539891E+01  0.30195345E+01  0.27942673E+01
  0.25869905E+01  0.24011171E+01  0.22290241E+01  0.20718757E+01  0.19336286E+01
  0.18009842E+01  0.16734043E+01  0.15555319E+01  0.14436413E+01  0.13391115E+01
  0.12420269E+01  0.11521735E+01  0.10690119E+01  0.99053615E+00  0.91816139E+00
  0.85228721E+00  0.79099038E+00  0.73399458E+00  0.68181968E+00  0.63404311E+00
  0.58968891E+00  0.54766997E+00  0.50847022E+00  0.47267284E+00  0.43967972E+00
  0.40960986E+00  0.38183514E+00  0.35548640E+00  0.33048216E+00  0.30743333E+00
  0.28633365E+00  0.26678697E+00  0.24863805E+00  0.23174456E+00  0.21626682E+00
  0.20204326E+00  0.18873010E+00  0.17629701E+00  0.16476452E+00  0.15417122E+00
  0.14458885E+00  0.13584945E+00  0.12776344E+00  0.12035326E+00  0.11360433E+00
  0.10749741E+00  0.10202887E+00  0.97134523E-01  0.92714184E-01  0.88755406E-01
  0.85238163E-01  0.82065232E-01  0.79152468E-01  0.76458413E-01  0.73923465E-01
  0.71529409E-01  0.69293348E-01  0.67195649E-01  0.65196637E-01  0.63264934E-01
  0.61341883E-01  0.59340633E-01  0.57085208E-01  0.54397849E-01  0.50129242E-01
  0.47321271E-01  0.49014750E+01  0.48998935E+01  0.48964703E+01  0.48925845E+01
  0.48885702E+01  0.48848298E+01  0.48815192E+01  0.48786138E+01  0.48759885E+01
  0.48735030E+01  0.48710312E+01  0.48684539E+01  0.48656227E+01  0.48623453E+01
  0.48583788E+01  0.48534146E+01  0.48470510E+01  0.48387526E+01  0.48278180E+01
  0.48133150E+01  0.47939869E+01  0.47681596E+01  0.47336199E+01  0.46874985E+01
  0.46263157E+01  0.45460972E+01  0.44422676E+01  0.43099424E+01  0.41464197E+01
  0.39510562E+01  0.37289971E+01  0.34922719E+01  0.32535466E+01  0.30190480E+01
  0.27937601E+01  0.25864915E+01  0.24006224E+01  0.22285099E+01  0.20712929E+01
  0.19329131E+01  0.18000911E+01  0.16724496E+01  0.15546422E+01  0.14430162E+01
  0.13388856E+01  0.12422864E+01  0.11531142E+01  0.10705957E+01  0.99270252E+00
  0.92089072E+00  0.85541768E+00  0.79452066E+00  0.73792951E+00  0.68589994E+00
  0.63795701E+00  0.59325277E+00  0.55083004E+00  0.51099903E+00  0.47455878E+00
  0.44125877E+00  0.41109716E+00  0.38322631E+00  0.35674946E+00  0.33162774E+00
  0.30843567E+00  0.28715708E+00  0.26740698E+00  0.24905904E+00  0.23199182E+00
  0.21637264E+00  0.20204561E+00  0.18863527E+00  0.17607967E+00  0.16439974E+00
  0.15363897E+00  0.14388269E+00  0.13500971E+00  0.12686391E+00  0.11944260E+00
  0.11271188E+00  0.10663863E+00  0.10121654E+00  0.96381842E-01  0.92035225E-01
  0.88142919E-01  0.84665278E-01  0.81519565E-01  0.78637545E-01  0.75969778E-01
  0.73454627E-01  0.71093072E-01  0.68899013E-01  0.66838702E-01  0.64870074E-01
  0.62961337E-01  0.61065412E-01  0.59090472E-01  0.56868237E-01  0.54225009E-01
  0.49963225E-01  0.47142959E-01  0.49015342E+01  0.48999083E+01  0.48964074E+01
  0.48924760E+01  0.48884535E+01  0.48847235E+01  0.48814233E+01  0.48785246E+01
  0.48759039E+01  0.48734226E+01  0.48709541E+01  0.48683792E+01  0.48655498E+01
  0.48622742E+01  0.48583098E+01  0.48533480E+01  0.48469869E+01  0.48386898E+01
  0.48277550E+01  0.48132485E+01  0.47939109E+01  0.47680668E+01  0.47335036E+01
  0.46873492E+01  0.46261178E+01  0.45458392E+01  0.44419374E+01  0.43095155E+01
  0.41458809E+01  0.39503874E+01  0.37281649E+01  0.34912558E+01  0.32523518E+01
  0.30176962E+01  0.27923218E+01  0.25850397E+01  0.23991100E+01  0.22268275E+01
  0.20692513E+01  0.19303913E+01  0.17971134E+01  0.16695831E+01  0.15524590E+01
  0.14417470E+01  0.13389256E+01  0.12438468E+01  0.11563677E+01  0.10757361E+01
  0.99950031E+00  0.92874011E+00  0.86345450E+00  0.80189002E+00  0.74483842E+00
  0.69277175E+00  0.64436587E+00  0.59872763E+00  0.55539261E+00  0.51437282E+00
  0.47631500E+00  0.44153515E+00  0.41012746E+00  0.38125945E+00  0.35407102E+00
  0.32842180E+00  0.30475298E+00  0.28303609E+00  0.26297178E+00  0.24446859E+00
  0.22740796E+00  0.21194199E+00  0.19777707E+00  0.18447813E+00  0.17202506E+00
  0.16038792E+00  0.14960126E+00  0.13978958E+00  0.13092154E+00  0.12291086E+00
  0.11570427E+00  0.10923104E+00  0.10343029E+00  0.98286493E-01  0.93754153E-01
  0.89740952E-01  0.86144643E-01  0.82878762E-01  0.79907084E-01  0.77197782E-01
  0.74698652E-01  0.72338049E-01  0.70106707E-01  0.68015139E-01  0.66035264E-01
  0.64124924E-01  0.62270426E-01  0.60434566E-01  0.58526298E-01  0.56405218E-01
  0.53875735E-01  0.49643940E-01  0.46803243E-01  0.49016310E+01  0.48999229E+01
  0.48962748E+01  0.48922518E+01  0.48882104E+01  0.48845014E+01  0.48812262E+01
  0.48783469E+01  0.48757405E+01  0.48732700E+01  0.48708104E+01  0.48682425E+01
  0.48654187E+01  0.48621480E+01  0.48581878E+01  0.48532299E+01  0.48468720E+01
  0.48385761E+01  0.48276392E+01  0.48131252E+01  0.47937729E+01  0.47679064E+01
  0.47333113E+01  0.46871119E+01  0.46258143E+01  0.45454559E+01  0.44414601E+01
  0.43089105E+01  0.41451286E+01  0.39494593E+01  0.37270018E+01  0.34898145E+01
  0.32506164E+01  0.30156941E+01  0.27901662E+01  0.25827812E+01  0.23965765E+01
  0.22237810E+01  0.20656134E+01  0.19264491E+01  0.17933147E+01  0.16666431E+01
  0.15512595E+01  0.14425006E+01  0.13417240E+01  0.12488636E+01  0.11629235E+01
  0.10824993E+01  0.10062461E+01  0.93560378E+00  0.86956488E+00  0.80559869E+00
  0.74532206E+00  0.69041001E+00  0.63941724E+00  0.59161720E+00  0.54685056E+00
  0.50503198E+00  0.46605072E+00  0.42994501E+00  0.39719805E+00  0.36744166E+00
  0.33993817E+00  0.31434307E+00  0.29085652E+00  0.26944040E+00  0.24994959E+00
  0.23223898E+00  0.21613069E+00  0.20172814E+00  0.18850701E+00  0.17599162E+00
  0.16427695E+00  0.15334760E+00  0.14324269E+00  0.13399736E+00  0.12559263E+00
  0.11804053E+00  0.11128930E+00  0.10525431E+00  0.99861266E-01  0.95075393E-01
  0.90875079E-01  0.87205110E-01  0.83958169E-01  0.81020307E-01  0.78357776E-01
  0.75941664E-01  0.73745667E-01  0.71702217E-01  0.69738298E-01  0.67852338E-01
  0.66040581E-01  0.64277074E-01  0.62561401E-01  0.60859139E-01  0.59095338E-01
  0.57153312E-01  0.54868137E-01  0.51069291E-01  0.48515630E-01  0.49017701E+01
  0.48999408E+01  0.48960748E+01  0.48919123E+01  0.48878352E+01  0.48841521E+01
  0.48809139E+01  0.48780664E+01  0.48754833E+01  0.48730302E+01  0.48705844E+01
  0.48680282E+01  0.48652144E+01  0.48619523E+01  0.48579996E+01  0.48530480E+01
  0.48466954E+01  0.48384021E+01  0.48274634E+01  0.48129411E+01  0.47935721E+01
  0.47676787E+01  0.47330446E+01  0.46867904E+01  0.46254120E+01  0.45449569E+01
  0.44408488E+01  0.43081443E+01  0.41441852E+01  0.39483017E+01  0.37255543E+01
  0.34880277E+01  0.32484699E+01  0.30132249E+01  0.27874750E+01  0.25798013E+01
  0.23930823E+01  0.22197587E+01  0.20616992E+01  0.19232844E+01  0.17915480E+01
  0.16669227E+01  0.15537568E+01  0.14472820E+01  0.13475187E+01  0.12546488E+01
  0.11683798E+01  0.10853592E+01  0.10043500E+01  0.92879521E+00  0.85862014E+00
  0.79143123E+00  0.72766431E+00  0.66854322E+00  0.61447006E+00  0.56548368E+00
  0.52070585E+00  0.47966581E+00  0.44191749E+00  0.40720564E+00  0.37616497E+00
  0.34830786E+00  0.32247130E+00  0.29843939E+00  0.27661379E+00  0.25669504E+00
  0.23845266E+00  0.22190854E+00  0.20682725E+00  0.19332203E+00  0.18114543E+00
  0.16981242E+00  0.15920420E+00  0.14937855E+00  0.14039128E+00  0.13209261E+00
  0.12440396E+00  0.11741060E+00  0.11111734E+00  0.10547484E+00  0.10042154E+00
  0.95910312E-01  0.91918428E-01  0.88414051E-01  0.85325668E-01  0.82572087E-01
  0.80107541E-01  0.77873204E-01  0.75848780E-01  0.74003417E-01  0.72276689E-01
  0.70638412E-01  0.69065425E-01  0.67539047E-01  0.66051641E-01  0.64572014E-01
  0.63035058E-01  0.61346627E-01  0.59390226E-01  0.56447621E-01  0.54562625E-01
  0.49019552E+01  0.48999642E+01  0.48958129E+01  0.48914712E+01  0.48873415E+01
  0.48836814E+01  0.48804850E+01  0.48776769E+01  0.48751240E+01  0.48726936E+01
  0.48702667E+01  0.48677269E+01  0.48649275E+01  0.48616781E+01  0.48577366E+01
  0.48527948E+01  0.48464502E+01  0.48381615E+01  0.48272213E+01  0.48126902E+01
  0.47933030E+01  0.47673785E+01  0.47326987E+01  0.46863799E+01  0.46249052E+01
  0.45443353E+01  0.44400953E+01  0.43072076E+01  0.41430418E+01  0.39469103E+01
  0.37238298E+01  0.34859339E+01  0.32459963E+01  0.30103650E+01  0.27842124E+01
  0.25761379E+01  0.23892214E+01  0.22161996E+01  0.20596614E+01  0.19232041E+01
  0.17933619E+01  0.16710290E+01  0.15588324E+01  0.14523353E+01  0.13512224E+01
  0.12531838E+01  0.11596381E+01  0.10699970E+01  0.98171386E+00  0.89876979E+00
  0.82399410E+00  0.75561157E+00  0.69252500E+00  0.63408006E+00  0.58186667E+00
  0.53629395E+00  0.49464876E+00  0.45642274E+00  0.42152257E+00  0.38944345E+00
  0.36082884E+00  0.33543708E+00  0.31224408E+00  0.29075801E+00  0.27135852E+00
  0.25346279E+00  0.23665291E+00  0.22120028E+00  0.20695700E+00  0.19400919E+00
  0.18233217E+00  0.17161078E+00  0.16161317E+00  0.15235804E+00  0.14391899E+00
  0.13617894E+00  0.12906428E+00  0.12255739E+00  0.11664004E+00  0.11130408E+00
  0.10651135E+00  0.10222376E+00  0.98418484E-01  0.95063064E-01  0.92085787E-01
  0.89429061E-01  0.87054119E-01  0.84894810E-01  0.82912753E-01  0.81092349E-01
  0.79416885E-01  0.77851351E-01  0.76361270E-01  0.74925045E-01  0.73529600E-01
  0.72146935E-01  0.70728557E-01  0.69213543E-01  0.67508408E-01  0.65104142E-01
  0.63613283E-01  0.49021900E+01  0.48999950E+01  0.48954974E+01  0.48909504E+01
  0.48867535E+01  0.48831055E+01  0.48799467E+01  0.48771789E+01  0.48746592E+01
  0.48722548E+01  0.48698504E+01  0.48673309E+01  0.48645500E+01  0.48613173E+01
  0.48573910E+01  0.48524626E+01  0.48461293E+01  0.48378473E+01  0.48269067E+01
  0.48123671E+01  0.47929604E+01  0.47670010E+01  0.47322684E+01  0.46858742E+01
  0.46242870E+01  0.45435836E+01  0.44391903E+01  0.43060904E+01  0.41416907E+01
  0.39452850E+01  0.37218454E+01  0.34835658E+01  0.32432004E+01  0.30070208E+01
  0.27803780E+01  0.25723773E+01  0.23862893E+01  0.22148042E+01  0.20605679E+01
  0.19260216E+01  0.17972496E+01  0.16755027E+01  0.15612903E+01  0.14485889E+01
  0.13390845E+01  0.12306492E+01  0.11257971E+01  0.10288911E+01  0.93823759E+00
  0.85559049E+00  0.78347610E+00  0.71987939E+00  0.66184006E+00  0.60804281E+00
  0.55999810E+00  0.51811447E+00  0.48048698E+00  0.44652088E+00  0.41545029E+00
  0.38638211E+00  0.35970971E+00  0.33566375E+00  0.31397125E+00  0.29407212E+00
  0.27602640E+00  0.25942400E+00  0.24387881E+00  0.22942783E+00  0.21599129E+00
  0.20363551E+00  0.19221575E+00  0.18155206E+00  0.17157169E+00  0.16224933E+00
  0.15366187E+00  0.14582543E+00  0.13874552E+00  0.13232676E+00  0.12648088E+00
  0.12118620E+00  0.11642477E+00  0.11217350E+00  0.10841051E+00  0.10510653E+00
  0.10220001E+00  0.99618340E-01  0.97303414E-01  0.95192684E-01  0.93237578E-01
  0.91406880E-01  0.89679265E-01  0.88034015E-01  0.86451302E-01  0.84914390E-01
  0.83410709E-01  0.81924251E-01  0.80431785E-01  0.78890559E-01  0.77300124E-01
  0.74989041E-01  0.73477470E-01  0.49024759E+01  0.49000367E+01  0.48951418E+01
  0.48903740E+01  0.48860958E+01  0.48824438E+01  0.48793116E+01  0.48765773E+01
  0.48740887E+01  0.48717113E+01  0.48693312E+01  0.48668346E+01  0.48640750E+01
  0.48608625E+01  0.48569553E+01  0.48520441E+01  0.48457257E+01  0.48374527E+01
  0.48265132E+01  0.48119662E+01  0.47925391E+01  0.47665411E+01  0.47317486E+01
  0.46852680E+01  0.46235531E+01  0.45426998E+01  0.44381370E+01  0.43047991E+01
  0.41401392E+01  0.39434382E+01  0.37196149E+01  0.34809042E+01  0.32399869E+01
  0.30031975E+01  0.27764996E+01  0.25696597E+01  0.23853389E+01  0.22159819E+01
  0.20633913E+01  0.19290625E+01  0.17984914E+01  0.16712177E+01  0.15477226E+01
  0.14221438E+01  0.12995984E+01  0.11834252E+01  0.10762679E+01  0.98173008E+00
  0.89772855E+00  0.82287254E+00  0.75672490E+00  0.69825132E+00  0.64615136E+00
  0.59868455E+00  0.55561131E+00  0.51655349E+00  0.48151245E+00  0.45024910E+00
  0.42171753E+00  0.39517668E+00  0.37060498E+00  0.34791133E+00  0.32685390E+00
  0.30725199E+00  0.28920169E+00  0.27257516E+00  0.25715717E+00  0.24281309E+00
  0.22940306E+00  0.21699065E+00  0.20549708E+00  0.19473767E+00  0.18464666E+00
  0.17520143E+00  0.16643281E+00  0.15837562E+00  0.15104919E+00  0.14439460E+00
  0.13835362E+00  0.13289205E+00  0.12799172E+00  0.12362879E+00  0.11976964E+00
  0.11637730E+00  0.11339627E+00  0.11074898E+00  0.10836343E+00  0.10617464E+00
  0.10412651E+00  0.10217881E+00  0.10030705E+00  0.98494976E-01  0.96728934E-01
  0.94997083E-01  0.93292130E-01  0.91607990E-01  0.89938031E-01  0.88241027E-01
  0.86599814E-01  0.84283682E-01  0.82743641E-01  0.49028112E+01  0.49000929E+01
  0.48947618E+01  0.48897626E+01  0.48853867E+01  0.48817121E+01  0.48785904E+01
  0.48758786E+01  0.48734156E+01  0.48710619E+01  0.48687046E+01  0.48662319E+01
  0.48634954E+01  0.48603058E+01  0.48564212E+01  0.48515315E+01  0.48452318E+01
  0.48369704E+01  0.48260344E+01  0.48114819E+01  0.47920340E+01  0.47659941E+01
  0.47311350E+01  0.46845579E+01  0.46227026E+01  0.45416826E+01  0.44369291E+01
  0.43033233E+01  0.41383794E+01  0.39413701E+01  0.37171189E+01  0.34778818E+01
  0.32363712E+01  0.29993141E+01  0.27734966E+01  0.25686492E+01  0.23858579E+01
  0.22181013E+01  0.20655767E+01  0.19260347E+01  0.17855632E+01  0.16442909E+01
  0.15058413E+01  0.13705566E+01  0.12452189E+01  0.11344328E+01  0.10365394E+01
  0.94968520E+00  0.87366030E+00  0.80735350E+00  0.74848477E+00  0.69492838E+00
  0.64698524E+00  0.60390206E+00  0.56502314E+00  0.52934534E+00  0.49606984E+00
  0.46546852E+00  0.43731486E+00  0.41111450E+00  0.38695455E+00  0.36464108E+00
  0.34382442E+00  0.32427100E+00  0.30599228E+00  0.28891870E+00  0.27294620E+00
  0.25804849E+00  0.24411304E+00  0.23113917E+00  0.21911798E+00  0.20793905E+00
  0.19753279E+00  0.18787150E+00  0.17893961E+00  0.17073539E+00  0.16323137E+00
  0.15637393E+00  0.15014881E+00  0.14453211E+00  0.13949307E+00  0.13499463E+00
  0.13099149E+00  0.12743496E+00  0.12426550E+00  0.12141129E+00  0.11880329E+00
  0.11637985E+00  0.11408841E+00  0.11188865E+00  0.10975502E+00  0.10767387E+00
  0.10563774E+00  0.10364140E+00  0.10168038E+00  0.99750629E-01  0.97856090E-01
  0.95952961E-01  0.94149576E-01  0.91770646E-01  0.90228933E-01  0.49031965E+01
  0.49001660E+01  0.48943649E+01  0.48891265E+01  0.48846362E+01  0.48809195E+01
  0.48777891E+01  0.48750849E+01  0.48726356E+01  0.48702989E+01  0.48679633E+01
  0.48655132E+01  0.48628006E+01  0.48596363E+01  0.48557782E+01  0.48509143E+01
  0.48446375E+01  0.48363915E+01  0.48254628E+01  0.48109075E+01  0.47914393E+01
  0.47653552E+01  0.47304235E+01  0.46837405E+01  0.46217303E+01  0.45405239E+01
  0.44355554E+01  0.43016513E+01  0.41364041E+01  0.39390708E+01  0.37143296E+01
  0.34744714E+01  0.32326314E+01  0.29960089E+01  0.27719158E+01  0.25685394E+01
  0.23864870E+01  0.22164022E+01  0.20562795E+01  0.19032486E+01  0.17455637E+01
  0.15911425E+01  0.14475499E+01  0.13171352E+01  0.12025266E+01  0.11014791E+01
  0.10138976E+01  0.93774441E+00  0.86950408E+00  0.80890928E+00  0.75604330E+00
  0.70790216E+00  0.66285696E+00  0.62084977E+00  0.58250892E+00  0.54771396E+00
  0.51533138E+00  0.48514572E+00  0.45693745E+00  0.43028857E+00  0.40547348E+00
  0.38248752E+00  0.36106805E+00  0.34097212E+00  0.32212476E+00  0.30444174E+00
  0.28781455E+00  0.27222562E+00  0.25762636E+00  0.24398832E+00  0.23133443E+00
  0.21964178E+00  0.20887072E+00  0.19895547E+00  0.18986191E+00  0.18154758E+00
  0.17393310E+00  0.16698869E+00  0.16069163E+00  0.15500980E+00  0.14989967E+00
  0.14530797E+00  0.14117461E+00  0.13743342E+00  0.13401738E+00  0.13086762E+00
  0.12793227E+00  0.12516538E+00  0.12252911E+00  0.11999359E+00  0.11753756E+00
  0.11514789E+00  0.11281769E+00  0.11054308E+00  0.10832090E+00  0.10614555E+00
  0.10402272E+00  0.10190778E+00  0.99915776E-01  0.97389800E-01  0.95786708E-01
  0.49036330E+01  0.49002566E+01  0.48939501E+01  0.48884660E+01  0.48838456E+01
  0.48800633E+01  0.48769015E+01  0.48741857E+01  0.48717343E+01  0.48694075E+01
  0.48670914E+01  0.48646618E+01  0.48619736E+01  0.48588376E+01  0.48550104E+01
  0.48501778E+01  0.48439293E+01  0.48357044E+01  0.48247887E+01  0.48102348E+01
  0.47907482E+01  0.47646185E+01  0.47296086E+01  0.46828105E+01  0.46206296E+01
  0.45392179E+01  0.44340163E+01  0.42997871E+01  0.41342201E+01  0.39365326E+01
  0.37112133E+01  0.34708231E+01  0.32290497E+01  0.29934176E+01  0.27706891E+01
  0.25671199E+01  0.23803268E+01  0.21987030E+01  0.20210923E+01  0.18514921E+01
  0.16853525E+01  0.15326424E+01  0.13996372E+01  0.12813697E+01  0.11788286E+01
  0.10891092E+01  0.10103586E+01  0.94350068E+00  0.88263728E+00  0.82566709E+00
  0.77424778E+00  0.72733391E+00  0.68372286E+00  0.64248771E+00  0.60386150E+00
  0.56830249E+00  0.53531410E+00  0.50459323E+00  0.47587868E+00  0.44865231E+00
  0.42299463E+00  0.39901390E+00  0.37661041E+00  0.35560185E+00  0.33588881E+00
  0.31740257E+00  0.30005051E+00  0.28379163E+00  0.26858928E+00  0.25440340E+00
  0.24125285E+00  0.22917341E+00  0.21814284E+00  0.20808386E+00  0.19894072E+00
  0.19061582E+00  0.18301434E+00  0.17610782E+00  0.16985543E+00  0.16420462E+00
  0.15909143E+00  0.15444376E+00  0.15018503E+00  0.14623855E+00  0.14254275E+00
  0.13905499E+00  0.13574363E+00  0.13258595E+00  0.12956458E+00  0.12666460E+00
  0.12387239E+00  0.12117547E+00  0.11856368E+00  0.11602836E+00  0.11356473E+00
  0.11116262E+00  0.10882783E+00  0.10651510E+00  0.10434284E+00  0.10162999E+00
  0.99923355E-01  0.49041162E+01  0.49003639E+01  0.48935160E+01  0.48877701E+01
  0.48829959E+01  0.48791198E+01  0.48758993E+01  0.48731453E+01  0.48706799E+01
  0.48683604E+01  0.48660578E+01  0.48636478E+01  0.48609861E+01  0.48578828E+01
  0.48540929E+01  0.48492987E+01  0.48430873E+01  0.48348928E+01  0.48239979E+01
  0.48094521E+01  0.47899510E+01  0.47637752E+01  0.47286820E+01  0.46817610E+01
  0.46193959E+01  0.45377611E+01  0.44323071E+01  0.42977259E+01  0.41318204E+01
  0.39337082E+01  0.37078088E+01  0.34673339E+01  0.32260392E+01  0.29906083E+01
  0.27660230E+01  0.25554497E+01  0.23540769E+01  0.21536057E+01  0.19611503E+01
  0.17877260E+01  0.16307194E+01  0.14922975E+01  0.13728604E+01  0.12671817E+01
  0.11751206E+01  0.10962626E+01  0.10253319E+01  0.96111899E+00  0.90243863E+00
  0.84753764E+00  0.79669336E+00  0.74922126E+00  0.70511699E+00  0.66358405E+00
  0.62439214E+00  0.58782776E+00  0.55371647E+00  0.52186503E+00  0.49213791E+00
  0.46406831E+00  0.43750978E+00  0.41254249E+00  0.38915910E+00  0.36724723E+00
  0.34670219E+00  0.32746236E+00  0.30946389E+00  0.29265495E+00  0.27699591E+00
  0.26245296E+00  0.24904068E+00  0.23677013E+00  0.22563181E+00  0.21559105E+00
  0.20652028E+00  0.19829267E+00  0.19083754E+00  0.18408692E+00  0.17796760E+00
  0.17239984E+00  0.16729816E+00  0.16257591E+00  0.15815200E+00  0.15396139E+00
  0.14996071E+00  0.14612416E+00  0.14243936E+00  0.13890200E+00  0.13550977E+00
  0.13225893E+00  0.12914275E+00  0.12615088E+00  0.12327174E+00  0.12049245E+00
  0.11780548E+00  0.11519492E+00  0.11266706E+00  0.11017434E+00  0.10783739E+00
  0.10493737E+00  0.10311935E+00  0.49046336E+01  0.49004783E+01  0.48930443E+01
  0.48870019E+01  0.48820406E+01  0.48780384E+01  0.48747279E+01  0.48719131E+01
  0.48694240E+01  0.48671055E+01  0.48648121E+01  0.48624229E+01  0.48597922E+01
  0.48567289E+01  0.48529852E+01  0.48482408E+01  0.48420810E+01  0.48339309E+01
  0.48230690E+01  0.48085414E+01  0.47890314E+01  0.47628096E+01  0.47276294E+01
  0.46805792E+01  0.46180192E+01  0.45361467E+01  0.44304236E+01  0.42954718E+01
  0.41291998E+01  0.39305675E+01  0.37043268E+01  0.34634837E+01  0.32220517E+01
  0.29838506E+01  0.27491706E+01  0.25222479E+01  0.23018596E+01  0.20891060E+01
  0.18989193E+01  0.17385091E+01  0.15965029E+01  0.14738709E+01  0.13676696E+01
  0.12727760E+01  0.11894737E+01  0.11144271E+01  0.10463090E+01  0.98331288E+00
  0.92454243E+00  0.86944082E+00  0.81825195E+00  0.77002469E+00  0.72481294E+00
  0.68220433E+00  0.64195778E+00  0.60422234E+00  0.56893822E+00  0.53593287E+00
  0.50511607E+00  0.47615547E+00  0.44878186E+00  0.42296638E+00  0.39872864E+00
  0.37602529E+00  0.35477733E+00  0.33492674E+00  0.31642824E+00  0.29922868E+00
  0.28328856E+00  0.26859741E+00  0.25515370E+00  0.24292804E+00  0.23189722E+00
  0.22199130E+00  0.21307455E+00  0.20504455E+00  0.19780936E+00  0.19126140E+00
  0.18529072E+00  0.17978832E+00  0.17465310E+00  0.16979864E+00  0.16516073E+00
  0.16070062E+00  0.15639674E+00  0.15223925E+00  0.14822706E+00  0.14436319E+00
  0.14065091E+00  0.13709110E+00  0.13368065E+00  0.13041237E+00  0.12727720E+00
  0.12426285E+00  0.12136027E+00  0.11855169E+00  0.11584253E+00  0.11317934E+00
  0.11068888E+00  0.10761321E+00  0.10568907E+00  0.49051419E+01  0.49005700E+01
  0.48925163E+01  0.48861288E+01  0.48809240E+01  0.48767361E+01  0.48732941E+01
  0.48704097E+01  0.48678876E+01  0.48655596E+01  0.48632760E+01  0.48609116E+01
  0.48583199E+01  0.48553073E+01  0.48516247E+01  0.48469500E+01  0.48408633E+01
  0.48327768E+01  0.48219637E+01  0.48074668E+01  0.47879562E+01  0.47616930E+01
  0.47264284E+01  0.46792489E+01  0.46164894E+01  0.45343696E+01  0.44283693E+01
  0.42930377E+01  0.41263610E+01  0.39271398E+01  0.37007556E+01  0.34605217E+01
  0.32152247E+01  0.29647294E+01  0.27114793E+01  0.24667469E+01  0.22368400E+01
  0.20303984E+01  0.18555801E+01  0.17110796E+01  0.15843520E+01  0.14746957E+01
  0.13788150E+01  0.12892455E+01  0.12092379E+01  0.11359182E+01  0.10680954E+01
  0.10050400E+01  0.94574684E+00  0.88960894E+00  0.83722123E+00  0.78786637E+00
  0.74141286E+00  0.69762918E+00  0.65627958E+00  0.61740752E+00  0.58101576E+00
  0.54695648E+00  0.51512796E+00  0.48530849E+00  0.45720595E+00  0.43068081E+00
  0.40572799E+00  0.38235571E+00  0.36053504E+00  0.34022794E+00  0.32139391E+00
  0.30398188E+00  0.28796712E+00  0.27335324E+00  0.26009882E+00  0.24815124E+00
  0.23740578E+00  0.22772695E+00  0.21903896E+00  0.21124597E+00  0.20422367E+00
  0.19783575E+00  0.19194353E+00  0.18642177E+00  0.18117324E+00  0.17613135E+00
  0.17125794E+00  0.16653662E+00  0.16196294E+00  0.15753775E+00  0.15326316E+00
  0.14914093E+00  0.14517219E+00  0.14135686E+00  0.13769349E+00  0.13417870E+00
  0.13080706E+00  0.12756922E+00  0.12445742E+00  0.12145583E+00  0.11856985E+00
  0.11574052E+00  0.11310329E+00  0.10986098E+00  0.10783570E+00  0.49055739E+01
  0.49005815E+01  0.48918419E+01  0.48850059E+01  0.48794860E+01  0.48750783E+01
  0.48714901E+01  0.48685158E+01  0.48659456E+01  0.48636024E+01  0.48613316E+01
  0.48590001E+01  0.48564602E+01  0.48535166E+01  0.48499193E+01  0.48453420E+01
  0.48393559E+01  0.48313569E+01  0.48206141E+01  0.48061684E+01  0.47866747E+01
  0.47603845E+01  0.47250558E+01  0.46777575E+01  0.46147938E+01  0.45324253E+01
  0.44261589E+01  0.42904221E+01  0.41233093E+01  0.39235622E+01  0.36965671E+01
  0.34543384E+01  0.31973339E+01  0.29256900E+01  0.26546288E+01  0.24022027E+01
  0.21809101E+01  0.19920112E+01  0.18352143E+01  0.17062280E+01  0.15912028E+01
  0.14888488E+01  0.13960634E+01  0.13090507E+01  0.12297025E+01  0.11567070E+01
  0.10886434E+01  0.10247165E+01  0.96445730E+00  0.90714773E+00  0.85335790E+00
  0.80271899E+00  0.75502554E+00  0.71010368E+00  0.66771933E+00  0.62781453E+00
  0.59039995E+00  0.55536556E+00  0.52259897E+00  0.49194337E+00  0.46314830E+00
  0.43601444E+00  0.41048332E+00  0.38658658E+00  0.36434861E+00  0.34375678E+00
  0.32477074E+00  0.30735138E+00  0.29149987E+00  0.27718481E+00  0.26431810E+00
  0.25278128E+00  0.24240934E+00  0.23307145E+00  0.22467642E+00  0.21710805E+00
  0.21022827E+00  0.20388737E+00  0.19794620E+00  0.19229639E+00  0.18686386E+00
  0.18160668E+00  0.17650722E+00  0.17156116E+00  0.16677026E+00  0.16213705E+00
  0.15766216E+00  0.15334392E+00  0.14917929E+00  0.14516493E+00  0.14129838E+00
  0.13757738E+00  0.13399884E+00  0.13055739E+00  0.12724956E+00  0.12406191E+00
  0.12100306E+00  0.11801110E+00  0.11522851E+00  0.11182166E+00  0.10969707E+00
  0.49059318E+01  0.49005175E+01  0.48910090E+01  0.48835798E+01  0.48776438E+01
  0.48729620E+01  0.48691878E+01  0.48660805E+01  0.48634352E+01  0.48610679E+01
  0.48588122E+01  0.48565237E+01  0.48540545E+01  0.48512103E+01  0.48477324E+01
  0.48432849E+01  0.48374325E+01  0.48295518E+01  0.48189101E+01  0.48045501E+01
  0.47851068E+01  0.47588198E+01  0.47234545E+01  0.46760568E+01  0.46128985E+01
  0.45302920E+01  0.44237830E+01  0.42875013E+01  0.41199161E+01  0.39184442E+01
  0.36899783E+01  0.34379115E+01  0.31598571E+01  0.28692226E+01  0.25912974E+01
  0.23488555E+01  0.21464777E+01  0.19757776E+01  0.18361310E+01  0.17185386E+01
  0.16079332E+01  0.15077796E+01  0.14158539E+01  0.13294959E+01  0.12498849E+01
  0.11762338E+01  0.11072916E+01  0.10421834E+01  0.98069093E+00  0.92215043E+00
  0.86694567E+00  0.81496996E+00  0.76602661E+00  0.71996957E+00  0.67658534E+00
  0.63573139E+00  0.59736674E+00  0.56141151E+00  0.52776060E+00  0.49628094E+00
  0.46678573E+00  0.43909823E+00  0.41314212E+00  0.38893935E+00  0.36651744E+00
  0.34586865E+00  0.32695960E+00  0.30979327E+00  0.29434581E+00  0.28051399E+00
  0.26816066E+00  0.25709649E+00  0.24715509E+00  0.23820419E+00  0.23010101E+00
  0.22269869E+00  0.21585026E+00  0.20942244E+00  0.20331227E+00  0.19744998E+00
  0.19179193E+00  0.18631650E+00  0.18101617E+00  0.17588770E+00  0.17092897E+00
  0.16613757E+00  0.16151004E+00  0.15704188E+00  0.15272783E+00  0.14856248E+00
  0.14454079E+00  0.14065839E+00  0.13691230E+00  0.13329907E+00  0.12981847E+00
  0.12645950E+00  0.12323624E+00  0.12008668E+00  0.11716030E+00  0.11358842E+00
  0.11136426E+00  0.49062567E+01  0.49004226E+01  0.48900789E+01  0.48819017E+01
  0.48753955E+01  0.48703021E+01  0.48662335E+01  0.48629275E+01  0.48601629E+01
  0.48577479E+01  0.48555001E+01  0.48532603E+01  0.48508797E+01  0.48481635E+01
  0.48448417E+01  0.48405612E+01  0.48348757E+01  0.48271492E+01  0.48166566E+01
  0.48024458E+01  0.47831212E+01  0.47569020E+01  0.47215370E+01  0.46740451E+01
  0.46107030E+01  0.45278704E+01  0.44210807E+01  0.42837753E+01  0.41154519E+01
  0.39155342E+01  0.36795383E+01  0.34066714E+01  0.31071445E+01  0.28068913E+01
  0.25385787E+01  0.23170133E+01  0.21340519E+01  0.19800270E+01  0.18505159E+01
  0.17362423E+01  0.16277197E+01  0.15282030E+01  0.14364961E+01  0.13496918E+01
  0.12691696E+01  0.11943192E+01  0.11241121E+01  0.10575981E+01  0.99466333E+00
  0.93477801E+00  0.87812408E+00  0.82475421E+00  0.77453545E+00  0.72732757E+00
  0.68293829E+00  0.64117076E+00  0.60191472E+00  0.56509289E+00  0.53060981E+00
  0.49838356E+00  0.46830769E+00  0.44024051E+00  0.41409848E+00  0.38985368E+00
  0.36750513E+00  0.34704444E+00  0.32848413E+00  0.31181323E+00  0.29693804E+00
  0.28371186E+00  0.27191671E+00  0.26134508E+00  0.25183651E+00  0.24322386E+00
  0.23532789E+00  0.22798009E+00  0.22104464E+00  0.21443017E+00  0.20808189E+00
  0.20196841E+00  0.19607464E+00  0.19039242E+00  0.18491425E+00  0.17963165E+00
  0.17453558E+00  0.16961702E+00  0.16486749E+00  0.16027944E+00  0.15584611E+00
  0.15156116E+00  0.14741865E+00  0.14341285E+00  0.13953932E+00  0.13579311E+00
  0.13217372E+00  0.12867152E+00  0.12530391E+00  0.12200987E+00  0.11894831E+00
  0.11521499E+00  0.11289185E+00  0.49065677E+01  0.49003126E+01  0.48890552E+01
  0.48799603E+01  0.48726977E+01  0.48670158E+01  0.48625082E+01  0.48588965E+01
  0.48559353E+01  0.48534202E+01  0.48511521E+01  0.48489540E+01  0.48466698E+01
  0.48440956E+01  0.48409426E+01  0.48368314E+01  0.48313071E+01  0.48237565E+01
  0.48134995E+01  0.47995790E+01  0.47805266E+01  0.47544891E+01  0.47191388E+01
  0.46714812E+01  0.46079491E+01  0.45248484E+01  0.44174203E+01  0.42783853E+01
  0.41077955E+01  0.39068948E+01  0.36576456E+01  0.33602190E+01  0.30479470E+01
  0.27547636E+01  0.25077367E+01  0.23069588E+01  0.21390848E+01  0.19952274E+01
  0.18688698E+01  0.17553862E+01  0.16481700E+01  0.15490368E+01  0.14568147E+01
  0.13690554E+01  0.12871891E+01  0.12107688E+01  0.11389585E+01  0.10708244E+01
  0.10062660E+01  0.94490246E+00  0.88675750E+00  0.83194904E+00  0.78043234E+00
  0.73206864E+00  0.68667313E+00  0.64404317E+00  0.60404793E+00  0.56657695E+00
  0.53149654E+00  0.49874617E+00  0.46829218E+00  0.44005509E+00  0.41394981E+00
  0.38989058E+00  0.36784067E+00  0.34781646E+00  0.32981834E+00  0.31380174E+00
  0.29962590E+00  0.28703704E+00  0.27578106E+00  0.26566903E+00  0.25651323E+00
  0.24811187E+00  0.24027373E+00  0.23284775E+00  0.22573633E+00  0.21888972E+00
  0.21229003E+00  0.20593383E+00  0.19982115E+00  0.19394808E+00  0.18830498E+00
  0.18287913E+00  0.17765647E+00  0.17262315E+00  0.16776673E+00  0.16307676E+00
  0.15854440E+00  0.15416190E+00  0.14992252E+00  0.14581990E+00  0.14184866E+00
  0.13800268E+00  0.13428036E+00  0.13067094E+00  0.12719113E+00  0.12377893E+00
  0.12060205E+00  0.11672222E+00  0.11430709E+00  0.49068796E+01  0.49002105E+01
  0.48879988E+01  0.48778502E+01  0.48696325E+01  0.48631485E+01  0.48580045E+01
  0.48539168E+01  0.48506267E+01  0.48479156E+01  0.48455638E+01  0.48433786E+01
  0.48411815E+01  0.48387404E+01  0.48357318E+01  0.48317338E+01  0.48262958E+01
  0.48189297E+01  0.48090322E+01  0.47955705E+01  0.47770064E+01  0.47513480E+01
  0.47159420E+01  0.46678558E+01  0.46040538E+01  0.45205396E+01  0.44117535E+01
  0.42681358E+01  0.40957554E+01  0.38862045E+01  0.36175847E+01  0.33059822E+01
  0.29959910E+01  0.27257831E+01  0.25019765E+01  0.23146493E+01  0.21545908E+01
  0.20138387E+01  0.18884913E+01  0.17756790E+01  0.16692301E+01  0.15695634E+01
  0.14761909E+01  0.13871188E+01  0.13034999E+01  0.12251681E+01  0.11514635E+01
  0.10815158E+01  0.10151819E+01  0.95222134E+00  0.89258474E+00  0.83637360E+00
  0.78361173E+00  0.73423666E+00  0.68806922E+00  0.64484303E+00  0.60435459E+00
  0.56645381E+00  0.53101204E+00  0.49794974E+00  0.46726129E+00  0.43896560E+00
  0.41302406E+00  0.38932877E+00  0.36781987E+00  0.34847644E+00  0.33125533E+00
  0.31605327E+00  0.30259595E+00  0.29058503E+00  0.27980650E+00  0.27005050E+00
  0.26109245E+00  0.25272475E+00  0.24478814E+00  0.23718016E+00  0.22984734E+00
  0.22277075E+00  0.21594949E+00  0.20938824E+00  0.20308842E+00  0.19704532E+00
  0.19124873E+00  0.18568477E+00  0.18033807E+00  0.17519323E+00  0.17023614E+00
  0.16545426E+00  0.16083637E+00  0.15637278E+00  0.15205531E+00  0.14787661E+00
  0.14383071E+00  0.13991090E+00  0.13611466E+00  0.13242951E+00  0.12886999E+00
  0.12537180E+00  0.12210789E+00  0.11810912E+00  0.11561721E+00  0.49072002E+01
  0.49001340E+01  0.48869918E+01  0.48757489E+01  0.48664369E+01  0.48589521E+01
  0.48529515E+01  0.48481676E+01  0.48443522E+01  0.48412840E+01  0.48387417E+01
  0.48365131E+01  0.48343531E+01  0.48319879E+01  0.48290740E+01  0.48251350E+01
  0.48197116E+01  0.48125771E+01  0.48031570E+01  0.47902252E+01  0.47722459E+01
  0.47468973E+01  0.47111498E+01  0.46626268E+01  0.45984909E+01  0.45136700E+01
  0.44003631E+01  0.42583514E+01  0.40834900E+01  0.38541708E+01  0.35662560E+01
  0.32552304E+01  0.29671522E+01  0.27225861E+01  0.25139662E+01  0.23323560E+01
  0.21744096E+01  0.20343226E+01  0.19097088E+01  0.17972408E+01  0.16903967E+01
  0.15893259E+01  0.14942719E+01  0.14033829E+01  0.13176217E+01  0.12370656E+01
  0.11612143E+01  0.10892958E+01  0.10211188E+01  0.95654278E+00  0.89554300E+00
  0.83822606E+00  0.78457583E+00  0.73449677E+00  0.68779825E+00  0.64417966E+00
  0.60333552E+00  0.56507290E+00  0.52932253E+00  0.49605996E+00  0.46531179E+00
  0.43713294E+00  0.41151062E+00  0.38835166E+00  0.36761899E+00  0.34920385E+00
  0.33295390E+00  0.31860340E+00  0.30578847E+00  0.29428507E+00  0.28386942E+00
  0.27429909E+00  0.26535244E+00  0.25686304E+00  0.24872742E+00  0.24089276E+00
  0.23334008E+00  0.22606565E+00  0.21906903E+00  0.21234893E+00  0.20590108E+00
  0.19971762E+00  0.19378744E+00  0.18809770E+00  0.18263459E+00  0.17738381E+00
  0.17233161E+00  0.16746431E+00  0.16276908E+00  0.15823478E+00  0.15385179E+00
  0.14961158E+00  0.14550725E+00  0.14153159E+00  0.13768122E+00  0.13394262E+00
  0.13032906E+00  0.12677401E+00  0.12345291E+00  0.11937123E+00  0.11682413E+00
  0.49075365E+01  0.49000923E+01  0.48860980E+01  0.48738455E+01  0.48634417E+01
  0.48548718E+01  0.48478739E+01  0.48422240E+01  0.48376910E+01  0.48340653E+01
  0.48311698E+01  0.48287888E+01  0.48265563E+01  0.48241489E+01  0.48212723E+01
  0.48174098E+01  0.48120154E+01  0.48052542E+01  0.47962931E+01  0.47835626E+01
  0.47658339E+01  0.47406898E+01  0.47045931E+01  0.46551251E+01  0.45883338E+01
  0.45020659E+01  0.43927777E+01  0.42530762E+01  0.40629302E+01  0.38101552E+01
  0.35161755E+01  0.32236396E+01  0.29636009E+01  0.27351064E+01  0.25322031E+01
  0.23533602E+01  0.21961399E+01  0.20565861E+01  0.19321007E+01  0.18188100E+01
  0.17105987E+01  0.16076275E+01  0.15103259E+01  0.14172219E+01  0.13290587E+01
  0.12460508E+01  0.11678999E+01  0.10939646E+01  0.10240771E+01  0.95822625E+00
  0.89627859E+00  0.83822108E+00  0.78398543E+00  0.73337542E+00  0.68616161E+00
  0.64209888E+00  0.60089910E+00  0.56235758E+00  0.52641912E+00  0.49312883E+00
  0.46255536E+00  0.43474429E+00  0.40965821E+00  0.38727352E+00  0.36750528E+00
  0.35014998E+00  0.33487694E+00  0.32127036E+00  0.30904403E+00  0.29795189E+00
  0.28773897E+00  0.27817916E+00  0.26910404E+00  0.26041084E+00  0.25204820E+00
  0.24399958E+00  0.23626235E+00  0.22883318E+00  0.22170530E+00  0.21486783E+00
  0.20830816E+00  0.20201385E+00  0.19597288E+00  0.19017427E+00  0.18460697E+00
  0.17925945E+00  0.17411930E+00  0.16917294E+00  0.16440806E+00  0.15981277E+00
  0.15537583E+00  0.15108763E+00  0.14693955E+00  0.14292195E+00  0.13902980E+00
  0.13524945E+00  0.13159495E+00  0.12799887E+00  0.12463855E+00  0.12050187E+00
  0.11791808E+00  0.49078941E+01  0.49000906E+01  0.48853542E+01  0.48722667E+01
  0.48609203E+01  0.48513667E+01  0.48434125E+01  0.48368778E+01  0.48315538E+01
  0.48272870E+01  0.48239499E+01  0.48212801E+01  0.48188354E+01  0.48163166E+01
  0.48136004E+01  0.48103152E+01  0.48058474E+01  0.47995080E+01  0.47903822E+01
  0.47774742E+01  0.47595725E+01  0.47347727E+01  0.47000513E+01  0.46522816E+01
  0.45873141E+01  0.44995800E+01  0.43887441E+01  0.42362343E+01  0.40265441E+01
  0.37657509E+01  0.34811022E+01  0.32139904E+01  0.29729123E+01  0.27512919E+01
  0.25509447E+01  0.23736296E+01  0.22176323E+01  0.20787739E+01  0.19536532E+01
  0.18387915E+01  0.17288798E+01  0.16235817E+01  0.15236845E+01  0.14281467E+01
  0.13374417E+01  0.12518859E+01  0.11714942E+01  0.10958736E+01  0.10247320E+01
  0.95797699E+00  0.89537924E+00  0.83673119E+00  0.78193042E+00  0.73080583E+00
  0.68311821E+00  0.63862726E+00  0.59710231E+00  0.55839049E+00  0.52246536E+00
  0.48940016E+00  0.45926554E+00  0.43207777E+00  0.40780275E+00  0.38639185E+00
  0.36769050E+00  0.35138017E+00  0.33696876E+00  0.32402134E+00  0.31227020E+00
  0.30143080E+00  0.29126049E+00  0.28158920E+00  0.27231879E+00  0.26340401E+00
  0.25483322E+00  0.24660711E+00  0.23872292E+00  0.23117267E+00  0.22394291E+00
  0.21701583E+00  0.21037329E+00  0.20399805E+00  0.19787579E+00  0.19199496E+00
  0.18634378E+00  0.18091284E+00  0.17569174E+00  0.17066912E+00  0.16583582E+00
  0.16118075E+00  0.15669235E+00  0.15235969E+00  0.14817268E+00  0.14412016E+00
  0.14019567E+00  0.13638417E+00  0.13269881E+00  0.12907086E+00  0.12568065E+00
  0.12150489E+00  0.11889542E+00  0.49082768E+01  0.49001422E+01  0.48848038E+01
  0.48710904E+01  0.48590389E+01  0.48487695E+01  0.48400879E+01  0.48328315E+01
  0.48267873E+01  0.48217972E+01  0.48177851E+01  0.48144917E+01  0.48114397E+01
  0.48084395E+01  0.48055814E+01  0.48026543E+01  0.47988247E+01  0.47925629E+01
  0.47833505E+01  0.47705971E+01  0.47527833E+01  0.47283367E+01  0.46951102E+01
  0.46491735E+01  0.45859115E+01  0.44958088E+01  0.43722894E+01  0.42038463E+01
  0.39856487E+01  0.37316004E+01  0.34677630E+01  0.32187894E+01  0.29858099E+01
  0.27670384E+01  0.25678338E+01  0.23917605E+01  0.22371199E+01  0.20987534E+01
  0.19727617E+01  0.18562336E+01  0.17443536E+01  0.16365677E+01  0.15339435E+01
  0.14358876E+01  0.13426125E+01  0.12547331E+01  0.11725626E+01  0.10957103E+01
  0.10236607E+01  0.95610102E+00  0.89285274E+00  0.83368596E+00  0.77841338E+00
  0.72685218E+00  0.67877441E+00  0.63394545E+00  0.59219342E+00  0.55345576E+00
  0.51776107E+00  0.48518319E+00  0.45575793E+00  0.42947320E+00  0.40625691E+00
  0.38600129E+00  0.36843975E+00  0.35304620E+00  0.33931623E+00  0.32687597E+00
  0.31540337E+00  0.30463339E+00  0.29438110E+00  0.28453887E+00  0.27506589E+00
  0.26595924E+00  0.25722599E+00  0.24886600E+00  0.24086990E+00  0.23322150E+00
  0.22590123E+00  0.21889050E+00  0.21217162E+00  0.20572571E+00  0.19953746E+00
  0.19359259E+00  0.18787715E+00  0.18238119E+00  0.17709465E+00  0.17200801E+00
  0.16711239E+00  0.16239844E+00  0.15785662E+00  0.15347607E+00  0.14924687E+00
  0.14515849E+00  0.14120437E+00  0.13736793E+00  0.13366008E+00  0.13001051E+00
  0.12659934E+00  0.12239643E+00  0.11977011E+00  0.49087827E+01  0.49002885E+01
  0.48844020E+01  0.48702944E+01  0.48578712E+01  0.48472800E+01  0.48382568E+01
  0.48305987E+01  0.48240812E+01  0.48184592E+01  0.48134878E+01  0.48090308E+01
  0.48049058E+01  0.48009621E+01  0.47971988E+01  0.47933319E+01  0.47882910E+01
  0.47812586E+01  0.47723782E+01  0.47601177E+01  0.47426260E+01  0.47181834E+01
  0.46841184E+01  0.46359997E+01  0.45679723E+01  0.44741931E+01  0.43457236E+01
  0.41696459E+01  0.39539698E+01  0.37168714E+01  0.34719721E+01  0.32319383E+01
  0.30001284E+01  0.27812508E+01  0.25823470E+01  0.24072720E+01  0.22537092E+01
  0.21155890E+01  0.19887346E+01  0.18704770E+01  0.17565659E+01  0.16463204E+01
  0.15410232E+01  0.14404317E+01  0.13448973E+01  0.12552939E+01  0.11717990E+01
  0.10938695E+01  0.10209398E+01  0.95266539E+00  0.88884337E+00  0.82925003E+00
  0.77363256E+00  0.72174748E+00  0.67336302E+00  0.62828684E+00  0.58644238E+00
  0.54787036E+00  0.51263985E+00  0.48081477E+00  0.45236738E+00  0.42725255E+00
  0.40533510E+00  0.38636643E+00  0.36984473E+00  0.35515557E+00  0.34191258E+00
  0.32975666E+00  0.31836684E+00  0.30752343E+00  0.29710733E+00  0.28707424E+00
  0.27742438E+00  0.26817006E+00  0.25931522E+00  0.25085241E+00  0.24276585E+00
  0.23503479E+00  0.22763611E+00  0.22055037E+00  0.21375890E+00  0.20724398E+00
  0.20099243E+00  0.19498910E+00  0.18922043E+00  0.18367369E+00  0.17833787E+00
  0.17320361E+00  0.16826000E+00  0.16349796E+00  0.15890922E+00  0.15448452E+00
  0.15021498E+00  0.14609037E+00  0.14210442E+00  0.13824080E+00  0.13451045E+00
  0.13084237E+00  0.12741474E+00  0.12319242E+00  0.12055472E+00  0.49093394E+01
  0.49004811E+01  0.48840993E+01  0.48698234E+01  0.48573514E+01  0.48467731E+01
  0.48377664E+01  0.48300530E+01  0.48233915E+01  0.48174873E+01  0.48119217E+01
  0.48064792E+01  0.48012592E+01  0.47961853E+01  0.47908964E+01  0.47847372E+01
  0.47775176E+01  0.47692121E+01  0.47595958E+01  0.47472949E+01  0.47298680E+01
  0.47041395E+01  0.46673182E+01  0.46144862E+01  0.45409863E+01  0.44429090E+01
  0.43131792E+01  0.41438342E+01  0.39424760E+01  0.37201027E+01  0.34841974E+01
  0.32463384E+01  0.30132589E+01  0.27929256E+01  0.25937716E+01  0.24196244E+01
  0.22670046E+01  0.21291066E+01  0.20014513E+01  0.18814468E+01  0.17655273E+01
  0.16529637E+01  0.15450908E+01  0.14422760E+01  0.13450998E+01  0.12541580E+01
  0.11694492E+01  0.10905003E+01  0.10167618E+01  0.94788790E+00  0.88362489E+00
  0.82370909E+00  0.76783495E+00  0.71570752E+00  0.66709675E+00  0.62188920E+00
  0.58012958E+00  0.54194533E+00  0.50743303E+00  0.47662418E+00  0.44942732E+00
  0.42567014E+00  0.40517858E+00  0.38742378E+00  0.37169818E+00  0.35754098E+00
  0.34458198E+00  0.33249214E+00  0.32102356E+00  0.31002396E+00  0.29942944E+00
  0.28923682E+00  0.27945838E+00  0.27009878E+00  0.26115184E+00  0.25260431E+00
  0.24443736E+00  0.23663178E+00  0.22916533E+00  0.22201602E+00  0.21516509E+00
  0.20859537E+00  0.20229149E+00  0.19623894E+00  0.19042493E+00  0.18483529E+00
  0.17945826E+00  0.17428370E+00  0.16930088E+00  0.16450004E+00  0.15987233E+00
  0.15540919E+00  0.15110258E+00  0.14694302E+00  0.14292500E+00  0.13903274E+00
  0.13527853E+00  0.13159033E+00  0.12814773E+00  0.12391123E+00  0.12126460E+00
  0.49097298E+01  0.49006668E+01  0.48840518E+01  0.48697795E+01  0.48573966E+01
  0.48469436E+01  0.48380839E+01  0.48304925E+01  0.48238477E+01  0.48178335E+01
  0.48121209E+01  0.48064207E+01  0.48007321E+01  0.47950125E+01  0.47887103E+01
  0.47812919E+01  0.47731540E+01  0.47640303E+01  0.47523464E+01  0.47373554E+01
  0.47168327E+01  0.46866461E+01  0.46456898E+01  0.45915611E+01  0.45173838E+01
  0.44180603E+01  0.42909644E+01  0.41332592E+01  0.39449073E+01  0.37289885E+01
  0.34958690E+01  0.32577405E+01  0.30225915E+01  0.28005886E+01  0.26014668E+01
  0.24284654E+01  0.22770491E+01  0.21395981E+01  0.20111419E+01  0.18894215E+01
  0.17715346E+01  0.16567698E+01  0.15466174E+01  0.14421036E+01  0.13436385E+01
  0.12514492E+01  0.11656315E+01  0.10857894E+01  0.10113840E+01  0.94203700E+00
  0.87744313E+00  0.81728562E+00  0.76121170E+00  0.70889901E+00  0.66014926E+00
  0.61496734E+00  0.57351722E+00  0.53598057E+00  0.50246233E+00  0.47293190E+00
  0.44717176E+00  0.42492789E+00  0.40579309E+00  0.38898333E+00  0.37385570E+00
  0.36003217E+00  0.34715462E+00  0.33496798E+00  0.32331817E+00  0.31213159E+00
  0.30138808E+00  0.29108843E+00  0.28122982E+00  0.27180238E+00  0.26279199E+00
  0.25418086E+00  0.24594905E+00  0.23807759E+00  0.23054762E+00  0.22333842E+00
  0.21643285E+00  0.20981455E+00  0.20346477E+00  0.19736874E+00  0.19151372E+00
  0.18588643E+00  0.18047434E+00  0.17526594E+00  0.17025049E+00  0.16541776E+00
  0.16075827E+00  0.15626316E+00  0.15192463E+00  0.14773376E+00  0.14368594E+00
  0.13976600E+00  0.13598763E+00  0.13227822E+00  0.12881933E+00  0.12456884E+00
  0.12191416E+00  0.49099526E+01  0.49008202E+01  0.48842355E+01  0.48701609E+01
  0.48579883E+01  0.48477390E+01  0.48390594E+01  0.48316036E+01  0.48249855E+01
  0.48188931E+01  0.48130870E+01  0.48073797E+01  0.48016759E+01  0.47958451E+01
  0.47895160E+01  0.47824995E+01  0.47745428E+01  0.47647869E+01  0.47513590E+01
  0.47332917E+01  0.47093652E+01  0.46768620E+01  0.46343550E+01  0.45798423E+01
  0.45065891E+01  0.44089059E+01  0.42854494E+01  0.41323039E+01  0.39481052E+01
  0.37355174E+01  0.35034479E+01  0.32640467E+01  0.30269147E+01  0.28039168E+01
  0.26054269E+01  0.24339537E+01  0.22840088E+01  0.21472045E+01  0.20181092E+01
  0.18947470E+01  0.17749168E+01  0.16582003E+01  0.15462786E+01  0.14403264E+01
  0.13406171E+01  0.12473329E+01  0.11605839E+01  0.10800029E+01  0.10050576E+01
  0.93534055E+00  0.87049265E+00  0.81014123E+00  0.75389856E+00  0.70144805E+00
  0.65267806E+00  0.60772868E+00  0.56685566E+00  0.53026808E+00  0.49801694E+00
  0.46999020E+00  0.44583897E+00  0.42510629E+00  0.40707409E+00  0.39093184E+00
  0.37619636E+00  0.36249652E+00  0.34954689E+00  0.33717818E+00  0.32532130E+00
  0.31396192E+00  0.30309741E+00  0.29271757E+00  0.28280168E+00  0.27332575E+00
  0.26426844E+00  0.25560774E+00  0.24732359E+00  0.23939647E+00  0.23181047E+00
  0.22454871E+00  0.21759299E+00  0.21092755E+00  0.20453521E+00  0.19840035E+00
  0.19250888E+00  0.18684765E+00  0.18140394E+00  0.17616560E+00  0.17112140E+00
  0.16626081E+00  0.16157416E+00  0.15705224E+00  0.15268712E+00  0.14847004E+00
  0.14439685E+00  0.14045274E+00  0.13665227E+00  0.13292297E+00  0.12944714E+00
  0.12518078E+00  0.12251763E+00  0.49100319E+01  0.49008897E+01  0.48845030E+01
  0.48708422E+01  0.48590659E+01  0.48491550E+01  0.48407202E+01  0.48334054E+01
  0.48268297E+01  0.48207050E+01  0.48148284E+01  0.48090461E+01  0.48032088E+01
  0.47971631E+01  0.47907851E+01  0.47840124E+01  0.47758699E+01  0.47652072E+01
  0.47510233E+01  0.47321485E+01  0.47075755E+01  0.46758740E+01  0.46339829E+01
  0.45775699E+01  0.45031656E+01  0.44066271E+01  0.42841384E+01  0.41319234E+01
  0.39491892E+01  0.37383378E+01  0.35065371E+01  0.32655456E+01  0.30268938E+01
  0.28036364E+01  0.26062396E+01  0.24366224E+01  0.22884135E+01  0.21523786E+01
  0.20227182E+01  0.18977583E+01  0.17761242E+01  0.16578481E+01  0.15445081E+01
  0.14372200E+01  0.13363432E+01  0.12421032E+01  0.11545740E+01  0.10733792E+01
  0.99798740E+00  0.92797021E+00  0.86291432E+00  0.80239073E+00  0.74599516E+00
  0.69346533E+00  0.64483807E+00  0.60038215E+00  0.56039978E+00  0.52507149E+00
  0.49437186E+00  0.46796857E+00  0.44544116E+00  0.42602389E+00  0.40876976E+00
  0.39309871E+00  0.37855937E+00  0.36482508E+00  0.35170747E+00  0.33913105E+00
  0.32708833E+00  0.31558946E+00  0.30462854E+00  0.29418173E+00  0.28421728E+00
  0.27470173E+00  0.26560595E+00  0.25690483E+00  0.24857803E+00  0.24060626E+00
  0.23297338E+00  0.22566475E+00  0.21866378E+00  0.21195487E+00  0.20552259E+00
  0.19935139E+00  0.19342633E+00  0.18773352E+00  0.18225999E+00  0.17699345E+00
  0.17192246E+00  0.16703635E+00  0.16232538E+00  0.15778024E+00  0.15339290E+00
  0.14915456E+00  0.14506110E+00  0.14109766E+00  0.13727906E+00  0.13353290E+00
  0.13004186E+00  0.12575939E+00  0.12308716E+00  0.49099867E+01  0.49009222E+01
  0.48849040E+01  0.48718080E+01  0.48605510E+01  0.48510710E+01  0.48429387E+01
  0.48358006E+01  0.48293063E+01  0.48231938E+01  0.48172701E+01  0.48113818E+01
  0.48053620E+01  0.47990615E+01  0.47924226E+01  0.47855898E+01  0.47771663E+01
  0.47657951E+01  0.47511939E+01  0.47321089E+01  0.47071861E+01  0.46750211E+01
  0.46328275E+01  0.45769291E+01  0.45032766E+01  0.44068037E+01  0.42837284E+01
  0.41310291E+01  0.39487412E+01  0.37385157E+01  0.35062657E+01  0.32636464E+01
  0.30234305E+01  0.28002338E+01  0.26045413E+01  0.24372025E+01  0.22908208E+01
  0.21555142E+01  0.20252840E+01  0.18988365E+01  0.17756783E+01  0.16560981E+01
  0.15414753E+01  0.14329709E+01  0.13310578E+01  0.12359785E+01  0.11477835E+01
  0.10660764E+01  0.99031500E+00  0.92004625E+00  0.85480413E+00  0.79411225E+00
  0.73758127E+00  0.68507714E+00  0.63681320E+00  0.59315465E+00  0.55440457E+00
  0.52064753E+00  0.49169788E+00  0.46699215E+00  0.44588088E+00  0.42744295E+00
  0.41074367E+00  0.39531962E+00  0.38078990E+00  0.36691821E+00  0.35360993E+00
  0.34085762E+00  0.32867745E+00  0.31707484E+00  0.30603454E+00  0.29552511E+00
  0.28551075E+00  0.27595485E+00  0.26682250E+00  0.25808604E+00  0.24972359E+00
  0.24171590E+00  0.23404571E+00  0.22669793E+00  0.21965784E+00  0.21291048E+00
  0.20644103E+00  0.20023470E+00  0.19427681E+00  0.18855325E+00  0.18305075E+00
  0.17775690E+00  0.17266020E+00  0.16775004E+00  0.16301666E+00  0.15845083E+00
  0.15404459E+00  0.14978906E+00  0.14567988E+00  0.14170188E+00  0.13786966E+00
  0.13411055E+00  0.13060748E+00  0.12631074E+00  0.12362991E+00  0.49098695E+01
  0.49009938E+01  0.48854958E+01  0.48730391E+01  0.48623670E+01  0.48533738E+01
  0.48455905E+01  0.48386742E+01  0.48323036E+01  0.48262378E+01  0.48202918E+01
  0.48143144E+01  0.48081407E+01  0.48016052E+01  0.47945840E+01  0.47869028E+01
  0.47779400E+01  0.47665677E+01  0.47518528E+01  0.47327393E+01  0.47077851E+01
  0.46752337E+01  0.46325623E+01  0.45764728E+01  0.45028567E+01  0.44060969E+01
  0.42825107E+01  0.41297689E+01  0.39475874E+01  0.37369389E+01  0.35033887E+01
  0.32587853E+01  0.30168420E+01  0.27938148E+01  0.26003610E+01  0.24358412E+01
  0.22915058E+01  0.21569389E+01  0.20262155E+01  0.18984805E+01  0.17739300E+01
  0.16531044E+01  0.15373141E+01  0.14277414E+01  0.13249160E+01  0.12290981E+01
  0.11403347E+01  0.10582063E+01  0.98214287E+00  0.91165571E+00  0.84623071E+00
  0.78536514E+00  0.72874025E+00  0.67642793E+00  0.62881457E+00  0.58629925E+00
  0.54912412E+00  0.51720761E+00  0.49005522E+00  0.46699079E+00  0.44706029E+00
  0.42923607E+00  0.41285105E+00  0.39746758E+00  0.38281406E+00  0.36876382E+00
  0.35529010E+00  0.34241233E+00  0.33013846E+00  0.31845813E+00  0.30734912E+00
  0.29677846E+00  0.28670921E+00  0.27710603E+00  0.26793430E+00  0.25916414E+00
  0.25077076E+00  0.24273326E+00  0.23503319E+00  0.22765419E+00  0.22058143E+00
  0.21380050E+00  0.20729720E+00  0.20105750E+00  0.19506741E+00  0.18931327E+00
  0.18378199E+00  0.17846124E+00  0.17333957E+00  0.16840648E+00  0.16365228E+00
  0.15906789E+00  0.15464542E+00  0.15037584E+00  0.14625447E+00  0.14226574E+00
  0.13842382E+00  0.13465551E+00  0.13114382E+00  0.12683590E+00  0.12414792E+00
  0.49096565E+01  0.49011055E+01  0.48862866E+01  0.48745079E+01  0.48644525E+01
  0.48559779E+01  0.48485788E+01  0.48419243E+01  0.48357167E+01  0.48297348E+01
  0.48238035E+01  0.48177757E+01  0.48114880E+01  0.48047449E+01  0.47972831E+01
  0.47885648E+01  0.47788158E+01  0.47674996E+01  0.47528648E+01  0.47337428E+01
  0.47087313E+01  0.46758707E+01  0.46326391E+01  0.45758829E+01  0.45017587E+01
  0.44044677E+01  0.42806518E+01  0.41281561E+01  0.39456783E+01  0.37337951E+01
  0.34981940E+01  0.32511378E+01  0.30074809E+01  0.27848424E+01  0.25938926E+01
  0.24325668E+01  0.22905940E+01  0.21569008E+01  0.20258413E+01  0.18969581E+01
  0.17710075E+01  0.16489780E+01  0.15321718E+01  0.14216892E+01  0.13180660E+01
  0.12215964E+01  0.11323446E+01  0.10498690E+01  0.97355520E+00  0.90286532E+00
  0.83724325E+00  0.77620098E+00  0.71958013E+00  0.66769994E+00  0.62106950E+00
  0.58006352E+00  0.54478428E+00  0.51481419E+00  0.48942225E+00  0.46775718E+00
  0.44866265E+00  0.43120991E+00  0.41491784E+00  0.39943797E+00  0.38460651E+00
  0.37039359E+00  0.35680143E+00  0.34383950E+00  0.33149926E+00  0.31975834E+00
  0.30858826E+00  0.29795705E+00  0.28783026E+00  0.27817501E+00  0.26895943E+00
  0.26015336E+00  0.25172981E+00  0.24366538E+00  0.23593977E+00  0.22853506E+00
  0.22143533E+00  0.21462589E+00  0.20809276E+00  0.20182243E+00  0.19580169E+00
  0.19001767E+00  0.18445797E+00  0.17911071E+00  0.17396479E+00  0.16900987E+00
  0.16423644E+00  0.15963549E+00  0.15519905E+00  0.15091783E+00  0.14678681E+00
  0.14278999E+00  0.13894117E+00  0.13516652E+00  0.13164902E+00  0.12733315E+00
  0.12463987E+00  0.49092208E+01  0.49011656E+01  0.48872550E+01  0.48762171E+01
  0.48667805E+01  0.48588239E+01  0.48518213E+01  0.48454534E+01  0.48394397E+01
  0.48335796E+01  0.48277113E+01  0.48216883E+01  0.48153408E+01  0.48084420E+01
  0.48006454E+01  0.47914203E+01  0.47808975E+01  0.47689742E+01  0.47542207E+01
  0.47350501E+01  0.47098524E+01  0.46766117E+01  0.46327762E+01  0.45751670E+01
  0.45001814E+01  0.44021020E+01  0.42781852E+01  0.41259604E+01  0.39426935E+01
  0.37290139E+01  0.34909970E+01  0.32412464E+01  0.29958816E+01  0.27739895E+01
  0.25859179E+01  0.24279292E+01  0.22883410E+01  0.21555633E+01  0.20242220E+01
  0.18942440E+01  0.17669766E+01  0.16438668E+01  0.15262091E+01  0.14149691E+01
  0.13106546E+01  0.12136040E+01  0.11239202E+01  0.10411470E+01  0.96461205E+00
  0.89371472E+00  0.82786799E+00  0.76667372E+00  0.71023597E+00  0.65910695E+00
  0.61384969E+00  0.57470843E+00  0.54153706E+00  0.51355114E+00  0.48977431E+00
  0.46914072E+00  0.45050900E+00  0.43320716E+00  0.41684297E+00  0.40119494E+00
  0.38619374E+00  0.37185372E+00  0.35818114E+00  0.34516065E+00  0.33277024E+00
  0.32097973E+00  0.30975607E+00  0.29906782E+00  0.28888430E+00  0.27917567E+00
  0.26991276E+00  0.26106689E+00  0.25261066E+00  0.24451890E+00  0.23676923E+00
  0.22934180E+00  0.22221914E+00  0.21538556E+00  0.20882669E+00  0.20252920E+00
  0.19648045E+00  0.19066842E+00  0.18508157E+00  0.17970885E+00  0.17453977E+00
  0.16956436E+00  0.16477331E+00  0.16015762E+00  0.15570906E+00  0.15141798E+00
  0.14727905E+00  0.14327585E+00  0.13942189E+00  0.13564281E+00  0.13212145E+00
  0.12780034E+00  0.12510351E+00  0.49081357E+01  0.49009161E+01  0.48883696E+01
  0.48781795E+01  0.48693256E+01  0.48618368E+01  0.48552000E+01  0.48491171E+01
  0.48433184E+01  0.48376171E+01  0.48318634E+01  0.48259080E+01  0.48195652E+01
  0.48125821E+01  0.48045943E+01  0.47951531E+01  0.47841207E+01  0.47713543E+01
  0.47559991E+01  0.47366531E+01  0.47112185E+01  0.46774782E+01  0.46329479E+01
  0.45743268E+01  0.44983975E+01  0.43995199E+01  0.42753330E+01  0.41228928E+01
  0.39383163E+01  0.37225618E+01  0.34819928E+01  0.32294710E+01  0.29826315E+01
  0.27618910E+01  0.25770026E+01  0.24224910E+01  0.22851489E+01  0.21531324E+01
  0.20214756E+01  0.18904786E+01  0.17620259E+01  0.16379716E+01  0.15195994E+01
  0.14077241E+01  0.13028022E+01  0.12052197E+01  0.11151366E+01  0.10320897E+01
  0.95533837E+00  0.88420899E+00  0.81811526E+00  0.75685953E+00  0.70087327E+00
  0.65088505E+00  0.60739366E+00  0.57042258E+00  0.53940271E+00  0.51330465E+00
  0.49088170E+00  0.47089254E+00  0.45246581E+00  0.43512294E+00  0.41858419E+00
  0.40275399E+00  0.38762041E+00  0.37318441E+00  0.35944895E+00  0.34638483E+00
  0.33395523E+00  0.32212242E+00  0.31085149E+00  0.30011176E+00  0.28987522E+00
  0.28011483E+00  0.27080387E+00  0.26191559E+00  0.25342344E+00  0.24530186E+00
  0.23752702E+00  0.23007732E+00  0.22293356E+00  0.21607865E+00  0.20949743E+00
  0.20317631E+00  0.19710293E+00  0.19126587E+00  0.18565445E+00  0.18025846E+00
  0.17506818E+00  0.17007416E+00  0.16526729E+00  0.16063847E+00  0.15617918E+00
  0.15187944E+00  0.14773361E+00  0.14372495E+00  0.13986676E+00  0.13608426E+00
  0.13256020E+00  0.12823582E+00  0.12553683E+00  0.49063415E+01  0.49002958E+01
  0.48895074E+01  0.48802309E+01  0.48719363E+01  0.48648536E+01  0.48585355E+01
  0.48527162E+01  0.48471408E+01  0.48416307E+01  0.48360407E+01  0.48302153E+01
  0.48239502E+01  0.48169769E+01  0.48089459E+01  0.47994477E+01  0.47881114E+01
  0.47746488E+01  0.47584422E+01  0.47383189E+01  0.47124671E+01  0.46783212E+01
  0.46329990E+01  0.45733893E+01  0.44967273E+01  0.43971615E+01  0.42722138E+01
  0.41187811E+01  0.39324538E+01  0.37144619E+01  0.34712610E+01  0.32159579E+01
  0.29678361E+01  0.27487123E+01  0.25674774E+01  0.24166231E+01  0.22813742E+01
  0.21499011E+01  0.20178845E+01  0.18859418E+01  0.17563995E+01  0.16314928E+01
  0.15124910E+01  0.14000567E+01  0.12945811E+01  0.11964962E+01  0.11060291E+01
  0.10227120E+01  0.94572647E+00  0.87432646E+00  0.80800001E+00  0.74687502E+00
  0.69169973E+00  0.64327422E+00  0.60190055E+00  0.56729816E+00  0.53839609E+00
  0.51388032E+00  0.49241437E+00  0.47277036E+00  0.45436062E+00  0.43686419E+00
  0.42013087E+00  0.40414198E+00  0.38890497E+00  0.37440479E+00  0.36062306E+00
  0.34752201E+00  0.33505642E+00  0.32318478E+00  0.31187172E+00  0.30108696E+00
  0.29080344E+00  0.28099566E+00  0.27163869E+00  0.26270760E+00  0.25417726E+00
  0.24602278E+00  0.23822003E+00  0.23074636E+00  0.22358120E+00  0.21670606E+00
  0.21010473E+00  0.20376306E+00  0.19766857E+00  0.19181016E+00  0.18617771E+00
  0.18076174E+00  0.17555313E+00  0.17054290E+00  0.16572207E+00  0.16108147E+00
  0.15661240E+00  0.15230467E+00  0.14815241E+00  0.14413860E+00  0.14027648E+00
  0.13649096E+00  0.13296476E+00  0.12863841E+00  0.12593824E+00  0.49045331E+01
  0.48995198E+01  0.48903650E+01  0.48820947E+01  0.48744218E+01  0.48677020E+01
  0.48616629E+01  0.48560905E+01  0.48507353E+01  0.48454286E+01  0.48400250E+01
  0.48343641E+01  0.48282333E+01  0.48213602E+01  0.48134083E+01  0.48039612E+01
  0.47925154E+01  0.47786117E+01  0.47616461E+01  0.47404822E+01  0.47137810E+01
  0.46790156E+01  0.46329002E+01  0.45726119E+01  0.44954898E+01  0.43950584E+01
  0.42687403E+01  0.41136469E+01  0.39252261E+01  0.37048158E+01  0.34588719E+01
  0.32007644E+01  0.29515139E+01  0.27345337E+01  0.25575131E+01  0.24104731E+01
  0.22771850E+01  0.21460952E+01  0.20136628E+01  0.18807988E+01  0.17502478E+01
  0.16245540E+01  0.15049664E+01  0.13920110E+01  0.12860128E+01  0.11874458E+01
  0.10966030E+01  0.10130049E+01  0.93574831E+00  0.86404064E+00  0.79756708E+00
  0.73687356E+00  0.68296743E+00  0.63653903E+00  0.59758193E+00  0.56534566E+00
  0.53837424E+00  0.51510137E+00  0.49417921E+00  0.47464712E+00  0.45611518E+00
  0.43841748E+00  0.42150491E+00  0.40538855E+00  0.39007355E+00  0.37553112E+00
  0.36171513E+00  0.34857841E+00  0.33607584E+00  0.32416683E+00  0.31281598E+00
  0.30199234E+00  0.29166836E+00  0.28181882E+00  0.27241976E+00  0.26344759E+00
  0.25487864E+00  0.24668919E+00  0.23885564E+00  0.23135517E+00  0.22416655E+00
  0.21727043E+00  0.21064973E+00  0.20428961E+00  0.19817714E+00  0.19230116E+00
  0.18665178E+00  0.18121978E+00  0.17599634E+00  0.17097263E+00  0.16613978E+00
  0.16148867E+00  0.15701059E+00  0.15269529E+00  0.14853678E+00  0.14451790E+00
  0.14065190E+00  0.13686353E+00  0.13333546E+00  0.12900804E+00  0.12630741E+00
  0.49031770E+01  0.48989341E+01  0.48910776E+01  0.48837042E+01  0.48765999E+01
  0.48702479E+01  0.48645064E+01  0.48591644E+01  0.48540131E+01  0.48489036E+01
  0.48436813E+01  0.48381886E+01  0.48322130E+01  0.48254851E+01  0.48176720E+01
  0.48083440E+01  0.47969390E+01  0.47828515E+01  0.47653642E+01  0.47434346E+01
  0.47156730E+01  0.46798536E+01  0.46330583E+01  0.45723326E+01  0.44946329E+01
  0.43929236E+01  0.42647746E+01  0.41076194E+01  0.39168335E+01  0.36937883E+01
  0.34449401E+01  0.31839679E+01  0.29339129E+01  0.27196469E+01  0.25472335E+01
  0.24040863E+01  0.22726312E+01  0.21417964E+01  0.20088586E+01  0.18750906E+01
  0.17436187E+01  0.16171971E+01  0.14970466E+01  0.13835865E+01  0.12770864E+01
  0.11780579E+01  0.10868477E+01  0.10029473E+01  0.92536760E+00  0.85334472E+00
  0.78692024E+00  0.72707233E+00  0.67492390E+00  0.63089421E+00  0.59454272E+00
  0.56453705E+00  0.53910495E+00  0.51665102E+00  0.49596257E+00  0.47639326E+00
  0.45768913E+00  0.43979590E+00  0.42273626E+00  0.40652994E+00  0.39116103E+00
  0.37658049E+00  0.36272966E+00  0.34955648E+00  0.33701689E+00  0.32507200E+00
  0.31368661E+00  0.30282885E+00  0.29247010E+00  0.28258448E+00  0.27314808E+00
  0.26413800E+00  0.25553163E+00  0.24730643E+00  0.23943984E+00  0.23190960E+00
  0.22469469E+00  0.21777565E+00  0.21113505E+00  0.20475747E+00  0.19862940E+00
  0.19273934E+00  0.18707708E+00  0.18163315E+00  0.17639857E+00  0.17136441E+00
  0.16652185E+00  0.16186181E+00  0.15737566E+00  0.15305323E+00  0.14888859E+00
  0.14486463E+00  0.14099475E+00  0.13720361E+00  0.13367388E+00  0.12934610E+00
  0.12664558E+00  0.49023022E+01  0.48987173E+01  0.48918681E+01  0.48851196E+01
  0.48784919E+01  0.48725053E+01  0.48670331E+01  0.48619072E+01  0.48569543E+01
  0.48520168E+01  0.48469592E+01  0.48416228E+01  0.48357981E+01  0.48292167E+01
  0.48215454E+01  0.48123501E+01  0.48010474E+01  0.47869351E+01  0.47691671E+01
  0.47466665E+01  0.47180300E+01  0.46813111E+01  0.46338969E+01  0.45725018E+01
  0.44937791E+01  0.43904798E+01  0.42602651E+01  0.41008260E+01  0.39074465E+01
  0.36815449E+01  0.34296082E+01  0.31656267E+01  0.29150431E+01  0.27041273E+01
  0.25367405E+01  0.23974978E+01  0.22677032E+01  0.21369911E+01  0.20034574E+01
  0.18688212E+01  0.17365210E+01  0.16094264E+01  0.14887258E+01  0.13747659E+01
  0.12677809E+01  0.11683152E+01  0.10767458E+01  0.99250995E+00  0.91454792E+00
  0.84226781E+00  0.77621554E+00  0.71773224E+00  0.66782550E+00  0.62650084E+00
  0.59272725E+00  0.56467028E+00  0.54036956E+00  0.51833370E+00  0.49765629E+00
  0.47794621E+00  0.45906588E+00  0.44102261E+00  0.42386509E+00  0.40759825E+00
  0.39218236E+00  0.37755944E+00  0.36366929E+00  0.35045880E+00  0.33788341E+00
  0.32590441E+00  0.31448669E+00  0.30359791E+00  0.29320853E+00  0.28329164E+00
  0.27382259E+00  0.26477840E+00  0.25613698E+00  0.24787666E+00  0.23997606E+00
  0.23241408E+00  0.22517068E+00  0.21822693E+00  0.21156554E+00  0.20517083E+00
  0.19902884E+00  0.19312744E+00  0.18745569E+00  0.18200343E+00  0.17676115E+00
  0.17171960E+00  0.16686978E+00  0.16220261E+00  0.15770956E+00  0.15338067E+00
  0.14921024E+00  0.14518133E+00  0.14130766E+00  0.13751387E+00  0.13398272E+00
  0.12965523E+00  0.12695532E+00  0.49017254E+01  0.48986621E+01  0.48926015E+01
  0.48863765E+01  0.48801971E+01  0.48745246E+01  0.48692769E+01  0.48643426E+01
  0.48595655E+01  0.48547814E+01  0.48498622E+01  0.48446671E+01  0.48389801E+01
  0.48325319E+01  0.48249861E+01  0.48159058E+01  0.48046970E+01  0.47906093E+01
  0.47727261E+01  0.47499356E+01  0.47208051E+01  0.46834891E+01  0.46353356E+01
  0.45728615E+01  0.44927716E+01  0.43876398E+01  0.42552021E+01  0.40933254E+01
  0.38971564E+01  0.36681911E+01  0.34129870E+01  0.31460595E+01  0.28952710E+01
  0.26881665E+01  0.25261681E+01  0.23907484E+01  0.22623886E+01  0.21316698E+01
  0.19974559E+01  0.18619928E+01  0.17289544E+01  0.16012369E+01  0.14799928E+01
  0.13655315E+01  0.12580758E+01  0.11581981E+01  0.10662727E+01  0.98165436E+00
  0.90326696E+00  0.83089952E+00  0.76567529E+00  0.70912391E+00  0.66190960E+00
  0.62346823E+00  0.59206504E+00  0.56548761E+00  0.54188480E+00  0.51999642E+00
  0.49920115E+00  0.47929977E+00  0.46026635E+00  0.44213170E+00  0.42491806E+00
  0.40860470E+00  0.39314151E+00  0.37847117E+00  0.36453743E+00  0.35128840E+00
  0.33867821E+00  0.32666681E+00  0.31521848E+00  0.30430069E+00  0.29388340E+00
  0.28393877E+00  0.27444109E+00  0.26536673E+00  0.25669348E+00  0.24840018E+00
  0.24046646E+00  0.23287261E+00  0.22559994E+00  0.21863063E+00  0.21194791E+00
  0.20553625E+00  0.19938141E+00  0.19347054E+00  0.18779173E+00  0.18233389E+00
  0.17708674E+00  0.17204043E+00  0.16718565E+00  0.16251319E+00  0.15801463E+00
  0.15368024E+00  0.14950465E+00  0.14547117E+00  0.14159398E+00  0.13779782E+00
  0.13426555E+00  0.12993894E+00  0.12724009E+00  0.49012720E+01  0.48986225E+01
  0.48932324E+01  0.48874936E+01  0.48817023E+01  0.48763080E+01  0.48712836E+01
  0.48665153E+01  0.48618664E+01  0.48572229E+01  0.48524418E+01  0.48473751E+01
  0.48418158E+01  0.48354898E+01  0.48280566E+01  0.48190745E+01  0.48079516E+01
  0.47939323E+01  0.47760821E+01  0.47532723E+01  0.47239667E+01  0.46861449E+01
  0.46370965E+01  0.45733265E+01  0.44916252E+01  0.43844291E+01  0.42495919E+01
  0.40851204E+01  0.38859782E+01  0.36537524E+01  0.33950921E+01  0.31250819E+01
  0.28744409E+01  0.26718711E+01  0.25156199E+01  0.23839084E+01  0.22567266E+01
  0.21258162E+01  0.19908355E+01  0.18545960E+01  0.17209103E+01  0.15926169E+01
  0.14708330E+01  0.13558643E+01  0.12479494E+01  0.11476820E+01  0.10553919E+01
  0.97033109E+00  0.89153608E+00  0.81939469E+00  0.75557851E+00  0.70153121E+00
  0.65734853E+00  0.62171656E+00  0.59231849E+00  0.56677459E+00  0.54347328E+00
  0.52152218E+00  0.50054300E+00  0.48046748E+00  0.46132862E+00  0.44314572E+00
  0.42590010E+00  0.40954789E+00  0.39403761E+00  0.37931780E+00  0.36533799E+00
  0.35204889E+00  0.33940404E+00  0.32736159E+00  0.31588454E+00  0.30493978E+00
  0.29449679E+00  0.28452700E+00  0.27500382E+00  0.26590274E+00  0.25720110E+00
  0.24887787E+00  0.24091345E+00  0.23328940E+00  0.22598847E+00  0.21899412E+00
  0.21229039E+00  0.20586219E+00  0.19969520E+00  0.19377586E+00  0.18809133E+00
  0.18262956E+00  0.17737936E+00  0.17233017E+00  0.16747221E+00  0.16279607E+00
  0.15829339E+00  0.15395462E+00  0.14977472E+00  0.14573732E+00  0.14185707E+00
  0.13805896E+00  0.13452595E+00  0.13020078E+00  0.12750336E+00  0.49009183E+01
  0.48985907E+01  0.48937544E+01  0.48884737E+01  0.48830518E+01  0.48779082E+01
  0.48730727E+01  0.48684577E+01  0.48639356E+01  0.48594185E+01  0.48547786E+01
  0.48498440E+01  0.48444096E+01  0.48382073E+01  0.48308912E+01  0.48220165E+01
  0.48110043E+01  0.47971125E+01  0.47793862E+01  0.47566373E+01  0.47272034E+01
  0.46888622E+01  0.46389132E+01  0.45738084E+01  0.44903443E+01  0.43808796E+01
  0.42434442E+01  0.40761940E+01  0.38738799E+01  0.36381914E+01  0.33758562E+01
  0.31025227E+01  0.28524668E+01  0.26553478E+01  0.25051686E+01  0.23770094E+01
  0.22507305E+01  0.21194018E+01  0.19835790E+01  0.18466197E+01  0.17123714E+01
  0.15835439E+01  0.14612218E+01  0.13457383E+01  0.12373741E+01  0.11367325E+01
  0.10440519E+01  0.95848875E+00  0.87941031E+00  0.80796625E+00  0.74621358E+00
  0.69519099E+00  0.65422327E+00  0.62112515E+00  0.59319089E+00  0.56824687E+00
  0.54498738E+00  0.52285487E+00  0.50168346E+00  0.48148155E+00  0.46228337E+00
  0.44407607E+00  0.42680742E+00  0.41042111E+00  0.39486758E+00  0.38010103E+00
  0.36607593E+00  0.35274618E+00  0.34006624E+00  0.32799345E+00  0.31648937E+00
  0.30551968E+00  0.29505298E+00  0.28506006E+00  0.27551374E+00  0.26638879E+00
  0.25766201E+00  0.24931230E+00  0.24132055E+00  0.23366940E+00  0.22634277E+00
  0.21932524E+00  0.21260181E+00  0.20615788E+00  0.19997917E+00  0.19405160E+00
  0.18836160E+00  0.18289633E+00  0.17764372E+00  0.17259248E+00  0.16773233E+00
  0.16305362E+00  0.15854793E+00  0.15420584E+00  0.15002256E+00  0.14598203E+00
  0.14209937E+00  0.13829983E+00  0.13476655E+00  0.13044337E+00  0.12774773E+00
  0.49006398E+01  0.48985770E+01  0.48941961E+01  0.48893234E+01  0.48842556E+01
  0.48793476E+01  0.48746897E+01  0.48702250E+01  0.48658503E+01  0.48614717E+01
  0.48569744E+01  0.48521853E+01  0.48468852E+01  0.48408191E+01  0.48336381E+01
  0.48248976E+01  0.48140214E+01  0.48002545E+01  0.47825947E+01  0.47598113E+01
  0.47301882E+01  0.46913758E+01  0.46405521E+01  0.45740877E+01  0.44888225E+01
  0.43769413E+01  0.42367162E+01  0.40664898E+01  0.38607974E+01  0.36214316E+01
  0.33551471E+01  0.30785058E+01  0.28296076E+01  0.26386870E+01  0.24948371E+01
  0.23699853E+01  0.22443278E+01  0.21123932E+01  0.19756782E+01  0.18380500E+01
  0.17033072E+01  0.15739782E+01  0.14511194E+01  0.13351158E+01  0.12263135E+01
  0.11253040E+01  0.10321866E+01  0.94609664E+00  0.86701838E+00  0.79691901E+00
  0.73790365E+00  0.69029192E+00  0.65243806E+00  0.62143878E+00  0.59447182E+00
  0.56973468E+00  0.54633501E+00  0.52398407E+00  0.50265573E+00  0.48237899E+00
  0.46315244E+00  0.44492807E+00  0.42763786E+00  0.41122181E+00  0.39563154E+00
  0.38082410E+00  0.36675721E+00  0.35338794E+00  0.34067297E+00  0.32857021E+00
  0.31704031E+00  0.30604738E+00  0.29555874E+00  0.28554444E+00  0.27597675E+00
  0.26683005E+00  0.25808084E+00  0.24970794E+00  0.24169260E+00  0.23401811E+00
  0.22666919E+00  0.21963125E+00  0.21289003E+00  0.20643140E+00  0.20024110E+00
  0.19430488E+00  0.18860875E+00  0.18313928E+00  0.17788375E+00  0.17283022E+00
  0.16796800E+00  0.16328715E+00  0.15877913E+00  0.15443452E+00  0.15024871E+00
  0.14620588E+00  0.14232155E+00  0.13852123E+00  0.13498819E+00  0.13066757E+00
  0.12797408E+00  0.49004123E+01  0.48985659E+01  0.48945711E+01  0.48900558E+01
  0.48853120E+01  0.48806441E+01  0.48761745E+01  0.48718773E+01  0.48676687E+01
  0.48634547E+01  0.48591155E+01  0.48544897E+01  0.48493540E+01  0.48434397E+01
  0.48364032E+01  0.48277978E+01  0.48170332E+01  0.48033224E+01  0.47856266E+01
  0.47627016E+01  0.47328134E+01  0.46935071E+01  0.46417749E+01  0.45739315E+01
  0.44868709E+01  0.43724936E+01  0.42293325E+01  0.40559416E+01  0.38466422E+01
  0.36033503E+01  0.33327724E+01  0.30527826E+01  0.28057600E+01  0.26219286E+01
  0.24846010E+01  0.23627484E+01  0.22374226E+01  0.21047118E+01  0.19670890E+01
  0.18288455E+01  0.16936615E+01  0.15638578E+01  0.14404681E+01  0.13239489E+01
  0.12147258E+01  0.11133448E+01  0.10197278E+01  0.93317363E+00  0.85457162E+00
  0.78658891E+00  0.73093312E+00  0.68692847E+00  0.65184489E+00  0.62234120E+00
  0.59588970E+00  0.57110937E+00  0.54748678E+00  0.52493989E+00  0.50350576E+00
  0.48319084E+00  0.46394837E+00  0.44570621E+00  0.42839442E+00  0.41195339E+00
  0.39633372E+00  0.38149247E+00  0.36738908E+00  0.35398336E+00  0.34123463E+00
  0.32910237E+00  0.31754712E+00  0.30653179E+00  0.29602234E+00  0.28598785E+00
  0.27639999E+00  0.26723288E+00  0.25846310E+00  0.25006967E+00  0.24203410E+00
  0.23433995E+00  0.22697230E+00  0.21991696E+00  0.21316008E+00  0.20668774E+00
  0.20048584E+00  0.19454018E+00  0.18883663E+00  0.18336147E+00  0.17810158E+00
  0.17304465E+00  0.16817970E+00  0.16349652E+00  0.15898635E+00  0.15463971E+00
  0.15045207E+00  0.14640774E+00  0.14252252E+00  0.13872214E+00  0.13518998E+00
  0.13087265E+00  0.12818174E+00  0.49002298E+01  0.48985548E+01  0.48948736E+01
  0.48906568E+01  0.48862041E+01  0.48818011E+01  0.48775675E+01  0.48734749E+01
  0.48694639E+01  0.48654415E+01  0.48612806E+01  0.48568436E+01  0.48518925E+01
  0.48461343E+01  0.48392336E+01  0.48307357E+01  0.48200323E+01  0.48063079E+01
  0.47885030E+01  0.47653591E+01  0.47351033E+01  0.46951692E+01  0.46424015E+01
  0.45731500E+01  0.44843087E+01  0.43673833E+01  0.42211734E+01  0.40444275E+01
  0.38312590E+01  0.35837633E+01  0.33085273E+01  0.30252280E+01  0.27809554E+01
  0.26051167E+01  0.24744258E+01  0.23552112E+01  0.22298967E+01  0.20962511E+01
  0.19577371E+01  0.18189411E+01  0.16833613E+01  0.15531097E+01  0.14292059E+01
  0.13121903E+01  0.12025726E+01  0.11008021E+01  0.10066214E+01  0.91981001E+00
  0.84236686E+00  0.77731842E+00  0.72551207E+00  0.68500154E+00  0.65216621E+00
  0.62359596E+00  0.59726561E+00  0.57229299E+00  0.54845249E+00  0.52576827E+00
  0.50427483E+00  0.48393785E+00  0.46467873E+00  0.44641722E+00  0.42908525E+00
  0.41262385E+00  0.39698159E+00  0.38211378E+00  0.36798016E+00  0.35454241E+00
  0.34176231E+00  0.32960122E+00  0.31802037E+00  0.30698227E+00  0.29645189E+00
  0.28639730E+00  0.27678951E+00  0.26760254E+00  0.25881324E+00  0.25040106E+00
  0.24234773E+00  0.23463681E+00  0.22725334E+00  0.22018317E+00  0.21341246E+00
  0.20692735E+00  0.20071387E+00  0.19475796E+00  0.18904556E+00  0.18356293E+00
  0.17829689E+00  0.17323507E+00  0.16836630E+00  0.16368015E+00  0.15916761E+00
  0.15481913E+00  0.15063019E+00  0.14658507E+00  0.14269975E+00  0.13890010E+00
  0.13536955E+00  0.13105642E+00  0.12836867E+00  0.49001273E+01  0.48985492E+01
  0.48950842E+01  0.48911258E+01  0.48869507E+01  0.48828325E+01  0.48789022E+01
  0.48750667E+01  0.48712783E+01  0.48674867E+01  0.48635355E+01  0.48592983E+01
  0.48545242E+01  0.48489112E+01  0.48421254E+01  0.48337014E+01  0.48230184E+01
  0.48092373E+01  0.47912696E+01  0.47678286E+01  0.47370954E+01  0.46963659E+01
  0.46424572E+01  0.45717420E+01  0.44810158E+01  0.43614324E+01  0.42120259E+01
  0.40317178E+01  0.38144188E+01  0.35624299E+01  0.32821744E+01  0.29956850E+01
  0.27551785E+01  0.25882620E+01  0.24642469E+01  0.23472544E+01  0.22216140E+01
  0.20869107E+01  0.19475529E+01  0.18082702E+01  0.16723331E+01  0.15416641E+01
  0.14172761E+01  0.12998001E+01  0.11898199E+01  0.10876202E+01  0.99285169E+00
  0.90619891E+00  0.83080048E+00  0.76946396E+00  0.72176329E+00  0.68434714E+00
  0.65307252E+00  0.62494780E+00  0.59850540E+00  0.57329407E+00  0.54928326E+00
  0.52652013E+00  0.50499445E+00  0.48463564E+00  0.46535526E+00  0.44707383E+00
  0.42972381E+00  0.41324547E+00  0.39758533E+00  0.38269659E+00  0.36853822E+00
  0.35507273E+00  0.34226362E+00  0.33007406E+00  0.31846651E+00  0.30740391E+00
  0.29685092E+00  0.28677488E+00  0.27714629E+00  0.26793916E+00  0.25913075E+00
  0.25070088E+00  0.24263140E+00  0.23490572E+00  0.22750866E+00  0.22042576E+00
  0.21364287E+00  0.20714597E+00  0.20092114E+00  0.19495446E+00  0.18923208E+00
  0.18374050E+00  0.17846675E+00  0.17339861E+00  0.16852490E+00  0.16383496E+00
  0.15931971E+00  0.15496953E+00  0.15077975E+00  0.14673453E+00  0.14284991E+00
  0.13905187E+00  0.13552376E+00  0.13121584E+00  0.12853188E+00  0.49001074E+01
  0.48985554E+01  0.48952122E+01  0.48914832E+01  0.48875895E+01  0.48837693E+01
  0.48801681E+01  0.48766828E+01  0.48731625E+01  0.48695883E+01  0.48658649E+01
  0.48618243E+01  0.48572141E+01  0.48517326E+01  0.48450381E+01  0.48366580E+01
  0.48259641E+01  0.48120939E+01  0.47939197E+01  0.47701054E+01  0.47387694E+01
  0.46971070E+01  0.46419836E+01  0.45696828E+01  0.44768723E+01  0.43544476E+01
  0.42016424E+01  0.40175410E+01  0.37958426E+01  0.35390528E+01  0.32533827E+01
  0.29639509E+01  0.27284534E+01  0.25713851E+01  0.24539336E+01  0.23387011E+01
  0.22124542E+01  0.20766310E+01  0.19364962E+01  0.17967772E+01  0.16605125E+01
  0.15294613E+01  0.14046306E+01  0.12867450E+01  0.11764331E+01  0.10737418E+01
  0.97845920E+00  0.89262038E+00  0.82028392E+00  0.76331075E+00  0.71960215E+00
  0.68466105E+00  0.65431100E+00  0.62623760E+00  0.59956756E+00  0.57414932E+00
  0.55003363E+00  0.52723054E+00  0.50567968E+00  0.48529435E+00  0.46598946E+00
  0.44768767E+00  0.43032039E+00  0.41382620E+00  0.39814994E+00  0.38324308E+00
  0.36906334E+00  0.35557301E+00  0.34273644E+00  0.33051817E+00  0.31888217E+00
  0.30779250E+00  0.29721419E+00  0.28711445E+00  0.27746360E+00  0.26823579E+00
  0.25940859E+00  0.25096200E+00  0.24287788E+00  0.23513939E+00  0.22773090E+00
  0.22063733E+00  0.21384399E+00  0.20733657E+00  0.20110105E+00  0.19512364E+00
  0.18939078E+00  0.18388938E+00  0.17860692E+00  0.17353148E+00  0.16865188E+00
  0.16395753E+00  0.15943945E+00  0.15508791E+00  0.15089791E+00  0.14685336E+00
  0.14297031E+00  0.13917476E+00  0.13564995E+00  0.13134826E+00  0.12866868E+00
  0.49001211E+01  0.48985695E+01  0.48952971E+01  0.48917631E+01  0.48881468E+01
  0.48846386E+01  0.48813610E+01  0.48782551E+01  0.48750634E+01  0.48717008E+01
  0.48681807E+01  0.48643302E+01  0.48598766E+01  0.48545151E+01  0.48478938E+01
  0.48395387E+01  0.48288116E+01  0.48148214E+01  0.47963915E+01  0.47721084E+01
  0.47400118E+01  0.46973526E+01  0.46409231E+01  0.45668322E+01  0.44717291E+01
  0.43462254E+01  0.41897748E+01  0.40016050E+01  0.37752081E+01  0.35132906E+01
  0.32219522E+01  0.29299973E+01  0.27008561E+01  0.25545301E+01  0.24433633E+01
  0.23293851E+01  0.22023100E+01  0.20653723E+01  0.19245429E+01  0.17844271E+01
  0.16478558E+01  0.15164573E+01  0.13912313E+01  0.12729938E+01  0.11623658E+01
  0.10590994E+01  0.96358611E+00  0.87951648E+00  0.81123810E+00  0.75901682E+00
  0.71885458E+00  0.68558177E+00  0.65561773E+00  0.62737840E+00  0.60046982E+00
  0.57491107E+00  0.55073953E+00  0.52790860E+00  0.50632961E+00  0.48591443E+00
  0.46658245E+00  0.44825806E+00  0.43087154E+00  0.41435990E+00  0.39866671E+00
  0.38374218E+00  0.36954265E+00  0.35602938E+00  0.34316660E+00  0.33091965E+00
  0.31925396E+00  0.30813510E+00  0.29752915E+00  0.28740385E+00  0.27772990E+00
  0.26848165E+00  0.25963673E+00  0.25117504E+00  0.24307835E+00  0.23532947E+00
  0.22791203E+00  0.22081004E+00  0.21400816E+00  0.20749180E+00  0.20124676E+00
  0.19525930E+00  0.18951627E+00  0.18400511E+00  0.17871383E+00  0.17363086E+00
  0.16874536E+00  0.16404692E+00  0.15952635E+00  0.15517358E+00  0.15098353E+00
  0.14694011E+00  0.14305928E+00  0.13926697E+00  0.13574623E+00  0.13145166E+00
  0.12877700E+00  0.49001492E+01  0.48985884E+01  0.48953687E+01  0.48920112E+01
  0.48886561E+01  0.48854491E+01  0.48824781E+01  0.48796904E+01  0.48768467E+01
  0.48737238E+01  0.48703533E+01  0.48666917E+01  0.48623974E+01  0.48571402E+01
  0.48505812E+01  0.48422378E+01  0.48314533E+01  0.48173036E+01  0.47985507E+01
  0.47736858E+01  0.47407144E+01  0.46969768E+01  0.46391062E+01  0.45630300E+01
  0.44653969E+01  0.43365574E+01  0.41761848E+01  0.39836276E+01  0.37521992E+01
  0.34848026E+01  0.31873680E+01  0.28934988E+01  0.26725158E+01  0.25377772E+01
  0.24324747E+01  0.23192175E+01  0.21911051E+01  0.20531085E+01  0.19116733E+01
  0.17711963E+01  0.16343248E+01  0.15026018E+01  0.13770220E+01  0.12584967E+01
  0.11475572E+01  0.10436803E+01  0.94848001E+00  0.86735519E+00  0.80401073E+00
  0.75648398E+00  0.71914245E+00  0.68680909E+00  0.65682696E+00  0.62833698E+00
  0.60124664E+00  0.57560954E+00  0.55140306E+00  0.52854170E+00  0.50692981E+00
  0.48648140E+00  0.46711860E+00  0.44876727E+00  0.43135747E+00  0.41482525E+00
  0.39911323E+00  0.38417063E+00  0.36995238E+00  0.35641816E+00  0.34353129E+00
  0.33125726E+00  0.31956265E+00  0.30841465E+00  0.29778075E+00  0.28762992E+00
  0.27793371E+00  0.26866698E+00  0.25980730E+00  0.25133387E+00  0.24322755E+00
  0.23547068E+00  0.22804641E+00  0.22093799E+00  0.21412950E+00  0.20760595E+00
  0.20135289E+00  0.19535670E+00  0.18960468E+00  0.18408480E+00  0.17878548E+00
  0.17369574E+00  0.16880513E+00  0.16410323E+00  0.15958064E+00  0.15522727E+00
  0.15103790E+00  0.14699623E+00  0.14311838E+00  0.13933024E+00  0.13581446E+00
  0.13152782E+00  0.12885849E+00  0.49001900E+01  0.48986150E+01  0.48954427E+01
  0.48922521E+01  0.48891310E+01  0.48861881E+01  0.48834811E+01  0.48809517E+01
  0.48784027E+01  0.48755311E+01  0.48722961E+01  0.48687865E+01  0.48646474E+01
  0.48594824E+01  0.48529794E+01  0.48446280E+01  0.48337459E+01  0.48193807E+01
  0.48002189E+01  0.47746801E+01  0.47408104E+01  0.46958339E+01  0.46363293E+01
  0.45580878E+01  0.44576491E+01  0.43252629E+01  0.41606935E+01  0.39633958E+01
  0.37265632E+01  0.34532917E+01  0.31492260E+01  0.28543172E+01  0.26437061E+01
  0.25212918E+01  0.24212380E+01  0.23081352E+01  0.21787974E+01  0.20398148E+01
  0.18978370E+01  0.17570161E+01  0.16198508E+01  0.14878321E+01  0.13619522E+01
  0.12432127E+01  0.11319479E+01  0.10275568E+01  0.93353064E+00  0.85662421E+00
  0.79881321E+00  0.75547803E+00  0.72000551E+00  0.68803021E+00  0.65784372E+00
  0.62912495E+00  0.60191957E+00  0.57623382E+00  0.55199151E+00  0.52909220E+00
  0.50744205E+00  0.48695709E+00  0.46756050E+00  0.44917922E+00  0.43174376E+00
  0.41518980E+00  0.39945924E+00  0.38450023E+00  0.37026622E+00  0.35671505E+00
  0.34380861E+00  0.33151190E+00  0.31979213E+00  0.30861789E+00  0.29795831E+00
  0.28778419E+00  0.27806868E+00  0.26878671E+00  0.25991523E+00  0.25143310E+00
  0.24332055E+00  0.23555896E+00  0.22813051E+00  0.22101806E+00  0.21420553E+00
  0.20767736E+00  0.20141881E+00  0.19541642E+00  0.18965787E+00  0.18413152E+00
  0.17882608E+00  0.17373073E+00  0.16883534E+00  0.16412989E+00  0.15960549E+00
  0.15525225E+00  0.15106475E+00  0.14702626E+00  0.14315260E+00  0.13936963E+00
  0.13585952E+00  0.13158119E+00  0.12891731E+00  0.49002336E+01  0.48986419E+01
  0.48955180E+01  0.48924837E+01  0.48895571E+01  0.48868249E+01  0.48843246E+01
  0.48819883E+01  0.48796501E+01  0.48770214E+01  0.48739307E+01  0.48705194E+01
  0.48665053E+01  0.48614295E+01  0.48549815E+01  0.48465924E+01  0.48355479E+01
  0.48208940E+01  0.48012504E+01  0.47749960E+01  0.47401468E+01  0.46936720E+01
  0.46322386E+01  0.45517053E+01  0.44483818E+01  0.43123107E+01  0.41432587E+01
  0.39408023E+01  0.36981270E+01  0.34184765E+01  0.31073982E+01  0.28126958E+01
  0.26147551E+01  0.25051502E+01  0.24095012E+01  0.22960020E+01  0.21653217E+01
  0.20254420E+01  0.18829769E+01  0.17418193E+01  0.16043641E+01  0.14720829E+01
  0.13459649E+01  0.12270830E+01  0.11154519E+01  0.10108978E+01  0.91923893E+00
  0.84776204E+00  0.79558667E+00  0.75557857E+00  0.72111279E+00  0.68906915E+00
  0.65862084E+00  0.62973604E+00  0.60245809E+00  0.57672901E+00  0.55244427E+00
  0.52950272E+00  0.50781384E+00  0.48729426E+00  0.46786649E+00  0.44945775E+00
  0.43199919E+00  0.41542673E+00  0.39968179E+00  0.38471145E+00  0.37046746E+00
  0.35690570E+00  0.34398651E+00  0.33167422E+00  0.31993614E+00  0.30874166E+00
  0.29806168E+00  0.28786899E+00  0.27813807E+00  0.26884428E+00  0.25996434E+00
  0.25147683E+00  0.24336172E+00  0.23559921E+00  0.22817015E+00  0.22105700E+00
  0.21424332E+00  0.20771320E+00  0.20145186E+00  0.19544603E+00  0.18968352E+00
  0.18415289E+00  0.17884320E+00  0.17374374E+00  0.16884472E+00  0.16413680E+00
  0.15961145E+00  0.15525863E+00  0.15107304E+00  0.14703812E+00  0.14316914E+00
  0.13939156E+00  0.13588703E+00  0.13161655E+00  0.12895782E+00  0.49002790E+01
  0.48986685E+01  0.48955855E+01  0.48926826E+01  0.48899039E+01  0.48873233E+01
  0.48849653E+01  0.48827612E+01  0.48805590E+01  0.48781311E+01  0.48751873E+01
  0.48718381E+01  0.48679132E+01  0.48629274E+01  0.48565234E+01  0.48480655E+01
  0.48368048E+01  0.48217849E+01  0.48015911E+01  0.47745334E+01  0.47385189E+01
  0.46903518E+01  0.46269440E+01  0.45442449E+01  0.44380614E+01  0.42981646E+01
  0.41242193E+01  0.39160022E+01  0.36668858E+01  0.33801951E+01  0.30617712E+01
  0.27689748E+01  0.25862437E+01  0.24894914E+01  0.23970506E+01  0.22826656E+01
  0.21506400E+01  0.20099761E+01  0.18670667E+01  0.17255577E+01  0.15878039E+01
  0.14552891E+01  0.13289939E+01  0.12100324E+01  0.10980342E+01  0.99395211E+00
  0.90615897E+00  0.84108529E+00  0.79404228E+00  0.75622746E+00  0.72209516E+00
  0.68979193E+00  0.65910572E+00  0.63011062E+00  0.60278119E+00  0.57701152E+00
  0.55268954E+00  0.52971651E+00  0.50800206E+00  0.48746138E+00  0.46801534E+00
  0.44959054E+00  0.43211886E+00  0.41553714E+00  0.39978686E+00  0.38481397E+00
  0.37056841E+00  0.35700434E+00  0.34408052E+00  0.33176016E+00  0.32001044E+00
  0.30880135E+00  0.29810631E+00  0.28790060E+00  0.27815898E+00  0.26885750E+00
  0.25997346E+00  0.25148469E+00  0.24336988E+00  0.23560836E+00  0.22818079E+00
  0.22106920E+00  0.21425634E+00  0.20772598E+00  0.20146358E+00  0.19545600E+00
  0.18969108E+00  0.18415748E+00  0.17884467E+00  0.17374268E+00  0.16884201E+00
  0.16413330E+00  0.15960802E+00  0.15525615E+00  0.15107233E+00  0.14704020E+00
  0.14317517E+00  0.13940224E+00  0.13590241E+00  0.13163875E+00  0.12898453E+00
  0.49003307E+01  0.48986953E+01  0.48956327E+01  0.48928244E+01  0.48901455E+01
  0.48876620E+01  0.48853893E+01  0.48832668E+01  0.48811453E+01  0.48788641E+01
  0.48760374E+01  0.48727217E+01  0.48688800E+01  0.48639750E+01  0.48575706E+01
  0.48490181E+01  0.48375534E+01  0.48221534E+01  0.48014075E+01  0.47735712E+01
  0.47364494E+01  0.46867931E+01  0.46214465E+01  0.45364651E+01  0.44270181E+01
  0.42826307E+01  0.41029433E+01  0.38880290E+01  0.36317869E+01  0.33373224E+01
  0.30116342E+01  0.27228052E+01  0.25575868E+01  0.24735921E+01  0.23832297E+01
  0.22676567E+01  0.21343378E+01  0.19929839E+01  0.18496905E+01  0.17078447E+01
  0.15698221E+01  0.14371589E+01  0.13108041E+01  0.11918833E+01  0.10796231E+01
  0.97685222E+00  0.89462310E+00  0.83657271E+00  0.79367612E+00  0.75695056E+00
  0.72267499E+00  0.69009498E+00  0.65927231E+00  0.63023654E+00  0.60288627E+00
  0.57709685E+00  0.55276045E+00  0.52977913E+00  0.50805913E+00  0.48751313E+00
  0.46806157E+00  0.44963149E+00  0.43215587E+00  0.41557264E+00  0.39982341E+00
  0.38485313E+00  0.37061036E+00  0.35704818E+00  0.34412396E+00  0.33179959E+00
  0.32004225E+00  0.30882294E+00  0.29811699E+00  0.28790179E+00  0.27815341E+00
  0.26884823E+00  0.25996318E+00  0.25147540E+00  0.24336244E+00  0.23560303E+00
  0.22817762E+00  0.22106783E+00  0.21425601E+00  0.20772590E+00  0.20146328E+00
  0.19545501E+00  0.18968894E+00  0.18415379E+00  0.17883915E+00  0.17373558E+00
  0.16883390E+00  0.16412474E+00  0.15959959E+00  0.15524867E+00  0.15106670E+00
  0.14703708E+00  0.14317508E+00  0.13940562E+00  0.13590968E+00  0.13165186E+00
  0.12900147E+00  0.49003921E+01  0.48987285E+01  0.48956598E+01  0.48928983E+01
  0.48902711E+01  0.48878390E+01  0.48856125E+01  0.48835423E+01  0.48814770E+01
  0.48792693E+01  0.48765176E+01  0.48732603E+01  0.48695019E+01  0.48646997E+01
  0.48583473E+01  0.48497919E+01  0.48382894E+01  0.48226965E+01  0.48016360E+01
  0.47734195E+01  0.47357872E+01  0.46854225E+01  0.46180897E+01  0.45296179E+01
  0.44164689E+01  0.42682515E+01  0.40828435E+01  0.38604743E+01  0.35960891E+01
  0.32925447E+01  0.29604042E+01  0.26785370E+01  0.25311126E+01  0.24577806E+01
  0.23684997E+01  0.22518227E+01  0.21175341E+01  0.19756705E+01  0.18320654E+01
  0.16899547E+01  0.15517174E+01  0.14189245E+01  0.12925410E+01  0.11737004E+01
  0.10614402E+01  0.96119462E+00  0.88574221E+00  0.83405400E+00  0.79377314E+00
  0.75733768E+00  0.72279952E+00  0.69008076E+00  0.65924518E+00  0.63021681E+00
  0.60286606E+00  0.57707632E+00  0.55274316E+00  0.52976613E+00  0.50804940E+00
  0.48750526E+00  0.46805453E+00  0.44962509E+00  0.43215080E+00  0.41556988E+00
  0.39982366E+00  0.38485644E+00  0.37061619E+00  0.35705550E+00  0.34413107E+00
  0.33180447E+00  0.32004337E+00  0.30881987E+00  0.29810904E+00  0.28788803E+00
  0.27813510E+00  0.26882778E+00  0.25994252E+00  0.25145604E+00  0.24334542E+00
  0.23558884E+00  0.22816614E+00  0.22105821E+00  0.21424720E+00  0.20771739E+00
  0.20145494E+00  0.19544658E+00  0.18968015E+00  0.18414437E+00  0.17882893E+00
  0.17372450E+00  0.16882200E+00  0.16411238E+00  0.15958720E+00  0.15523692E+00
  0.15105658E+00  0.14702923E+00  0.14316968E+00  0.13940299E+00  0.13591036E+00
  0.13165689E+00  0.12900907E+00  0.49004064E+01  0.48986846E+01  0.48955306E+01
  0.48927103E+01  0.48900208E+01  0.48875212E+01  0.48852254E+01  0.48830964E+01
  0.48809762E+01  0.48787118E+01  0.48759052E+01  0.48725507E+01  0.48686669E+01
  0.48636589E+01  0.48570380E+01  0.48482775E+01  0.48365674E+01  0.48206266E+01
  0.47990221E+01  0.47700865E+01  0.47315545E+01  0.46800071E+01  0.46100230E+01
  0.45162007E+01  0.43960552E+01  0.42409046E+01  0.40467451E+01  0.38160707E+01
  0.35461125E+01  0.32382261E+01  0.29032881E+01  0.26300502E+01  0.25022484E+01
  0.24399732E+01  0.23513227E+01  0.22330949E+01  0.20976208E+01  0.19554545E+01
  0.18116995E+01  0.16695234E+01  0.15312909E+01  0.13985281E+01  0.12722330E+01
  0.11535263E+01  0.10417034E+01  0.94569949E+00  0.87893816E+00  0.83340424E+00
  0.79440698E+00  0.75776897E+00  0.72307427E+00  0.69037774E+00  0.65958898E+00
  0.63057605E+00  0.60323044E+00  0.57744839E+00  0.55312220E+00  0.53014812E+00
  0.50843141E+00  0.48788617E+00  0.46843334E+00  0.45000086E+00  0.43252304E+00
  0.41593829E+00  0.40018797E+00  0.38521611E+00  0.37097048E+00  0.35740352E+00
  0.34447166E+00  0.33213698E+00  0.32036762E+00  0.30913576E+00  0.29841633E+00
  0.28818552E+00  0.27842200E+00  0.26910448E+00  0.26021011E+00  0.25171588E+00
  0.24359836E+00  0.23583571E+00  0.22840741E+00  0.22129355E+00  0.21447614E+00
  0.20794005E+00  0.20167142E+00  0.19565660E+00  0.18988355E+00  0.18434105E+00
  0.17901913E+00  0.17390842E+00  0.16899962E+00  0.16428393E+00  0.15975302E+00
  0.15539767E+00  0.15121312E+00  0.14718199E+00  0.14331906E+00  0.13954956E+00
  0.13605460E+00  0.13179833E+00  0.12914877E+00  0.49003864E+01  0.48986205E+01
  0.48953913E+01  0.48925026E+01  0.48897369E+01  0.48871542E+01  0.48847725E+01
  0.48825637E+01  0.48803647E+01  0.48780246E+01  0.48751305E+01  0.48716337E+01
  0.48675869E+01  0.48623053E+01  0.48553477E+01  0.48463322E+01  0.48343639E+01
  0.48180900E+01  0.47959990E+01  0.47663865E+01  0.47269919E+01  0.46743419E+01
  0.46026575E+01  0.45056978E+01  0.43804547E+01  0.42196685E+01  0.40193118E+01
  0.37841547E+01  0.35130400E+01  0.32058234E+01  0.28709989E+01  0.26019504E+01
  0.24852300E+01  0.24297406E+01  0.23414768E+01  0.22221753E+01  0.20858495E+01
  0.19435621E+01  0.17998034E+01  0.16576753E+01  0.15195452E+01  0.13869013E+01
  0.12607350E+01  0.11421476E+01  0.10306721E+01  0.93727535E+00  0.87564030E+00
  0.83350557E+00  0.79496328E+00  0.75813297E+00  0.72339181E+00  0.69073237E+00
  0.65996966E+00  0.63096527E+00  0.60362561E+00  0.57784996E+00  0.55352780E+00
  0.53055449E+00  0.50883629E+00  0.48828817E+00  0.46883122E+00  0.45039359E+00
  0.43290988E+00  0.41631884E+00  0.40056210E+00  0.38558367E+00  0.37133127E+00
  0.35775725E+00  0.34481789E+00  0.33247570E+00  0.32069878E+00  0.30945892E+00
  0.29873153E+00  0.28849254E+00  0.27872017E+00  0.26939352E+00  0.26049037E+00
  0.25198795E+00  0.24386250E+00  0.23609237E+00  0.22865699E+00  0.22153609E+00
  0.21471174E+00  0.20816906E+00  0.20189400E+00  0.19587265E+00  0.19009309E+00
  0.18454411E+00  0.17921596E+00  0.17409920E+00  0.16918436E+00  0.16446279E+00
  0.15992617E+00  0.15556548E+00  0.15137600E+00  0.14734010E+00  0.14347266E+00
  0.13969905E+00  0.13620027E+00  0.13193959E+00  0.12928747E+00
