  0.19652855E+01  0.19700113E+01  0.19816507E+01  0.19883682E+01  0.19827986E+01
  0.19628064E+01  0.19268139E+01  0.18816692E+01  0.18389648E+01  0.18035048E+01
  0.17863607E+01  0.17825087E+01  0.17801742E+01  0.17856805E+01  0.17995436E+01
  0.18224830E+01  0.18538538E+01  0.18928222E+01  0.19386794E+01  0.19909784E+01
  0.20496334E+01  0.21150261E+01  0.21881498E+01  0.22704401E+01  0.23663215E+01
  0.25060370E+01  0.27171235E+01  0.30085065E+01  0.33966240E+01  0.38922912E+01
  0.45044267E+01  0.52039823E+01  0.59301744E+01  0.66699625E+01  0.74456369E+01
  0.82742889E+01  0.91687712E+01  0.10136035E+02  0.11191188E+02  0.12357005E+02
  0.13654792E+02  0.15117882E+02  0.16800101E+02  0.18781923E+02  0.21111997E+02
  0.23865930E+02  0.27103520E+02  0.30676550E+02  0.34376595E+02  0.37970475E+02
  0.41236243E+02  0.44033890E+02  0.46249052E+02  0.47836498E+02  0.48933715E+02
  0.49365915E+02  0.49149555E+02  0.48590172E+02  0.47677905E+02  0.46580833E+02
  0.45482847E+02  0.44435420E+02  0.43425249E+02  0.42422652E+02  0.41431831E+02
  0.40466817E+02  0.39539412E+02  0.38658008E+02  0.37822761E+02  0.37027723E+02
  0.36272310E+02  0.35557611E+02  0.34883510E+02  0.34247717E+02  0.33646553E+02
  0.33076948E+02  0.32537209E+02  0.32025868E+02  0.31541801E+02  0.31078458E+02
  0.30628927E+02  0.30192862E+02  0.29770373E+02  0.29360767E+02  0.28962981E+02
  0.28576099E+02  0.28198934E+02  0.27831048E+02  0.27470927E+02  0.27115840E+02
  0.26764216E+02  0.26414595E+02  0.26065601E+02  0.25716435E+02  0.25364052E+02
  0.25004297E+02  0.24636834E+02  0.24256067E+02  0.23884748E+02  0.23397054E+02
  0.23085355E+02  0.19653112E+01  0.19703387E+01  0.19819353E+01  0.19903210E+01
  0.19878428E+01  0.19709706E+01  0.19398052E+01  0.19016476E+01  0.18651301E+01
  0.18402026E+01  0.18355180E+01  0.18415424E+01  0.18512717E+01  0.18700329E+01
  0.18990802E+01  0.19391755E+01  0.19902006E+01  0.20519778E+01  0.21245606E+01
  0.22083973E+01  0.23044514E+01  0.24143381E+01  0.25404994E+01  0.26862632E+01
  0.28570213E+01  0.30677495E+01  0.33330353E+01  0.36612794E+01  0.40628053E+01
  0.45435910E+01  0.51071374E+01  0.57325658E+01  0.63836648E+01  0.70575595E+01
  0.77712539E+01  0.85367091E+01  0.93634297E+01  0.10259886E+02  0.11244522E+02
  0.12357093E+02  0.13642417E+02  0.15164072E+02  0.16952809E+02  0.18949618E+02
  0.21171276E+02  0.23510758E+02  0.25877806E+02  0.27982614E+02  0.29670218E+02
  0.31079670E+02  0.32097394E+02  0.32708695E+02  0.33018304E+02  0.33087476E+02
  0.32995949E+02  0.32687228E+02  0.32180206E+02  0.31622668E+02  0.31024645E+02
  0.30410042E+02  0.29775644E+02  0.29139184E+02  0.28494152E+02  0.27864188E+02
  0.27301658E+02  0.26821031E+02  0.26419983E+02  0.26094866E+02  0.25836740E+02
  0.25636360E+02  0.25491073E+02  0.25396114E+02  0.25339830E+02  0.25308630E+02
  0.25293771E+02  0.25294581E+02  0.25311811E+02  0.25342528E+02  0.25391090E+02
  0.25460729E+02  0.25546946E+02  0.25646103E+02  0.25741815E+02  0.25817026E+02
  0.25869758E+02  0.25901247E+02  0.25913187E+02  0.25906136E+02  0.25881115E+02
  0.25840160E+02  0.25784886E+02  0.25716866E+02  0.25637495E+02  0.25548000E+02
  0.25448613E+02  0.25339306E+02  0.25220630E+02  0.25091014E+02  0.24959621E+02
  0.24770408E+02  0.24644589E+02  0.19653963E+01  0.19709953E+01  0.19829930E+01
  0.19942650E+01  0.19964301E+01  0.19839471E+01  0.19591555E+01  0.19294196E+01
  0.19004601E+01  0.18869667E+01  0.18940449E+01  0.19092851E+01  0.19316692E+01
  0.19643686E+01  0.20090982E+01  0.20666894E+01  0.21376418E+01  0.22224623E+01
  0.23219796E+01  0.24375157E+01  0.25710101E+01  0.27251484E+01  0.29035374E+01
  0.31106718E+01  0.33520051E+01  0.36302806E+01  0.39494175E+01  0.43163010E+01
  0.47359450E+01  0.52106032E+01  0.57398834E+01  0.63122149E+01  0.69152091E+01
  0.75529681E+01  0.82312702E+01  0.89566891E+01  0.97462898E+01  0.10633387E+02
  0.11668192E+02  0.12904199E+02  0.14359853E+02  0.16026193E+02  0.17782423E+02
  0.19393689E+02  0.20549965E+02  0.21028759E+02  0.20970774E+02  0.20360214E+02
  0.19344539E+02  0.18257731E+02  0.17173406E+02  0.16177815E+02  0.15275560E+02
  0.14378145E+02  0.13629602E+02  0.13212554E+02  0.13118348E+02  0.13358911E+02
  0.13935311E+02  0.14801625E+02  0.15857552E+02  0.17044239E+02  0.18301946E+02
  0.19585935E+02  0.20930767E+02  0.22346627E+02  0.23807993E+02  0.25253310E+02
  0.26596151E+02  0.27822766E+02  0.28936470E+02  0.29935150E+02  0.30826065E+02
  0.31627900E+02  0.32351615E+02  0.32991749E+02  0.33538964E+02  0.33998318E+02
  0.34372294E+02  0.34667766E+02  0.34895554E+02  0.35059295E+02  0.35172860E+02
  0.35252723E+02  0.35306206E+02  0.35340842E+02  0.35345295E+02  0.35302703E+02
  0.35225029E+02  0.35126187E+02  0.35009798E+02  0.34877855E+02  0.34733014E+02
  0.34574201E+02  0.34398682E+02  0.34207787E+02  0.34004599E+02  0.33787810E+02
  0.33574057E+02  0.33290633E+02  0.33108374E+02  0.19655939E+01  0.19717533E+01
  0.19848041E+01  0.19985202E+01  0.20035984E+01  0.19938262E+01  0.19726543E+01
  0.19463406E+01  0.19210823E+01  0.19102881E+01  0.19175973E+01  0.19331811E+01
  0.19569435E+01  0.19909349E+01  0.20366856E+01  0.20950382E+01  0.21665287E+01
  0.22517294E+01  0.23515164E+01  0.24672237E+01  0.26007493E+01  0.27546546E+01
  0.29322573E+01  0.31376522E+01  0.33758431E+01  0.36528576E+01  0.39753245E+01
  0.43498205E+01  0.47830091E+01  0.52794394E+01  0.58427642E+01  0.64630738E+01
  0.71191943E+01  0.78011171E+01  0.85145828E+01  0.92901902E+01  0.10184824E+02
  0.11256130E+02  0.12529392E+02  0.13938793E+02  0.15445357E+02  0.16626004E+02
  0.17155378E+02  0.17106856E+02  0.16298268E+02  0.14910414E+02  0.13483570E+02
  0.12295787E+02  0.11267887E+02  0.10502117E+02  0.10376169E+02  0.11055319E+02
  0.12482518E+02  0.14573125E+02  0.17335215E+02  0.20603939E+02  0.24100755E+02
  0.27778099E+02  0.31601120E+02  0.35305659E+02  0.38726360E+02  0.41807573E+02
  0.44558727E+02  0.46969520E+02  0.49109792E+02  0.50851442E+02  0.52153257E+02
  0.53243077E+02  0.54130186E+02  0.54846671E+02  0.55328603E+02  0.55538238E+02
  0.55555453E+02  0.55437587E+02  0.55177683E+02  0.54758469E+02  0.54183917E+02
  0.53476943E+02  0.52650825E+02  0.51677608E+02  0.50543007E+02  0.49270086E+02
  0.47891882E+02  0.46448115E+02  0.44970367E+02  0.43480879E+02  0.41990405E+02
  0.40512558E+02  0.39066512E+02  0.37665988E+02  0.36319378E+02  0.35030267E+02
  0.33798808E+02  0.32623104E+02  0.31501796E+02  0.30430853E+02  0.29413153E+02
  0.28430711E+02  0.27531287E+02  0.26470776E+02  0.25821128E+02  0.19659542E+01
  0.19727267E+01  0.19870492E+01  0.20031941E+01  0.20109087E+01  0.20039960E+01
  0.19871607E+01  0.19652215E+01  0.19454140E+01  0.19391299E+01  0.19489349E+01
  0.19671814E+01  0.19932699E+01  0.20292225E+01  0.20766453E+01  0.21364271E+01
  0.22091166E+01  0.22953493E+01  0.23960745E+01  0.25127122E+01  0.26472586E+01
  0.28024060E+01  0.29816241E+01  0.31895510E+01  0.34318980E+01  0.37152891E+01
  0.40472698E+01  0.44357181E+01  0.48887352E+01  0.54127614E+01  0.60137034E+01
  0.66751256E+01  0.73579333E+01  0.80509599E+01  0.88034527E+01  0.96884412E+01
  0.10766404E+02  0.11978156E+02  0.13245293E+02  0.14169807E+02  0.14542744E+02
  0.14218857E+02  0.13192368E+02  0.11766088E+02  0.10431319E+02  0.93930675E+01
  0.88559203E+01  0.96025039E+01  0.11841551E+02  0.15793073E+02  0.21350700E+02
  0.27817084E+02  0.34989619E+02  0.42552030E+02  0.49748474E+02  0.56101346E+02
  0.61451683E+02  0.65870469E+02  0.69256944E+02  0.71730312E+02  0.73626813E+02
  0.74736764E+02  0.75084406E+02  0.74903149E+02  0.74248532E+02  0.72983942E+02
  0.71062570E+02  0.68632691E+02  0.65710485E+02  0.62432125E+02  0.58932371E+02
  0.55346575E+02  0.51806157E+02  0.48389488E+02  0.45138367E+02  0.42078252E+02
  0.39215181E+02  0.36547446E+02  0.34059162E+02  0.31734411E+02  0.29566521E+02
  0.27542052E+02  0.25640075E+02  0.23840240E+02  0.22134474E+02  0.20514849E+02
  0.18988546E+02  0.17568334E+02  0.16244156E+02  0.15003340E+02  0.13841815E+02
  0.12755883E+02  0.11739968E+02  0.10791221E+02  0.99102975E+01  0.90922637E+01
  0.83365875E+01  0.76270792E+01  0.69923138E+01  0.62668705E+01  0.58278812E+01
  0.19664985E+01  0.19739464E+01  0.19897338E+01  0.20072243E+01  0.20174865E+01
  0.20143955E+01  0.20018930E+01  0.19847574E+01  0.19715035E+01  0.19710193E+01
  0.19841739E+01  0.20059618E+01  0.20353510E+01  0.20742481E+01  0.21242653E+01
  0.21863706E+01  0.22612338E+01  0.23495849E+01  0.24524717E+01  0.25714339E+01
  0.27086156E+01  0.28669012E+01  0.30500537E+01  0.32630468E+01  0.35120234E+01
  0.38042387E+01  0.41479863E+01  0.45519109E+01  0.50245596E+01  0.55732539E+01
  0.61991228E+01  0.68688942E+01  0.75435487E+01  0.82645581E+01  0.91418826E+01
  0.10155179E+02  0.11298088E+02  0.12179339E+02  0.12525658E+02  0.12250415E+02
  0.11317114E+02  0.10098354E+02  0.90236584E+01  0.80780996E+01  0.80886198E+01
  0.10584811E+02  0.16361903E+02  0.25257595E+02  0.36593633E+02  0.49328258E+02
  0.61367738E+02  0.71530829E+02  0.79825581E+02  0.85837693E+02  0.89890649E+02
  0.92298438E+02  0.92952695E+02  0.92142751E+02  0.89749202E+02  0.85762854E+02
  0.80393651E+02  0.74083232E+02  0.67366367E+02  0.60713973E+02  0.54457883E+02
  0.48704814E+02  0.43448472E+02  0.38622573E+02  0.34129510E+02  0.29930752E+02
  0.26069058E+02  0.22577281E+02  0.19405873E+02  0.16513025E+02  0.13907809E+02
  0.11595944E+02  0.95543909E+01  0.77593919E+01  0.61764095E+01  0.48164610E+01
  0.36983147E+01  0.27921870E+01  0.20742139E+01  0.15173859E+01  0.10907466E+01
  0.76992424E+00  0.53769616E+00  0.37555659E+00  0.26444015E+00  0.18846645E+00
  0.13639478E+00  0.10062942E+00  0.76009706E-01  0.58882528E-01  0.46771228E-01
  0.38051107E-01  0.31680067E-01  0.26911183E-01  0.23415743E-01  0.20262282E-01
  0.18532501E-01  0.19672631E+01  0.19754617E+01  0.19929445E+01  0.20110490E+01
  0.20234855E+01  0.20243682E+01  0.20158102E+01  0.20034766E+01  0.19966048E+01
  0.20023968E+01  0.20198396E+01  0.20455936E+01  0.20785797E+01  0.21206886E+01
  0.21735693E+01  0.22382768E+01  0.23156132E+01  0.24064404E+01  0.25119312E+01
  0.26337551E+01  0.27742179E+01  0.29363856E+01  0.31242361E+01  0.33429232E+01
  0.35988425E+01  0.38996264E+01  0.42538709E+01  0.46701871E+01  0.51568413E+01
  0.57197710E+01  0.63463615E+01  0.69995363E+01  0.76892358E+01  0.85356680E+01
  0.95468167E+01  0.10451588E+02  0.11014382E+02  0.10918060E+02  0.10179015E+02
  0.91847309E+01  0.82771909E+01  0.75511923E+01  0.77933592E+01  0.10930617E+02
  0.19133689E+02  0.33227412E+02  0.51736417E+02  0.70223767E+02  0.86140765E+02
  0.97661773E+02  0.10425597E+03  0.10787012E+03  0.10819604E+03  0.10492128E+03
  0.98140766E+02  0.88664109E+02  0.77787213E+02  0.66940005E+02  0.56957408E+02
  0.47879552E+02  0.39587856E+02  0.32211910E+02  0.25734983E+02  0.19984387E+02
  0.15024839E+02  0.10838375E+02  0.73985650E+01  0.47598054E+01  0.28914235E+01
  0.16572737E+01  0.89543430E+00  0.46235443E+00  0.23803008E+00  0.12845935E+00
  0.76096308E-01  0.50263267E-01  0.36793623E-01  0.29288629E-01  0.24815300E-01
  0.21977767E-01  0.20066609E-01  0.18699191E-01  0.17664110E-01  0.16840891E-01
  0.16159025E-01  0.15575101E-01  0.15060283E-01  0.14589777E-01  0.14144912E-01
  0.13724079E-01  0.13330410E-01  0.12960739E-01  0.12611441E-01  0.12279495E-01
  0.11962902E-01  0.11660096E-01  0.11371979E-01  0.11092066E-01  0.10833143E-01
  0.10518786E-01  0.10323348E-01  0.19682969E+01  0.19773524E+01  0.19966623E+01
  0.20158453E+01  0.20299970E+01  0.20336869E+01  0.20284575E+01  0.20214823E+01
  0.20204591E+01  0.20316115E+01  0.20539945E+01  0.20838560E+01  0.21204130E+01
  0.21656017E+01  0.22211385E+01  0.22882239E+01  0.23678102E+01  0.24608942E+01
  0.25687823E+01  0.26932705E+01  0.28367912E+01  0.30025542E+01  0.31946778E+01
  0.34183895E+01  0.36801518E+01  0.39876710E+01  0.43495162E+01  0.47736086E+01
  0.52677692E+01  0.58298040E+01  0.64369185E+01  0.70952613E+01  0.78833882E+01
  0.88723144E+01  0.96420535E+01  0.98312479E+01  0.94913406E+01  0.86908840E+01
  0.79163072E+01  0.72996768E+01  0.75266940E+01  0.10743376E+02  0.19520719E+02
  0.35872100E+02  0.59223439E+02  0.84249124E+02  0.10410724E+03  0.11609819E+03
  0.12192093E+03  0.12087986E+03  0.11223075E+03  0.98481963E+02  0.82261029E+02
  0.66313010E+02  0.51746652E+02  0.39040977E+02  0.28177473E+02  0.19002092E+02
  0.11629294E+02  0.62391054E+01  0.29336377E+01  0.11959463E+01  0.42949451E+00
  0.15126565E+00  0.64215807E-01  0.37952652E-01  0.29464034E-01  0.26163658E-01
  0.24470779E-01  0.23343526E-01  0.22447176E-01  0.21663316E-01  0.20932469E-01
  0.20224273E-01  0.19547078E-01  0.18909350E-01  0.18307717E-01  0.17739554E-01
  0.17201964E-01  0.16689818E-01  0.16199880E-01  0.15729379E-01  0.15277330E-01
  0.14845910E-01  0.14434656E-01  0.14040463E-01  0.13660909E-01  0.13294572E-01
  0.12940898E-01  0.12599561E-01  0.12269933E-01  0.11951721E-01  0.11644788E-01
  0.11348425E-01  0.11062262E-01  0.10785177E-01  0.10518234E-01  0.10256460E-01
  0.10012897E-01  0.97157793E-02  0.95308194E-02  0.19696653E+01  0.19797136E+01
  0.20009596E+01  0.20213070E+01  0.20370454E+01  0.20431098E+01  0.20408585E+01
  0.20391930E+01  0.20436859E+01  0.20596382E+01  0.20867045E+01  0.21203733E+01
  0.21601217E+01  0.22079280E+01  0.22656252E+01  0.23345623E+01  0.24158336E+01
  0.25105785E+01  0.26202402E+01  0.27467374E+01  0.28925922E+01  0.30610988E+01
  0.32564575E+01  0.34839078E+01  0.37498631E+01  0.40619276E+01  0.44282148E+01
  0.48552760E+01  0.53489890E+01  0.58924740E+01  0.64893862E+01  0.72259892E+01
  0.81324907E+01  0.88297647E+01  0.88697995E+01  0.83482216E+01  0.77398166E+01
  0.71501499E+01  0.71623364E+01  0.98280426E+01  0.17967799E+02  0.34754940E+02
  0.60640178E+02  0.90178927E+02  0.11487027E+03  0.13008508E+03  0.13386181E+03
  0.12498786E+03  0.10635144E+03  0.83558773E+02  0.61462803E+02  0.42225095E+02
  0.26342400E+02  0.14060246E+02  0.60018319E+01  0.19885407E+01  0.49731471E+00
  0.98536197E-01  0.32368553E-01  0.31778039E-01  0.30921739E-01  0.29808598E-01
  0.28554961E-01  0.27280328E-01  0.26058589E-01  0.24945018E-01  0.23941809E-01
  0.23046268E-01  0.22242653E-01  0.21494271E-01  0.20781257E-01  0.20096596E-01
  0.19438597E-01  0.18808405E-01  0.18206632E-01  0.17631618E-01  0.17081185E-01
  0.16553348E-01  0.16046366E-01  0.15558983E-01  0.15090361E-01  0.14639755E-01
  0.14206671E-01  0.13790613E-01  0.13390758E-01  0.13006362E-01  0.12636773E-01
  0.12281462E-01  0.11940072E-01  0.11612131E-01  0.11296991E-01  0.10993985E-01
  0.10702525E-01  0.10421949E-01  0.10151934E-01  0.98913870E-02  0.96414245E-02
  0.93973214E-02  0.91708897E-02  0.88959247E-02  0.87250494E-02  0.19714607E+01
  0.19826554E+01  0.20059410E+01  0.20275153E+01  0.20438940E+01  0.20519463E+01
  0.20535256E+01  0.20564807E+01  0.20661063E+01  0.20872012E+01  0.21185861E+01
  0.21555689E+01  0.21979397E+01  0.22477697E+01  0.23070143E+01  0.23771512E+01
  0.24594161E+01  0.25550928E+01  0.26657574E+01  0.27934388E+01  0.29407369E+01
  0.31109762E+01  0.33083618E+01  0.35381134E+01  0.38064675E+01  0.41205974E+01
  0.44872996E+01  0.49118429E+01  0.53951729E+01  0.59104497E+01  0.65595331E+01
  0.74167538E+01  0.80592807E+01  0.80579385E+01  0.76082489E+01  0.70756426E+01
  0.68273461E+01  0.82380303E+01  0.14421573E+02  0.30141068E+02  0.56254635E+02
  0.89348017E+02  0.12046510E+03  0.14047181E+03  0.14538036E+03  0.13146538E+03
  0.10341525E+03  0.72243321E+02  0.44516845E+02  0.22766393E+02  0.88108638E+01
  0.23522672E+01  0.36219229E+00  0.39288903E-01  0.38561659E-01  0.37141167E-01
  0.35201262E-01  0.33350758E-01  0.31796416E-01  0.30341608E-01  0.28928785E-01
  0.27564061E-01  0.26309099E-01  0.25176587E-01  0.24155523E-01  0.23225007E-01
  0.22365347E-01  0.21560387E-01  0.20798078E-01  0.20072457E-01  0.19381969E-01
  0.18725487E-01  0.18100598E-01  0.17504854E-01  0.16936040E-01  0.16392302E-01
  0.15872090E-01  0.15374114E-01  0.14897275E-01  0.14440605E-01  0.14003183E-01
  0.13584208E-01  0.13182913E-01  0.12798441E-01  0.12429959E-01  0.12076672E-01
  0.11737826E-01  0.11412694E-01  0.11100584E-01  0.10800837E-01  0.10512823E-01
  0.10235931E-01  0.99696244E-02  0.97132959E-02  0.94666340E-02  0.92286310E-02
  0.90002706E-02  0.87771925E-02  0.85701676E-02  0.83184537E-02  0.81619429E-02
  0.19737848E+01  0.19862978E+01  0.20116846E+01  0.20344062E+01  0.20506109E+01
  0.20598449E+01  0.20652266E+01  0.20726779E+01  0.20872359E+01  0.21131494E+01
  0.21484557E+01  0.21882268E+01  0.22326433E+01  0.22839669E+01  0.23442208E+01
  0.24149910E+01  0.24976522E+01  0.25936267E+01  0.27046122E+01  0.28327258E+01
  0.29806147E+01  0.31515868E+01  0.33498366E+01  0.35803133E+01  0.38486593E+01
  0.41612457E+01  0.45234303E+01  0.49411390E+01  0.54028775E+01  0.59181757E+01
  0.66892251E+01  0.73909884E+01  0.74173773E+01  0.70803282E+01  0.67414290E+01
  0.70331712E+01  0.10642863E+02  0.22411714E+02  0.45825311E+02  0.81377476E+02
  0.11824501E+03  0.14609766E+03  0.15831510E+03  0.14507923E+03  0.11106265E+03
  0.70990095E+02  0.36182125E+02  0.13389509E+02  0.31283171E+01  0.32442220E+00
  0.45382544E-01  0.43750980E-01  0.41382190E-01  0.38979798E-01  0.36609067E-01
  0.34347058E-01  0.32299518E-01  0.30533682E-01  0.29000523E-01  0.27647767E-01
  0.26435256E-01  0.25336499E-01  0.24329449E-01  0.23396873E-01  0.22525760E-01
  0.21706276E-01  0.20931443E-01  0.20196287E-01  0.19497134E-01  0.18831076E-01
  0.18195661E-01  0.17588683E-01  0.17008223E-01  0.16452719E-01  0.15920918E-01
  0.15411748E-01  0.14924243E-01  0.14457531E-01  0.14010793E-01  0.13583228E-01
  0.13174050E-01  0.12782473E-01  0.12407710E-01  0.12048979E-01  0.11705503E-01
  0.11376526E-01  0.11061316E-01  0.10759161E-01  0.10469386E-01  0.10191343E-01
  0.99244126E-02  0.96679877E-02  0.94215273E-02  0.91844258E-02  0.89563442E-02
  0.87363250E-02  0.85251788E-02  0.83188213E-02  0.81272405E-02  0.78940152E-02
  0.77489185E-02  0.19767177E+01  0.19907705E+01  0.20185207E+01  0.20422515E+01
  0.20583601E+01  0.20680634E+01  0.20758272E+01  0.20869681E+01  0.21056816E+01
  0.21355678E+01  0.21740440E+01  0.22159701E+01  0.22618033E+01  0.23139616E+01
  0.23745476E+01  0.24452672E+01  0.25276320E+01  0.26231912E+01  0.27337413E+01
  0.28614553E+01  0.30089764E+01  0.31795435E+01  0.33771288E+01  0.36062933E+01
  0.38722428E+01  0.41806639E+01  0.45372104E+01  0.49451081E+01  0.53836392E+01
  0.59734168E+01  0.67229173E+01  0.69656803E+01  0.66690816E+01  0.65257619E+01
  0.78576962E+01  0.14074030E+02  0.31885441E+02  0.64702583E+02  0.10514164E+03
  0.14357016E+03  0.16536034E+03  0.15864940E+03  0.12608754E+03  0.80676854E+02
  0.38659875E+02  0.11964935E+02  0.19417172E+01  0.52235942E-01  0.50758588E-01
  0.47456471E-01  0.44048829E-01  0.40728130E-01  0.37671665E-01  0.35100987E-01
  0.32994020E-01  0.31217313E-01  0.29672382E-01  0.28295732E-01  0.27050031E-01
  0.25911251E-01  0.24862101E-01  0.23888892E-01  0.22980423E-01  0.22127681E-01
  0.21323320E-01  0.20561269E-01  0.19836756E-01  0.19146087E-01  0.18486407E-01
  0.17855512E-01  0.17251731E-01  0.16673771E-01  0.16120605E-01  0.15591397E-01
  0.15085372E-01  0.14601748E-01  0.14139742E-01  0.13698567E-01  0.13277413E-01
  0.12875437E-01  0.12491775E-01  0.12125547E-01  0.11775870E-01  0.11441865E-01
  0.11122675E-01  0.10817472E-01  0.10525465E-01  0.10245894E-01  0.99780471E-02
  0.97212422E-02  0.94748327E-02  0.92381990E-02  0.90107831E-02  0.87919747E-02
  0.85814111E-02  0.83781673E-02  0.81829312E-02  0.79919033E-02  0.78143344E-02
  0.75975340E-02  0.74624881E-02  0.19808465E+01  0.19961193E+01  0.20251959E+01
  0.20491626E+01  0.20658885E+01  0.20772482E+01  0.20879151E+01  0.21026308E+01
  0.21249028E+01  0.21579478E+01  0.21984142E+01  0.22413175E+01  0.22877233E+01
  0.23398790E+01  0.23999193E+01  0.24696632E+01  0.25507631E+01  0.26448899E+01
  0.27539353E+01  0.28801240E+01  0.30260871E+01  0.31949803E+01  0.33905983E+01
  0.36174673E+01  0.38807037E+01  0.41853443E+01  0.45383200E+01  0.49293116E+01
  0.53758632E+01  0.60705887E+01  0.65324626E+01  0.63707608E+01  0.63009529E+01
  0.87742787E+01  0.18526071E+02  0.41302088E+02  0.82147491E+02  0.12774911E+03
  0.16001815E+03  0.16919219E+03  0.14444075E+03  0.96000840E+02  0.46971670E+02
  0.14508913E+02  0.22500526E+01  0.58515476E-01  0.56263956E-01  0.51987256E-01
  0.47300196E-01  0.42941494E-01  0.39415992E-01  0.36662991E-01  0.34417087E-01
  0.32496656E-01  0.30805611E-01  0.29296395E-01  0.27939724E-01  0.26712353E-01
  0.25593704E-01  0.24565473E-01  0.23611830E-01  0.22720038E-01  0.21880216E-01
  0.21084861E-01  0.20328366E-01  0.19606628E-01  0.18916699E-01  0.18256482E-01
  0.17624474E-01  0.17019598E-01  0.16441050E-01  0.15888146E-01  0.15360259E-01
  0.14856730E-01  0.14376815E-01  0.13919706E-01  0.13484528E-01  0.13070361E-01
  0.12676235E-01  0.12301141E-01  0.11944054E-01  0.11603950E-01  0.11279827E-01
  0.10970720E-01  0.10675700E-01  0.10393893E-01  0.10124473E-01  0.98666595E-02
  0.96197138E-02  0.93829296E-02  0.91556694E-02  0.89373166E-02  0.87272936E-02
  0.85250251E-02  0.83301344E-02  0.81417211E-02  0.79603894E-02  0.77826063E-02
  0.76169961E-02  0.74138609E-02  0.72870873E-02  0.20182239E+01  0.20274193E+01
  0.20435174E+01  0.20568425E+01  0.20689512E+01  0.20803919E+01  0.20937995E+01
  0.21125163E+01  0.21391608E+01  0.21761977E+01  0.22195964E+01  0.22643077E+01
  0.23118001E+01  0.23643811E+01  0.24242435E+01  0.24932909E+01  0.25732700E+01
  0.26659492E+01  0.27733123E+01  0.28976573E+01  0.30416520E+01  0.32084588E+01
  0.34018220E+01  0.36260651E+01  0.38858357E+01  0.41861206E+01  0.45277148E+01
  0.48972019E+01  0.54149237E+01  0.60417600E+01  0.60965504E+01  0.58885525E+01
  0.88890581E+01  0.22103313E+02  0.50956710E+02  0.95184967E+02  0.14522015E+03
  0.17396850E+03  0.16354108E+03  0.11991699E+03  0.63971170E+02  0.22275542E+02
  0.39277083E+01  0.12764400E+00  0.63219168E-01  0.57659571E-01  0.51715851E-01
  0.46354610E-01  0.42238732E-01  0.39069828E-01  0.36467823E-01  0.34233368E-01
  0.32284289E-01  0.30575636E-01  0.29070016E-01  0.27731843E-01  0.26528686E-01
  0.25433122E-01  0.24423484E-01  0.23483158E-01  0.22599649E-01  0.21763711E-01
  0.20968651E-01  0.20209782E-01  0.19483929E-01  0.18789007E-01  0.18123681E-01
  0.17487083E-01  0.16878616E-01  0.16297805E-01  0.15744168E-01  0.15217151E-01
  0.14716068E-01  0.14240074E-01  0.13788217E-01  0.13359463E-01  0.12952709E-01
  0.12566808E-01  0.12200585E-01  0.11852857E-01  0.11522451E-01  0.11208237E-01
  0.10909151E-01  0.10624170E-01  0.10352320E-01  0.10092736E-01  0.98445490E-02
  0.96069876E-02  0.93793021E-02  0.91607769E-02  0.89508304E-02  0.87487804E-02
  0.85540528E-02  0.83661895E-02  0.81848458E-02  0.80091544E-02  0.78395147E-02
  0.76725778E-02  0.75165731E-02  0.73242356E-02  0.72039762E-02  0.21156740E+01
  0.21325738E+01  0.21365397E+01  0.21092477E+01  0.20885288E+01  0.20853677E+01
  0.20953562E+01  0.21139532E+01  0.21425552E+01  0.21819233E+01  0.22274256E+01
  0.22737179E+01  0.23221484E+01  0.23751934E+01  0.24351110E+01  0.25038603E+01
  0.25832310E+01  0.26750280E+01  0.27812626E+01  0.29042330E+01  0.30465452E+01
  0.32112123E+01  0.34016877E+01  0.36217700E+01  0.38749064E+01  0.41664356E+01
  0.44836801E+01  0.48741013E+01  0.54838945E+01  0.58247124E+01  0.55782196E+01
  0.79402702E+01  0.22834447E+02  0.57511516E+02  0.10608854E+03  0.15363086E+03
  0.17436532E+03  0.14959287E+03  0.94432606E+02  0.39932477E+02  0.88986460E+01
  0.73661012E+00  0.74437970E-01  0.66181829E-01  0.58546025E-01  0.51699449E-01
  0.46444229E-01  0.42468219E-01  0.39245550E-01  0.36521378E-01  0.34196235E-01
  0.32208124E-01  0.30496874E-01  0.29005445E-01  0.27685231E-01  0.26497883E-01
  0.25414136E-01  0.24411909E-01  0.23474709E-01  0.22590454E-01  0.21750525E-01
  0.20949010E-01  0.20182082E-01  0.19447460E-01  0.18743913E-01  0.18070830E-01
  0.17427893E-01  0.16814859E-01  0.16231435E-01  0.15677173E-01  0.15151439E-01
  0.14653399E-01  0.14182006E-01  0.13736075E-01  0.13314336E-01  0.12915469E-01
  0.12538130E-01  0.12180968E-01  0.11842662E-01  0.11521895E-01  0.11217417E-01
  0.10928067E-01  0.10652751E-01  0.10390399E-01  0.10140053E-01  0.99008381E-02
  0.96717883E-02  0.94522302E-02  0.92415860E-02  0.90390471E-02  0.88438200E-02
  0.86553342E-02  0.84731187E-02  0.82964557E-02  0.81248660E-02  0.79576724E-02
  0.77952552E-02  0.76347381E-02  0.74845712E-02  0.72994967E-02  0.71838306E-02
  0.22379245E+01  0.23151942E+01  0.23658078E+01  0.22924854E+01  0.22064984E+01
  0.21499911E+01  0.21283997E+01  0.21313171E+01  0.21526269E+01  0.21875587E+01
  0.22301123E+01  0.22741494E+01  0.23207656E+01  0.23720121E+01  0.24300025E+01
  0.24968235E+01  0.25744128E+01  0.26645170E+01  0.27690524E+01  0.28901771E+01
  0.30302725E+01  0.31920066E+01  0.33784054E+01  0.35926152E+01  0.38370776E+01
  0.41162147E+01  0.44181890E+01  0.49097030E+01  0.54173627E+01  0.54155381E+01
  0.62784672E+01  0.19267957E+02  0.57952710E+02  0.11158781E+03  0.15654072E+03
  0.16856678E+03  0.13143828E+03  0.69079157E+02  0.22209262E+02  0.33387441E+01
  0.84414492E-01  0.77773451E-01  0.68582119E-01  0.59642753E-01  0.52588149E-01
  0.47293127E-01  0.43086943E-01  0.39620829E-01  0.36733769E-01  0.34325562E-01
  0.32303405E-01  0.30581739E-01  0.29089466E-01  0.27771986E-01  0.26588139E-01
  0.25506686E-01  0.24504157E-01  0.23563351E-01  0.22672179E-01  0.21822600E-01
  0.21009647E-01  0.20230562E-01  0.19484054E-01  0.18769737E-01  0.18087640E-01
  0.17437853E-01  0.16820309E-01  0.16234706E-01  0.15680456E-01  0.15156705E-01
  0.14662369E-01  0.14196137E-01  0.13756546E-01  0.13342087E-01  0.12951223E-01
  0.12582430E-01  0.12234193E-01  0.11905023E-01  0.11593512E-01  0.11298254E-01
  0.11018007E-01  0.10751551E-01  0.10497700E-01  0.10255569E-01  0.10024128E-01
  0.98022140E-02  0.95891340E-02  0.93839742E-02  0.91857463E-02  0.89936975E-02
  0.88074319E-02  0.86273922E-02  0.84538609E-02  0.82865603E-02  0.81253775E-02
  0.79697984E-02  0.78204394E-02  0.76744296E-02  0.75385948E-02  0.73718435E-02
  0.72677309E-02  0.23355875E+01  0.25323845E+01  0.27241945E+01  0.26614132E+01
  0.25274104E+01  0.23913873E+01  0.22946959E+01  0.22433726E+01  0.22274904E+01
  0.22379562E+01  0.22640177E+01  0.22949907E+01  0.23318218E+01  0.23757209E+01
  0.24280250E+01  0.24899652E+01  0.25628455E+01  0.26482892E+01  0.27482766E+01
  0.28651034E+01  0.30010356E+01  0.31583305E+01  0.33397133E+01  0.35476676E+01
  0.37864657E+01  0.40572198E+01  0.43980826E+01  0.49285489E+01  0.51352514E+01
  0.50029076E+01  0.12486434E+02  0.49723864E+02  0.11049202E+03  0.15612819E+03
  0.16026901E+03  0.11584536E+03  0.52921117E+02  0.13377276E+02  0.14507346E+01
  0.89684721E-01  0.80941999E-01  0.70178627E-01  0.60892081E-01  0.53965496E-01
  0.48533703E-01  0.43998112E-01  0.40232549E-01  0.37158554E-01  0.34642972E-01
  0.32559433E-01  0.30803347E-01  0.29293204E-01  0.27967183E-01  0.26778854E-01
  0.25693258E-01  0.24684609E-01  0.23734729E-01  0.22831588E-01  0.21967895E-01
  0.21139775E-01  0.20345646E-01  0.19585288E-01  0.18859107E-01  0.18167633E-01
  0.17511164E-01  0.16889606E-01  0.16302455E-01  0.15748830E-01  0.15227559E-01
  0.14737255E-01  0.14276319E-01  0.13843025E-01  0.13435648E-01  0.13052487E-01
  0.12691809E-01  0.12351990E-01  0.12031373E-01  0.11728322E-01  0.11441297E-01
  0.11169058E-01  0.10910166E-01  0.10663144E-01  0.10426801E-01  0.10199887E-01
  0.99809783E-02  0.97696789E-02  0.95668880E-02  0.93728488E-02  0.91874651E-02
  0.90108410E-02  0.88430425E-02  0.86838620E-02  0.85329707E-02  0.83900743E-02
  0.82548883E-02  0.81265094E-02  0.80050150E-02  0.78872936E-02  0.77778110E-02
  0.76419438E-02  0.75566461E-02  0.24090945E+01  0.27120294E+01  0.31412089E+01
  0.32312764E+01  0.31101812E+01  0.29280583E+01  0.27460860E+01  0.26014938E+01
  0.25030034E+01  0.24478956E+01  0.24222400E+01  0.24109408E+01  0.24138419E+01
  0.24314491E+01  0.24634517E+01  0.25093777E+01  0.25698839E+01  0.26456283E+01
  0.27376591E+01  0.28473278E+01  0.29763853E+01  0.31270106E+01  0.33026664E+01
  0.35068498E+01  0.37474041E+01  0.40205383E+01  0.44491182E+01  0.48419029E+01
  0.47895047E+01  0.78653077E+01  0.35851226E+02  0.10025580E+03  0.15444270E+03
  0.15452584E+03  0.10473003E+03  0.42553790E+02  0.83665786E+01  0.55383007E+00
  0.93526687E-01  0.83800932E-01  0.72405450E-01  0.62972159E-01  0.55797458E-01
  0.50026414E-01  0.45178503E-01  0.41119713E-01  0.37810080E-01  0.35139288E-01
  0.32958257E-01  0.31144173E-01  0.29601542E-01  0.28257453E-01  0.27057537E-01
  0.25961863E-01  0.24941875E-01  0.23978288E-01  0.23059150E-01  0.22177985E-01
  0.21332096E-01  0.20521090E-01  0.19745755E-01  0.19007218E-01  0.18306373E-01
  0.17643550E-01  0.17018440E-01  0.16430171E-01  0.15877446E-01  0.15358720E-01
  0.14872299E-01  0.14416316E-01  0.13988827E-01  0.13587925E-01  0.13211770E-01
  0.12858492E-01  0.12526122E-01  0.12212908E-01  0.11917119E-01  0.11636810E-01
  0.11370156E-01  0.11115532E-01  0.10870751E-01  0.10635556E-01  0.10411311E-01
  0.10198261E-01  0.99967551E-02  0.98072713E-02  0.96298121E-02  0.94644609E-02
  0.93113164E-02  0.91701485E-02  0.90402354E-02  0.89200845E-02  0.88082252E-02
  0.87034151E-02  0.86044173E-02  0.85099395E-02  0.84192620E-02  0.83296196E-02
  0.82445518E-02  0.81343215E-02  0.80639152E-02  0.24813096E+01  0.28451866E+01
  0.35059510E+01  0.39046630E+01  0.39579701E+01  0.38151158E+01  0.36048565E+01
  0.33775685E+01  0.31705403E+01  0.30040034E+01  0.28752139E+01  0.27731699E+01
  0.26984833E+01  0.26512999E+01  0.26297934E+01  0.26324335E+01  0.26586795E+01
  0.27069742E+01  0.27773057E+01  0.28701883E+01  0.29862478E+01  0.31265527E+01
  0.32948320E+01  0.35004068E+01  0.37472995E+01  0.40548394E+01  0.45025682E+01
  0.46985954E+01  0.63117273E+01  0.23943094E+02  0.83689316E+02  0.14964150E+03
  0.15440220E+03  0.99881391E+02  0.37154649E+02  0.59297656E+01  0.19878910E+00
  0.96884940E-01  0.87035937E-01  0.75415945E-01  0.65586998E-01  0.57907395E-01
  0.51705701E-01  0.46557811E-01  0.42256680E-01  0.38698428E-01  0.35817321E-01
  0.33497204E-01  0.31598175E-01  0.30006114E-01  0.28633143E-01  0.27414305E-01
  0.26303182E-01  0.25267592E-01  0.24286705E-01  0.23348504E-01  0.22447343E-01
  0.21581747E-01  0.20752572E-01  0.19961574E-01  0.19210461E-01  0.18500309E-01
  0.17831321E-01  0.17202811E-01  0.16613439E-01  0.16061428E-01  0.15544832E-01
  0.15061669E-01  0.14609874E-01  0.14187306E-01  0.13791957E-01  0.13421770E-01
  0.13074645E-01  0.12748477E-01  0.12440937E-01  0.12149684E-01  0.11872007E-01
  0.11606167E-01  0.11352860E-01  0.11113094E-01  0.10887681E-01  0.10677502E-01
  0.10483059E-01  0.10304860E-01  0.10143434E-01  0.99981707E-02  0.98672605E-02
  0.97491441E-02  0.96423525E-02  0.95453239E-02  0.94566046E-02  0.93746983E-02
  0.92979371E-02  0.92246295E-02  0.91532073E-02  0.90822953E-02  0.90108210E-02
  0.89365628E-02  0.88629188E-02  0.87609937E-02  0.86944299E-02  0.25492214E+01
  0.29738817E+01  0.38132898E+01  0.45313900E+01  0.49527644E+01  0.50419910E+01
  0.49229011E+01  0.47010664E+01  0.44218788E+01  0.41337870E+01  0.38595692E+01
  0.36081086E+01  0.33933772E+01  0.32215081E+01  0.30927277E+01  0.30053092E+01
  0.29569764E+01  0.29440954E+01  0.29665701E+01  0.30225761E+01  0.31098273E+01
  0.32293413E+01  0.33928878E+01  0.36164282E+01  0.38772232E+01  0.42411136E+01
  0.45772033E+01  0.59478279E+01  0.18142380E+02  0.66921381E+02  0.14012831E+03
  0.15899696E+03  0.10257930E+03  0.36535147E+02  0.52663617E+01  0.10811786E+00
  0.99982130E-01  0.90411929E-01  0.78903145E-01  0.68614706E-01  0.60320901E-01
  0.53627768E-01  0.48133557E-01  0.43579344E-01  0.39797033E-01  0.36688473E-01
  0.34183247E-01  0.32165612E-01  0.30502484E-01  0.29087518E-01  0.27841962E-01
  0.26710481E-01  0.25655892E-01  0.24655016E-01  0.23695413E-01  0.22772242E-01
  0.21885347E-01  0.21036888E-01  0.20229602E-01  0.19465670E-01  0.18746175E-01
  0.18070973E-01  0.17438870E-01  0.16847949E-01  0.16295970E-01  0.15780614E-01
  0.15299664E-01  0.14850911E-01  0.14432109E-01  0.14040990E-01  0.13675436E-01
  0.13332818E-01  0.13010307E-01  0.12704438E-01  0.12412905E-01  0.12136481E-01
  0.11876560E-01  0.11634501E-01  0.11411520E-01  0.11208620E-01  0.11027181E-01
  0.10866609E-01  0.10724646E-01  0.10599746E-01  0.10490110E-01  0.10393874E-01
  0.10309228E-01  0.10234029E-01  0.10166003E-01  0.10102835E-01  0.10042432E-01
  0.99830309E-02  0.99230184E-02  0.98609803E-02  0.97958182E-02  0.97266353E-02
  0.96528219E-02  0.95728447E-02  0.94913432E-02  0.93760641E-02  0.93004048E-02
  0.25971472E+01  0.30845747E+01  0.40967198E+01  0.50924460E+01  0.59346930E+01
  0.64745392E+01  0.66950491E+01  0.66613683E+01  0.64243396E+01  0.60820090E+01
  0.56750847E+01  0.52413235E+01  0.48222602E+01  0.44477057E+01  0.41337009E+01
  0.38845808E+01  0.36988598E+01  0.35742562E+01  0.35018377E+01  0.34893519E+01
  0.35343366E+01  0.36242542E+01  0.37922823E+01  0.40139023E+01  0.42895851E+01
  0.46337088E+01  0.63543536E+01  0.17362496E+02  0.57340712E+02  0.12871526E+03
  0.16316760E+03  0.11335932E+03  0.40855991E+02  0.59512508E+01  0.13038172E+00
  0.10365748E+00  0.93906253E-01  0.82807366E-01  0.72103713E-01  0.63095034E-01
  0.55822136E-01  0.49920608E-01  0.45066519E-01  0.41050732E-01  0.37735252E-01
  0.35028868E-01  0.32853098E-01  0.31091021E-01  0.29617326E-01  0.28335821E-01
  0.27178980E-01  0.26102480E-01  0.25079590E-01  0.24096860E-01  0.23150068E-01
  0.22240446E-01  0.21371577E-01  0.20547232E-01  0.19770011E-01  0.19040845E-01
  0.18359070E-01  0.17722815E-01  0.17129540E-01  0.16576511E-01  0.16061112E-01
  0.15580988E-01  0.15133811E-01  0.14717240E-01  0.14328794E-01  0.13965802E-01
  0.13624572E-01  0.13301004E-01  0.12994645E-01  0.12707606E-01  0.12441712E-01
  0.12198707E-01  0.11980683E-01  0.11788725E-01  0.11621371E-01  0.11476545E-01
  0.11352281E-01  0.11246296E-01  0.11156376E-01  0.11079912E-01  0.11013897E-01
  0.10955196E-01  0.10900848E-01  0.10848331E-01  0.10795440E-01  0.10740226E-01
  0.10681044E-01  0.10616815E-01  0.10546902E-01  0.10470973E-01  0.10388927E-01
  0.10300802E-01  0.10206975E-01  0.10106257E-01  0.10005017E-01  0.98658633E-02
  0.97754870E-02  0.26363370E+01  0.31840469E+01  0.43672079E+01  0.56545313E+01
  0.69290711E+01  0.80563357E+01  0.89026752E+01  0.93972441E+01  0.94623574E+01
  0.91766401E+01  0.86816622E+01  0.80352196E+01  0.73291872E+01  0.66452383E+01
  0.60353706E+01  0.55278420E+01  0.51294719E+01  0.48318230E+01  0.46189507E+01
  0.44900224E+01  0.44642291E+01  0.45318859E+01  0.46854220E+01  0.49158127E+01
  0.54283560E+01  0.82819394E+01  0.21373319E+02  0.57496462E+02  0.12040810E+03
  0.16449357E+03  0.12848195E+03  0.51186049E+02  0.85920904E+01  0.35877998E+00
  0.10724296E+00  0.97843433E-01  0.87196143E-01  0.76089689E-01  0.66274780E-01
  0.58320745E-01  0.51936759E-01  0.46733198E-01  0.42445951E-01  0.38914942E-01
  0.36021463E-01  0.33671555E-01  0.31777272E-01  0.30222905E-01  0.28893486E-01
  0.27705420E-01  0.26604151E-01  0.25557667E-01  0.24550564E-01  0.23578882E-01
  0.22645229E-01  0.21754725E-01  0.20912268E-01  0.20120934E-01  0.19381377E-01
  0.18692278E-01  0.18050955E-01  0.17454182E-01  0.16898747E-01  0.16381796E-01
  0.15900803E-01  0.15453541E-01  0.15037242E-01  0.14649344E-01  0.14285247E-01
  0.13941145E-01  0.13618159E-01  0.13318918E-01  0.13045878E-01  0.12801982E-01
  0.12589042E-01  0.12405546E-01  0.12249271E-01  0.12117894E-01  0.12008813E-01
  0.11919219E-01  0.11845603E-01  0.11783973E-01  0.11730237E-01  0.11680603E-01
  0.11631953E-01  0.11581343E-01  0.11526299E-01  0.11465351E-01  0.11397603E-01
  0.11322592E-01  0.11240223E-01  0.11150677E-01  0.11054335E-01  0.10951711E-01
  0.10843410E-01  0.10730022E-01  0.10612418E-01  0.10489266E-01  0.10368289E-01
  0.10207738E-01  0.10104718E-01  0.26528103E+01  0.32684036E+01  0.46541628E+01
  0.63222562E+01  0.82028038E+01  0.10192188E+02  0.12139641E+02  0.13893152E+02
  0.15149745E+02  0.15690011E+02  0.15480854E+02  0.14523658E+02  0.13082571E+02
  0.11497506E+02  0.99960428E+01  0.87345948E+01  0.77632019E+01  0.70357380E+01
  0.65072082E+01  0.61484413E+01  0.59626545E+01  0.59658710E+01  0.62992151E+01
  0.79756512E+01  0.14996926E+02  0.34251901E+02  0.70700587E+02  0.12271424E+03
  0.16248464E+03  0.13898017E+03  0.65121516E+02  0.13434388E+02  0.82106197E+00
  0.11461699E+00  0.10220087E+00  0.91727503E-01  0.80461354E-01  0.69910496E-01
  0.61177775E-01  0.54212640E-01  0.48595491E-01  0.43996147E-01  0.40216914E-01
  0.37126880E-01  0.34611680E-01  0.32570508E-01  0.30908582E-01  0.29514958E-01
  0.28287852E-01  0.27158573E-01  0.26087149E-01  0.25054814E-01  0.24057226E-01
  0.23098259E-01  0.22184728E-01  0.21322788E-01  0.20516086E-01  0.19765042E-01
  0.19067464E-01  0.18419857E-01  0.17818149E-01  0.17258744E-01  0.16738482E-01
  0.16254912E-01  0.15805324E-01  0.15387374E-01  0.14995981E-01  0.14627506E-01
  0.14284426E-01  0.13969533E-01  0.13686352E-01  0.13438663E-01  0.13226473E-01
  0.13047124E-01  0.12898186E-01  0.12776743E-01  0.12679487E-01  0.12602190E-01
  0.12539796E-01  0.12486992E-01  0.12438938E-01  0.12391489E-01  0.12340806E-01
  0.12284091E-01  0.12219766E-01  0.12146891E-01  0.12065096E-01  0.11974478E-01
  0.11875492E-01  0.11768846E-01  0.11655425E-01  0.11536191E-01  0.11412112E-01
  0.11284116E-01  0.11153071E-01  0.11019624E-01  0.10884721E-01  0.10746611E-01
  0.10613497E-01  0.10441381E-01  0.10331905E-01  0.26686863E+01  0.33138114E+01
  0.48256384E+01  0.67714467E+01  0.91658070E+01  0.12049104E+02  0.15440448E+02
  0.19333121E+02  0.23675087E+02  0.28073183E+02  0.32063975E+02  0.35355479E+02
  0.37510823E+02  0.38526858E+02  0.38104136E+02  0.36128648E+02  0.33158436E+02
  0.29672414E+02  0.26456056E+02  0.24074691E+02  0.22679497E+02  0.23474839E+02
  0.28968341E+02  0.41942872E+02  0.65752466E+02  0.99274779E+02  0.13530299E+03
  0.15936079E+03  0.13831205E+03  0.72986534E+02  0.19271900E+02  0.17600119E+01
  0.13394455E+00  0.10823628E+00  0.96406556E-01  0.85232344E-01  0.74094138E-01
  0.64473123E-01  0.56794212E-01  0.50678186E-01  0.45715840E-01  0.41653784E-01
  0.38337429E-01  0.35646332E-01  0.33463476E-01  0.31681599E-01  0.30203088E-01
  0.28925800E-01  0.27764139E-01  0.26666421E-01  0.25608298E-01  0.24584013E-01
  0.23598421E-01  0.22660206E-01  0.21777051E-01  0.20953298E-01  0.20189277E-01
  0.19481825E-01  0.18826381E-01  0.18218222E-01  0.17653008E-01  0.17127666E-01
  0.16639264E-01  0.16185618E-01  0.15762073E-01  0.15364807E-01  0.14996454E-01
  0.14660360E-01  0.14361508E-01  0.14103866E-01  0.13886065E-01  0.13705413E-01
  0.13558814E-01  0.13442799E-01  0.13352870E-01  0.13283065E-01  0.13226684E-01
  0.13177344E-01  0.13129538E-01  0.13078261E-01  0.13020001E-01  0.12952703E-01
  0.12875160E-01  0.12786941E-01  0.12688252E-01  0.12579793E-01  0.12462621E-01
  0.12338004E-01  0.12207294E-01  0.12071855E-01  0.11932975E-01  0.11791766E-01
  0.11649186E-01  0.11506033E-01  0.11362964E-01  0.11220210E-01  0.11078460E-01
  0.10935494E-01  0.10799188E-01  0.10625257E-01  0.10515093E-01  0.26917509E+01
  0.33368048E+01  0.48759134E+01  0.68478712E+01  0.91904071E+01  0.11926611E+02
  0.15115478E+02  0.18872962E+02  0.23360137E+02  0.28705938E+02  0.34976977E+02
  0.42056594E+02  0.49435448E+02  0.56718046E+02  0.63057700E+02  0.68008608E+02
  0.71909799E+02  0.74820106E+02  0.77155833E+02  0.79353773E+02  0.83315639E+02
  0.90960247E+02  0.10268963E+03  0.11893232E+03  0.13730816E+03  0.15172460E+03
  0.15079081E+03  0.12155444E+03  0.68139006E+02  0.22386265E+02  0.38643034E+01
  0.39420819E+00  0.12225158E+00  0.10217171E+00  0.90552213E-01  0.78915674E-01
  0.68312577E-01  0.59752364E-01  0.53021636E-01  0.47627987E-01  0.43239660E-01
  0.39665037E-01  0.36770058E-01  0.34434197E-01  0.32535617E-01  0.30962955E-01
  0.29620704E-01  0.28419974E-01  0.27294141E-01  0.26209932E-01  0.25158441E-01
  0.24144938E-01  0.23180096E-01  0.22273563E-01  0.21430651E-01  0.20651729E-01
  0.19932832E-01  0.19267880E-01  0.18651513E-01  0.18078793E-01  0.17546218E-01
  0.17051168E-01  0.16590201E-01  0.16159179E-01  0.15759015E-01  0.15394427E-01
  0.15071931E-01  0.14796062E-01  0.14564896E-01  0.14375831E-01  0.14225435E-01
  0.14109346E-01  0.14021649E-01  0.13954543E-01  0.13899740E-01  0.13849800E-01
  0.13798082E-01  0.13739490E-01  0.13671035E-01  0.13590885E-01  0.13498260E-01
  0.13393282E-01  0.13276782E-01  0.13150119E-01  0.13014957E-01  0.12873106E-01
  0.12726387E-01  0.12576440E-01  0.12424713E-01  0.12272495E-01  0.12120772E-01
  0.11970202E-01  0.11821267E-01  0.11674241E-01  0.11529312E-01  0.11386262E-01
  0.11245477E-01  0.11104429E-01  0.10970474E-01  0.10800152E-01  0.10692375E-01
  0.26847533E+01  0.33329748E+01  0.48270628E+01  0.66026400E+01  0.84615304E+01
  0.10290108E+02  0.12069169E+02  0.13851514E+02  0.15690889E+02  0.17911540E+02
  0.20904339E+02  0.24824705E+02  0.29830390E+02  0.36003414E+02  0.43358383E+02
  0.51979247E+02  0.61820334E+02  0.72374806E+02  0.82967181E+02  0.93447856E+02
  0.10402816E+03  0.11404499E+03  0.12199693E+03  0.12651522E+03  0.12446837E+03
  0.11236129E+03  0.87420925E+02  0.50886755E+02  0.20360763E+02  0.65461903E+01
  0.16423212E+01  0.27715462E+00  0.11264376E+00  0.96734186E-01  0.84499346E-01
  0.72839855E-01  0.63194238E-01  0.55688534E-01  0.49769508E-01  0.44996513E-01
  0.41123676E-01  0.37994142E-01  0.35478695E-01  0.33452100E-01  0.31788214E-01
  0.30375519E-01  0.29126312E-01  0.27969239E-01  0.26858665E-01  0.25779841E-01
  0.24737338E-01  0.23743759E-01  0.22811226E-01  0.21946573E-01  0.21150400E-01
  0.20418142E-01  0.19742157E-01  0.19115621E-01  0.18533746E-01  0.17991848E-01
  0.17487961E-01  0.17017419E-01  0.16578769E-01  0.16177876E-01  0.15822326E-01
  0.15518003E-01  0.15264105E-01  0.15058041E-01  0.14896229E-01  0.14773529E-01
  0.14682590E-01  0.14613712E-01  0.14557062E-01  0.14503610E-01  0.14445774E-01
  0.14378571E-01  0.14298982E-01  0.14205357E-01  0.14097318E-01  0.13975564E-01
  0.13841608E-01  0.13697471E-01  0.13545433E-01  0.13387832E-01  0.13226787E-01
  0.13064212E-01  0.12901743E-01  0.12740528E-01  0.12581408E-01  0.12424985E-01
  0.12271580E-01  0.12121331E-01  0.11974242E-01  0.11830146E-01  0.11688880E-01
  0.11549977E-01  0.11413614E-01  0.11277164E-01  0.11147609E-01  0.10982685E-01
  0.10878257E-01  0.26644934E+01  0.32885701E+01  0.46426542E+01  0.60929916E+01
  0.74605138E+01  0.86798080E+01  0.97741711E+01  0.10805943E+02  0.11839263E+02
  0.12927221E+02  0.14085728E+02  0.15315992E+02  0.16650893E+02  0.18296938E+02
  0.20649107E+02  0.24017282E+02  0.28557931E+02  0.34247906E+02  0.40844521E+02
  0.48355457E+02  0.55295735E+02  0.60227829E+02  0.62977221E+02  0.62490344E+02
  0.56807596E+02  0.43349802E+02  0.27072059E+02  0.15945227E+02  0.90280888E+01
  0.37822767E+01  0.91540072E+00  0.16620582E+00  0.10563736E+00  0.91199369E-01
  0.78289164E-01  0.67296019E-01  0.58780266E-01  0.52196274E-01  0.46959265E-01
  0.42734814E-01  0.39332444E-01  0.36607433E-01  0.34427680E-01  0.32662266E-01
  0.31183234E-01  0.29884224E-01  0.28691087E-01  0.27553490E-01  0.26447581E-01
  0.25375374E-01  0.24350995E-01  0.23389476E-01  0.22499964E-01  0.21683746E-01
  0.20935794E-01  0.20247159E-01  0.19608879E-01  0.19015707E-01  0.18463182E-01
  0.17947233E-01  0.17465490E-01  0.17021064E-01  0.16622539E-01  0.16278136E-01
  0.15990496E-01  0.15757071E-01  0.15574331E-01  0.15436855E-01  0.15336311E-01
  0.15261184E-01  0.15199635E-01  0.15140850E-01  0.15076253E-01  0.15000404E-01
  0.14910011E-01  0.14803478E-01  0.14680777E-01  0.14543162E-01  0.14392799E-01
  0.14232394E-01  0.14064875E-01  0.13892964E-01  0.13719152E-01  0.13545570E-01
  0.13373717E-01  0.13204686E-01  0.13039220E-01  0.12877720E-01  0.12720373E-01
  0.12567152E-01  0.12417905E-01  0.12272424E-01  0.12130455E-01  0.11991655E-01
  0.11855711E-01  0.11722039E-01  0.11590688E-01  0.11459061E-01  0.11333875E-01
  0.11173979E-01  0.11072602E-01  0.26392708E+01  0.32169284E+01  0.44074087E+01
  0.55873179E+01  0.66478302E+01  0.75759739E+01  0.84172913E+01  0.92326640E+01
  0.10069991E+02  0.10968741E+02  0.11929115E+02  0.12930343E+02  0.13983166E+02
  0.15113620E+02  0.16359155E+02  0.17761985E+02  0.19361929E+02  0.21196347E+02
  0.23293715E+02  0.25647952E+02  0.28220334E+02  0.30637702E+02  0.31809797E+02
  0.30307000E+02  0.25566108E+02  0.19475659E+02  0.14726603E+02  0.10839501E+02
  0.61511314E+01  0.20748556E+01  0.36948238E+00  0.11963758E+00  0.99564127E-01
  0.85008523E-01  0.72322018E-01  0.62462728E-01  0.54997244E-01  0.49178856E-01
  0.44532088E-01  0.40806250E-01  0.37834169E-01  0.35471765E-01  0.33581489E-01
  0.32027933E-01  0.30685593E-01  0.29459269E-01  0.28293435E-01  0.27161036E-01
  0.26058951E-01  0.25001976E-01  0.24008322E-01  0.23090300E-01  0.22250737E-01
  0.21484335E-01  0.20781089E-01  0.20129818E-01  0.19523446E-01  0.18958562E-01
  0.18429354E-01  0.17936199E-01  0.17486375E-01  0.17090684E-01  0.16756669E-01
  0.16483161E-01  0.16267507E-01  0.16104875E-01  0.15986604E-01  0.15899791E-01
  0.15830268E-01  0.15764944E-01  0.15693696E-01  0.15610037E-01  0.15510097E-01
  0.15392097E-01  0.15256199E-01  0.15104150E-01  0.14938753E-01  0.14763403E-01
  0.14581578E-01  0.14396517E-01  0.14211064E-01  0.14027316E-01  0.13846768E-01
  0.13670445E-01  0.13498907E-01  0.13332401E-01  0.13170916E-01  0.13014319E-01
  0.12862397E-01  0.12714853E-01  0.12571325E-01  0.12431421E-01  0.12294761E-01
  0.12160935E-01  0.12029619E-01  0.11900264E-01  0.11772910E-01  0.11645060E-01
  0.11523279E-01  0.11367340E-01  0.11268383E-01  0.26086762E+01  0.31199688E+01
  0.41497194E+01  0.51447741E+01  0.60413519E+01  0.68378342E+01  0.75733184E+01
  0.82965439E+01  0.90450631E+01  0.98537727E+01  0.10709679E+02  0.11585550E+02
  0.12498136E+02  0.13470489E+02  0.14525428E+02  0.15680698E+02  0.16942204E+02
  0.18304246E+02  0.19721812E+02  0.21098892E+02  0.22186613E+02  0.22517349E+02
  0.21546446E+02  0.18989097E+02  0.15637366E+02  0.13012129E+02  0.11061876E+02
  0.78984855E+01  0.36580621E+01  0.89922287E+00  0.16892018E+00  0.11214175E+00
  0.93515505E-01  0.78621840E-01  0.66979242E-01  0.58317977E-01  0.51735477E-01
  0.46564302E-01  0.42447960E-01  0.39179963E-01  0.36597803E-01  0.34553801E-01
  0.32904958E-01  0.31514252E-01  0.30264365E-01  0.29077141E-01  0.27919467E-01
  0.26788107E-01  0.25697206E-01  0.24668315E-01  0.23717727E-01  0.22850884E-01
  0.22062864E-01  0.21342566E-01  0.20677037E-01  0.20056185E-01  0.19476742E-01
  0.18933720E-01  0.18428463E-01  0.17973442E-01  0.17579610E-01  0.17251739E-01
  0.16988858E-01  0.16787786E-01  0.16640782E-01  0.16534707E-01  0.16453004E-01
  0.16379647E-01  0.16302020E-01  0.16211863E-01  0.16104267E-01  0.15976884E-01
  0.15829800E-01  0.15665089E-01  0.15486135E-01  0.15297036E-01  0.15101846E-01
  0.14904347E-01  0.14707681E-01  0.14514025E-01  0.14324886E-01  0.14141165E-01
  0.13963269E-01  0.13791259E-01  0.13625030E-01  0.13464351E-01  0.13308871E-01
  0.13158172E-01  0.13011825E-01  0.12869420E-01  0.12730581E-01  0.12594959E-01
  0.12462215E-01  0.12331992E-01  0.12204035E-01  0.12077861E-01  0.11953540E-01
  0.11828660E-01  0.11709657E-01  0.11557134E-01  0.11460310E-01  0.25647932E+01
  0.30056404E+01  0.39069156E+01  0.47927742E+01  0.55896952E+01  0.62901753E+01
  0.69270556E+01  0.75396109E+01  0.81607902E+01  0.88118773E+01  0.94603774E+01
  0.10085872E+02  0.10718543E+02  0.11376986E+02  0.12069901E+02  0.12795865E+02
  0.13533187E+02  0.14244739E+02  0.14837366E+02  0.15190259E+02  0.15111729E+02
  0.14424574E+02  0.13109909E+02  0.11519347E+02  0.10508834E+02  0.10087121E+02
  0.86668200E+01  0.52524485E+01  0.18101194E+01  0.34756855E+00  0.12849335E+00
  0.10482154E+00  0.86910681E-01  0.72722592E-01  0.62379635E-01  0.54757310E-01
  0.48906261E-01  0.44305542E-01  0.40675870E-01  0.37826318E-01  0.35591916E-01
  0.33820246E-01  0.32364030E-01  0.31089397E-01  0.29893939E-01  0.28721317E-01
  0.27562887E-01  0.26437528E-01  0.25370537E-01  0.24383081E-01  0.23484379E-01
  0.22670939E-01  0.21930798E-01  0.21249220E-01  0.20613318E-01  0.20017148E-01
  0.19458391E-01  0.18940815E-01  0.18478844E-01  0.18083617E-01  0.17758296E-01
  0.17502564E-01  0.17311974E-01  0.17175028E-01  0.17073835E-01  0.16989184E-01
  0.16904665E-01  0.16809231E-01  0.16696188E-01  0.16562019E-01  0.16406266E-01
  0.16231028E-01  0.16040142E-01  0.15838357E-01  0.15630450E-01  0.15420800E-01
  0.15212877E-01  0.15009051E-01  0.14810891E-01  0.14619189E-01  0.14434208E-01
  0.14255908E-01  0.14084067E-01  0.13918289E-01  0.13758091E-01  0.13602975E-01
  0.13452491E-01  0.13306237E-01  0.13163840E-01  0.13024974E-01  0.12889362E-01
  0.12756743E-01  0.12626859E-01  0.12499416E-01  0.12374183E-01  0.12250695E-01
  0.12129021E-01  0.12006798E-01  0.11890314E-01  0.11740945E-01  0.11646103E-01
  0.25093143E+01  0.28978783E+01  0.37015447E+01  0.44923261E+01  0.51838816E+01
  0.57662443E+01  0.62689095E+01  0.67230964E+01  0.71582545E+01  0.75795881E+01
  0.79573295E+01  0.82930666E+01  0.86160659E+01  0.89392083E+01  0.92639060E+01
  0.95832409E+01  0.98743482E+01  0.10111285E+02  0.10227774E+02  0.10167532E+02
  0.99091449E+01  0.94211758E+01  0.88756138E+01  0.86934784E+01  0.89871205E+01
  0.87227489E+01  0.64316697E+01  0.29239741E+01  0.70657803E+00  0.16777132E+00
  0.11985413E+00  0.97873028E-01  0.80195940E-01  0.67493428E-01  0.58436428E-01
  0.51674844E-01  0.46450945E-01  0.42369181E-01  0.39187378E-01  0.36715681E-01
  0.34785209E-01  0.33238417E-01  0.31926528E-01  0.30725760E-01  0.29554991E-01
  0.28382396E-01  0.27224103E-01  0.26116601E-01  0.25087896E-01  0.24152200E-01
  0.23308711E-01  0.22545398E-01  0.21845578E-01  0.21193812E-01  0.20580411E-01
  0.20005130E-01  0.19474366E-01  0.19002253E-01  0.18600861E-01  0.18273631E-01
  0.18020840E-01  0.17835719E-01  0.17702596E-01  0.17599416E-01  0.17505267E-01
  0.17404804E-01  0.17288240E-01  0.17150111E-01  0.16988664E-01  0.16805506E-01
  0.16604626E-01  0.16391352E-01  0.16171230E-01  0.15949361E-01  0.15729758E-01
  0.15515101E-01  0.15307102E-01  0.15106496E-01  0.14913445E-01  0.14727828E-01
  0.14549261E-01  0.14377197E-01  0.14211049E-01  0.14050281E-01  0.13894421E-01
  0.13743058E-01  0.13595866E-01  0.13452575E-01  0.13312931E-01  0.13176692E-01
  0.13043620E-01  0.12913475E-01  0.12786013E-01  0.12660952E-01  0.12538069E-01
  0.12416913E-01  0.12297556E-01  0.12177679E-01  0.12063443E-01  0.11916951E-01
  0.11823930E-01  0.24513255E+01  0.27987040E+01  0.35131234E+01  0.42011124E+01
  0.47777254E+01  0.52323470E+01  0.55914235E+01  0.58847929E+01  0.61448785E+01
  0.63742093E+01  0.65594220E+01  0.67152381E+01  0.68583993E+01  0.69985782E+01
  0.71381042E+01  0.72731519E+01  0.73900432E+01  0.74818166E+01  0.75147657E+01
  0.74667107E+01  0.73553430E+01  0.72246998E+01  0.73346859E+01  0.78936282E+01
  0.82457142E+01  0.69983497E+01  0.39609357E+01  0.12498377E+01  0.25660200E+00
  0.13496631E+00  0.11136318E+00  0.90419657E-01  0.74193035E-01  0.63054561E-01
  0.55042651E-01  0.48993083E-01  0.44329814E-01  0.40726963E-01  0.37954445E-01
  0.35818742E-01  0.34146828E-01  0.32776487E-01  0.31563162E-01  0.30401351E-01
  0.29234853E-01  0.28057446E-01  0.26908756E-01  0.25834416E-01  0.24856145E-01
  0.23977126E-01  0.23186411E-01  0.22465744E-01  0.21796770E-01  0.21166374E-01
  0.20573833E-01  0.20028231E-01  0.19543128E-01  0.19130248E-01  0.18795658E-01
  0.18540571E-01  0.18355423E-01  0.18220110E-01  0.18109420E-01  0.18001473E-01
  0.17882006E-01  0.17742395E-01  0.17578527E-01  0.17390604E-01  0.17182197E-01
  0.16959006E-01  0.16727315E-01  0.16493107E-01  0.16261193E-01  0.16034769E-01
  0.15815800E-01  0.15605084E-01  0.15402768E-01  0.15208614E-01  0.15022079E-01
  0.14842479E-01  0.14669160E-01  0.14501542E-01  0.14339133E-01  0.14181559E-01
  0.14028520E-01  0.13879755E-01  0.13735018E-01  0.13594074E-01  0.13456689E-01
  0.13322633E-01  0.13191676E-01  0.13063589E-01  0.12938143E-01  0.12815067E-01
  0.12694156E-01  0.12574976E-01  0.12457611E-01  0.12339788E-01  0.12227549E-01
  0.12083682E-01  0.11992339E-01  0.23924631E+01  0.27004735E+01  0.33301567E+01
  0.39225215E+01  0.43945614E+01  0.47372308E+01  0.49798914E+01  0.51569126E+01
  0.53045798E+01  0.54270078E+01  0.55148290E+01  0.55844505E+01  0.56496565E+01
  0.57181143E+01  0.57909314E+01  0.58659011E+01  0.59366459E+01  0.59989360E+01
  0.60388705E+01  0.60576349E+01  0.61138521E+01  0.63074322E+01  0.69043096E+01
  0.75681417E+01  0.70700501E+01  0.46985557E+01  0.18718842E+01  0.44270033E+00
  0.15845434E+00  0.12599005E+00  0.10282420E+00  0.83063768E-01  0.69007022E-01
  0.59252584E-01  0.52090717E-01  0.46662687E-01  0.42513790E-01  0.39352509E-01
  0.36949430E-01  0.35106513E-01  0.33645973E-01  0.32404153E-01  0.31249120E-01
  0.30100293E-01  0.28926835E-01  0.27749336E-01  0.26625822E-01  0.25598926E-01
  0.24678047E-01  0.23854590E-01  0.23109607E-01  0.22421798E-01  0.21774102E-01
  0.21163531E-01  0.20600689E-01  0.20098700E-01  0.19669528E-01  0.19322602E-01
  0.19059937E-01  0.18869470E-01  0.18726706E-01  0.18604071E-01  0.18479552E-01
  0.18339429E-01  0.18176087E-01  0.17986994E-01  0.17774286E-01  0.17543404E-01
  0.17301238E-01  0.17054808E-01  0.16809932E-01  0.16570639E-01  0.16339396E-01
  0.16117199E-01  0.15904228E-01  0.15700170E-01  0.15504337E-01  0.15315935E-01
  0.15134229E-01  0.14958590E-01  0.14788540E-01  0.14623720E-01  0.14463831E-01
  0.14308601E-01  0.14157776E-01  0.14011114E-01  0.13868381E-01  0.13729349E-01
  0.13593791E-01  0.13461488E-01  0.13332225E-01  0.13205787E-01  0.13081965E-01
  0.12960507E-01  0.12841230E-01  0.12723716E-01  0.12608066E-01  0.12492044E-01
  0.12381586E-01  0.12240115E-01  0.12150316E-01  0.23341689E+01  0.26071481E+01
  0.31624148E+01  0.36712631E+01  0.40541434E+01  0.43097036E+01  0.44730783E+01
  0.45817877E+01  0.46719028E+01  0.47447843E+01  0.47903169E+01  0.48245244E+01
  0.48586981E+01  0.48987172E+01  0.49460602E+01  0.49993675E+01  0.50569950E+01
  0.51175531E+01  0.51906505E+01  0.53207049E+01  0.55738881E+01  0.60812880E+01
  0.68567442E+01  0.68828675E+01  0.50970000E+01  0.24081278E+01  0.67230934E+00
  0.20202210E+00  0.14291250E+00  0.11661052E+00  0.94289705E-01  0.76843802E-01
  0.64641330E-01  0.55958540E-01  0.49515907E-01  0.44649867E-01  0.40977233E-01
  0.38220062E-01  0.36144770E-01  0.34549629E-01  0.33252303E-01  0.32094165E-01
  0.30965277E-01  0.29812267E-01  0.28630127E-01  0.27465890E-01  0.26384359E-01
  0.25414425E-01  0.24551665E-01  0.23777612E-01  0.23068535E-01  0.22402916E-01
  0.21774233E-01  0.21192183E-01  0.20669573E-01  0.20219869E-01  0.19855454E-01
  0.19579437E-01  0.19378099E-01  0.19223329E-01  0.19085461E-01  0.18942445E-01
  0.18780874E-01  0.18593999E-01  0.18380916E-01  0.18145598E-01  0.17894987E-01
  0.17636981E-01  0.17378708E-01  0.17125472E-01  0.16880508E-01  0.16645289E-01
  0.16420129E-01  0.16204687E-01  0.15998168E-01  0.15799668E-01  0.15608356E-01
  0.15423558E-01  0.15244794E-01  0.15071693E-01  0.14903945E-01  0.14741265E-01
  0.14583381E-01  0.14430039E-01  0.14280989E-01  0.14135998E-01  0.13994837E-01
  0.13857288E-01  0.13723139E-01  0.13592186E-01  0.13464233E-01  0.13339088E-01
  0.13216560E-01  0.13096418E-01  0.12978496E-01  0.12862389E-01  0.12748215E-01
  0.12633764E-01  0.12524879E-01  0.12385557E-01  0.12297148E-01  0.22880282E+01
  0.25293666E+01  0.30143415E+01  0.34457686E+01  0.37573061E+01  0.39554557E+01
  0.40748655E+01  0.41506188E+01  0.42150889E+01  0.42632667E+01  0.42839794E+01
  0.42975091E+01  0.43158167E+01  0.43430836E+01  0.43816722E+01  0.44322840E+01
  0.44994325E+01  0.45991729E+01  0.47593220E+01  0.50392524E+01  0.55196085E+01
  0.62485356E+01  0.65164251E+01  0.52227638E+01  0.27654726E+01  0.88538649E+00
  0.25274981E+00  0.16053831E+00  0.13199237E+00  0.10688527E+00  0.86743119E-01
  0.71616808E-01  0.60874696E-01  0.53085029E-01  0.47277466E-01  0.42927615E-01
  0.39696123E-01  0.37303602E-01  0.35512703E-01  0.34118732E-01  0.32937115E-01
  0.31824086E-01  0.30697917E-01  0.29532078E-01  0.28349921E-01  0.27217208E-01
  0.26190443E-01  0.25280569E-01  0.24471137E-01  0.23737009E-01  0.23052208E-01
  0.22405411E-01  0.21803481E-01  0.21257864E-01  0.20783285E-01  0.20395546E-01
  0.20099946E-01  0.19882156E-01  0.19711410E-01  0.19556001E-01  0.19393384E-01
  0.19210247E-01  0.19000658E-01  0.18765184E-01  0.18509486E-01  0.18241688E-01
  0.17970287E-01  0.17702249E-01  0.17442102E-01  0.17192174E-01  0.16953116E-01
  0.16724677E-01  0.16505994E-01  0.16296044E-01  0.16093884E-01  0.15898769E-01
  0.15710193E-01  0.15527760E-01  0.15351132E-01  0.15179999E-01  0.15014078E-01
  0.14853096E-01  0.14696790E-01  0.14544910E-01  0.14397213E-01  0.14253474E-01
  0.14113479E-01  0.13977024E-01  0.13843919E-01  0.13713978E-01  0.13587027E-01
  0.13462890E-01  0.13341392E-01  0.13222317E-01  0.13105509E-01  0.12990571E-01
  0.12877635E-01  0.12764510E-01  0.12656963E-01  0.12519494E-01  0.12432289E-01
  0.22499299E+01  0.24602453E+01  0.28786044E+01  0.32462708E+01  0.35106745E+01
  0.36773703E+01  0.37743905E+01  0.38343943E+01  0.38830593E+01  0.39092430E+01
  0.39125583E+01  0.39182550E+01  0.39346904E+01  0.39651964E+01  0.40139073E+01
  0.40902088E+01  0.42043577E+01  0.43792456E+01  0.46804758E+01  0.51393758E+01
  0.57657339E+01  0.60680796E+01  0.50496432E+01  0.28672646E+01  0.10271712E+01
  0.30247865E+00  0.17892667E+00  0.14808193E+00  0.11997943E+00  0.97423507E-01
  0.80370417E-01  0.67193222E-01  0.57610457E-01  0.50579311E-01  0.45341656E-01
  0.41473104E-01  0.38646442E-01  0.36576362E-01  0.35025536E-01  0.33785015E-01
  0.32674806E-01  0.31576569E-01  0.30438261E-01  0.29261090E-01  0.28095775E-01
  0.27011549E-01  0.26045675E-01  0.25192884E-01  0.24428070E-01  0.23721596E-01
  0.23056516E-01  0.22434805E-01  0.21864729E-01  0.21361530E-01  0.20944814E-01
  0.20623362E-01  0.20383696E-01  0.20193360E-01  0.20018584E-01  0.19835759E-01
  0.19631382E-01  0.19400196E-01  0.19144043E-01  0.18869926E-01  0.18587045E-01
  0.18304065E-01  0.18027516E-01  0.17761129E-01  0.17506303E-01  0.17263058E-01
  0.17030566E-01  0.16807692E-01  0.16593354E-01  0.16386705E-01  0.16187167E-01
  0.15994300E-01  0.15807734E-01  0.15627132E-01  0.15452184E-01  0.15282594E-01
  0.15118085E-01  0.14958392E-01  0.14803257E-01  0.14652438E-01  0.14505705E-01
  0.14362849E-01  0.14223674E-01  0.14087998E-01  0.13955649E-01  0.13826459E-01
  0.13700267E-01  0.13576907E-01  0.13456214E-01  0.13337975E-01  0.13222043E-01
  0.13108024E-01  0.12996062E-01  0.12883988E-01  0.12777510E-01  0.12641559E-01
  0.12555349E-01  0.22101943E+01  0.23918642E+01  0.27547501E+01  0.30780295E+01
  0.33139455E+01  0.34624677E+01  0.35463306E+01  0.35975479E+01  0.36339175E+01
  0.36492689E+01  0.36546363E+01  0.36686765E+01  0.36976749E+01  0.37495988E+01
  0.38308898E+01  0.39551481E+01  0.41450500E+01  0.44495174E+01  0.49002715E+01
  0.54149988E+01  0.55685621E+01  0.46198685E+01  0.27095170E+01  0.10613467E+01
  0.34608743E+00  0.19838061E+00  0.16400760E+00  0.13370436E+00  0.10858207E+00
  0.89800397E-01  0.75077649E-01  0.63390945E-01  0.54770561E-01  0.48395809E-01
  0.43685439E-01  0.40265982E-01  0.37802861E-01  0.36011594E-01  0.34655428E-01
  0.33520812E-01  0.32444274E-01  0.31339288E-01  0.30183149E-01  0.29007026E-01
  0.27878047E-01  0.26852753E-01  0.25947160E-01  0.25143936E-01  0.24411359E-01
  0.23726969E-01  0.23086017E-01  0.22491276E-01  0.21956946E-01  0.21506309E-01
  0.21152831E-01  0.20885785E-01  0.20672273E-01  0.20476402E-01  0.20272943E-01
  0.20047823E-01  0.19796201E-01  0.19520964E-01  0.19230115E-01  0.18933643E-01
  0.18640276E-01  0.18355851E-01  0.18083281E-01  0.17823206E-01  0.17575032E-01
  0.17337570E-01  0.17109574E-01  0.16890044E-01  0.16678298E-01  0.16473825E-01
  0.16276202E-01  0.16085059E-01  0.15900057E-01  0.15720875E-01  0.15547211E-01
  0.15378774E-01  0.15215293E-01  0.15056509E-01  0.14902177E-01  0.14752069E-01
  0.14605975E-01  0.14463707E-01  0.14325087E-01  0.14189950E-01  0.14058138E-01
  0.13929491E-01  0.13803852E-01  0.13681058E-01  0.13560945E-01  0.13443306E-01
  0.13327995E-01  0.13214625E-01  0.13103356E-01  0.12992040E-01  0.12886352E-01
  0.12751583E-01  0.12666162E-01  0.21723901E+01  0.23297255E+01  0.26474601E+01
  0.29371445E+01  0.31531486E+01  0.32902124E+01  0.33671922E+01  0.34151264E+01
  0.34491874E+01  0.34714691E+01  0.34938523E+01  0.35284551E+01  0.35847166E+01
  0.36733431E+01  0.38094346E+01  0.40138296E+01  0.42947896E+01  0.47255813E+01
  0.50963876E+01  0.49830421E+01  0.40033289E+01  0.23576994E+01  0.98990452E+00
  0.37184428E+00  0.22084062E+00  0.18037012E+00  0.14752554E+00  0.12035753E+00
  0.99524232E-01  0.83525213E-01  0.70528041E-01  0.60105886E-01  0.52296983E-01
  0.46507800E-01  0.42292525E-01  0.39282626E-01  0.37138691E-01  0.35583226E-01
  0.34374659E-01  0.33301601E-01  0.32229447E-01  0.31105207E-01  0.29936423E-01
  0.28780648E-01  0.27703688E-01  0.26739965E-01  0.25888664E-01  0.25123122E-01
  0.24416575E-01  0.23756570E-01  0.23138121E-01  0.22571856E-01  0.22083567E-01
  0.21692228E-01  0.21392035E-01  0.21151460E-01  0.20932658E-01  0.20708136E-01
  0.20462779E-01  0.20191769E-01  0.19898743E-01  0.19592505E-01  0.19283434E-01
  0.18980251E-01  0.18688087E-01  0.18408996E-01  0.18143001E-01  0.17889019E-01
  0.17645666E-01  0.17411743E-01  0.17186400E-01  0.16969026E-01  0.16759136E-01
  0.16556306E-01  0.16360156E-01  0.16170338E-01  0.15986520E-01  0.15808389E-01
  0.15635645E-01  0.15468003E-01  0.15305204E-01  0.15147002E-01  0.14993169E-01
  0.14843497E-01  0.14697798E-01  0.14555898E-01  0.14417636E-01  0.14282853E-01
  0.14151394E-01  0.14023101E-01  0.13897815E-01  0.13775373E-01  0.13655610E-01
  0.13538322E-01  0.13423371E-01  0.13310380E-01  0.13199529E-01  0.13088696E-01
  0.12983546E-01  0.12849669E-01  0.12764862E-01  0.21422865E+01  0.22794030E+01
  0.25587194E+01  0.28186304E+01  0.30175907E+01  0.31475187E+01  0.32232254E+01
  0.32745645E+01  0.33184352E+01  0.33583132E+01  0.34058200E+01  0.34739386E+01
  0.35750582E+01  0.37202756E+01  0.39159746E+01  0.41863323E+01  0.44911608E+01
  0.46562319E+01  0.42999278E+01  0.32328209E+01  0.18637968E+01  0.83292505E+00
  0.37700343E+00  0.24539115E+00  0.19748834E+00  0.16143027E+00  0.13226359E+00
  0.10975556E+00  0.92167377E-01  0.78187510E-01  0.66613908E-01  0.57262903E-01
  0.50142821E-01  0.44898496E-01  0.41142985E-01  0.38496221E-01  0.36628010E-01
  0.35265144E-01  0.34156456E-01  0.33107102E-01  0.32019244E-01  0.30873131E-01
  0.29707669E-01  0.28591973E-01  0.27574500E-01  0.26668398E-01  0.25860609E-01
  0.25126255E-01  0.24445762E-01  0.23805091E-01  0.23208041E-01  0.22680206E-01
  0.22245992E-01  0.21906675E-01  0.21634616E-01  0.21390673E-01  0.21144412E-01
  0.20879143E-01  0.20589596E-01  0.20279711E-01  0.19958955E-01  0.19637896E-01
  0.19324990E-01  0.19024800E-01  0.18738603E-01  0.18465853E-01  0.18205154E-01
  0.17955091E-01  0.17714578E-01  0.17482859E-01  0.17259352E-01  0.17043570E-01
  0.16835087E-01  0.16633508E-01  0.16438467E-01  0.16249621E-01  0.16066645E-01
  0.15889229E-01  0.15717080E-01  0.15549926E-01  0.15387524E-01  0.15229646E-01
  0.15076083E-01  0.14926648E-01  0.14781166E-01  0.14639473E-01  0.14501408E-01
  0.14366815E-01  0.14235537E-01  0.14107410E-01  0.13982276E-01  0.13859969E-01
  0.13740327E-01  0.13623153E-01  0.13508320E-01  0.13395466E-01  0.13284799E-01
  0.13174226E-01  0.13069412E-01  0.12936208E-01  0.12851888E-01  0.21192594E+01
  0.22389379E+01  0.24840780E+01  0.27164282E+01  0.29002056E+01  0.30257197E+01
  0.31048441E+01  0.31673276E+01  0.32312283E+01  0.32988868E+01  0.33799256E+01
  0.34863102E+01  0.36318159E+01  0.38194434E+01  0.40035496E+01  0.41009202E+01
  0.39710645E+01  0.34116882E+01  0.24306226E+01  0.13809259E+01  0.67589213E+00
  0.37703080E+00  0.26982947E+00  0.21591478E+00  0.17576604E+00  0.14417907E+00
  0.12013845E+00  0.10121737E+00  0.85992037E-01  0.73645184E-01  0.63254257E-01
  0.54782754E-01  0.48281701E-01  0.43552156E-01  0.40210267E-01  0.37879718E-01
  0.36246847E-01  0.35031097E-01  0.33976662E-01  0.32921573E-01  0.31808072E-01
  0.30649515E-01  0.29508390E-01  0.28446343E-01  0.27487734E-01  0.26630230E-01
  0.25859022E-01  0.25153428E-01  0.24491244E-01  0.23866273E-01  0.23299393E-01
  0.22818811E-01  0.22434536E-01  0.22125774E-01  0.21853781E-01  0.21584729E-01
  0.21299536E-01  0.20992006E-01  0.20665888E-01  0.20331029E-01  0.19998165E-01
  0.19675326E-01  0.19366521E-01  0.19072421E-01  0.18792025E-01  0.18523769E-01
  0.18266271E-01  0.18018564E-01  0.17779931E-01  0.17549794E-01  0.17327657E-01
  0.17113078E-01  0.16905648E-01  0.16704984E-01  0.16510725E-01  0.16322536E-01
  0.16140097E-01  0.15963106E-01  0.15791283E-01  0.15624376E-01  0.15462158E-01
  0.15304419E-01  0.15150967E-01  0.15001625E-01  0.14856224E-01  0.14714598E-01
  0.14576585E-01  0.14442024E-01  0.14310755E-01  0.14182612E-01  0.14057436E-01
  0.13935062E-01  0.13815338E-01  0.13698075E-01  0.13583166E-01  0.13470262E-01
  0.13359609E-01  0.13249138E-01  0.13144521E-01  0.13011844E-01  0.12927923E-01
  0.20983905E+01  0.22030405E+01  0.24184899E+01  0.26269263E+01  0.27982200E+01
  0.29208560E+01  0.30065415E+01  0.30860434E+01  0.31744909E+01  0.32683810E+01
  0.33706206E+01  0.34769847E+01  0.35569305E+01  0.35691140E+01  0.34464933E+01
  0.30982511E+01  0.24730654E+01  0.16884357E+01  0.10010610E+01  0.58175204E+00
  0.38878836E+00  0.29388877E+00  0.23425455E+00  0.18968947E+00  0.15604415E+00
  0.13051714E+00  0.11049832E+00  0.94136142E-01  0.80770106E-01  0.69784304E-01
  0.60356923E-01  0.52620602E-01  0.46704582E-01  0.42445867E-01  0.39464070E-01
  0.37409123E-01  0.35972438E-01  0.34854524E-01  0.33814727E-01  0.32735310E-01
  0.31597524E-01  0.30445828E-01  0.29347740E-01  0.28343540E-01  0.27437394E-01
  0.26620718E-01  0.25881202E-01  0.25195507E-01  0.24546045E-01  0.23943216E-01
  0.23415106E-01  0.22980849E-01  0.22629504E-01  0.22325487E-01  0.22031979E-01
  0.21726416E-01  0.21401062E-01  0.21059017E-01  0.20710137E-01  0.20365243E-01
  0.20031985E-01  0.19713796E-01  0.19410891E-01  0.19121941E-01  0.18845323E-01
  0.18579739E-01  0.18324263E-01  0.18078186E-01  0.17840924E-01  0.17611965E-01
  0.17390849E-01  0.17177147E-01  0.16970461E-01  0.16770415E-01  0.16576655E-01
  0.16388852E-01  0.16206697E-01  0.16029901E-01  0.15858203E-01  0.15691368E-01
  0.15529185E-01  0.15371457E-01  0.15218001E-01  0.15068637E-01  0.14923195E-01
  0.14781507E-01  0.14643406E-01  0.14508727E-01  0.14377308E-01  0.14248983E-01
  0.14123597E-01  0.14000993E-01  0.13881029E-01  0.13763531E-01  0.13648411E-01
  0.13535338E-01  0.13424593E-01  0.13314125E-01  0.13209620E-01  0.13077371E-01
  0.12993791E-01  0.20808980E+01  0.21728572E+01  0.23628633E+01  0.25506649E+01
  0.27102044E+01  0.28302920E+01  0.29253741E+01  0.30201037E+01  0.31153712E+01
  0.31792009E+01  0.31912899E+01  0.31321109E+01  0.29614479E+01  0.26618995E+01
  0.22335039E+01  0.17131548E+01  0.11939372E+01  0.79307788E+00  0.54967080E+00
  0.40810546E+00  0.31713140E+00  0.25169672E+00  0.20349878E+00  0.16803732E+00
  0.14116124E+00  0.11987946E+00  0.10258866E+00  0.88190867E-01  0.76353195E-01
  0.66483156E-01  0.57850740E-01  0.50768775E-01  0.45394797E-01  0.41547355E-01
  0.38878742E-01  0.37064186E-01  0.35778661E-01  0.34710073E-01  0.33655396E-01
  0.32545253E-01  0.31396901E-01  0.30273458E-01  0.29228971E-01  0.28279150E-01
  0.27416404E-01  0.26633871E-01  0.25918194E-01  0.25245932E-01  0.24612049E-01
  0.24038354E-01  0.23550859E-01  0.23150923E-01  0.22809782E-01  0.22489066E-01
  0.22162121E-01  0.21818666E-01  0.21460645E-01  0.21097546E-01  0.20740122E-01
  0.20395697E-01  0.20067221E-01  0.19754555E-01  0.19456175E-01  0.19170443E-01
  0.18896122E-01  0.18632295E-01  0.18378238E-01  0.18133349E-01  0.17897096E-01
  0.17668998E-01  0.17448607E-01  0.17235503E-01  0.17029295E-01  0.16829615E-01
  0.16636118E-01  0.16448484E-01  0.16266419E-01  0.16089651E-01  0.15917937E-01
  0.15751057E-01  0.15588809E-01  0.15430998E-01  0.15277439E-01  0.15127951E-01
  0.14982358E-01  0.14840488E-01  0.14702170E-01  0.14567242E-01  0.14435539E-01
  0.14306901E-01  0.14181182E-01  0.14058235E-01  0.13937931E-01  0.13820112E-01
  0.13704710E-01  0.13591406E-01  0.13480512E-01  0.13369993E-01  0.13265546E-01
  0.13133652E-01  0.13050366E-01  0.20663330E+01  0.21475597E+01  0.23162226E+01
  0.24860411E+01  0.26335258E+01  0.27535089E+01  0.28582008E+01  0.29440517E+01
  0.29770825E+01  0.29014777E+01  0.27009316E+01  0.24032865E+01  0.20415835E+01
  0.16573730E+01  0.12861064E+01  0.96279683E+00  0.71841543E+00  0.54905781E+00
  0.42802846E+00  0.33659021E+00  0.26779279E+00  0.21749365E+00  0.18050014E+00
  0.15216552E+00  0.12961264E+00  0.11121003E+00  0.96000495E-01  0.83199786E-01
  0.72616491E-01  0.63646492E-01  0.55698941E-01  0.49217050E-01  0.44320091E-01
  0.40825547E-01  0.38434604E-01  0.36823141E-01  0.35637410E-01  0.34577076E-01
  0.33490812E-01  0.32355940E-01  0.31218653E-01  0.30139865E-01  0.29149853E-01
  0.28245520E-01  0.27418135E-01  0.26663488E-01  0.25964992E-01  0.25304490E-01
  0.24690183E-01  0.24149281E-01  0.23695471E-01  0.23311062E-01  0.22959283E-01
  0.22609085E-01  0.22246697E-01  0.21872277E-01  0.21494474E-01  0.21123794E-01
  0.20767288E-01  0.20427532E-01  0.20104120E-01  0.19795426E-01  0.19499829E-01
  0.19216104E-01  0.18943319E-01  0.18680729E-01  0.18427700E-01  0.18183677E-01
  0.17948149E-01  0.17720649E-01  0.17500733E-01  0.17287992E-01  0.17082042E-01
  0.16882525E-01  0.16689107E-01  0.16501481E-01  0.16319371E-01  0.16142522E-01
  0.15970703E-01  0.15803699E-01  0.15641309E-01  0.15483334E-01  0.15329586E-01
  0.15179881E-01  0.15034038E-01  0.14891883E-01  0.14753246E-01  0.14617966E-01
  0.14485883E-01  0.14356848E-01  0.14230723E-01  0.14107375E-01  0.13986688E-01
  0.13868517E-01  0.13752807E-01  0.13639248E-01  0.13528179E-01  0.13417576E-01
  0.13313147E-01  0.13181547E-01  0.13098511E-01  0.20541996E+01  0.21263330E+01
  0.22776702E+01  0.24305874E+01  0.25680648E+01  0.26928583E+01  0.27895679E+01
  0.28119364E+01  0.27012644E+01  0.24369752E+01  0.20771727E+01  0.17040209E+01
  0.13735343E+01  0.10985677E+01  0.87288522E+00  0.69414023E+00  0.55493120E+00
  0.44339481E+00  0.35356235E+00  0.28417842E+00  0.23255150E+00  0.19388911E+00
  0.16388579E+00  0.13986675E+00  0.12028977E+00  0.10407932E+00  0.90512467E-01
  0.79014851E-01  0.69450786E-01  0.61211896E-01  0.53881102E-01  0.47939838E-01
  0.43446117E-01  0.40258012E-01  0.38113143E-01  0.36659951E-01  0.35523191E-01
  0.34441136E-01  0.33320738E-01  0.32178954E-01  0.31073284E-01  0.30046005E-01
  0.29104559E-01  0.28237502E-01  0.27439364E-01  0.26705597E-01  0.26018382E-01
  0.25369947E-01  0.24779251E-01  0.24268668E-01  0.23834383E-01  0.23446179E-01
  0.23069995E-01  0.22687190E-01  0.22295487E-01  0.21902191E-01  0.21517330E-01
  0.21147689E-01  0.20795583E-01  0.20460420E-01  0.20140522E-01  0.19834275E-01
  0.19540440E-01  0.19258058E-01  0.18986349E-01  0.18724648E-01  0.18472362E-01
  0.18228950E-01  0.17993913E-01  0.17766788E-01  0.17547141E-01  0.17334573E-01
  0.17128709E-01  0.16929203E-01  0.16735733E-01  0.16548009E-01  0.16365771E-01
  0.16188773E-01  0.16016788E-01  0.15849600E-01  0.15687003E-01  0.15528795E-01
  0.15374785E-01  0.15224785E-01  0.15078615E-01  0.14936099E-01  0.14797072E-01
  0.14661377E-01  0.14528865E-01  0.14399396E-01  0.14272844E-01  0.14149085E-01
  0.14028013E-01  0.13909492E-01  0.13793475E-01  0.13679660E-01  0.13568403E-01
  0.13457692E-01  0.13353249E-01  0.13221881E-01  0.13139054E-01  0.20440540E+01
  0.21086258E+01  0.22450730E+01  0.23823724E+01  0.25172304E+01  0.26409101E+01
  0.26897035E+01  0.25941297E+01  0.23290966E+01  0.19539835E+01  0.15797607E+01
  0.12698575E+01  0.10331917E+01  0.84642791E+00  0.69057622E+00  0.56387067E+00
  0.45926312E+00  0.37233321E+00  0.30283206E+00  0.24949222E+00  0.20870826E+00
  0.17673605E+00  0.15103562E+00  0.13005526E+00  0.11272378E+00  0.98203099E-01
  0.85939595E-01  0.75514669E-01  0.66768313E-01  0.59137906E-01  0.52378468E-01
  0.46904278E-01  0.42744339E-01  0.39827963E-01  0.37893577E-01  0.36546544E-01
  0.35414846E-01  0.34296177E-01  0.33153085E-01  0.32026983E-01  0.30965764E-01
  0.29987636E-01  0.29085424E-01  0.28248589E-01  0.27473803E-01  0.26753745E-01
  0.26075202E-01  0.25441512E-01  0.24874969E-01  0.24385459E-01  0.23954149E-01
  0.23547759E-01  0.23142357E-01  0.22731974E-01  0.22322084E-01  0.21921910E-01
  0.21537953E-01  0.21172345E-01  0.20824389E-01  0.20492361E-01  0.20174640E-01
  0.19869948E-01  0.19577289E-01  0.19295845E-01  0.19024907E-01  0.18763840E-01
  0.18512067E-01  0.18269057E-01  0.18034316E-01  0.17807387E-01  0.17587848E-01
  0.17375310E-01  0.17169409E-01  0.16969811E-01  0.16776208E-01  0.16588327E-01
  0.16405913E-01  0.16228723E-01  0.16056527E-01  0.15889104E-01  0.15726247E-01
  0.15567751E-01  0.15413423E-01  0.15263075E-01  0.15116527E-01  0.14973607E-01
  0.14834157E-01  0.14698028E-01  0.14565079E-01  0.14435182E-01  0.14308217E-01
  0.14184068E-01  0.14062634E-01  0.13943783E-01  0.13827473E-01  0.13713406E-01
  0.13601956E-01  0.13491118E-01  0.13386633E-01  0.13255443E-01  0.13172788E-01
  0.20354875E+01  0.20940358E+01  0.22165351E+01  0.23424185E+01  0.24808278E+01
  0.25760063E+01  0.25341055E+01  0.23173654E+01  0.19646388E+01  0.15924842E+01
  0.12824030E+01  0.10468661E+01  0.86283082E+00  0.71008502E+00  0.58479455E+00
  0.48242075E+00  0.39615109E+00  0.32513843E+00  0.26916105E+00  0.22566973E+00
  0.19132175E+00  0.16360492E+00  0.14093135E+00  0.12220061E+00  0.10656387E+00
  0.93354543E-01  0.82143364E-01  0.72602988E-01  0.64502597E-01  0.57400555E-01
  0.51168262E-01  0.46073033E-01  0.42192160E-01  0.39518922E-01  0.37750417E-01
  0.36455096E-01  0.35298143E-01  0.34145194E-01  0.33000972E-01  0.31908647E-01
  0.30894407E-01  0.29957139E-01  0.29085469E-01  0.28272517E-01  0.27514752E-01
  0.26804167E-01  0.26134208E-01  0.25516728E-01  0.24969659E-01  0.24488454E-01
  0.24045978E-01  0.23614782E-01  0.23183657E-01  0.22755716E-01  0.22338879E-01
  0.21939281E-01  0.21558929E-01  0.21197069E-01  0.20851935E-01  0.20521857E-01
  0.20205513E-01  0.19901855E-01  0.19610017E-01  0.19329240E-01  0.19058844E-01
  0.18798207E-01  0.18546762E-01  0.18303982E-01  0.18069383E-01  0.17842516E-01
  0.17622971E-01  0.17410366E-01  0.17204348E-01  0.17004600E-01  0.16810825E-01
  0.16622756E-01  0.16440138E-01  0.16262723E-01  0.16090280E-01  0.15922586E-01
  0.15759431E-01  0.15600611E-01  0.15445933E-01  0.15295209E-01  0.15148263E-01
  0.15004932E-01  0.14865062E-01  0.14728514E-01  0.14595156E-01  0.14464864E-01
  0.14337524E-01  0.14213021E-01  0.14091257E-01  0.13972101E-01  0.13855518E-01
  0.13741210E-01  0.13629566E-01  0.13518588E-01  0.13414039E-01  0.13282981E-01
  0.13200464E-01  0.20282677E+01  0.20816628E+01  0.21915483E+01  0.23144088E+01
  0.24422597E+01  0.24786051E+01  0.23365166E+01  0.20397784E+01  0.16854624E+01
  0.13709553E+01  0.11205044E+01  0.92204737E+00  0.75832331E+00  0.62383190E+00
  0.51677930E+00  0.42739501E+00  0.35278554E+00  0.29291459E+00  0.24584475E+00
  0.20846231E+00  0.17820814E+00  0.15341992E+00  0.13294737E+00  0.11589209E+00
  0.10154647E+00  0.89371944E-01  0.79019425E-01  0.70201248E-01  0.62616955E-01
  0.55986420E-01  0.50213080E-01  0.45409905E-01  0.41772747E-01  0.39310136E-01
  0.37653378E-01  0.36363194E-01  0.35169724E-01  0.33999958E-01  0.32876172E-01
  0.31825443E-01  0.30852972E-01  0.29947754E-01  0.29099909E-01  0.28305128E-01
  0.27558676E-01  0.26854506E-01  0.26193488E-01  0.25590834E-01  0.25054833E-01
  0.24569278E-01  0.24107384E-01  0.23652906E-01  0.23204916E-01  0.22769794E-01
  0.22353063E-01  0.21956616E-01  0.21579646E-01  0.21220339E-01  0.20876954E-01
  0.20548097E-01  0.20232664E-01  0.19929726E-01  0.19638467E-01  0.19358154E-01
  0.19088118E-01  0.18827748E-01  0.18576483E-01  0.18333806E-01  0.18099237E-01
  0.17872340E-01  0.17652714E-01  0.17439984E-01  0.17233812E-01  0.17033889E-01
  0.16839928E-01  0.16651654E-01  0.16468810E-01  0.16291149E-01  0.16118437E-01
  0.15950451E-01  0.15786981E-01  0.15627823E-01  0.15472786E-01  0.15321687E-01
  0.15174355E-01  0.15030634E-01  0.14890378E-01  0.14753452E-01  0.14619730E-01
  0.14489090E-01  0.14361418E-01  0.14236602E-01  0.14114543E-01  0.13995113E-01
  0.13878277E-01  0.13763742E-01  0.13651910E-01  0.13540788E-01  0.13436161E-01
  0.13305195E-01  0.13222787E-01  0.20223193E+01  0.20705459E+01  0.21716748E+01
  0.22994775E+01  0.23908529E+01  0.23403879E+01  0.21250698E+01  0.18121358E+01
  0.15061939E+01  0.12454221E+01  0.10251179E+01  0.84126351E+00  0.68895164E+00
  0.56678544E+00  0.46956566E+00  0.38851090E+00  0.32277999E+00  0.27068586E+00
  0.22922034E+00  0.19565967E+00  0.16816678E+00  0.14548712E+00  0.12663848E+00
  0.11083850E+00  0.97486427E-01  0.86138400E-01  0.76487405E-01  0.68247962E-01
  0.61096903E-01  0.54875331E-01  0.49458613E-01  0.44887594E-01  0.41470917E-01
  0.39173960E-01  0.37572736E-01  0.36259216E-01  0.35037479E-01  0.33873906E-01
  0.32783490E-01  0.31772757E-01  0.30832833E-01  0.29951873E-01  0.29122532E-01
  0.28340333E-01  0.27601437E-01  0.26902596E-01  0.26250389E-01  0.25658138E-01
  0.25123135E-01  0.24624303E-01  0.24142391E-01  0.23671846E-01  0.23216464E-01
  0.22780913E-01  0.22366882E-01  0.21973478E-01  0.21598814E-01  0.21241066E-01
  0.20898757E-01  0.20570703E-01  0.20255903E-01  0.19953471E-01  0.19662609E-01
  0.19382599E-01  0.19112782E-01  0.18852554E-01  0.18601361E-01  0.18358693E-01
  0.18124082E-01  0.17897102E-01  0.17677354E-01  0.17464475E-01  0.17258137E-01
  0.17058037E-01  0.16863881E-01  0.16675392E-01  0.16492312E-01  0.16314395E-01
  0.16141408E-01  0.15973129E-01  0.15809346E-01  0.15649859E-01  0.15494479E-01
  0.15343031E-01  0.15195350E-01  0.15051283E-01  0.14910690E-01  0.14773440E-01
  0.14639406E-01  0.14508466E-01  0.14380510E-01  0.14255421E-01  0.14133104E-01
  0.14013429E-01  0.13896367E-01  0.13781626E-01  0.13669616E-01  0.13558355E-01
  0.13453642E-01  0.13322734E-01  0.13240408E-01  0.20171179E+01  0.20609597E+01
  0.21609969E+01  0.22748960E+01  0.23049807E+01  0.21757945E+01  0.19336824E+01
  0.16589410E+01  0.14037981E+01  0.11710925E+01  0.96227872E+00  0.78558724E+00
  0.64154405E+00  0.52710980E+00  0.43585295E+00  0.36150414E+00  0.30217976E+00
  0.25502184E+00  0.21703217E+00  0.18601324E+00  0.16048825E+00  0.13934715E+00
  0.12169250E+00  0.10683323E+00  0.94250800E-01  0.83565799E-01  0.74480160E-01
  0.66695293E-01  0.59914915E-01  0.54024083E-01  0.48863485E-01  0.44492005E-01
  0.41264886E-01  0.39078343E-01  0.37486538E-01  0.36144189E-01  0.34915616E-01
  0.33775365E-01  0.32721142E-01  0.31743426E-01  0.30827699E-01  0.29964196E-01
  0.29147817E-01  0.28374490E-01  0.27640863E-01  0.26946603E-01  0.26301361E-01
  0.25712801E-01  0.25170405E-01  0.24655750E-01  0.24159164E-01  0.23681076E-01
  0.23224748E-01  0.22791439E-01  0.22380105E-01  0.21988758E-01  0.21615470E-01
  0.21258664E-01  0.20917060E-01  0.20589562E-01  0.20275202E-01  0.19973110E-01
  0.19682503E-01  0.19402672E-01  0.19132966E-01  0.18872788E-01  0.18621592E-01
  0.18378877E-01  0.18144185E-01  0.17917093E-01  0.17697209E-01  0.17484179E-01
  0.17277681E-01  0.17077404E-01  0.16883051E-01  0.16694347E-01  0.16511034E-01
  0.16332870E-01  0.16159619E-01  0.15991062E-01  0.15826987E-01  0.15667199E-01
  0.15511514E-01  0.15359762E-01  0.15211782E-01  0.15067425E-01  0.14926552E-01
  0.14789032E-01  0.14654738E-01  0.14523549E-01  0.14395352E-01  0.14270033E-01
  0.14147494E-01  0.14027609E-01  0.13910350E-01  0.13795425E-01  0.13683257E-01
  0.13571866E-01  0.13467067E-01  0.13336190E-01  0.13253923E-01  0.20115534E+01
  0.20556832E+01  0.21601877E+01  0.22299087E+01  0.21805127E+01  0.20176750E+01
  0.17991005E+01  0.15718184E+01  0.13455976E+01  0.11228158E+01  0.91880746E+00
  0.74715054E+00  0.60867888E+00  0.49931336E+00  0.41260213E+00  0.34303632E+00
  0.28787155E+00  0.24379938E+00  0.20807704E+00  0.17882790E+00  0.15471153E+00
  0.13467557E+00  0.11788910E+00  0.10373089E+00  0.91743266E-01  0.81583618E-01
  0.72937598E-01  0.65501396E-01  0.59022916E-01  0.53382235E-01  0.48408659E-01
  0.44209144E-01  0.41125097E-01  0.38993303E-01  0.37388690E-01  0.36032473E-01
  0.34816864E-01  0.33706701E-01  0.32683532E-01  0.31729381E-01  0.30830870E-01
  0.29980011E-01  0.29172246E-01  0.28404891E-01  0.27674849E-01  0.26984165E-01
  0.26342352E-01  0.25750885E-01  0.25197379E-01  0.24670218E-01  0.24166320E-01
  0.23686855E-01  0.23232294E-01  0.22801312E-01  0.22391770E-01  0.22001611E-01
  0.21629135E-01  0.21272937E-01  0.20931811E-01  0.20604688E-01  0.20290614E-01
  0.19988732E-01  0.19698270E-01  0.19418525E-01  0.19148852E-01  0.18888663E-01
  0.18637419E-01  0.18394628E-01  0.18159836E-01  0.17932624E-01  0.17712609E-01
  0.17499440E-01  0.17292789E-01  0.17092339E-01  0.16897798E-01  0.16708893E-01
  0.16525367E-01  0.16346976E-01  0.16173488E-01  0.16004683E-01  0.15840355E-01
  0.15680310E-01  0.15524372E-01  0.15372372E-01  0.15224151E-01  0.15079561E-01
  0.14938465E-01  0.14800729E-01  0.14666226E-01  0.14534835E-01  0.14406442E-01
  0.14280934E-01  0.14158213E-01  0.14038155E-01  0.13920731E-01  0.13805654E-01
  0.13693349E-01  0.13581846E-01  0.13476965E-01  0.13346103E-01  0.13263882E-01
  0.20098149E+01  0.20623733E+01  0.21435949E+01  0.21442882E+01  0.20494954E+01
  0.19002765E+01  0.17247921E+01  0.15267480E+01  0.13100837E+01  0.10903531E+01
  0.88948031E+00  0.72141934E+00  0.58668405E+00  0.48061808E+00  0.39695737E+00
  0.33060843E+00  0.27807953E+00  0.23593270E+00  0.20170112E+00  0.17366588E+00
  0.15052273E+00  0.13125330E+00  0.11508158E+00  0.10143288E+00  0.89892195E-01
  0.80130427E-01  0.71808284E-01  0.64625808E-01  0.58370884E-01  0.52912000E-01
  0.48079493E-01  0.44014948E-01  0.41020806E-01  0.38906563E-01  0.37292433E-01
  0.35941140E-01  0.34747421E-01  0.33664256E-01  0.32662971E-01  0.31724098E-01
  0.30836588E-01  0.29994052E-01  0.29192470E-01  0.28429130E-01  0.27701445E-01
  0.27012765E-01  0.26370325E-01  0.25772175E-01  0.25209103E-01  0.24675494E-01
  0.24169989E-01  0.23691824E-01  0.23239181E-01  0.22809693E-01  0.22401134E-01
  0.22011643E-01  0.21639666E-01  0.21283858E-01  0.20943033E-01  0.20616136E-01
  0.20302225E-01  0.20000452E-01  0.19710051E-01  0.19430323E-01  0.19160631E-01
  0.18900394E-01  0.18649081E-01  0.18406203E-01  0.18171311E-01  0.17943989E-01
  0.17723858E-01  0.17510565E-01  0.17303771E-01  0.17103167E-01  0.16908462E-01
  0.16719384E-01  0.16535678E-01  0.16357096E-01  0.16183411E-01  0.16014404E-01
  0.15849873E-01  0.15689630E-01  0.15533497E-01  0.15381308E-01  0.15232906E-01
  0.15088142E-01  0.14946877E-01  0.14808977E-01  0.14674316E-01  0.14542771E-01
  0.14414228E-01  0.14288574E-01  0.14165714E-01  0.14045521E-01  0.13927970E-01
  0.13812774E-01  0.13700363E-01  0.13588769E-01  0.13483823E-01  0.13352971E-01
  0.13270784E-01  0.20303291E+01  0.20597322E+01  0.20782543E+01  0.20333229E+01
  0.19510433E+01  0.18400957E+01  0.16921727E+01  0.15031551E+01  0.12881567E+01
  0.10700527E+01  0.87140422E+00  0.70555891E+00  0.57304209E+00  0.46894907E+00
  0.38725534E+00  0.32288915E+00  0.27184646E+00  0.23082789E+00  0.19752926E+00
  0.17026338E+00  0.14773440E+00  0.12895367E+00  0.11318401E+00  0.99877088E-01
  0.88644320E-01  0.79154298E-01  0.71045173E-01  0.64031888E-01  0.57927043E-01
  0.52591043E-01  0.47860296E-01  0.43885377E-01  0.40937435E-01  0.38829065E-01
  0.37216948E-01  0.35879799E-01  0.34706375E-01  0.33641039E-01  0.32652396E-01
  0.31722591E-01  0.30841872E-01  0.30004341E-01  0.29206491E-01  0.28445377E-01
  0.27718990E-01  0.27030531E-01  0.26384914E-01  0.25780640E-01  0.25212638E-01
  0.24677509E-01  0.24172860E-01  0.23696141E-01  0.23244631E-01  0.22815875E-01
  0.22407807E-01  0.22018680E-01  0.21646984E-01  0.21291388E-01  0.20950719E-01
  0.20623930E-01  0.20310088E-01  0.20008351E-01  0.19717952E-01  0.19438201E-01
  0.19168466E-01  0.18908172E-01  0.18656789E-01  0.18413833E-01  0.18178855E-01
  0.17951443E-01  0.17731217E-01  0.17517819E-01  0.17310913E-01  0.17110191E-01
  0.16915364E-01  0.16726157E-01  0.16542314E-01  0.16363592E-01  0.16189763E-01
  0.16020614E-01  0.15855943E-01  0.15695564E-01  0.15539300E-01  0.15386984E-01
  0.15238460E-01  0.15093579E-01  0.14952200E-01  0.14814189E-01  0.14679419E-01
  0.14547769E-01  0.14419124E-01  0.14293371E-01  0.14170415E-01  0.14050130E-01
  0.13932492E-01  0.13817215E-01  0.13704732E-01  0.13593079E-01  0.13488088E-01
  0.13357235E-01  0.13275066E-01  0.20041280E+01  0.20039858E+01  0.19935139E+01
  0.19626208E+01  0.19095239E+01  0.18207596E+01  0.16800341E+01  0.14916988E+01
  0.12771744E+01  0.10601392E+01  0.86256290E+00  0.69773387E+00  0.56624896E+00
  0.46313325E+00  0.38246167E+00  0.31902781E+00  0.26864342E+00  0.22817501E+00
  0.19535112E+00  0.16847174E+00  0.14624935E+00  0.12771802E+00  0.11215795E+00
  0.99031577E-01  0.87965469E-01  0.78619137E-01  0.70618059E-01  0.63696314E-01
  0.57674937E-01  0.52407684E-01  0.47736845E-01  0.43808967E-01  0.40881562E-01
  0.38778757E-01  0.37174410E-01  0.35849077E-01  0.34686738E-01  0.33629513E-01
  0.32646522E-01  0.31721043E-01  0.30843751E-01  0.30008846E-01  0.29212794E-01
  0.28452647E-01  0.27726759E-01  0.27037738E-01  0.26389614E-01  0.25782594E-01
  0.25213536E-01  0.24678802E-01  0.24175007E-01  0.23698959E-01  0.23247866E-01
  0.22819381E-01  0.22411513E-01  0.22022538E-01  0.21650953E-01  0.21295436E-01
  0.20954818E-01  0.20628059E-01  0.20314229E-01  0.20012486E-01  0.19722069E-01
  0.19442289E-01  0.19172518E-01  0.18912181E-01  0.18660751E-01  0.18417744E-01
  0.18182713E-01  0.17955246E-01  0.17734959E-01  0.17521497E-01  0.17314527E-01
  0.17113738E-01  0.16918840E-01  0.16729558E-01  0.16545638E-01  0.16366837E-01
  0.16192930E-01  0.16023704E-01  0.15858959E-01  0.15698509E-01  0.15542176E-01
  0.15389794E-01  0.15241207E-01  0.15096264E-01  0.14954825E-01  0.14816756E-01
  0.14681929E-01  0.14550223E-01  0.14421525E-01  0.14295720E-01  0.14172714E-01
  0.14052381E-01  0.13934697E-01  0.13819378E-01  0.13706858E-01  0.13595174E-01
  0.13490158E-01  0.13359298E-01  0.13277134E-01  0.19587005E+01  0.19585779E+01
  0.19558764E+01  0.19421600E+01  0.19021145E+01  0.18174199E+01  0.16769709E+01
  0.14885615E+01  0.12743139E+01  0.10575761E+01  0.86023577E+00  0.69565432E+00
  0.56442583E+00  0.46157589E+00  0.38118448E+00  0.31797936E+00  0.26775603E+00
  0.22743540E+00  0.19474047E+00  0.16796468E+00  0.14582442E+00  0.12736201E+00
  0.11186045E+00  0.98784188E-01  0.87765346E-01  0.78458393E-01  0.70486692E-01
  0.63591394E-01  0.57594630E-01  0.52349165E-01  0.47697491E-01  0.43783648E-01
  0.40862323E-01  0.38762493E-01  0.37162239E-01  0.35840792E-01  0.34681219E-01
  0.33625792E-01  0.32644197E-01  0.31719923E-01  0.30843656E-01  0.30009531E-01
  0.29213918E-01  0.28453991E-01  0.27728198E-01  0.27038926E-01  0.26390191E-01
  0.25782770E-01  0.25213791E-01  0.24679354E-01  0.24175790E-01  0.23699865E-01
  0.23248844E-01  0.22820415E-01  0.22412590E-01  0.22023646E-01  0.21652080E-01
  0.21296576E-01  0.20955965E-01  0.20629207E-01  0.20315372E-01  0.20013621E-01
  0.19723195E-01  0.19443404E-01  0.19173620E-01  0.18913269E-01  0.18661824E-01
  0.18418801E-01  0.18183754E-01  0.17956270E-01  0.17735966E-01  0.17522485E-01
  0.17315495E-01  0.17114686E-01  0.16919765E-01  0.16730461E-01  0.16546519E-01
  0.16367696E-01  0.16193767E-01  0.16024519E-01  0.15859754E-01  0.15699284E-01
  0.15542932E-01  0.15390532E-01  0.15241927E-01  0.15096968E-01  0.14955512E-01
  0.14817427E-01  0.14682584E-01  0.14550863E-01  0.14422149E-01  0.14296330E-01
  0.14173311E-01  0.14052965E-01  0.13935268E-01  0.13819937E-01  0.13707406E-01
  0.13595714E-01  0.13490690E-01  0.13359827E-01  0.13277666E-01
