  0.34905203E+04  0.34853458E+04  0.34748114E+04  0.34624388E+04  0.34471925E+04
  0.34302782E+04  0.34131658E+04  0.33971099E+04  0.33828398E+04  0.33705658E+04
  0.33601567E+04  0.33513596E+04  0.33439728E+04  0.33377639E+04  0.33325158E+04
  0.33280397E+04  0.33241807E+04  0.33208142E+04  0.33178403E+04  0.33151781E+04
  0.33127608E+04  0.33105315E+04  0.33084405E+04  0.33064421E+04  0.33044952E+04
  0.33025536E+04  0.33005756E+04  0.32985291E+04  0.32963864E+04  0.32941346E+04
  0.32917892E+04  0.32894275E+04  0.32871096E+04  0.32848147E+04  0.32825223E+04
  0.32802429E+04  0.32779992E+04  0.32758032E+04  0.32736615E+04  0.32715905E+04
  0.32695889E+04  0.32676459E+04  0.32657525E+04  0.32639002E+04  0.32620696E+04
  0.32602417E+04  0.32584393E+04  0.32566894E+04  0.32550079E+04  0.32534121E+04
  0.32519160E+04  0.32504903E+04  0.32491181E+04  0.32478345E+04  0.32466502E+04
  0.32455566E+04  0.32445448E+04  0.32436077E+04  0.32427419E+04  0.32419385E+04
  0.32411877E+04  0.32404900E+04  0.32398378E+04  0.32392170E+04  0.32386260E+04
  0.32380636E+04  0.32375339E+04  0.32370471E+04  0.32366072E+04  0.32362138E+04
  0.32358656E+04  0.32355601E+04  0.32352938E+04  0.32350628E+04  0.32348636E+04
  0.32346941E+04  0.32345531E+04  0.32344398E+04  0.32343540E+04  0.32342959E+04
  0.32342608E+04  0.32342511E+04  0.32342664E+04  0.32342996E+04  0.32343501E+04
  0.32344160E+04  0.32344949E+04  0.32345848E+04  0.32346834E+04  0.32347885E+04
  0.32348982E+04  0.32350107E+04  0.32351242E+04  0.32352376E+04  0.32353480E+04
  0.32354529E+04  0.32355489E+04  0.32356393E+04  0.32357084E+04  0.32357907E+04
  0.32358494E+04  0.34905045E+04  0.34851864E+04  0.34742975E+04  0.34616393E+04
  0.34463243E+04  0.34294532E+04  0.34124321E+04  0.33964693E+04  0.33822927E+04
  0.33700968E+04  0.33597360E+04  0.33509837E+04  0.33436354E+04  0.33374601E+04
  0.33322403E+04  0.33277883E+04  0.33239500E+04  0.33206016E+04  0.33176435E+04
  0.33149953E+04  0.33125900E+04  0.33103710E+04  0.33082880E+04  0.33062958E+04
  0.33043513E+04  0.33024095E+04  0.33004300E+04  0.32983787E+04  0.32962269E+04
  0.32939596E+04  0.32915893E+04  0.32891881E+04  0.32868193E+04  0.32844695E+04
  0.32821178E+04  0.32797739E+04  0.32774600E+04  0.32751871E+04  0.32729590E+04
  0.32707862E+04  0.32686590E+04  0.32665585E+04  0.32644807E+04  0.32624424E+04
  0.32604308E+04  0.32584542E+04  0.32565568E+04  0.32547529E+04  0.32530608E+04
  0.32514885E+04  0.32500325E+04  0.32486890E+04  0.32474496E+04  0.32462992E+04
  0.32452180E+04  0.32442159E+04  0.32433188E+04  0.32425333E+04  0.32418629E+04
  0.32412918E+04  0.32407910E+04  0.32403514E+04  0.32399482E+04  0.32396026E+04
  0.32393383E+04  0.32391351E+04  0.32389946E+04  0.32389087E+04  0.32388653E+04
  0.32388549E+04  0.32388729E+04  0.32389146E+04  0.32389724E+04  0.32390387E+04
  0.32391112E+04  0.32391919E+04  0.32392827E+04  0.32393835E+04  0.32394966E+04
  0.32396247E+04  0.32397648E+04  0.32399174E+04  0.32400784E+04  0.32402407E+04
  0.32404044E+04  0.32405694E+04  0.32407355E+04  0.32409015E+04  0.32410666E+04
  0.32412302E+04  0.32413918E+04  0.32415507E+04  0.32417060E+04  0.32418576E+04
  0.32420040E+04  0.32421445E+04  0.32422769E+04  0.32424060E+04  0.32425109E+04
  0.32426479E+04  0.32427461E+04  0.34904370E+04  0.34847701E+04  0.34730263E+04
  0.34596377E+04  0.34440734E+04  0.34272455E+04  0.34104139E+04  0.33946835E+04
  0.33807369E+04  0.33687366E+04  0.33585276E+04  0.33499129E+04  0.33426789E+04
  0.33365971E+04  0.33314538E+04  0.33270656E+04  0.33232816E+04  0.33199803E+04
  0.33170634E+04  0.33144512E+04  0.33120771E+04  0.33098843E+04  0.33078222E+04
  0.33058453E+04  0.33039081E+04  0.33019658E+04  0.32999791E+04  0.32979103E+04
  0.32957282E+04  0.32934136E+04  0.32909710E+04  0.32884650E+04  0.32859726E+04
  0.32834952E+04  0.32810117E+04  0.32785295E+04  0.32760662E+04  0.32736241E+04
  0.32711956E+04  0.32687838E+04  0.32663845E+04  0.32639983E+04  0.32616564E+04
  0.32593981E+04  0.32572299E+04  0.32551843E+04  0.32533149E+04  0.32516483E+04
  0.32501412E+04  0.32487535E+04  0.32475373E+04  0.32465626E+04  0.32457893E+04
  0.32451893E+04  0.32447626E+04  0.32445023E+04  0.32444228E+04  0.32444680E+04
  0.32445966E+04  0.32447641E+04  0.32449218E+04  0.32450592E+04  0.32451644E+04
  0.32452772E+04  0.32454449E+04  0.32456607E+04  0.32459252E+04  0.32462217E+04
  0.32465327E+04  0.32468535E+04  0.32471815E+04  0.32475112E+04  0.32478348E+04
  0.32481484E+04  0.32484529E+04  0.32487520E+04  0.32490484E+04  0.32493421E+04
  0.32496347E+04  0.32499270E+04  0.32502162E+04  0.32504997E+04  0.32507740E+04
  0.32510366E+04  0.32512870E+04  0.32515262E+04  0.32517528E+04  0.32519640E+04
  0.32521610E+04  0.32523462E+04  0.32525215E+04  0.32526894E+04  0.32528520E+04
  0.32530101E+04  0.32531642E+04  0.32533196E+04  0.32534744E+04  0.32536282E+04
  0.32537515E+04  0.32539202E+04  0.32540439E+04  0.34902883E+04  0.34841896E+04
  0.34714153E+04  0.34570901E+04  0.34410956E+04  0.34242212E+04  0.34075697E+04
  0.33921279E+04  0.33784747E+04  0.33667323E+04  0.33567491E+04  0.33483302E+04
  0.33412570E+04  0.33353054E+04  0.33302687E+04  0.33259695E+04  0.33222613E+04
  0.33190254E+04  0.33161657E+04  0.33136033E+04  0.33112722E+04  0.33091156E+04
  0.33070824E+04  0.33051264E+04  0.33032002E+04  0.33012582E+04  0.32992598E+04
  0.32971647E+04  0.32949382E+04  0.32925579E+04  0.32900188E+04  0.32873829E+04
  0.32847497E+04  0.32821371E+04  0.32795191E+04  0.32768932E+04  0.32742614E+04
  0.32716181E+04  0.32689625E+04  0.32663329E+04  0.32637604E+04  0.32612873E+04
  0.32589655E+04  0.32568065E+04  0.32548688E+04  0.32531182E+04  0.32515931E+04
  0.32504143E+04  0.32496141E+04  0.32491724E+04  0.32490996E+04  0.32493588E+04
  0.32496923E+04  0.32500207E+04  0.32503901E+04  0.32508209E+04  0.32513317E+04
  0.32518833E+04  0.32524446E+04  0.32529788E+04  0.32534661E+04  0.32539091E+04
  0.32543118E+04  0.32546821E+04  0.32550414E+04  0.32554063E+04  0.32557787E+04
  0.32561508E+04  0.32565154E+04  0.32568696E+04  0.32572011E+04  0.32574987E+04
  0.32577698E+04  0.32580273E+04  0.32582757E+04  0.32585250E+04  0.32587830E+04
  0.32590352E+04  0.32592682E+04  0.32594769E+04  0.32596585E+04  0.32598153E+04
  0.32599538E+04  0.32600774E+04  0.32601879E+04  0.32602913E+04  0.32603849E+04
  0.32604656E+04  0.32605361E+04  0.32605990E+04  0.32606556E+04  0.32607066E+04
  0.32607529E+04  0.32607938E+04  0.32608274E+04  0.32608478E+04  0.32608504E+04
  0.32608426E+04  0.32608105E+04  0.32607891E+04  0.32607952E+04  0.34900420E+04
  0.34834758E+04  0.34696331E+04  0.34543164E+04  0.34377860E+04  0.34207895E+04
  0.34042944E+04  0.33891560E+04  0.33758281E+04  0.33643802E+04  0.33546551E+04
  0.33464538E+04  0.33395602E+04  0.33337564E+04  0.33288420E+04  0.33246452E+04
  0.33210242E+04  0.33178633E+04  0.33150687E+04  0.33125628E+04  0.33102804E+04
  0.33081648E+04  0.33061647E+04  0.33042326E+04  0.33023198E+04  0.33003799E+04
  0.32983708E+04  0.32962494E+04  0.32939786E+04  0.32915330E+04  0.32889000E+04
  0.32861442E+04  0.32833893E+04  0.32806618E+04  0.32779141E+04  0.32751321E+04
  0.32723181E+04  0.32694985E+04  0.32667248E+04  0.32640843E+04  0.32616218E+04
  0.32593648E+04  0.32573305E+04  0.32554992E+04  0.32540009E+04  0.32530506E+04
  0.32527758E+04  0.32530812E+04  0.32537014E+04  0.32544479E+04  0.32553197E+04
  0.32562601E+04  0.32571169E+04  0.32578477E+04  0.32584781E+04  0.32590564E+04
  0.32596093E+04  0.32601550E+04  0.32607221E+04  0.32613141E+04  0.32619223E+04
  0.32624981E+04  0.32630134E+04  0.32634904E+04  0.32639369E+04  0.32643844E+04
  0.32648161E+04  0.32651795E+04  0.32654848E+04  0.32657335E+04  0.32659237E+04
  0.32660733E+04  0.32661931E+04  0.32662934E+04  0.32663740E+04  0.32664219E+04
  0.32664232E+04  0.32663846E+04  0.32663226E+04  0.32662439E+04  0.32661543E+04
  0.32660606E+04  0.32659725E+04  0.32658979E+04  0.32658456E+04  0.32658331E+04
  0.32658639E+04  0.32659332E+04  0.32660326E+04  0.32661268E+04  0.32661209E+04
  0.32659639E+04  0.32656957E+04  0.32653373E+04  0.32648787E+04  0.32642995E+04
  0.32635771E+04  0.32627086E+04  0.32617191E+04  0.32603776E+04  0.32595567E+04
  0.34896855E+04  0.34826199E+04  0.34676879E+04  0.34513797E+04  0.34342655E+04
  0.34171065E+04  0.34007651E+04  0.33859400E+04  0.33729583E+04  0.33618287E+04
  0.33523855E+04  0.33444227E+04  0.33377258E+04  0.33320827E+04  0.33273001E+04
  0.33232126E+04  0.33196833E+04  0.33166006E+04  0.33138730E+04  0.33114248E+04
  0.33091919E+04  0.33071178E+04  0.33051514E+04  0.33032438E+04  0.33013452E+04
  0.32994091E+04  0.32973913E+04  0.32952466E+04  0.32929358E+04  0.32904303E+04
  0.32877138E+04  0.32848603E+04  0.32820062E+04  0.32791621E+04  0.32762613E+04
  0.32733297E+04  0.32704090E+04  0.32675808E+04  0.32649495E+04  0.32625675E+04
  0.32604239E+04  0.32585005E+04  0.32569464E+04  0.32559765E+04  0.32558635E+04
  0.32566057E+04  0.32578329E+04  0.32592403E+04  0.32605415E+04  0.32616117E+04
  0.32625313E+04  0.32633680E+04  0.32641979E+04  0.32650727E+04  0.32660089E+04
  0.32669504E+04  0.32678006E+04  0.32685824E+04  0.32693867E+04  0.32701464E+04
  0.32707657E+04  0.32712358E+04  0.32715833E+04  0.32718711E+04  0.32720981E+04
  0.32722147E+04  0.32722060E+04  0.32721052E+04  0.32719721E+04  0.32718564E+04
  0.32718281E+04  0.32719384E+04  0.32719425E+04  0.32716871E+04  0.32711882E+04
  0.32703786E+04  0.32692331E+04  0.32677120E+04  0.32659594E+04  0.32642421E+04
  0.32626913E+04  0.32613267E+04  0.32601306E+04  0.32590802E+04  0.32581574E+04
  0.32573531E+04  0.32566684E+04  0.32560953E+04  0.32556051E+04  0.32551487E+04
  0.32546229E+04  0.32539698E+04  0.32532244E+04  0.32524050E+04  0.32515017E+04
  0.32505022E+04  0.32493876E+04  0.32481362E+04  0.32467939E+04  0.32449981E+04
  0.32438828E+04  0.34892041E+04  0.34816006E+04  0.34655463E+04  0.34482548E+04
  0.34305491E+04  0.34132249E+04  0.33970511E+04  0.33825552E+04  0.33699431E+04
  0.33591575E+04  0.33500171E+04  0.33423098E+04  0.33358230E+04  0.33303508E+04
  0.33257075E+04  0.33217343E+04  0.33183000E+04  0.33152970E+04  0.33126371E+04
  0.33102466E+04  0.33080627E+04  0.33060293E+04  0.33040960E+04  0.33022126E+04
  0.33003284E+04  0.32983970E+04  0.32963721E+04  0.32942068E+04  0.32918599E+04
  0.32893004E+04  0.32865146E+04  0.32835828E+04  0.32806289E+04  0.32776438E+04
  0.32746148E+04  0.32716562E+04  0.32688374E+04  0.32662574E+04  0.32639682E+04
  0.32619188E+04  0.32602247E+04  0.32591311E+04  0.32589201E+04  0.32595351E+04
  0.32608835E+04  0.32626486E+04  0.32642889E+04  0.32656906E+04  0.32669500E+04
  0.32681927E+04  0.32694897E+04  0.32708285E+04  0.32721186E+04  0.32733887E+04
  0.32746111E+04  0.32756015E+04  0.32763886E+04  0.32771055E+04  0.32775670E+04
  0.32776844E+04  0.32776574E+04  0.32777390E+04  0.32778490E+04  0.32776756E+04
  0.32769391E+04  0.32754006E+04  0.32733937E+04  0.32714466E+04  0.32697684E+04
  0.32683926E+04  0.32673021E+04  0.32664862E+04  0.32656861E+04  0.32647109E+04
  0.32635515E+04  0.32621481E+04  0.32604868E+04  0.32585012E+04  0.32563034E+04
  0.32541463E+04  0.32521632E+04  0.32503785E+04  0.32487649E+04  0.32472884E+04
  0.32459197E+04  0.32446339E+04  0.32434250E+04  0.32422879E+04  0.32412033E+04
  0.32401579E+04  0.32391429E+04  0.32381506E+04  0.32371754E+04  0.32362132E+04
  0.32352617E+04  0.32343183E+04  0.32333847E+04  0.32324464E+04  0.32315519E+04
  0.32304306E+04  0.32297288E+04  0.34885805E+04  0.34803907E+04  0.34631667E+04
  0.34448875E+04  0.34266099E+04  0.34091576E+04  0.33931787E+04  0.33790334E+04
  0.33668125E+04  0.33563975E+04  0.33475813E+04  0.33401460E+04  0.33338820E+04
  0.33285902E+04  0.33240929E+04  0.33202388E+04  0.33169024E+04  0.33139809E+04
  0.33113894E+04  0.33090566E+04  0.33069211E+04  0.33049279E+04  0.33030269E+04
  0.33011671E+04  0.32992973E+04  0.32973709E+04  0.32953401E+04  0.32931566E+04
  0.32907770E+04  0.32881727E+04  0.32853330E+04  0.32823238E+04  0.32792562E+04
  0.32761647E+04  0.32731656E+04  0.32703910E+04  0.32678646E+04  0.32656564E+04
  0.32637267E+04  0.32623830E+04  0.32619748E+04  0.32623837E+04  0.32635392E+04
  0.32651198E+04  0.32668389E+04  0.32686615E+04  0.32704686E+04  0.32722659E+04
  0.32740565E+04  0.32758936E+04  0.32777493E+04  0.32793766E+04  0.32807363E+04
  0.32818501E+04  0.32825052E+04  0.32828668E+04  0.32837001E+04  0.32837209E+04
  0.32819883E+04  0.32797645E+04  0.32777376E+04  0.32762282E+04  0.32750365E+04
  0.32737598E+04  0.32720890E+04  0.32698021E+04  0.32671969E+04  0.32647221E+04
  0.32625412E+04  0.32606268E+04  0.32588898E+04  0.32572871E+04  0.32558040E+04
  0.32544041E+04  0.32530620E+04  0.32517629E+04  0.32504970E+04  0.32492589E+04
  0.32480452E+04  0.32468526E+04  0.32456888E+04  0.32445602E+04  0.32434599E+04
  0.32423812E+04  0.32413189E+04  0.32402688E+04  0.32392286E+04  0.32381960E+04
  0.32371702E+04  0.32361503E+04  0.32351360E+04  0.32341275E+04  0.32331250E+04
  0.32321282E+04  0.32311373E+04  0.32301511E+04  0.32291726E+04  0.32281880E+04
  0.32272485E+04  0.32260722E+04  0.32253369E+04  0.34877932E+04  0.34789594E+04
  0.34605009E+04  0.34412353E+04  0.34224288E+04  0.34049058E+04  0.33891624E+04
  0.33753979E+04  0.33635919E+04  0.33535697E+04  0.33450960E+04  0.33379475E+04
  0.33319175E+04  0.33268145E+04  0.33224695E+04  0.33187388E+04  0.33155033E+04
  0.33126651E+04  0.33101428E+04  0.33078678E+04  0.33057806E+04  0.33038271E+04
  0.33019579E+04  0.33001213E+04  0.32982659E+04  0.32963451E+04  0.32943100E+04
  0.32921115E+04  0.32897049E+04  0.32870694E+04  0.32841825E+04  0.32810865E+04
  0.32779382E+04  0.32749083E+04  0.32721603E+04  0.32696919E+04  0.32675209E+04
  0.32659300E+04  0.32650528E+04  0.32650982E+04  0.32660285E+04  0.32674014E+04
  0.32690240E+04  0.32708395E+04  0.32728716E+04  0.32751900E+04  0.32775905E+04
  0.32800273E+04  0.32824359E+04  0.32847985E+04  0.32864764E+04  0.32874508E+04
  0.32881126E+04  0.32874735E+04  0.32856054E+04  0.32837114E+04  0.32826752E+04
  0.32811216E+04  0.32783046E+04  0.32753850E+04  0.32727279E+04  0.32704107E+04
  0.32683402E+04  0.32664531E+04  0.32647113E+04  0.32630572E+04  0.32614587E+04
  0.32599175E+04  0.32584333E+04  0.32569862E+04  0.32555650E+04  0.32541667E+04
  0.32527895E+04  0.32514355E+04  0.32501071E+04  0.32488037E+04  0.32475245E+04
  0.32462688E+04  0.32450356E+04  0.32438239E+04  0.32426323E+04  0.32414586E+04
  0.32403010E+04  0.32391578E+04  0.32380276E+04  0.32369101E+04  0.32358049E+04
  0.32347113E+04  0.32336284E+04  0.32325556E+04  0.32314921E+04  0.32304374E+04
  0.32293912E+04  0.32283530E+04  0.32273230E+04  0.32262998E+04  0.32252866E+04
  0.32242687E+04  0.32232983E+04  0.32220851E+04  0.32213271E+04  0.34868159E+04
  0.34772719E+04  0.34574931E+04  0.34372568E+04  0.34179984E+04  0.34004772E+04
  0.33850201E+04  0.33716745E+04  0.33603134E+04  0.33507036E+04  0.33425865E+04
  0.33357355E+04  0.33299478E+04  0.33250401E+04  0.33208520E+04  0.33172478E+04
  0.33141153E+04  0.33113614E+04  0.33089088E+04  0.33066917E+04  0.33046523E+04
  0.33027379E+04  0.33008997E+04  0.32990859E+04  0.32972453E+04  0.32953313E+04
  0.32932946E+04  0.32910853E+04  0.32886608E+04  0.32860072E+04  0.32830671E+04
  0.32799095E+04  0.32768221E+04  0.32740661E+04  0.32716709E+04  0.32696058E+04
  0.32682704E+04  0.32679459E+04  0.32684344E+04  0.32695449E+04  0.32710140E+04
  0.32727587E+04  0.32748000E+04  0.32771455E+04  0.32798336E+04  0.32828623E+04
  0.32860624E+04  0.32890665E+04  0.32916809E+04  0.32930089E+04  0.32920187E+04
  0.32899586E+04  0.32880225E+04  0.32854803E+04  0.32824038E+04  0.32795348E+04
  0.32770100E+04  0.32747933E+04  0.32728051E+04  0.32709310E+04  0.32691310E+04
  0.32673768E+04  0.32656529E+04  0.32639556E+04  0.32622875E+04  0.32606507E+04
  0.32590452E+04  0.32574703E+04  0.32559243E+04  0.32544070E+04  0.32529210E+04
  0.32514695E+04  0.32500526E+04  0.32486694E+04  0.32473183E+04  0.32459977E+04
  0.32447055E+04  0.32434400E+04  0.32421991E+04  0.32409809E+04  0.32397834E+04
  0.32386047E+04  0.32374430E+04  0.32362967E+04  0.32351642E+04  0.32340444E+04
  0.32329359E+04  0.32318380E+04  0.32307498E+04  0.32296708E+04  0.32286005E+04
  0.32275385E+04  0.32264847E+04  0.32254385E+04  0.32244002E+04  0.32233686E+04
  0.32223466E+04  0.32213194E+04  0.32203398E+04  0.32191132E+04  0.32183464E+04
  0.34856206E+04  0.34752954E+04  0.34541053E+04  0.34329253E+04  0.34133136E+04
  0.33958848E+04  0.33807782E+04  0.33678931E+04  0.33570031E+04  0.33478222E+04
  0.33400733E+04  0.33335283E+04  0.33279896E+04  0.33232821E+04  0.33192546E+04
  0.33157796E+04  0.33127515E+04  0.33100827E+04  0.33076997E+04  0.33055398E+04
  0.33035475E+04  0.33016716E+04  0.32998635E+04  0.32980721E+04  0.32962472E+04
  0.32943420E+04  0.32923074E+04  0.32900927E+04  0.32876620E+04  0.32849955E+04
  0.32820066E+04  0.32788973E+04  0.32760521E+04  0.32736561E+04  0.32718464E+04
  0.32708099E+04  0.32707633E+04  0.32715603E+04  0.32727988E+04  0.32744430E+04
  0.32764280E+04  0.32787697E+04  0.32814761E+04  0.32845853E+04  0.32882145E+04
  0.32918038E+04  0.32954629E+04  0.32968835E+04  0.32954718E+04  0.32931313E+04
  0.32898722E+04  0.32864160E+04  0.32833612E+04  0.32808461E+04  0.32786564E+04
  0.32766181E+04  0.32746411E+04  0.32726940E+04  0.32707738E+04  0.32688832E+04
  0.32670226E+04  0.32651958E+04  0.32634094E+04  0.32616676E+04  0.32599702E+04
  0.32583156E+04  0.32567023E+04  0.32551288E+04  0.32535938E+04  0.32520961E+04
  0.32506344E+04  0.32492070E+04  0.32478122E+04  0.32464484E+04  0.32451141E+04
  0.32438072E+04  0.32425259E+04  0.32412684E+04  0.32400327E+04  0.32388170E+04
  0.32376195E+04  0.32364385E+04  0.32352725E+04  0.32341202E+04  0.32329803E+04
  0.32318519E+04  0.32307343E+04  0.32296269E+04  0.32285291E+04  0.32274405E+04
  0.32263609E+04  0.32252897E+04  0.32242270E+04  0.32231722E+04  0.32221255E+04
  0.32210857E+04  0.32200557E+04  0.32190205E+04  0.32180331E+04  0.32167958E+04
  0.32160220E+04  0.34841668E+04  0.34729848E+04  0.34503044E+04  0.34282332E+04
  0.34083812E+04  0.33911463E+04  0.33764625E+04  0.33640809E+04  0.33536857E+04
  0.33449474E+04  0.33375755E+04  0.33313430E+04  0.33260585E+04  0.33215553E+04
  0.33176914E+04  0.33143476E+04  0.33114250E+04  0.33088415E+04  0.33065279E+04
  0.33044246E+04  0.33024783E+04  0.33006400E+04  0.32988615E+04  0.32970925E+04
  0.32952844E+04  0.32933904E+04  0.32913614E+04  0.32891483E+04  0.32867236E+04
  0.32840473E+04  0.32810727E+04  0.32781617E+04  0.32756428E+04  0.32739941E+04
  0.32734160E+04  0.32735976E+04  0.32744846E+04  0.32759136E+04  0.32777366E+04
  0.32800157E+04  0.32826832E+04  0.32858290E+04  0.32895851E+04  0.32937165E+04
  0.32977790E+04  0.32993300E+04  0.32986189E+04  0.32961546E+04  0.32919658E+04
  0.32883863E+04  0.32856495E+04  0.32833290E+04  0.32811529E+04  0.32790177E+04
  0.32769027E+04  0.32748129E+04  0.32727574E+04  0.32707485E+04  0.32687924E+04
  0.32668888E+04  0.32650356E+04  0.32632306E+04  0.32614717E+04  0.32597566E+04
  0.32580837E+04  0.32564515E+04  0.32548586E+04  0.32533038E+04  0.32517859E+04
  0.32503036E+04  0.32488553E+04  0.32474396E+04  0.32460550E+04  0.32446997E+04
  0.32433720E+04  0.32420698E+04  0.32407913E+04  0.32395347E+04  0.32382981E+04
  0.32370797E+04  0.32358779E+04  0.32346914E+04  0.32335187E+04  0.32323591E+04
  0.32312115E+04  0.32300753E+04  0.32289501E+04  0.32278352E+04  0.32267303E+04
  0.32256349E+04  0.32245489E+04  0.32234718E+04  0.32224034E+04  0.32213434E+04
  0.32202917E+04  0.32192470E+04  0.32182124E+04  0.32171726E+04  0.32161808E+04
  0.32149371E+04  0.32141591E+04  0.34824007E+04  0.34702798E+04  0.34460539E+04
  0.34231892E+04  0.34032305E+04  0.33862965E+04  0.33721044E+04  0.33602643E+04
  0.33503835E+04  0.33420986E+04  0.33351106E+04  0.33291955E+04  0.33241688E+04
  0.33198730E+04  0.33161751E+04  0.33129641E+04  0.33101480E+04  0.33076501E+04
  0.33054055E+04  0.33033580E+04  0.33014570E+04  0.32996553E+04  0.32979059E+04
  0.32961596E+04  0.32943692E+04  0.32924889E+04  0.32904693E+04  0.32882690E+04
  0.32858615E+04  0.32832021E+04  0.32803370E+04  0.32777163E+04  0.32760802E+04
  0.32757706E+04  0.32763063E+04  0.32772648E+04  0.32788428E+04  0.32809554E+04
  0.32834508E+04  0.32865089E+04  0.32901353E+04  0.32943193E+04  0.32993821E+04
  0.33023125E+04  0.33018118E+04  0.32991106E+04  0.32949817E+04  0.32914717E+04
  0.32887781E+04  0.32863948E+04  0.32840940E+04  0.32818138E+04  0.32795572E+04
  0.32773427E+04  0.32751872E+04  0.32730928E+04  0.32710572E+04  0.32690768E+04
  0.32671484E+04  0.32652696E+04  0.32634383E+04  0.32616527E+04  0.32599112E+04
  0.32582125E+04  0.32565553E+04  0.32549383E+04  0.32533603E+04  0.32518198E+04
  0.32503154E+04  0.32488456E+04  0.32474087E+04  0.32460031E+04  0.32446271E+04
  0.32432787E+04  0.32419559E+04  0.32406569E+04  0.32393796E+04  0.32381223E+04
  0.32368834E+04  0.32356611E+04  0.32344543E+04  0.32332617E+04  0.32320826E+04
  0.32309161E+04  0.32297617E+04  0.32286188E+04  0.32274871E+04  0.32263661E+04
  0.32252555E+04  0.32241550E+04  0.32230641E+04  0.32219826E+04  0.32209102E+04
  0.32198464E+04  0.32187913E+04  0.32177436E+04  0.32167060E+04  0.32156633E+04
  0.32146688E+04  0.32134211E+04  0.32126402E+04  0.34802139E+04  0.34670827E+04
  0.34413105E+04  0.34178030E+04  0.33978840E+04  0.33813592E+04  0.33677251E+04
  0.33564627E+04  0.33471147E+04  0.33392927E+04  0.33326943E+04  0.33271007E+04
  0.33223347E+04  0.33182487E+04  0.33147185E+04  0.33116414E+04  0.33089322E+04
  0.33065195E+04  0.33043432E+04  0.33023506E+04  0.33004938E+04  0.32987280E+04
  0.32970073E+04  0.32952841E+04  0.32935133E+04  0.32916499E+04  0.32896475E+04
  0.32874779E+04  0.32851067E+04  0.32825193E+04  0.32798394E+04  0.32780419E+04
  0.32778687E+04  0.32786676E+04  0.32798835E+04  0.32815820E+04  0.32839246E+04
  0.32867434E+04  0.32900708E+04  0.32943297E+04  0.32990705E+04  0.33026330E+04
  0.33044782E+04  0.33031201E+04  0.32989934E+04  0.32952803E+04  0.32924162E+04
  0.32898822E+04  0.32874248E+04  0.32849974E+04  0.32826133E+04  0.32802934E+04
  0.32780427E+04  0.32758578E+04  0.32737341E+04  0.32716675E+04  0.32696555E+04
  0.32676959E+04  0.32657869E+04  0.32639266E+04  0.32621134E+04  0.32603455E+04
  0.32586214E+04  0.32569395E+04  0.32552985E+04  0.32536969E+04  0.32521332E+04
  0.32506059E+04  0.32491134E+04  0.32476539E+04  0.32462260E+04  0.32448277E+04
  0.32434572E+04  0.32421125E+04  0.32407918E+04  0.32394930E+04  0.32382144E+04
  0.32369542E+04  0.32357111E+04  0.32344836E+04  0.32332709E+04  0.32320721E+04
  0.32308866E+04  0.32297138E+04  0.32285533E+04  0.32274047E+04  0.32262676E+04
  0.32251416E+04  0.32240265E+04  0.32229218E+04  0.32218273E+04  0.32207426E+04
  0.32196673E+04  0.32186010E+04  0.32175438E+04  0.32164940E+04  0.32154547E+04
  0.32144104E+04  0.32134144E+04  0.32121642E+04  0.32113815E+04  0.34776688E+04
  0.34634713E+04  0.34361732E+04  0.34121678E+04  0.33924130E+04  0.33763851E+04
  0.33633578E+04  0.33526996E+04  0.33438989E+04  0.33365487E+04  0.33303454E+04
  0.33250767E+04  0.33205746E+04  0.33167004E+04  0.33133393E+04  0.33103966E+04
  0.33077939E+04  0.33054655E+04  0.33033560E+04  0.33014167E+04  0.32996026E+04
  0.32978716E+04  0.32961796E+04  0.32944813E+04  0.32927344E+04  0.32908934E+04
  0.32889242E+04  0.32868128E+04  0.32845114E+04  0.32820443E+04  0.32799849E+04
  0.32795256E+04  0.32805667E+04  0.32821693E+04  0.32841601E+04  0.32866401E+04
  0.32897370E+04  0.32934707E+04  0.32980624E+04  0.33035913E+04  0.33068954E+04
  0.33060843E+04  0.33030895E+04  0.32995975E+04  0.32965530E+04  0.32938224E+04
  0.32911857E+04  0.32886017E+04  0.32860832E+04  0.32836455E+04  0.32812858E+04
  0.32789976E+04  0.32767752E+04  0.32746147E+04  0.32725133E+04  0.32704683E+04
  0.32684776E+04  0.32665388E+04  0.32646500E+04  0.32628090E+04  0.32610141E+04
  0.32592635E+04  0.32575556E+04  0.32558888E+04  0.32542617E+04  0.32526727E+04
  0.32511203E+04  0.32496030E+04  0.32481190E+04  0.32466667E+04  0.32452446E+04
  0.32438506E+04  0.32424828E+04  0.32411393E+04  0.32398182E+04  0.32385175E+04
  0.32372357E+04  0.32359713E+04  0.32347230E+04  0.32334901E+04  0.32322717E+04
  0.32310672E+04  0.32298762E+04  0.32286982E+04  0.32275328E+04  0.32263797E+04
  0.32252384E+04  0.32241088E+04  0.32229903E+04  0.32218827E+04  0.32207856E+04
  0.32196987E+04  0.32186215E+04  0.32175536E+04  0.32164949E+04  0.32154441E+04
  0.32144038E+04  0.32133586E+04  0.32123619E+04  0.32111102E+04  0.32103264E+04
  0.34751846E+04  0.34597968E+04  0.34308656E+04  0.34064255E+04  0.33869142E+04
  0.33714399E+04  0.33590591E+04  0.33490277E+04  0.33407829E+04  0.33339070E+04
  0.33281003E+04  0.33231581E+04  0.33189213E+04  0.33152606E+04  0.33120699E+04
  0.33092622E+04  0.33067656E+04  0.33045204E+04  0.33024761E+04  0.33005880E+04
  0.32988148E+04  0.32971173E+04  0.32954542E+04  0.32937824E+04  0.32920621E+04
  0.32902526E+04  0.32883486E+04  0.32863285E+04  0.32841228E+04  0.32820058E+04
  0.32810328E+04  0.32819182E+04  0.32839621E+04  0.32863718E+04  0.32891002E+04
  0.32923798E+04  0.32964171E+04  0.33012365E+04  0.33062741E+04  0.33093875E+04
  0.33082638E+04  0.33045813E+04  0.33011383E+04  0.32981749E+04  0.32953875E+04
  0.32926413E+04  0.32899619E+04  0.32873811E+04  0.32848930E+04  0.32824872E+04
  0.32801556E+04  0.32778931E+04  0.32756955E+04  0.32735594E+04  0.32714817E+04
  0.32694597E+04  0.32674906E+04  0.32655722E+04  0.32637022E+04  0.32618785E+04
  0.32600995E+04  0.32583633E+04  0.32566684E+04  0.32550134E+04  0.32533967E+04
  0.32518169E+04  0.32502727E+04  0.32487623E+04  0.32472841E+04  0.32458367E+04
  0.32444180E+04  0.32430261E+04  0.32416590E+04  0.32403147E+04  0.32389914E+04
  0.32376874E+04  0.32364013E+04  0.32351321E+04  0.32338789E+04  0.32326410E+04
  0.32314177E+04  0.32302087E+04  0.32290134E+04  0.32278316E+04  0.32266627E+04
  0.32255064E+04  0.32243624E+04  0.32232302E+04  0.32221095E+04  0.32209999E+04
  0.32199011E+04  0.32188126E+04  0.32177341E+04  0.32166651E+04  0.32156057E+04
  0.32145542E+04  0.32135136E+04  0.32124681E+04  0.32114714E+04  0.32102186E+04
  0.32094334E+04  0.34733030E+04  0.34565225E+04  0.34256716E+04  0.34007267E+04
  0.33814919E+04  0.33666048E+04  0.33548915E+04  0.33454945E+04  0.33378086E+04
  0.33314064E+04  0.33259910E+04  0.33213692E+04  0.33173930E+04  0.33139426E+04
  0.33109205E+04  0.33082471E+04  0.33058571E+04  0.33036961E+04  0.33017180E+04
  0.32998823E+04  0.32981506E+04  0.32964876E+04  0.32948541E+04  0.32932105E+04
  0.32915240E+04  0.32897848E+04  0.32879906E+04  0.32860621E+04  0.32839900E+04
  0.32826670E+04  0.32830622E+04  0.32851278E+04  0.32880085E+04  0.32910966E+04
  0.32946181E+04  0.32989859E+04  0.33041986E+04  0.33088028E+04  0.33108546E+04
  0.33093340E+04  0.33059073E+04  0.33027236E+04  0.32998394E+04  0.32970413E+04
  0.32942614E+04  0.32915247E+04  0.32888755E+04  0.32863268E+04  0.32838686E+04
  0.32814914E+04  0.32791880E+04  0.32769527E+04  0.32747811E+04  0.32726695E+04
  0.32706147E+04  0.32686137E+04  0.32666638E+04  0.32647626E+04  0.32629080E+04
  0.32610981E+04  0.32593310E+04  0.32576054E+04  0.32559200E+04  0.32542734E+04
  0.32526642E+04  0.32510912E+04  0.32495529E+04  0.32480475E+04  0.32465736E+04
  0.32451293E+04  0.32437125E+04  0.32423210E+04  0.32409529E+04  0.32396063E+04
  0.32382797E+04  0.32369717E+04  0.32356813E+04  0.32344077E+04  0.32331503E+04
  0.32319084E+04  0.32306816E+04  0.32294693E+04  0.32282711E+04  0.32270866E+04
  0.32259154E+04  0.32247570E+04  0.32236111E+04  0.32224772E+04  0.32213550E+04
  0.32202441E+04  0.32191443E+04  0.32180550E+04  0.32169759E+04  0.32159066E+04
  0.32148470E+04  0.32137956E+04  0.32127553E+04  0.32117101E+04  0.32107143E+04
  0.32094610E+04  0.32086745E+04  0.34720562E+04  0.34542664E+04  0.34215543E+04
  0.33955939E+04  0.33763925E+04  0.33620333E+04  0.33509895E+04  0.33422364E+04
  0.33351171E+04  0.33291901E+04  0.33241617E+04  0.33198515E+04  0.33161233E+04
  0.33128671E+04  0.33099956E+04  0.33074392E+04  0.33051410E+04  0.33030521E+04
  0.33011297E+04  0.32993354E+04  0.32976362E+04  0.32960018E+04  0.32944004E+04
  0.32928026E+04  0.32911836E+04  0.32895614E+04  0.32878601E+04  0.32859443E+04
  0.32844904E+04  0.32844179E+04  0.32860029E+04  0.32889250E+04  0.32924365E+04
  0.32963012E+04  0.33010161E+04  0.33070119E+04  0.33117205E+04  0.33128210E+04
  0.33109523E+04  0.33077141E+04  0.33045775E+04  0.33016588E+04  0.32988257E+04
  0.32960248E+04  0.32932565E+04  0.32905463E+04  0.32879292E+04  0.32854134E+04
  0.32829873E+04  0.32806407E+04  0.32783658E+04  0.32761569E+04  0.32740095E+04
  0.32719197E+04  0.32698844E+04  0.32679006E+04  0.32659658E+04  0.32640776E+04
  0.32622342E+04  0.32604340E+04  0.32586756E+04  0.32569578E+04  0.32552794E+04
  0.32536392E+04  0.32520361E+04  0.32504686E+04  0.32489349E+04  0.32474335E+04
  0.32459626E+04  0.32445199E+04  0.32431033E+04  0.32417107E+04  0.32403405E+04
  0.32389909E+04  0.32376607E+04  0.32363490E+04  0.32350549E+04  0.32337778E+04
  0.32325171E+04  0.32312723E+04  0.32300428E+04  0.32288283E+04  0.32276280E+04
  0.32264416E+04  0.32252687E+04  0.32241088E+04  0.32229617E+04  0.32218267E+04
  0.32207037E+04  0.32195923E+04  0.32184921E+04  0.32174028E+04  0.32163239E+04
  0.32152551E+04  0.32141963E+04  0.32131458E+04  0.32121067E+04  0.32110627E+04
  0.32100685E+04  0.32088159E+04  0.32080289E+04  0.34711640E+04  0.34530304E+04
  0.34192764E+04  0.33920905E+04  0.33722223E+04  0.33578297E+04  0.33471359E+04
  0.33389239E+04  0.33323847E+04  0.33269923E+04  0.33224267E+04  0.33184992E+04
  0.33150759E+04  0.33120551E+04  0.33093612E+04  0.33069371E+04  0.33047371E+04
  0.33027211E+04  0.33008514E+04  0.32990966E+04  0.32974288E+04  0.32958197E+04
  0.32942526E+04  0.32927064E+04  0.32911841E+04  0.32896480E+04  0.32878704E+04
  0.32864019E+04  0.32862547E+04  0.32873091E+04  0.32895673E+04  0.32930939E+04
  0.32973290E+04  0.33023562E+04  0.33090600E+04  0.33145601E+04  0.33152850E+04
  0.33128478E+04  0.33096320E+04  0.33064936E+04  0.33035526E+04  0.33007017E+04
  0.32978881E+04  0.32951066E+04  0.32923664E+04  0.32896914E+04  0.32871112E+04
  0.32846302E+04  0.32822359E+04  0.32799180E+04  0.32776688E+04  0.32754828E+04
  0.32733555E+04  0.32712833E+04  0.32692630E+04  0.32672920E+04  0.32653680E+04
  0.32634893E+04  0.32616542E+04  0.32598614E+04  0.32581100E+04  0.32563987E+04
  0.32547263E+04  0.32530917E+04  0.32514935E+04  0.32499302E+04  0.32484000E+04
  0.32469013E+04  0.32454317E+04  0.32439892E+04  0.32425716E+04  0.32411771E+04
  0.32398041E+04  0.32384514E+04  0.32371180E+04  0.32358031E+04  0.32345060E+04
  0.32332261E+04  0.32319628E+04  0.32307156E+04  0.32294839E+04  0.32282673E+04
  0.32270652E+04  0.32258773E+04  0.32247031E+04  0.32235422E+04  0.32223944E+04
  0.32212591E+04  0.32201361E+04  0.32190250E+04  0.32179254E+04  0.32168370E+04
  0.32157593E+04  0.32146918E+04  0.32136346E+04  0.32125859E+04  0.32115487E+04
  0.32105067E+04  0.32095145E+04  0.32082640E+04  0.32074781E+04  0.34706863E+04
  0.34524753E+04  0.34185789E+04  0.33910175E+04  0.33705613E+04  0.33557608E+04
  0.33449079E+04  0.33367111E+04  0.33303120E+04  0.33251432E+04  0.33208429E+04
  0.33171879E+04  0.33140251E+04  0.33112431E+04  0.33087598E+04  0.33065159E+04
  0.33044676E+04  0.33025764E+04  0.33008035E+04  0.32991183E+04  0.32974988E+04
  0.32959261E+04  0.32943950E+04  0.32929093E+04  0.32914644E+04  0.32898052E+04
  0.32883423E+04  0.32881870E+04  0.32891786E+04  0.32907649E+04  0.32935250E+04
  0.32977449E+04  0.33030121E+04  0.33099153E+04  0.33162172E+04  0.33175316E+04
  0.33149928E+04  0.33117246E+04  0.33085314E+04  0.33055527E+04  0.33026795E+04
  0.32998501E+04  0.32970553E+04  0.32943000E+04  0.32915928E+04  0.32889547E+04
  0.32864104E+04  0.32839616E+04  0.32815956E+04  0.32793022E+04  0.32770744E+04
  0.32749066E+04  0.32727948E+04  0.32707358E+04  0.32687268E+04  0.32667654E+04
  0.32648499E+04  0.32629787E+04  0.32611504E+04  0.32593639E+04  0.32576182E+04
  0.32559121E+04  0.32542446E+04  0.32526145E+04  0.32510202E+04  0.32494600E+04
  0.32479323E+04  0.32464348E+04  0.32449654E+04  0.32435219E+04  0.32421025E+04
  0.32407055E+04  0.32393297E+04  0.32379740E+04  0.32366377E+04  0.32353198E+04
  0.32340199E+04  0.32327373E+04  0.32314714E+04  0.32302218E+04  0.32289880E+04
  0.32277695E+04  0.32265660E+04  0.32253770E+04  0.32242022E+04  0.32230411E+04
  0.32218934E+04  0.32207587E+04  0.32196366E+04  0.32185267E+04  0.32174287E+04
  0.32163420E+04  0.32152663E+04  0.32142010E+04  0.32131460E+04  0.32120997E+04
  0.32110648E+04  0.32100251E+04  0.32090350E+04  0.32077874E+04  0.32070035E+04
  0.34707185E+04  0.34526086E+04  0.34189755E+04  0.33917061E+04  0.33712986E+04
  0.33562918E+04  0.33451595E+04  0.33366791E+04  0.33300643E+04  0.33247658E+04
  0.33204119E+04  0.33167595E+04  0.33136404E+04  0.33109314E+04  0.33085363E+04
  0.33063836E+04  0.33044251E+04  0.33026166E+04  0.33009181E+04  0.32992963E+04
  0.32977258E+04  0.32961958E+04  0.32947054E+04  0.32932912E+04  0.32917298E+04
  0.32903129E+04  0.32901775E+04  0.32912703E+04  0.32925962E+04  0.32944047E+04
  0.32979038E+04  0.33032297E+04  0.33096936E+04  0.33164956E+04  0.33192532E+04
  0.33171664E+04  0.33139660E+04  0.33106998E+04  0.33076572E+04  0.33047509E+04
  0.33019028E+04  0.32990934E+04  0.32963242E+04  0.32935993E+04  0.32909259E+04
  0.32883227E+04  0.32858104E+04  0.32833891E+04  0.32810462E+04  0.32787723E+04
  0.32765609E+04  0.32744074E+04  0.32723078E+04  0.32702593E+04  0.32682593E+04
  0.32663057E+04  0.32643969E+04  0.32625314E+04  0.32607082E+04  0.32589263E+04
  0.32571848E+04  0.32554827E+04  0.32538191E+04  0.32521926E+04  0.32506013E+04
  0.32490436E+04  0.32475173E+04  0.32460201E+04  0.32445498E+04  0.32431046E+04
  0.32416826E+04  0.32402828E+04  0.32389039E+04  0.32375451E+04  0.32362056E+04
  0.32348847E+04  0.32335819E+04  0.32322966E+04  0.32310283E+04  0.32297768E+04
  0.32285414E+04  0.32273218E+04  0.32261176E+04  0.32249284E+04  0.32237539E+04
  0.32225936E+04  0.32214470E+04  0.32203139E+04  0.32191936E+04  0.32180857E+04
  0.32169899E+04  0.32159054E+04  0.32148320E+04  0.32137690E+04  0.32127163E+04
  0.32116722E+04  0.32106395E+04  0.32096021E+04  0.32086139E+04  0.32073693E+04
  0.32065876E+04  0.34712257E+04  0.34534801E+04  0.34204480E+04  0.33935674E+04
  0.33733482E+04  0.33582985E+04  0.33469871E+04  0.33382873E+04  0.33314505E+04
  0.33259598E+04  0.33214364E+04  0.33176367E+04  0.33143980E+04  0.33116007E+04
  0.33091452E+04  0.33069499E+04  0.33049579E+04  0.33031254E+04  0.33014184E+04
  0.32998090E+04  0.32982691E+04  0.32967708E+04  0.32953328E+04  0.32938330E+04
  0.32925373E+04  0.32925064E+04  0.32936826E+04  0.32949206E+04  0.32960148E+04
  0.32983304E+04  0.33031788E+04  0.33098155E+04  0.33165686E+04  0.33202786E+04
  0.33194332E+04  0.33163624E+04  0.33130015E+04  0.33098747E+04  0.33069205E+04
  0.33040444E+04  0.33012166E+04  0.32984317E+04  0.32956904E+04  0.32929953E+04
  0.32903527E+04  0.32877793E+04  0.32852932E+04  0.32828936E+04  0.32805687E+04
  0.32783103E+04  0.32761124E+04  0.32739705E+04  0.32718808E+04  0.32698405E+04
  0.32678472E+04  0.32658990E+04  0.32639946E+04  0.32621330E+04  0.32603132E+04
  0.32585345E+04  0.32567962E+04  0.32550976E+04  0.32534372E+04  0.32518136E+04
  0.32502247E+04  0.32486686E+04  0.32471426E+04  0.32456446E+04  0.32441725E+04
  0.32427247E+04  0.32412998E+04  0.32398967E+04  0.32385144E+04  0.32371522E+04
  0.32358095E+04  0.32344858E+04  0.32331805E+04  0.32318932E+04  0.32306235E+04
  0.32293709E+04  0.32281350E+04  0.32269155E+04  0.32257119E+04  0.32245237E+04
  0.32233506E+04  0.32221919E+04  0.32210473E+04  0.32199161E+04  0.32187979E+04
  0.32176922E+04  0.32165984E+04  0.32155161E+04  0.32144447E+04  0.32133837E+04
  0.32123331E+04  0.32112910E+04  0.32102603E+04  0.32092249E+04  0.32082386E+04
  0.32069967E+04  0.32062171E+04  0.34720763E+04  0.34550566E+04  0.34231805E+04
  0.33968913E+04  0.33769128E+04  0.33619303E+04  0.33505569E+04  0.33416997E+04
  0.33346211E+04  0.33288483E+04  0.33240221E+04  0.33199027E+04  0.33163379E+04
  0.33132320E+04  0.33105105E+04  0.33081146E+04  0.33059828E+04  0.33040572E+04
  0.33022904E+04  0.33006465E+04  0.32991088E+04  0.32976188E+04  0.32962651E+04
  0.32954335E+04  0.32956156E+04  0.32967212E+04  0.32977377E+04  0.32982871E+04
  0.32994032E+04  0.33031445E+04  0.33099649E+04  0.33173290E+04  0.33217708E+04
  0.33216303E+04  0.33187560E+04  0.33154055E+04  0.33122103E+04  0.33091968E+04
  0.33062786E+04  0.33034223E+04  0.33006172E+04  0.32978579E+04  0.32951430E+04
  0.32924743E+04  0.32898574E+04  0.32873075E+04  0.32848415E+04  0.32824589E+04
  0.32801489E+04  0.32779036E+04  0.32757169E+04  0.32735841E+04  0.32715015E+04
  0.32694666E+04  0.32674774E+04  0.32655323E+04  0.32636305E+04  0.32617713E+04
  0.32599539E+04  0.32581779E+04  0.32564425E+04  0.32547469E+04  0.32530892E+04
  0.32514677E+04  0.32498803E+04  0.32483244E+04  0.32467976E+04  0.32452979E+04
  0.32438233E+04  0.32423724E+04  0.32409442E+04  0.32395376E+04  0.32381521E+04
  0.32367870E+04  0.32354418E+04  0.32341162E+04  0.32328096E+04  0.32315216E+04
  0.32302517E+04  0.32289996E+04  0.32277647E+04  0.32265465E+04  0.32253445E+04
  0.32241581E+04  0.32229868E+04  0.32218300E+04  0.32206871E+04  0.32195577E+04
  0.32184413E+04  0.32173373E+04  0.32162452E+04  0.32151646E+04  0.32140950E+04
  0.32130358E+04  0.32119870E+04  0.32109467E+04  0.32099179E+04  0.32088846E+04
  0.32079001E+04  0.32066608E+04  0.32058828E+04  0.34731637E+04  0.34573523E+04
  0.34272212E+04  0.34015854E+04  0.33816952E+04  0.33666357E+04  0.33551845E+04
  0.33463098E+04  0.33392344E+04  0.33334444E+04  0.33285998E+04  0.33244449E+04
  0.33208245E+04  0.33176307E+04  0.33147825E+04  0.33122350E+04  0.33099155E+04
  0.33077710E+04  0.33057706E+04  0.33039164E+04  0.33021996E+04  0.33006963E+04
  0.32997966E+04  0.32998879E+04  0.33005569E+04  0.33009899E+04  0.33009449E+04
  0.33011590E+04  0.33034983E+04  0.33097897E+04  0.33179808E+04  0.33232705E+04
  0.33237454E+04  0.33212437E+04  0.33179702E+04  0.33146893E+04  0.33115876E+04
  0.33086107E+04  0.33057127E+04  0.33028778E+04  0.33000961E+04  0.32973604E+04
  0.32946683E+04  0.32920212E+04  0.32894239E+04  0.32868916E+04  0.32844417E+04
  0.32820737E+04  0.32797765E+04  0.32775419E+04  0.32753634E+04  0.32732365E+04
  0.32711582E+04  0.32691261E+04  0.32671389E+04  0.32651955E+04  0.32632952E+04
  0.32614377E+04  0.32596224E+04  0.32578489E+04  0.32561164E+04  0.32544234E+04
  0.32527679E+04  0.32511478E+04  0.32495607E+04  0.32480041E+04  0.32464755E+04
  0.32449732E+04  0.32434955E+04  0.32420414E+04  0.32406099E+04  0.32392005E+04
  0.32378126E+04  0.32364458E+04  0.32350996E+04  0.32337735E+04  0.32324672E+04
  0.32311801E+04  0.32299115E+04  0.32286610E+04  0.32274278E+04  0.32262114E+04
  0.32250112E+04  0.32238264E+04  0.32226566E+04  0.32215012E+04  0.32203597E+04
  0.32192316E+04  0.32181165E+04  0.32170138E+04  0.32159231E+04  0.32148439E+04
  0.32137759E+04  0.32127183E+04  0.32116712E+04  0.32106328E+04  0.32096060E+04
  0.32085746E+04  0.32075922E+04  0.32063554E+04  0.32055789E+04  0.34748007E+04
  0.34600629E+04  0.34311005E+04  0.34052985E+04  0.33848479E+04  0.33692661E+04
  0.33574600E+04  0.33484262E+04  0.33413880E+04  0.33357926E+04  0.33312488E+04
  0.33274773E+04  0.33242991E+04  0.33215694E+04  0.33191603E+04  0.33169754E+04
  0.33149293E+04  0.33129843E+04  0.33111310E+04  0.33093941E+04  0.33077589E+04
  0.33063528E+04  0.33054933E+04  0.33050010E+04  0.33044240E+04  0.33036121E+04
  0.33031457E+04  0.33043861E+04  0.33093320E+04  0.33173403E+04  0.33237935E+04
  0.33255049E+04  0.33237081E+04  0.33206567E+04  0.33173055E+04  0.33140955E+04
  0.33110437E+04  0.33080918E+04  0.33052150E+04  0.33024017E+04  0.32996413E+04
  0.32969258E+04  0.32942523E+04  0.32916214E+04  0.32890385E+04  0.32865205E+04
  0.32840847E+04  0.32817291E+04  0.32794422E+04  0.32772150E+04  0.32750416E+04
  0.32729180E+04  0.32708416E+04  0.32688107E+04  0.32668243E+04  0.32648816E+04
  0.32629824E+04  0.32611265E+04  0.32593134E+04  0.32575426E+04  0.32558127E+04
  0.32541220E+04  0.32524682E+04  0.32508486E+04  0.32492609E+04  0.32477025E+04
  0.32461714E+04  0.32446660E+04  0.32431853E+04  0.32417284E+04  0.32402947E+04
  0.32388837E+04  0.32374950E+04  0.32361282E+04  0.32347826E+04  0.32334578E+04
  0.32321531E+04  0.32308677E+04  0.32296010E+04  0.32283521E+04  0.32271205E+04
  0.32259055E+04  0.32247064E+04  0.32235227E+04  0.32223539E+04  0.32211994E+04
  0.32200589E+04  0.32189318E+04  0.32178178E+04  0.32167162E+04  0.32156268E+04
  0.32145491E+04  0.32134825E+04  0.32124266E+04  0.32113813E+04  0.32103448E+04
  0.32093200E+04  0.32082908E+04  0.32073106E+04  0.32060764E+04  0.32053015E+04
  0.34763158E+04  0.34617491E+04  0.34324716E+04  0.34056102E+04  0.33841666E+04
  0.33679238E+04  0.33557577E+04  0.33465694E+04  0.33395307E+04  0.33340459E+04
  0.33296844E+04  0.33261665E+04  0.33232941E+04  0.33209380E+04  0.33190022E+04
  0.33173610E+04  0.33158924E+04  0.33145083E+04  0.33131756E+04  0.33118841E+04
  0.33106161E+04  0.33093906E+04  0.33081920E+04  0.33070038E+04  0.33057716E+04
  0.33049379E+04  0.33055937E+04  0.33090479E+04  0.33157070E+04  0.33225231E+04
  0.33259747E+04  0.33258212E+04  0.33233718E+04  0.33200480E+04  0.33167285E+04
  0.33135852E+04  0.33105640E+04  0.33076322E+04  0.33047759E+04  0.33019825E+04
  0.32992406E+04  0.32965415E+04  0.32938820E+04  0.32912629E+04  0.32886918E+04
  0.32861866E+04  0.32837628E+04  0.32814171E+04  0.32791373E+04  0.32769147E+04
  0.32747438E+04  0.32726214E+04  0.32705454E+04  0.32685146E+04  0.32665283E+04
  0.32645862E+04  0.32626882E+04  0.32608341E+04  0.32590235E+04  0.32572554E+04
  0.32555279E+04  0.32538389E+04  0.32521858E+04  0.32505658E+04  0.32489764E+04
  0.32474156E+04  0.32458818E+04  0.32443739E+04  0.32428911E+04  0.32414328E+04
  0.32399985E+04  0.32385878E+04  0.32372001E+04  0.32358348E+04  0.32344911E+04
  0.32331682E+04  0.32318653E+04  0.32305815E+04  0.32293161E+04  0.32280683E+04
  0.32268376E+04  0.32256234E+04  0.32244250E+04  0.32232420E+04  0.32220739E+04
  0.32209203E+04  0.32197806E+04  0.32186545E+04  0.32175415E+04  0.32164412E+04
  0.32153531E+04  0.32142768E+04  0.32132119E+04  0.32121577E+04  0.32111143E+04
  0.32100799E+04  0.32090572E+04  0.32080304E+04  0.32070525E+04  0.32058211E+04
  0.32050478E+04  0.34765725E+04  0.34613361E+04  0.34308990E+04  0.34033317E+04
  0.33816299E+04  0.33653909E+04  0.33533512E+04  0.33443250E+04  0.33374280E+04
  0.33320485E+04  0.33277731E+04  0.33243297E+04  0.33215208E+04  0.33192188E+04
  0.33173432E+04  0.33157875E+04  0.33144347E+04  0.33131910E+04  0.33120208E+04
  0.33109076E+04  0.33098316E+04  0.33087702E+04  0.33077370E+04  0.33068118E+04
  0.33061903E+04  0.33065493E+04  0.33089062E+04  0.33140007E+04  0.33205051E+04
  0.33254189E+04  0.33271200E+04  0.33258424E+04  0.33228571E+04  0.33194826E+04
  0.33162386E+04  0.33131359E+04  0.33101346E+04  0.33072219E+04  0.33043850E+04
  0.33016092E+04  0.32988826E+04  0.32961963E+04  0.32935470E+04  0.32909377E+04
  0.32883773E+04  0.32858832E+04  0.32834691E+04  0.32811305E+04  0.32788550E+04
  0.32766345E+04  0.32744644E+04  0.32723418E+04  0.32702654E+04  0.32682343E+04
  0.32662481E+04  0.32643067E+04  0.32624102E+04  0.32605584E+04  0.32587504E+04
  0.32569847E+04  0.32552591E+04  0.32535709E+04  0.32519174E+04  0.32502961E+04
  0.32487048E+04  0.32471418E+04  0.32456061E+04  0.32440969E+04  0.32426136E+04
  0.32411558E+04  0.32397228E+04  0.32383140E+04  0.32369284E+04  0.32355651E+04
  0.32342233E+04  0.32329019E+04  0.32316002E+04  0.32303173E+04  0.32290526E+04
  0.32278054E+04  0.32265752E+04  0.32253615E+04  0.32241637E+04  0.32229813E+04
  0.32218140E+04  0.32206611E+04  0.32195224E+04  0.32183974E+04  0.32172855E+04
  0.32161865E+04  0.32150999E+04  0.32140252E+04  0.32129620E+04  0.32119097E+04
  0.32108683E+04  0.32098360E+04  0.32088157E+04  0.32077913E+04  0.32068159E+04
  0.32055875E+04  0.32048161E+04  0.34757353E+04  0.34596921E+04  0.34284102E+04
  0.34010577E+04  0.33798707E+04  0.33640792E+04  0.33523376E+04  0.33434884E+04
  0.33366989E+04  0.33313902E+04  0.33271632E+04  0.33237522E+04  0.33209657E+04
  0.33186596E+04  0.33167241E+04  0.33150638E+04  0.33136089E+04  0.33123163E+04
  0.33111640E+04  0.33101341E+04  0.33092380E+04  0.33084308E+04  0.33078385E+04
  0.33075841E+04  0.33078667E+04  0.33092424E+04  0.33126836E+04  0.33184204E+04
  0.33243354E+04  0.33278871E+04  0.33280799E+04  0.33256750E+04  0.33223312E+04
  0.33189986E+04  0.33158106E+04  0.33127295E+04  0.33097458E+04  0.33068521E+04
  0.33040327E+04  0.33012722E+04  0.32985578E+04  0.32958811E+04  0.32932404E+04
  0.32906401E+04  0.32880894E+04  0.32856045E+04  0.32831977E+04  0.32808636E+04
  0.32785902E+04  0.32763702E+04  0.32741995E+04  0.32720762E+04  0.32699991E+04
  0.32679677E+04  0.32659818E+04  0.32640416E+04  0.32621471E+04  0.32602977E+04
  0.32584922E+04  0.32567286E+04  0.32550041E+04  0.32533159E+04  0.32516615E+04
  0.32500387E+04  0.32484458E+04  0.32468816E+04  0.32453454E+04  0.32438367E+04
  0.32423548E+04  0.32408990E+04  0.32394684E+04  0.32380619E+04  0.32366783E+04
  0.32353167E+04  0.32339760E+04  0.32326555E+04  0.32313543E+04  0.32300718E+04
  0.32288075E+04  0.32275607E+04  0.32263309E+04  0.32251177E+04  0.32239205E+04
  0.32227388E+04  0.32215723E+04  0.32204204E+04  0.32192827E+04  0.32181589E+04
  0.32170484E+04  0.32159508E+04  0.32148658E+04  0.32137928E+04  0.32127315E+04
  0.32116813E+04  0.32106421E+04  0.32096121E+04  0.32085943E+04  0.32075725E+04
  0.32065998E+04  0.32053747E+04  0.32046052E+04  0.34745854E+04  0.34582523E+04
  0.34269654E+04  0.34001529E+04  0.33793776E+04  0.33638429E+04  0.33522788E+04
  0.33435732E+04  0.33368969E+04  0.33316646E+04  0.33274848E+04  0.33241016E+04
  0.33213305E+04  0.33190345E+04  0.33171098E+04  0.33154653E+04  0.33140405E+04
  0.33128098E+04  0.33117567E+04  0.33108702E+04  0.33101866E+04  0.33096963E+04
  0.33095183E+04  0.33097221E+04  0.33104094E+04  0.33124608E+04  0.33169362E+04
  0.33229897E+04  0.33278810E+04  0.33296447E+04  0.33283235E+04  0.33252737E+04
  0.33218596E+04  0.33185839E+04  0.33154221E+04  0.33123565E+04  0.33093906E+04
  0.33065147E+04  0.33037109E+04  0.33009632E+04  0.32982587E+04  0.32955902E+04
  0.32929575E+04  0.32903657E+04  0.32878234E+04  0.32853458E+04  0.32829441E+04
  0.32806124E+04  0.32783394E+04  0.32761186E+04  0.32739469E+04  0.32718227E+04
  0.32697450E+04  0.32677135E+04  0.32657285E+04  0.32637899E+04  0.32618977E+04
  0.32600508E+04  0.32582476E+04  0.32564852E+04  0.32547612E+04  0.32530726E+04
  0.32514173E+04  0.32497936E+04  0.32482002E+04  0.32466364E+04  0.32451016E+04
  0.32435951E+04  0.32421158E+04  0.32406626E+04  0.32392342E+04  0.32378294E+04
  0.32364471E+04  0.32350863E+04  0.32337462E+04  0.32324260E+04  0.32311252E+04
  0.32298430E+04  0.32285790E+04  0.32273326E+04  0.32261033E+04  0.32248907E+04
  0.32236942E+04  0.32225134E+04  0.32213478E+04  0.32201970E+04  0.32190605E+04
  0.32179380E+04  0.32168290E+04  0.32157330E+04  0.32146498E+04  0.32135787E+04
  0.32125195E+04  0.32114715E+04  0.32104347E+04  0.32094073E+04  0.32083922E+04
  0.32073732E+04  0.32064033E+04  0.32051818E+04  0.32044144E+04  0.34738250E+04
  0.34575503E+04  0.34266355E+04  0.34003899E+04  0.33800437E+04  0.33648129E+04
  0.33534674E+04  0.33449111E+04  0.33383194E+04  0.33331167E+04  0.33289334E+04
  0.33255295E+04  0.33227296E+04  0.33204048E+04  0.33184587E+04  0.33168153E+04
  0.33154211E+04  0.33142472E+04  0.33132781E+04  0.33125145E+04  0.33119672E+04
  0.33116374E+04  0.33115760E+04  0.33118546E+04  0.33129938E+04  0.33162102E+04
  0.33217211E+04  0.33273938E+04  0.33306324E+04  0.33305958E+04  0.33281410E+04
  0.33247875E+04  0.33214447E+04  0.33182112E+04  0.33150625E+04  0.33120118E+04
  0.33090629E+04  0.33062028E+04  0.33034129E+04  0.33006763E+04  0.32979805E+04
  0.32953197E+04  0.32926947E+04  0.32901108E+04  0.32875758E+04  0.32851036E+04
  0.32827048E+04  0.32803738E+04  0.32781001E+04  0.32758782E+04  0.32737054E+04
  0.32715803E+04  0.32695024E+04  0.32674714E+04  0.32654876E+04  0.32635511E+04
  0.32616613E+04  0.32598168E+04  0.32580152E+04  0.32562537E+04  0.32545298E+04
  0.32528409E+04  0.32511854E+04  0.32495620E+04  0.32479699E+04  0.32464084E+04
  0.32448764E+04  0.32433728E+04  0.32418960E+04  0.32404448E+04  0.32390178E+04
  0.32376140E+04  0.32362322E+04  0.32348718E+04  0.32335319E+04  0.32322120E+04
  0.32309114E+04  0.32296296E+04  0.32283661E+04  0.32271202E+04  0.32258916E+04
  0.32246797E+04  0.32234841E+04  0.32223042E+04  0.32211397E+04  0.32199901E+04
  0.32188551E+04  0.32177340E+04  0.32166267E+04  0.32155325E+04  0.32144512E+04
  0.32133823E+04  0.32123253E+04  0.32112798E+04  0.32102455E+04  0.32092208E+04
  0.32082085E+04  0.32071924E+04  0.32062255E+04  0.32050077E+04  0.32042426E+04
  0.34735600E+04  0.34576222E+04  0.34274679E+04  0.34019618E+04  0.33821237E+04
  0.33671764E+04  0.33559395E+04  0.33473740E+04  0.33407054E+04  0.33353987E+04
  0.33311075E+04  0.33275967E+04  0.33246956E+04  0.33222805E+04  0.33202597E+04
  0.33185718E+04  0.33171662E+04  0.33159970E+04  0.33150439E+04  0.33143082E+04
  0.33137716E+04  0.33134518E+04  0.33134482E+04  0.33140631E+04  0.33162776E+04
  0.33209425E+04  0.33267900E+04  0.33311646E+04  0.33324090E+04  0.33308319E+04
  0.33277895E+04  0.33243904E+04  0.33210830E+04  0.33178610E+04  0.33147245E+04
  0.33116899E+04  0.33087567E+04  0.33059110E+04  0.33031337E+04  0.33004073E+04
  0.32977197E+04  0.32950665E+04  0.32924493E+04  0.32898727E+04  0.32873434E+04
  0.32848748E+04  0.32824773E+04  0.32801458E+04  0.32778710E+04  0.32756480E+04
  0.32734744E+04  0.32713490E+04  0.32692712E+04  0.32672411E+04  0.32652590E+04
  0.32633248E+04  0.32614375E+04  0.32595949E+04  0.32577945E+04  0.32560338E+04
  0.32543101E+04  0.32526217E+04  0.32509674E+04  0.32493461E+04  0.32477570E+04
  0.32461987E+04  0.32446697E+04  0.32431684E+04  0.32416934E+04  0.32402432E+04
  0.32388169E+04  0.32374134E+04  0.32360319E+04  0.32346717E+04  0.32333321E+04
  0.32320125E+04  0.32307124E+04  0.32294311E+04  0.32281681E+04  0.32269229E+04
  0.32256951E+04  0.32244840E+04  0.32232894E+04  0.32221107E+04  0.32209475E+04
  0.32197993E+04  0.32186657E+04  0.32175464E+04  0.32164408E+04  0.32153487E+04
  0.32142694E+04  0.32132027E+04  0.32121482E+04  0.32111051E+04  0.32100735E+04
  0.32090516E+04  0.32080422E+04  0.32070292E+04  0.32060654E+04  0.32048514E+04
  0.32040887E+04  0.34739096E+04  0.34585732E+04  0.34295029E+04  0.34047232E+04
  0.33852153E+04  0.33703536E+04  0.33590673E+04  0.33503815E+04  0.33435554E+04
  0.33380780E+04  0.33336175E+04  0.33299424E+04  0.33268880E+04  0.33243351E+04
  0.33221980E+04  0.33204196E+04  0.33189525E+04  0.33177418E+04  0.33167715E+04
  0.33160207E+04  0.33154595E+04  0.33152216E+04  0.33155324E+04  0.33170756E+04
  0.33208527E+04  0.33264402E+04  0.33314719E+04  0.33338093E+04  0.33331615E+04
  0.33305990E+04  0.33273564E+04  0.33240282E+04  0.33207435E+04  0.33175286E+04
  0.33144048E+04  0.33113853E+04  0.33084670E+04  0.33056352E+04  0.33028701E+04
  0.33001534E+04  0.32974740E+04  0.32948285E+04  0.32922189E+04  0.32896487E+04
  0.32871238E+04  0.32846573E+04  0.32822599E+04  0.32799276E+04  0.32776518E+04
  0.32754280E+04  0.32732540E+04  0.32711285E+04  0.32690513E+04  0.32670225E+04
  0.32650424E+04  0.32631106E+04  0.32612255E+04  0.32593846E+04  0.32575854E+04
  0.32558256E+04  0.32541032E+04  0.32524168E+04  0.32507654E+04  0.32491476E+04
  0.32475619E+04  0.32460065E+04  0.32444796E+04  0.32429798E+04  0.32415056E+04
  0.32400560E+04  0.32386299E+04  0.32372266E+04  0.32358453E+04  0.32344854E+04
  0.32331462E+04  0.32318270E+04  0.32305274E+04  0.32292467E+04  0.32279844E+04
  0.32267401E+04  0.32255132E+04  0.32243032E+04  0.32231097E+04  0.32219323E+04
  0.32207705E+04  0.32196238E+04  0.32184919E+04  0.32173744E+04  0.32162707E+04
  0.32151806E+04  0.32141036E+04  0.32130392E+04  0.32119871E+04  0.32109466E+04
  0.32099178E+04  0.32088987E+04  0.32078923E+04  0.32068825E+04  0.32059218E+04
  0.32047119E+04  0.32039516E+04  0.34751336E+04  0.34604534E+04  0.34324400E+04
  0.34082556E+04  0.33889987E+04  0.33741612E+04  0.33627584E+04  0.33538779E+04
  0.33468215E+04  0.33411042E+04  0.33364102E+04  0.33325170E+04  0.33292651E+04
  0.33265386E+04  0.33242551E+04  0.33223561E+04  0.33207959E+04  0.33195258E+04
  0.33185410E+04  0.33177517E+04  0.33172729E+04  0.33173594E+04  0.33184614E+04
  0.33215010E+04  0.33265329E+04  0.33317978E+04  0.33349661E+04  0.33351802E+04
  0.33332218E+04  0.33302621E+04  0.33270137E+04  0.33237005E+04  0.33204176E+04
  0.33172109E+04  0.33140995E+04  0.33110940E+04  0.33081902E+04  0.33053724E+04
  0.33026194E+04  0.32999124E+04  0.32972413E+04  0.32946040E+04  0.32920019E+04
  0.32894373E+04  0.32869154E+04  0.32844498E+04  0.32820519E+04  0.32797188E+04
  0.32774425E+04  0.32752184E+04  0.32730443E+04  0.32709192E+04  0.32688428E+04
  0.32668156E+04  0.32648378E+04  0.32629084E+04  0.32610253E+04  0.32591862E+04
  0.32573885E+04  0.32556306E+04  0.32539109E+04  0.32522281E+04  0.32505805E+04
  0.32489662E+04  0.32473833E+04  0.32458299E+04  0.32443043E+04  0.32428051E+04
  0.32413313E+04  0.32398818E+04  0.32384559E+04  0.32370528E+04  0.32356718E+04
  0.32343123E+04  0.32329735E+04  0.32316549E+04  0.32303559E+04  0.32290760E+04
  0.32278146E+04  0.32265713E+04  0.32253454E+04  0.32241367E+04  0.32229445E+04
  0.32217684E+04  0.32206081E+04  0.32194631E+04  0.32183329E+04  0.32172172E+04
  0.32161156E+04  0.32150276E+04  0.32139528E+04  0.32128908E+04  0.32118412E+04
  0.32108034E+04  0.32097773E+04  0.32087611E+04  0.32077578E+04  0.32067512E+04
  0.32057937E+04  0.32045879E+04  0.32038301E+04  0.34772119E+04  0.34632103E+04
  0.34362073E+04  0.34125103E+04  0.33934300E+04  0.33785415E+04  0.33669425E+04
  0.33577919E+04  0.33504385E+04  0.33444260E+04  0.33394559E+04  0.33353126E+04
  0.33318389E+04  0.33289210E+04  0.33264776E+04  0.33244485E+04  0.33227899E+04
  0.33214725E+04  0.33204592E+04  0.33197310E+04  0.33195666E+04  0.33203751E+04
  0.33228348E+04  0.33272873E+04  0.33324152E+04  0.33360854E+04  0.33369963E+04
  0.33355672E+04  0.33329713E+04  0.33299230E+04  0.33266960E+04  0.33233860E+04
  0.33201055E+04  0.33169066E+04  0.33138060E+04  0.33108138E+04  0.33079245E+04
  0.33051209E+04  0.33023799E+04  0.32996828E+04  0.32970210E+04  0.32943923E+04
  0.32917972E+04  0.32892370E+04  0.32867170E+04  0.32842516E+04  0.32818533E+04
  0.32795200E+04  0.32772435E+04  0.32750195E+04  0.32728456E+04  0.32707210E+04
  0.32686458E+04  0.32666205E+04  0.32646452E+04  0.32627181E+04  0.32608371E+04
  0.32590001E+04  0.32572051E+04  0.32554506E+04  0.32537349E+04  0.32520562E+04
  0.32504121E+04  0.32488006E+04  0.32472194E+04  0.32456670E+04  0.32441419E+04
  0.32426430E+04  0.32411693E+04  0.32397200E+04  0.32382944E+04  0.32368916E+04
  0.32355110E+04  0.32341519E+04  0.32328137E+04  0.32314958E+04  0.32301976E+04
  0.32289186E+04  0.32276583E+04  0.32264160E+04  0.32251913E+04  0.32239838E+04
  0.32227930E+04  0.32216184E+04  0.32204597E+04  0.32193163E+04  0.32181880E+04
  0.32170742E+04  0.32159746E+04  0.32148887E+04  0.32138162E+04  0.32127566E+04
  0.32117096E+04  0.32106744E+04  0.32096511E+04  0.32086379E+04  0.32076376E+04
  0.32066343E+04  0.32056800E+04  0.32044783E+04  0.32037231E+04  0.34797025E+04
  0.34665005E+04  0.34406667E+04  0.34174769E+04  0.33985133E+04  0.33834845E+04
  0.33716022E+04  0.33621094E+04  0.33544025E+04  0.33480523E+04  0.33427763E+04
  0.33383633E+04  0.33346563E+04  0.33315422E+04  0.33289383E+04  0.33267840E+04
  0.33250490E+04  0.33236877E+04  0.33226794E+04  0.33222759E+04  0.33228452E+04
  0.33248985E+04  0.33287793E+04  0.33335923E+04  0.33373914E+04  0.33387201E+04
  0.33377048E+04  0.33354121E+04  0.33326413E+04  0.33296232E+04  0.33263969E+04
  0.33230835E+04  0.33198057E+04  0.33166134E+04  0.33135230E+04  0.33105439E+04
  0.33076693E+04  0.33048799E+04  0.33021512E+04  0.32994648E+04  0.32968130E+04
  0.32941930E+04  0.32916041E+04  0.32890471E+04  0.32865282E+04  0.32840628E+04
  0.32816645E+04  0.32793314E+04  0.32770553E+04  0.32748316E+04  0.32726580E+04
  0.32705340E+04  0.32684602E+04  0.32664373E+04  0.32644644E+04  0.32625398E+04
  0.32606614E+04  0.32588276E+04  0.32570366E+04  0.32552866E+04  0.32535753E+04
  0.32519001E+04  0.32502586E+04  0.32486486E+04  0.32470683E+04  0.32455163E+04
  0.32439915E+04  0.32424927E+04  0.32410193E+04  0.32395702E+04  0.32381448E+04
  0.32367425E+04  0.32353624E+04  0.32340039E+04  0.32326664E+04  0.32313493E+04
  0.32300521E+04  0.32287740E+04  0.32275147E+04  0.32262736E+04  0.32250502E+04
  0.32238440E+04  0.32226547E+04  0.32214816E+04  0.32203245E+04  0.32191829E+04
  0.32180563E+04  0.32169445E+04  0.32158470E+04  0.32147633E+04  0.32136931E+04
  0.32126359E+04  0.32115913E+04  0.32105588E+04  0.32095382E+04  0.32085279E+04
  0.32075307E+04  0.32065306E+04  0.32055795E+04  0.32043820E+04  0.32036295E+04
  0.34822342E+04  0.34700172E+04  0.34456580E+04  0.34230900E+04  0.34041890E+04
  0.33889219E+04  0.33766701E+04  0.33667713E+04  0.33586655E+04  0.33519538E+04
  0.33463635E+04  0.33416806E+04  0.33377472E+04  0.33344477E+04  0.33316982E+04
  0.33294546E+04  0.33276677E+04  0.33262882E+04  0.33255982E+04  0.33259702E+04
  0.33277372E+04  0.33311257E+04  0.33354454E+04  0.33390694E+04  0.33405157E+04
  0.33397098E+04  0.33376667E+04  0.33351519E+04  0.33323730E+04  0.33293407E+04
  0.33261054E+04  0.33227923E+04  0.33195169E+04  0.33163301E+04  0.33132494E+04
  0.33102837E+04  0.33074245E+04  0.33046496E+04  0.33019336E+04  0.32992589E+04
  0.32966176E+04  0.32940058E+04  0.32914219E+04  0.32888672E+04  0.32863489E+04
  0.32838837E+04  0.32814860E+04  0.32791537E+04  0.32768782E+04  0.32746547E+04
  0.32724814E+04  0.32703583E+04  0.32682864E+04  0.32662660E+04  0.32642957E+04
  0.32623740E+04  0.32604994E+04  0.32586701E+04  0.32568840E+04  0.32551385E+04
  0.32534308E+04  0.32517580E+04  0.32501180E+04  0.32485087E+04  0.32469288E+04
  0.32453770E+04  0.32438523E+04  0.32423538E+04  0.32408806E+04  0.32394319E+04
  0.32380070E+04  0.32366051E+04  0.32352257E+04  0.32338679E+04  0.32325312E+04
  0.32312150E+04  0.32299187E+04  0.32286417E+04  0.32273835E+04  0.32261436E+04
  0.32249215E+04  0.32237167E+04  0.32225288E+04  0.32213573E+04  0.32202019E+04
  0.32190620E+04  0.32179373E+04  0.32168274E+04  0.32157319E+04  0.32146504E+04
  0.32135824E+04  0.32125276E+04  0.32114855E+04  0.32104555E+04  0.32094377E+04
  0.32084303E+04  0.32074361E+04  0.32064391E+04  0.32054912E+04  0.32042979E+04
  0.32035479E+04  0.34846978E+04  0.34735672E+04  0.34509073E+04  0.34290987E+04
  0.34102480E+04  0.33946884E+04  0.33820239E+04  0.33716937E+04  0.33631873E+04
  0.33561288E+04  0.33502398E+04  0.33453040E+04  0.33411649E+04  0.33377032E+04
  0.33348553E+04  0.33325765E+04  0.33307708E+04  0.33297519E+04  0.33299447E+04
  0.33314440E+04  0.33343552E+04  0.33380684E+04  0.33411851E+04  0.33424631E+04
  0.33417051E+04  0.33398006E+04  0.33374807E+04  0.33349182E+04  0.33321138E+04
  0.33290650E+04  0.33258258E+04  0.33225121E+04  0.33192380E+04  0.33160560E+04
  0.33129848E+04  0.33100335E+04  0.33071904E+04  0.33044305E+04  0.33017281E+04
  0.32990659E+04  0.32964350E+04  0.32938303E+04  0.32912501E+04  0.32886969E+04
  0.32861792E+04  0.32837148E+04  0.32813183E+04  0.32789870E+04  0.32767121E+04
  0.32744888E+04  0.32723159E+04  0.32701941E+04  0.32681244E+04  0.32661066E+04
  0.32641394E+04  0.32622218E+04  0.32603521E+04  0.32585282E+04  0.32567468E+04
  0.32550050E+04  0.32532996E+04  0.32516282E+04  0.32499888E+04  0.32483799E+04
  0.32468001E+04  0.32452485E+04  0.32437241E+04  0.32422258E+04  0.32407530E+04
  0.32393048E+04  0.32378805E+04  0.32364793E+04  0.32351005E+04  0.32337435E+04
  0.32324077E+04  0.32310924E+04  0.32297971E+04  0.32285212E+04  0.32272641E+04
  0.32260254E+04  0.32248046E+04  0.32236012E+04  0.32224148E+04  0.32212449E+04
  0.32200911E+04  0.32189530E+04  0.32178302E+04  0.32167222E+04  0.32156287E+04
  0.32145493E+04  0.32134835E+04  0.32124310E+04  0.32113913E+04  0.32103639E+04
  0.32093487E+04  0.32083440E+04  0.32073527E+04  0.32063589E+04  0.32054141E+04
  0.32042249E+04  0.32034775E+04  0.34868794E+04  0.34768503E+04  0.34560150E+04
  0.34351510E+04  0.34164636E+04  0.34006664E+04  0.33876113E+04  0.33768677E+04
  0.33679850E+04  0.33606033E+04  0.33544388E+04  0.33492836E+04  0.33449744E+04
  0.33414221E+04  0.33385800E+04  0.33363147E+04  0.33349396E+04  0.33349111E+04
  0.33361473E+04  0.33384920E+04  0.33415180E+04  0.33438693E+04  0.33445771E+04
  0.33437039E+04  0.33418540E+04  0.33396726E+04  0.33372888E+04  0.33346947E+04
  0.33318633E+04  0.33288006E+04  0.33255569E+04  0.33222416E+04  0.33189684E+04
  0.33157906E+04  0.33127295E+04  0.33097938E+04  0.33069678E+04  0.33042236E+04
  0.33015357E+04  0.32988862E+04  0.32962649E+04  0.32936659E+04  0.32910886E+04
  0.32885365E+04  0.32860197E+04  0.32835567E+04  0.32811618E+04  0.32788316E+04
  0.32765570E+04  0.32743338E+04  0.32721616E+04  0.32700414E+04  0.32679742E+04
  0.32659595E+04  0.32639966E+04  0.32620843E+04  0.32602203E+04  0.32584013E+04
  0.32566236E+04  0.32548842E+04  0.32531801E+04  0.32515093E+04  0.32498702E+04
  0.32482615E+04  0.32466819E+04  0.32451305E+04  0.32436064E+04  0.32421086E+04
  0.32406363E+04  0.32391887E+04  0.32377650E+04  0.32363645E+04  0.32349865E+04
  0.32336303E+04  0.32322954E+04  0.32309810E+04  0.32296867E+04  0.32284118E+04
  0.32271559E+04  0.32259185E+04  0.32246990E+04  0.32234970E+04  0.32223121E+04
  0.32211438E+04  0.32199916E+04  0.32188552E+04  0.32177342E+04  0.32166281E+04
  0.32155366E+04  0.32144592E+04  0.32133956E+04  0.32123452E+04  0.32113078E+04
  0.32102828E+04  0.32092702E+04  0.32082682E+04  0.32072797E+04  0.32062889E+04
  0.32053472E+04  0.32041621E+04  0.32034173E+04  0.34886994E+04  0.34797286E+04
  0.34607357E+04  0.34409864E+04  0.34226616E+04  0.34067727E+04  0.33934153E+04
  0.33823123E+04  0.33730889E+04  0.33654176E+04  0.33590254E+04  0.33537219E+04
  0.33493338E+04  0.33458827E+04  0.33431335E+04  0.33413371E+04  0.33410115E+04
  0.33418359E+04  0.33435017E+04  0.33455602E+04  0.33470391E+04  0.33470439E+04
  0.33457562E+04  0.33438828E+04  0.33417762E+04  0.33395336E+04  0.33371120E+04
  0.33344787E+04  0.33316209E+04  0.33285456E+04  0.33252982E+04  0.33219816E+04
  0.33187081E+04  0.33155339E+04  0.33124843E+04  0.33095656E+04  0.33067576E+04
  0.33040302E+04  0.33013575E+04  0.32987202E+04  0.32961069E+04  0.32935123E+04
  0.32909371E+04  0.32883863E+04  0.32858708E+04  0.32834098E+04  0.32810167E+04
  0.32786874E+04  0.32764130E+04  0.32741900E+04  0.32720187E+04  0.32699005E+04
  0.32678363E+04  0.32658258E+04  0.32638683E+04  0.32619619E+04  0.32601031E+04
  0.32582880E+04  0.32565128E+04  0.32547746E+04  0.32530712E+04  0.32514007E+04
  0.32497617E+04  0.32481532E+04  0.32465738E+04  0.32450228E+04  0.32434991E+04
  0.32420018E+04  0.32405301E+04  0.32390831E+04  0.32376601E+04  0.32362604E+04
  0.32348832E+04  0.32335278E+04  0.32321938E+04  0.32308803E+04  0.32295870E+04
  0.32283133E+04  0.32270585E+04  0.32258223E+04  0.32246041E+04  0.32234035E+04
  0.32222201E+04  0.32210533E+04  0.32199028E+04  0.32187681E+04  0.32176488E+04
  0.32165446E+04  0.32154549E+04  0.32143795E+04  0.32133178E+04  0.32122696E+04
  0.32112344E+04  0.32102117E+04  0.32092015E+04  0.32082021E+04  0.32072163E+04
  0.32062285E+04  0.32052897E+04  0.32041085E+04  0.32033664E+04  0.34901819E+04
  0.34821789E+04  0.34649433E+04  0.34464338E+04  0.34286958E+04  0.34129041E+04
  0.33993837E+04  0.33880116E+04  0.33785158E+04  0.33706295E+04  0.33641182E+04
  0.33588089E+04  0.33545703E+04  0.33514452E+04  0.33491535E+04  0.33481392E+04
  0.33484242E+04  0.33491922E+04  0.33500727E+04  0.33503936E+04  0.33496580E+04
  0.33480004E+04  0.33459812E+04  0.33438832E+04  0.33417172E+04  0.33394164E+04
  0.33369387E+04  0.33342671E+04  0.33313864E+04  0.33283010E+04  0.33250513E+04
  0.33217324E+04  0.33184569E+04  0.33152869E+04  0.33122505E+04  0.33093502E+04
  0.33065612E+04  0.33038516E+04  0.33011941E+04  0.32985677E+04  0.32959608E+04
  0.32933694E+04  0.32907959E+04  0.32882467E+04  0.32857333E+04  0.32832745E+04
  0.32808831E+04  0.32785545E+04  0.32762801E+04  0.32740574E+04  0.32718872E+04
  0.32697715E+04  0.32677112E+04  0.32657061E+04  0.32637548E+04  0.32618540E+04
  0.32599993E+04  0.32581867E+04  0.32564129E+04  0.32546753E+04  0.32529721E+04
  0.32513018E+04  0.32496630E+04  0.32480547E+04  0.32464757E+04  0.32449252E+04
  0.32434020E+04  0.32419053E+04  0.32404342E+04  0.32389879E+04  0.32375656E+04
  0.32361665E+04  0.32347901E+04  0.32334356E+04  0.32321025E+04  0.32307900E+04
  0.32294977E+04  0.32282250E+04  0.32269714E+04  0.32257364E+04  0.32245195E+04
  0.32233203E+04  0.32221382E+04  0.32209730E+04  0.32198240E+04  0.32186910E+04
  0.32175734E+04  0.32164708E+04  0.32153830E+04  0.32143094E+04  0.32132496E+04
  0.32122034E+04  0.32111703E+04  0.32101498E+04  0.32091419E+04  0.32081449E+04
  0.32071618E+04  0.32061767E+04  0.32052408E+04  0.32040635E+04  0.32033238E+04
  0.34913977E+04  0.34842499E+04  0.34686271E+04  0.34514105E+04  0.34344486E+04
  0.34189531E+04  0.34054309E+04  0.33939119E+04  0.33842635E+04  0.33763156E+04
  0.33698877E+04  0.33648022E+04  0.33609363E+04  0.33581950E+04  0.33564119E+04
  0.33555259E+04  0.33551781E+04  0.33547678E+04  0.33538946E+04  0.33523623E+04
  0.33503679E+04  0.33482261E+04  0.33460776E+04  0.33439083E+04  0.33416620E+04
  0.33392925E+04  0.33367664E+04  0.33340624E+04  0.33311617E+04  0.33280686E+04
  0.33248171E+04  0.33214941E+04  0.33182154E+04  0.33150507E+04  0.33120296E+04
  0.33091494E+04  0.33063805E+04  0.33036891E+04  0.33010457E+04  0.32984282E+04
  0.32958260E+04  0.32932371E+04  0.32906654E+04  0.32881183E+04  0.32856073E+04
  0.32831509E+04  0.32807610E+04  0.32784328E+04  0.32761583E+04  0.32739358E+04
  0.32717674E+04  0.32696551E+04  0.32675999E+04  0.32656009E+04  0.32636555E+04
  0.32617591E+04  0.32599072E+04  0.32580960E+04  0.32563229E+04  0.32545855E+04
  0.32528825E+04  0.32512124E+04  0.32495739E+04  0.32479659E+04  0.32463875E+04
  0.32448374E+04  0.32433147E+04  0.32418186E+04  0.32403482E+04  0.32389025E+04
  0.32374809E+04  0.32360827E+04  0.32347070E+04  0.32333534E+04  0.32320211E+04
  0.32307096E+04  0.32294183E+04  0.32281466E+04  0.32268942E+04  0.32256603E+04
  0.32244447E+04  0.32232468E+04  0.32220661E+04  0.32209023E+04  0.32197548E+04
  0.32186232E+04  0.32175072E+04  0.32164063E+04  0.32153201E+04  0.32142482E+04
  0.32131903E+04  0.32121459E+04  0.32111148E+04  0.32100963E+04  0.32090906E+04
  0.32080959E+04  0.32071153E+04  0.32061329E+04  0.32051997E+04  0.32040262E+04
  0.32032889E+04  0.34924011E+04  0.34859963E+04  0.34718334E+04  0.34559017E+04
  0.34398426E+04  0.34248206E+04  0.34114509E+04  0.33999458E+04  0.33903474E+04
  0.33825757E+04  0.33764214E+04  0.33716077E+04  0.33679067E+04  0.33650993E+04
  0.33629577E+04  0.33611861E+04  0.33594483E+04  0.33575026E+04  0.33553034E+04
  0.33529907E+04  0.33506900E+04  0.33484321E+04  0.33461897E+04  0.33439224E+04
  0.33415972E+04  0.33391703E+04  0.33366006E+04  0.33338659E+04  0.33309482E+04
  0.33278498E+04  0.33245959E+04  0.33212668E+04  0.33179846E+04  0.33148272E+04
  0.33118234E+04  0.33089647E+04  0.33062170E+04  0.33035434E+04  0.33009122E+04
  0.32983013E+04  0.32957024E+04  0.32931156E+04  0.32905461E+04  0.32880016E+04
  0.32854933E+04  0.32830391E+04  0.32806504E+04  0.32783222E+04  0.32760474E+04
  0.32738256E+04  0.32716597E+04  0.32695520E+04  0.32675027E+04  0.32655099E+04
  0.32635693E+04  0.32616759E+04  0.32598255E+04  0.32580150E+04  0.32562421E+04
  0.32545050E+04  0.32528022E+04  0.32511323E+04  0.32494943E+04  0.32478868E+04
  0.32463088E+04  0.32447592E+04  0.32432371E+04  0.32417416E+04  0.32402718E+04
  0.32388268E+04  0.32374059E+04  0.32360084E+04  0.32346335E+04  0.32332807E+04
  0.32319493E+04  0.32306387E+04  0.32293484E+04  0.32280777E+04  0.32268263E+04
  0.32255937E+04  0.32243792E+04  0.32231825E+04  0.32220032E+04  0.32208406E+04
  0.32196945E+04  0.32185644E+04  0.32174498E+04  0.32163504E+04  0.32152657E+04
  0.32141954E+04  0.32131392E+04  0.32120965E+04  0.32110672E+04  0.32100507E+04
  0.32090470E+04  0.32080545E+04  0.32070761E+04  0.32060962E+04  0.32051657E+04
  0.32039957E+04  0.32032607E+04  0.34932396E+04  0.34874768E+04  0.34746211E+04
  0.34599309E+04  0.34448482E+04  0.34304224E+04  0.34173545E+04  0.34060866E+04
  0.33967741E+04  0.33892488E+04  0.33831649E+04  0.33781715E+04  0.33739943E+04
  0.33704185E+04  0.33672494E+04  0.33642977E+04  0.33614431E+04  0.33586723E+04
  0.33560150E+04  0.33534748E+04  0.33510225E+04  0.33486289E+04  0.33462739E+04
  0.33439234E+04  0.33415330E+04  0.33390522E+04  0.33364408E+04  0.33336789E+04
  0.33307480E+04  0.33276458E+04  0.33243877E+04  0.33210508E+04  0.33177657E+04
  0.33146179E+04  0.33116336E+04  0.33087981E+04  0.33060718E+04  0.33034145E+04
  0.33007928E+04  0.32981866E+04  0.32955901E+04  0.32930054E+04  0.32904385E+04
  0.32878969E+04  0.32853913E+04  0.32829393E+04  0.32805514E+04  0.32782228E+04
  0.32759476E+04  0.32737271E+04  0.32715649E+04  0.32694626E+04  0.32674195E+04
  0.32654319E+04  0.32634947E+04  0.32616030E+04  0.32597534E+04  0.32579432E+04
  0.32561705E+04  0.32544336E+04  0.32527310E+04  0.32510616E+04  0.32494240E+04
  0.32478170E+04  0.32462395E+04  0.32446904E+04  0.32431689E+04  0.32416739E+04
  0.32402047E+04  0.32387604E+04  0.32373402E+04  0.32359434E+04  0.32345693E+04
  0.32332173E+04  0.32318867E+04  0.32305770E+04  0.32292876E+04  0.32280179E+04
  0.32267676E+04  0.32255359E+04  0.32243226E+04  0.32231271E+04  0.32219489E+04
  0.32207875E+04  0.32196426E+04  0.32185138E+04  0.32174005E+04  0.32163024E+04
  0.32152191E+04  0.32141503E+04  0.32130956E+04  0.32120545E+04  0.32110269E+04
  0.32100121E+04  0.32090103E+04  0.32080197E+04  0.32070435E+04  0.32060659E+04
  0.32051377E+04  0.32039711E+04  0.32032383E+04  0.34939409E+04  0.34887359E+04
  0.34770511E+04  0.34635450E+04  0.34494551E+04  0.34357006E+04  0.34231142E+04
  0.34122873E+04  0.34032575E+04  0.33956524E+04  0.33890914E+04  0.33833492E+04
  0.33782675E+04  0.33737441E+04  0.33696884E+04  0.33660027E+04  0.33626307E+04
  0.33595272E+04  0.33566335E+04  0.33538967E+04  0.33512859E+04  0.33487778E+04
  0.33463386E+04  0.33439188E+04  0.33414681E+04  0.33389367E+04  0.33362880E+04
  0.33335034E+04  0.33305626E+04  0.33274569E+04  0.33241924E+04  0.33208469E+04
  0.33175606E+04  0.33144248E+04  0.33114623E+04  0.33086511E+04  0.33059456E+04
  0.33033018E+04  0.33006869E+04  0.32980837E+04  0.32954892E+04  0.32929068E+04
  0.32903429E+04  0.32878043E+04  0.32853015E+04  0.32828513E+04  0.32804637E+04
  0.32781344E+04  0.32758592E+04  0.32736411E+04  0.32714834E+04  0.32693870E+04
  0.32673495E+04  0.32653657E+04  0.32634304E+04  0.32615396E+04  0.32596903E+04
  0.32578803E+04  0.32561078E+04  0.32543712E+04  0.32526690E+04  0.32510000E+04
  0.32493629E+04  0.32477563E+04  0.32461793E+04  0.32446308E+04  0.32431098E+04
  0.32416154E+04  0.32401467E+04  0.32387030E+04  0.32372835E+04  0.32358873E+04
  0.32345140E+04  0.32331627E+04  0.32318329E+04  0.32305240E+04  0.32292354E+04
  0.32279667E+04  0.32267173E+04  0.32254866E+04  0.32242743E+04  0.32230797E+04
  0.32219026E+04  0.32207423E+04  0.32195985E+04  0.32184707E+04  0.32173586E+04
  0.32162617E+04  0.32151797E+04  0.32141121E+04  0.32130588E+04  0.32120191E+04
  0.32109930E+04  0.32099798E+04  0.32089796E+04  0.32079908E+04  0.32070165E+04
  0.32060410E+04  0.32051150E+04  0.32039515E+04  0.32032207E+04  0.34945250E+04
  0.34898137E+04  0.34791917E+04  0.34668020E+04  0.34536662E+04  0.34406586E+04
  0.34287198E+04  0.34183228E+04  0.34092384E+04  0.34010677E+04  0.33936539E+04
  0.33870002E+04  0.33811020E+04  0.33759148E+04  0.33713343E+04  0.33672487E+04
  0.33635729E+04  0.33602219E+04  0.33571228E+04  0.33542275E+04  0.33515010E+04
  0.33489041E+04  0.33463911E+04  0.33439074E+04  0.33414013E+04  0.33388242E+04
  0.33361436E+04  0.33333412E+04  0.33303931E+04  0.33272829E+04  0.33240099E+04
  0.33206562E+04  0.33173708E+04  0.33142498E+04  0.33113115E+04  0.33085248E+04
  0.33058378E+04  0.33032044E+04  0.33005937E+04  0.32979925E+04  0.32954000E+04
  0.32928204E+04  0.32902597E+04  0.32877242E+04  0.32852241E+04  0.32827754E+04
  0.32803875E+04  0.32780572E+04  0.32757827E+04  0.32735678E+04  0.32714154E+04
  0.32693247E+04  0.32672914E+04  0.32653099E+04  0.32633757E+04  0.32614852E+04
  0.32596360E+04  0.32578262E+04  0.32560539E+04  0.32543177E+04  0.32526160E+04
  0.32509474E+04  0.32493107E+04  0.32477046E+04  0.32461280E+04  0.32445800E+04
  0.32430595E+04  0.32415656E+04  0.32400975E+04  0.32386543E+04  0.32372353E+04
  0.32358398E+04  0.32344671E+04  0.32331165E+04  0.32317874E+04  0.32304792E+04
  0.32291914E+04  0.32279235E+04  0.32266749E+04  0.32254451E+04  0.32242335E+04
  0.32230399E+04  0.32218635E+04  0.32207042E+04  0.32195613E+04  0.32184344E+04
  0.32173233E+04  0.32162274E+04  0.32151465E+04  0.32140801E+04  0.32130279E+04
  0.32119895E+04  0.32109646E+04  0.32099528E+04  0.32089541E+04  0.32079669E+04
  0.32069943E+04  0.32060207E+04  0.32050967E+04  0.32039360E+04  0.32032071E+04
  0.34950184E+04  0.34907488E+04  0.34810997E+04  0.34697423E+04  0.34575149E+04
  0.34453383E+04  0.34340678E+04  0.34238246E+04  0.34142744E+04  0.34052698E+04
  0.33969920E+04  0.33896092E+04  0.33831596E+04  0.33775478E+04  0.33726106E+04
  0.33682366E+04  0.33643236E+04  0.33607751E+04  0.33575190E+04  0.33545041E+04
  0.33516841E+04  0.33490098E+04  0.33464305E+04  0.33438892E+04  0.33413324E+04
  0.33387150E+04  0.33360088E+04  0.33331932E+04  0.33302394E+04  0.33271233E+04
  0.33238409E+04  0.33204802E+04  0.33171983E+04  0.33140952E+04  0.33111828E+04
  0.33084195E+04  0.33057477E+04  0.33031214E+04  0.33005132E+04  0.32979135E+04
  0.32953232E+04  0.32927466E+04  0.32901893E+04  0.32876569E+04  0.32851591E+04
  0.32827113E+04  0.32803226E+04  0.32779915E+04  0.32757185E+04  0.32735077E+04
  0.32713606E+04  0.32692745E+04  0.32672439E+04  0.32652636E+04  0.32633297E+04
  0.32614394E+04  0.32595904E+04  0.32577808E+04  0.32560089E+04  0.32542731E+04
  0.32525717E+04  0.32509036E+04  0.32492672E+04  0.32476615E+04  0.32460853E+04
  0.32445377E+04  0.32430176E+04  0.32415241E+04  0.32400564E+04  0.32386137E+04
  0.32371952E+04  0.32358002E+04  0.32344280E+04  0.32330780E+04  0.32317495E+04
  0.32304419E+04  0.32291548E+04  0.32278875E+04  0.32266395E+04  0.32254104E+04
  0.32241996E+04  0.32230066E+04  0.32218310E+04  0.32206723E+04  0.32195301E+04
  0.32184041E+04  0.32172938E+04  0.32161988E+04  0.32151187E+04  0.32140533E+04
  0.32130021E+04  0.32119648E+04  0.32109410E+04  0.32099304E+04  0.32089330E+04
  0.32079471E+04  0.32069760E+04  0.32060040E+04  0.32050817E+04  0.32039237E+04
  0.32031965E+04  0.34954416E+04  0.34915672E+04  0.34828019E+04  0.34723774E+04
  0.34610602E+04  0.34497358E+04  0.34389215E+04  0.34284723E+04  0.34182234E+04
  0.34084207E+04  0.33994843E+04  0.33916087E+04  0.33847776E+04  0.33788396E+04
  0.33736277E+04  0.33690316E+04  0.33649307E+04  0.33612271E+04  0.33578488E+04
  0.33547372E+04  0.33518374E+04  0.33490953E+04  0.33464575E+04  0.33438635E+04
  0.33412605E+04  0.33386096E+04  0.33358849E+04  0.33330601E+04  0.33301009E+04
  0.33269780E+04  0.33236867E+04  0.33203211E+04  0.33170456E+04  0.33139633E+04
  0.33110773E+04  0.33083348E+04  0.33056745E+04  0.33030525E+04  0.33004455E+04
  0.32978473E+04  0.32952594E+04  0.32926861E+04  0.32901320E+04  0.32876025E+04
  0.32851068E+04  0.32826591E+04  0.32802690E+04  0.32779375E+04  0.32756668E+04
  0.32734604E+04  0.32713180E+04  0.32692350E+04  0.32672058E+04  0.32652260E+04
  0.32632922E+04  0.32614020E+04  0.32595532E+04  0.32577439E+04  0.32559723E+04
  0.32542368E+04  0.32525358E+04  0.32508679E+04  0.32492318E+04  0.32476264E+04
  0.32460506E+04  0.32445032E+04  0.32429834E+04  0.32414903E+04  0.32400229E+04
  0.32385806E+04  0.32371624E+04  0.32357678E+04  0.32343960E+04  0.32330464E+04
  0.32317183E+04  0.32304112E+04  0.32291246E+04  0.32278578E+04  0.32266104E+04
  0.32253817E+04  0.32241714E+04  0.32229789E+04  0.32218039E+04  0.32206458E+04
  0.32195043E+04  0.32183789E+04  0.32172692E+04  0.32161749E+04  0.32150956E+04
  0.32140309E+04  0.32129806E+04  0.32119441E+04  0.32109213E+04  0.32099117E+04
  0.32089154E+04  0.32079307E+04  0.32069608E+04  0.32059902E+04  0.32050695E+04
  0.32039137E+04  0.32031880E+04  0.34958060E+04  0.34922870E+04  0.34843101E+04
  0.34747360E+04  0.34643187E+04  0.34537245E+04  0.34430425E+04  0.34321371E+04
  0.34211982E+04  0.34107932E+04  0.34014110E+04  0.33931895E+04  0.33860630E+04
  0.33798689E+04  0.33744487E+04  0.33696756E+04  0.33654244E+04  0.33615991E+04
  0.33581233E+04  0.33549312E+04  0.33519622E+04  0.33491611E+04  0.33464711E+04
  0.33438281E+04  0.33411853E+04  0.33385099E+04  0.33357732E+04  0.33329422E+04
  0.33299774E+04  0.33268479E+04  0.33235496E+04  0.33201814E+04  0.33169156E+04
  0.33138567E+04  0.33109958E+04  0.33082702E+04  0.33056176E+04  0.33029977E+04
  0.33003914E+04  0.32977947E+04  0.32952096E+04  0.32926393E+04  0.32900880E+04
  0.32875609E+04  0.32850665E+04  0.32826182E+04  0.32802265E+04  0.32778951E+04
  0.32756272E+04  0.32734251E+04  0.32712861E+04  0.32692048E+04  0.32671762E+04
  0.32651964E+04  0.32632627E+04  0.32613727E+04  0.32595241E+04  0.32577150E+04
  0.32559436E+04  0.32542083E+04  0.32525075E+04  0.32508397E+04  0.32492038E+04
  0.32475986E+04  0.32460229E+04  0.32444757E+04  0.32429561E+04  0.32414631E+04
  0.32399960E+04  0.32385538E+04  0.32371358E+04  0.32357415E+04  0.32343699E+04
  0.32330206E+04  0.32316929E+04  0.32303862E+04  0.32290999E+04  0.32278335E+04
  0.32265864E+04  0.32253581E+04  0.32241482E+04  0.32229561E+04  0.32217815E+04
  0.32206239E+04  0.32194828E+04  0.32183579E+04  0.32172487E+04  0.32161550E+04
  0.32150763E+04  0.32140123E+04  0.32129626E+04  0.32119269E+04  0.32109049E+04
  0.32098961E+04  0.32089006E+04  0.32079169E+04  0.32069481E+04  0.32059787E+04
  0.32050592E+04  0.32039055E+04  0.32031811E+04  0.34961195E+04  0.34929196E+04
  0.34856341E+04  0.34768751E+04  0.34672776E+04  0.34571269E+04  0.34462901E+04
  0.34348638E+04  0.34233961E+04  0.34125959E+04  0.34029092E+04  0.33944304E+04
  0.33870767E+04  0.33806883E+04  0.33751065E+04  0.33701924E+04  0.33658240E+04
  0.33619032E+04  0.33583480E+04  0.33550877E+04  0.33520595E+04  0.33492071E+04
  0.33464688E+04  0.33437815E+04  0.33411085E+04  0.33384185E+04  0.33356756E+04
  0.33328400E+04  0.33298701E+04  0.33267356E+04  0.33234334E+04  0.33200653E+04
  0.33168124E+04  0.33137775E+04  0.33109386E+04  0.33082253E+04  0.33055768E+04
  0.33029573E+04  0.33003514E+04  0.32977564E+04  0.32951736E+04  0.32926058E+04
  0.32900568E+04  0.32875316E+04  0.32850377E+04  0.32825881E+04  0.32801948E+04
  0.32778640E+04  0.32755991E+04  0.32734003E+04  0.32712633E+04  0.32691826E+04
  0.32671540E+04  0.32651743E+04  0.32632407E+04  0.32613507E+04  0.32595022E+04
  0.32576931E+04  0.32559218E+04  0.32541865E+04  0.32524856E+04  0.32508179E+04
  0.32491821E+04  0.32475768E+04  0.32460012E+04  0.32444540E+04  0.32429345E+04
  0.32414415E+04  0.32399744E+04  0.32385323E+04  0.32371145E+04  0.32357203E+04
  0.32343489E+04  0.32329998E+04  0.32316723E+04  0.32303659E+04  0.32290798E+04
  0.32278136E+04  0.32265668E+04  0.32253388E+04  0.32241291E+04  0.32229374E+04
  0.32217630E+04  0.32206057E+04  0.32194650E+04  0.32183405E+04  0.32172318E+04
  0.32161385E+04  0.32150603E+04  0.32139968E+04  0.32129476E+04  0.32119125E+04
  0.32108911E+04  0.32098830E+04  0.32088883E+04  0.32079053E+04  0.32069374E+04
  0.32059691E+04  0.32050507E+04  0.32038986E+04  0.32031754E+04  0.34963946E+04
  0.34934698E+04  0.34868010E+04  0.34788022E+04  0.34698299E+04  0.34597918E+04
  0.34486390E+04  0.34367963E+04  0.34249977E+04  0.34139486E+04  0.34040482E+04
  0.33953798E+04  0.33878587E+04  0.33813255E+04  0.33756199E+04  0.33705992E+04
  0.33661414E+04  0.33621453E+04  0.33585254E+04  0.33552082E+04  0.33521300E+04
  0.33492321E+04  0.33464492E+04  0.33437261E+04  0.33410355E+04  0.33383401E+04
  0.33355949E+04  0.33327561E+04  0.33297824E+04  0.33266460E+04  0.33233430E+04
  0.33199776E+04  0.33167393E+04  0.33137268E+04  0.33109049E+04  0.33081987E+04
  0.33055510E+04  0.33029309E+04  0.33003254E+04  0.32977317E+04  0.32951507E+04
  0.32925847E+04  0.32900373E+04  0.32875132E+04  0.32850191E+04  0.32825677E+04
  0.32801729E+04  0.32778431E+04  0.32755809E+04  0.32733841E+04  0.32712477E+04
  0.32691671E+04  0.32671384E+04  0.32651586E+04  0.32632248E+04  0.32613347E+04
  0.32594861E+04  0.32576769E+04  0.32559055E+04  0.32541700E+04  0.32524690E+04
  0.32508012E+04  0.32491653E+04  0.32475600E+04  0.32459843E+04  0.32444371E+04
  0.32429174E+04  0.32414245E+04  0.32399574E+04  0.32385153E+04  0.32370976E+04
  0.32357034E+04  0.32343322E+04  0.32329832E+04  0.32316559E+04  0.32303495E+04
  0.32290636E+04  0.32277976E+04  0.32265509E+04  0.32253231E+04  0.32241137E+04
  0.32229221E+04  0.32217481E+04  0.32205910E+04  0.32194506E+04  0.32183264E+04
  0.32172180E+04  0.32161250E+04  0.32150472E+04  0.32139841E+04  0.32129354E+04
  0.32119008E+04  0.32108799E+04  0.32098723E+04  0.32088782E+04  0.32078959E+04
  0.32069287E+04  0.32059611E+04  0.32050436E+04  0.32038929E+04  0.32031706E+04
  0.34966340E+04  0.34939376E+04  0.34878479E+04  0.34804783E+04  0.34718064E+04
  0.34616428E+04  0.34501978E+04  0.34381086E+04  0.34261262E+04  0.34149179E+04
  0.34048712E+04  0.33960716E+04  0.33884327E+04  0.33817967E+04  0.33760029E+04
  0.33709056E+04  0.33663817E+04  0.33623282E+04  0.33586578E+04  0.33552952E+04
  0.33521754E+04  0.33492363E+04  0.33464160E+04  0.33436714E+04  0.33409755E+04
  0.33382811E+04  0.33355359E+04  0.33326949E+04  0.33297199E+04  0.33265847E+04
  0.33232832E+04  0.33199218E+04  0.33166971E+04  0.33137025E+04  0.33108908E+04
  0.33081867E+04  0.33055378E+04  0.33029168E+04  0.33003116E+04  0.32977189E+04
  0.32951390E+04  0.32925741E+04  0.32900276E+04  0.32875039E+04  0.32850090E+04
  0.32825557E+04  0.32801599E+04  0.32778310E+04  0.32755703E+04  0.32733742E+04
  0.32712377E+04  0.32691568E+04  0.32671278E+04  0.32651477E+04  0.32632136E+04
  0.32613233E+04  0.32594744E+04  0.32576650E+04  0.32558933E+04  0.32541577E+04
  0.32524566E+04  0.32507886E+04  0.32491525E+04  0.32475471E+04  0.32459713E+04
  0.32444240E+04  0.32429043E+04  0.32414114E+04  0.32399443E+04  0.32385022E+04
  0.32370845E+04  0.32356904E+04  0.32343193E+04  0.32329703E+04  0.32316431E+04
  0.32303368E+04  0.32290510E+04  0.32277851E+04  0.32265386E+04  0.32253109E+04
  0.32241016E+04  0.32229103E+04  0.32217364E+04  0.32205796E+04  0.32194394E+04
  0.32183154E+04  0.32172073E+04  0.32161146E+04  0.32150371E+04  0.32139743E+04
  0.32129260E+04  0.32118917E+04  0.32108712E+04  0.32098640E+04  0.32088703E+04
  0.32078885E+04  0.32069218E+04  0.32059549E+04  0.32050381E+04  0.32038884E+04
  0.32031668E+04  0.34967964E+04  0.34943415E+04  0.34887673E+04  0.34817576E+04
  0.34730876E+04  0.34627371E+04  0.34511252E+04  0.34389246E+04  0.34268479E+04
  0.34155453E+04  0.34054089E+04  0.33965279E+04  0.33888139E+04  0.33821122E+04
  0.33762622E+04  0.33711154E+04  0.33665468E+04  0.33624532E+04  0.33587474E+04
  0.33553526E+04  0.33522019E+04  0.33492311E+04  0.33463864E+04  0.33436336E+04
  0.33409390E+04  0.33382475E+04  0.33355026E+04  0.33326603E+04  0.33296865E+04
  0.33265542E+04  0.33232545E+04  0.33198959E+04  0.33166806E+04  0.33136961E+04
  0.33108884E+04  0.33081837E+04  0.33055333E+04  0.33029116E+04  0.33003065E+04
  0.32977143E+04  0.32951350E+04  0.32925705E+04  0.32900244E+04  0.32875007E+04
  0.32850052E+04  0.32825504E+04  0.32801537E+04  0.32778252E+04  0.32755648E+04
  0.32733683E+04  0.32712315E+04  0.32691501E+04  0.32671207E+04  0.32651402E+04
  0.32632059E+04  0.32613153E+04  0.32594662E+04  0.32576566E+04  0.32558847E+04
  0.32541489E+04  0.32524477E+04  0.32507796E+04  0.32491434E+04  0.32475379E+04
  0.32459620E+04  0.32444147E+04  0.32428950E+04  0.32414020E+04  0.32399350E+04
  0.32384929E+04  0.32370753E+04  0.32356812E+04  0.32343100E+04  0.32329612E+04
  0.32316339E+04  0.32303277E+04  0.32290420E+04  0.32277762E+04  0.32265298E+04
  0.32253023E+04  0.32240931E+04  0.32229019E+04  0.32217282E+04  0.32205715E+04
  0.32194314E+04  0.32183076E+04  0.32171997E+04  0.32161072E+04  0.32150299E+04
  0.32139673E+04  0.32129192E+04  0.32118852E+04  0.32108650E+04  0.32098581E+04
  0.32088647E+04  0.32078832E+04  0.32069169E+04  0.32059504E+04  0.32050340E+04
  0.32038849E+04  0.32031638E+04  0.34969725E+04  0.34947049E+04  0.34894054E+04
  0.34824478E+04  0.34736785E+04  0.34632280E+04  0.34515610E+04  0.34393236E+04
  0.34272086E+04  0.34158631E+04  0.34056843E+04  0.33967638E+04  0.33890121E+04
  0.33822774E+04  0.33763998E+04  0.33712283E+04  0.33666366E+04  0.33625216E+04
  0.33587973E+04  0.33553857E+04  0.33522191E+04  0.33492322E+04  0.33463760E+04
  0.33436202E+04  0.33409266E+04  0.33382362E+04  0.33354908E+04  0.33326481E+04
  0.33296760E+04  0.33265465E+04  0.33232475E+04  0.33198896E+04  0.33166783E+04
  0.33136976E+04  0.33108903E+04  0.33081844E+04  0.33055330E+04  0.33029112E+04
  0.33003063E+04  0.32977143E+04  0.32951352E+04  0.32925709E+04  0.32900250E+04
  0.32875014E+04  0.32850054E+04  0.32825495E+04  0.32801518E+04  0.32778228E+04
  0.32755620E+04  0.32733651E+04  0.32712278E+04  0.32691461E+04  0.32671165E+04
  0.32651358E+04  0.32632014E+04  0.32613106E+04  0.32594614E+04  0.32576517E+04
  0.32558797E+04  0.32541439E+04  0.32524425E+04  0.32507744E+04  0.32491382E+04
  0.32475326E+04  0.32459567E+04  0.32444094E+04  0.32428897E+04  0.32413967E+04
  0.32399297E+04  0.32384877E+04  0.32370700E+04  0.32356760E+04  0.32343048E+04
  0.32329560E+04  0.32316288E+04  0.32303226E+04  0.32290370E+04  0.32277712E+04
  0.32265249E+04  0.32252974E+04  0.32240883E+04  0.32228972E+04  0.32217235E+04
  0.32205669E+04  0.32194269E+04  0.32183032E+04  0.32171954E+04  0.32161030E+04
  0.32150258E+04  0.32139634E+04  0.32129154E+04  0.32118815E+04  0.32108614E+04
  0.32098547E+04  0.32088614E+04  0.32078801E+04  0.32069140E+04  0.32059477E+04
  0.32050316E+04  0.32038828E+04  0.32031619E+04  0.34970955E+04  0.34948773E+04
  0.34896213E+04  0.34826300E+04  0.34738176E+04  0.34633463E+04  0.34516710E+04
  0.34394272E+04  0.34273040E+04  0.34159483E+04  0.34057588E+04  0.33968281E+04
  0.33890664E+04  0.33823230E+04  0.33764382E+04  0.33712604E+04  0.33666625E+04
  0.33625419E+04  0.33588127E+04  0.33553969E+04  0.33522265E+04  0.33492355E+04
  0.33463761E+04  0.33436192E+04  0.33409253E+04  0.33382347E+04  0.33354889E+04
  0.33326461E+04  0.33296748E+04  0.33265463E+04  0.33232474E+04  0.33198892E+04
  0.33166791E+04  0.33136993E+04  0.33108917E+04  0.33081852E+04  0.33055335E+04
  0.33029117E+04  0.33003069E+04  0.32977150E+04  0.32951360E+04  0.32925719E+04
  0.32900260E+04  0.32875024E+04  0.32850063E+04  0.32825498E+04  0.32801515E+04
  0.32778222E+04  0.32755611E+04  0.32733639E+04  0.32712266E+04  0.32691448E+04
  0.32671152E+04  0.32651345E+04  0.32632000E+04  0.32613092E+04  0.32594599E+04
  0.32576502E+04  0.32558782E+04  0.32541423E+04  0.32524410E+04  0.32507728E+04
  0.32491366E+04  0.32475311E+04  0.32459551E+04  0.32444078E+04  0.32428881E+04
  0.32413951E+04  0.32399281E+04  0.32384861E+04  0.32370684E+04  0.32356744E+04
  0.32343033E+04  0.32329544E+04  0.32316272E+04  0.32303211E+04  0.32290354E+04
  0.32277697E+04  0.32265234E+04  0.32252959E+04  0.32240869E+04  0.32228957E+04
  0.32217221E+04  0.32205655E+04  0.32194256E+04  0.32183019E+04  0.32171941E+04
  0.32161017E+04  0.32150246E+04  0.32139622E+04  0.32129142E+04  0.32118803E+04
  0.32108603E+04  0.32098536E+04  0.32088604E+04  0.32078792E+04  0.32069131E+04
  0.32059469E+04  0.32050308E+04  0.32038821E+04  0.32031612E+04
