  0.32130969E+04  0.32136384E+04  0.32153990E+04  0.32179239E+04  0.32204779E+04
  0.32228135E+04  0.32248049E+04  0.32264499E+04  0.32277998E+04  0.32289080E+04
  0.32298030E+04  0.32304921E+04  0.32309787E+04  0.32312654E+04  0.32313477E+04
  0.32312082E+04  0.32308121E+04  0.32301027E+04  0.32289973E+04  0.32273787E+04
  0.32250835E+04  0.32218880E+04  0.32174910E+04  0.32114961E+04  0.32034120E+04
  0.31926565E+04  0.31785335E+04  0.31602671E+04  0.31373033E+04  0.31093120E+04
  0.30768388E+04  0.30410204E+04  0.30038086E+04  0.29667028E+04  0.29306833E+04
  0.28977476E+04  0.28688779E+04  0.28425665E+04  0.28195592E+04  0.28014115E+04
  0.27847023E+04  0.27694994E+04  0.27576270E+04  0.27471997E+04  0.27376832E+04
  0.27292686E+04  0.27218351E+04  0.27149416E+04  0.27075700E+04  0.26998127E+04
  0.26920510E+04  0.26837128E+04  0.26749607E+04  0.26668720E+04  0.26591522E+04
  0.26509420E+04  0.26435577E+04  0.26383245E+04  0.26337624E+04  0.26297411E+04
  0.26269651E+04  0.26246747E+04  0.26227640E+04  0.26216922E+04  0.26226112E+04
  0.26257096E+04  0.26306336E+04  0.26373896E+04  0.26456825E+04  0.26558263E+04
  0.26674497E+04  0.26790025E+04  0.26895966E+04  0.26991902E+04  0.27085572E+04
  0.27180281E+04  0.27279786E+04  0.27396984E+04  0.27536498E+04  0.27694983E+04
  0.27868779E+04  0.28055932E+04  0.28253425E+04  0.28455375E+04  0.28655942E+04
  0.28850353E+04  0.29037389E+04  0.29216391E+04  0.29391040E+04  0.29565882E+04
  0.29737260E+04  0.29899636E+04  0.30049226E+04  0.30184125E+04  0.30303351E+04
  0.30406747E+04  0.30489168E+04  0.30541363E+04  0.30401762E+04  0.31133030E+04
  0.32021462E+04  0.32130987E+04  0.32136430E+04  0.32154121E+04  0.32179439E+04
  0.32204982E+04  0.32228314E+04  0.32248206E+04  0.32264642E+04  0.32278130E+04
  0.32289201E+04  0.32298141E+04  0.32305024E+04  0.32309883E+04  0.32312746E+04
  0.32313564E+04  0.32312165E+04  0.32308201E+04  0.32301106E+04  0.32290054E+04
  0.32273872E+04  0.32250925E+04  0.32218979E+04  0.32175024E+04  0.32115104E+04
  0.32034311E+04  0.31926833E+04  0.31785717E+04  0.31603212E+04  0.31373792E+04
  0.31094156E+04  0.30769741E+04  0.30411901E+04  0.30040139E+04  0.29669436E+04
  0.29309568E+04  0.28980440E+04  0.28691955E+04  0.28429202E+04  0.28200512E+04
  0.28021310E+04  0.27857289E+04  0.27707790E+04  0.27589229E+04  0.27481005E+04
  0.27379280E+04  0.27284396E+04  0.27192646E+04  0.27099875E+04  0.26997606E+04
  0.26892331E+04  0.26790100E+04  0.26685065E+04  0.26578890E+04  0.26482264E+04
  0.26395413E+04  0.26315102E+04  0.26248849E+04  0.26207172E+04  0.26178423E+04
  0.26150957E+04  0.26127170E+04  0.26110291E+04  0.26103612E+04  0.26108492E+04
  0.26135023E+04  0.26184769E+04  0.26253780E+04  0.26341422E+04  0.26443850E+04
  0.26561806E+04  0.26692079E+04  0.26822718E+04  0.26945448E+04  0.27063819E+04
  0.27188626E+04  0.27320106E+04  0.27455401E+04  0.27601166E+04  0.27761040E+04
  0.27933116E+04  0.28115273E+04  0.28306537E+04  0.28503794E+04  0.28698341E+04
  0.28885757E+04  0.29068447E+04  0.29247664E+04  0.29419430E+04  0.29589709E+04
  0.29763096E+04  0.29928587E+04  0.30081005E+04  0.30220716E+04  0.30347701E+04
  0.30461145E+04  0.30559850E+04  0.30636378E+04  0.30680709E+04  0.30540367E+04
  0.31280933E+04  0.32175235E+04  0.32131045E+04  0.32136601E+04  0.32154615E+04
  0.32180213E+04  0.32205791E+04  0.32229040E+04  0.32248844E+04  0.32265218E+04
  0.32278657E+04  0.32289683E+04  0.32298583E+04  0.32305431E+04  0.32310263E+04
  0.32313103E+04  0.32313900E+04  0.32312480E+04  0.32308499E+04  0.32301392E+04
  0.32290332E+04  0.32274146E+04  0.32251199E+04  0.32219260E+04  0.32175329E+04
  0.32115457E+04  0.32034749E+04  0.31927419E+04  0.31786537E+04  0.31604367E+04
  0.31375426E+04  0.31096430E+04  0.30772806E+04  0.30415917E+04  0.30045238E+04
  0.29675702E+04  0.29317032E+04  0.28989138E+04  0.28702460E+04  0.28442774E+04
  0.28220837E+04  0.28049782E+04  0.27892812E+04  0.27744860E+04  0.27617291E+04
  0.27490383E+04  0.27359462E+04  0.27221159E+04  0.27076357E+04  0.26928338E+04
  0.26771763E+04  0.26622382E+04  0.26494652E+04  0.26380751E+04  0.26267451E+04
  0.26163293E+04  0.26086405E+04  0.26042651E+04  0.26027407E+04  0.26038752E+04
  0.26072575E+04  0.26116412E+04  0.26163853E+04  0.26220580E+04  0.26287411E+04
  0.26362678E+04  0.26460156E+04  0.26578323E+04  0.26707019E+04  0.26844232E+04
  0.26985412E+04  0.27129587E+04  0.27275755E+04  0.27422441E+04  0.27566433E+04
  0.27722371E+04  0.27902796E+04  0.28091204E+04  0.28273813E+04  0.28449436E+04
  0.28620544E+04  0.28788594E+04  0.28954754E+04  0.29120087E+04  0.29281760E+04
  0.29432204E+04  0.29573101E+04  0.29710497E+04  0.29843781E+04  0.29967465E+04
  0.30086438E+04  0.30208637E+04  0.30330855E+04  0.30451007E+04  0.30566568E+04
  0.30676459E+04  0.30778591E+04  0.30865563E+04  0.30926617E+04  0.30953781E+04
  0.30818315E+04  0.31573735E+04  0.32469297E+04  0.32131153E+04  0.32136932E+04
  0.32155585E+04  0.32181759E+04  0.32207448E+04  0.32230553E+04  0.32250181E+04
  0.32266409E+04  0.32279737E+04  0.32290670E+04  0.32299489E+04  0.32306267E+04
  0.32311040E+04  0.32313829E+04  0.32314580E+04  0.32313116E+04  0.32309094E+04
  0.32301950E+04  0.32290856E+04  0.32274639E+04  0.32251666E+04  0.32219709E+04
  0.32175774E+04  0.32115919E+04  0.32035259E+04  0.31928040E+04  0.31787362E+04
  0.31605507E+04  0.31377059E+04  0.31098785E+04  0.30776149E+04  0.30420570E+04
  0.30051451E+04  0.29683646E+04  0.29327009E+04  0.29002154E+04  0.28720670E+04
  0.28469008E+04  0.28258020E+04  0.28093336E+04  0.27933125E+04  0.27771240E+04
  0.27612111E+04  0.27440288E+04  0.27256252E+04  0.27061337E+04  0.26874192E+04
  0.26706149E+04  0.26537991E+04  0.26392830E+04  0.26307041E+04  0.26265855E+04
  0.26241796E+04  0.26240557E+04  0.26279980E+04  0.26357081E+04  0.26453895E+04
  0.26563256E+04  0.26691374E+04  0.26842713E+04  0.27005526E+04  0.27162702E+04
  0.27309031E+04  0.27456725E+04  0.27628328E+04  0.27806465E+04  0.27969413E+04
  0.28119514E+04  0.28257092E+04  0.28384600E+04  0.28503381E+04  0.28614253E+04
  0.28714812E+04  0.28820232E+04  0.28948274E+04  0.29095222E+04  0.29248385E+04
  0.29392129E+04  0.29521590E+04  0.29640097E+04  0.29749751E+04  0.29852864E+04
  0.29948968E+04  0.30038891E+04  0.30125355E+04  0.30202832E+04  0.30266137E+04
  0.30315704E+04  0.30349021E+04  0.30372356E+04  0.30404159E+04  0.30449130E+04
  0.30497655E+04  0.30545031E+04  0.30586555E+04  0.30612836E+04  0.30615504E+04
  0.30590365E+04  0.30425576E+04  0.31004178E+04  0.31727907E+04  0.32131313E+04
  0.32137421E+04  0.32157022E+04  0.32184075E+04  0.32209976E+04  0.32232907E+04
  0.32252282E+04  0.32268286E+04  0.32281437E+04  0.32292228E+04  0.32300924E+04
  0.32307595E+04  0.32312276E+04  0.32314983E+04  0.32315659E+04  0.32314125E+04
  0.32310035E+04  0.32302824E+04  0.32291665E+04  0.32275386E+04  0.32252352E+04
  0.32220341E+04  0.32176361E+04  0.32116477E+04  0.32035808E+04  0.31928635E+04
  0.31788090E+04  0.31606469E+04  0.31378446E+04  0.31100851E+04  0.30779196E+04
  0.30424915E+04  0.30057277E+04  0.29691208E+04  0.29337459E+04  0.29018259E+04
  0.28744869E+04  0.28501702E+04  0.28292730E+04  0.28116762E+04  0.27929902E+04
  0.27731714E+04  0.27527355E+04  0.27306019E+04  0.27096412E+04  0.26895618E+04
  0.26731687E+04  0.26634990E+04  0.26576887E+04  0.26576386E+04  0.26651112E+04
  0.26766590E+04  0.26904528E+04  0.27076688E+04  0.27271312E+04  0.27458620E+04
  0.27625497E+04  0.27793240E+04  0.27969951E+04  0.28146021E+04  0.28312856E+04
  0.28456249E+04  0.28571615E+04  0.28669935E+04  0.28776535E+04  0.28895272E+04
  0.29005377E+04  0.29092576E+04  0.29160425E+04  0.29220253E+04  0.29269359E+04
  0.29294708E+04  0.29293858E+04  0.29266127E+04  0.29230953E+04  0.29226032E+04
  0.29254064E+04  0.29290724E+04  0.29321853E+04  0.29347452E+04  0.29368720E+04
  0.29387607E+04  0.29406650E+04  0.29428775E+04  0.29448330E+04  0.29456828E+04
  0.29453345E+04  0.29438284E+04  0.29407168E+04  0.29357056E+04  0.29297023E+04
  0.29232888E+04  0.29163719E+04  0.29088651E+04  0.29005803E+04  0.28913074E+04
  0.28806636E+04  0.28681626E+04  0.28466807E+04  0.28509840E+04  0.28700070E+04
  0.32131524E+04  0.32138058E+04  0.32158883E+04  0.32187075E+04  0.32213293E+04
  0.32236063E+04  0.32255153E+04  0.32270883E+04  0.32283809E+04  0.32294416E+04
  0.32302951E+04  0.32309480E+04  0.32314034E+04  0.32316627E+04  0.32317197E+04
  0.32315561E+04  0.32311372E+04  0.32304061E+04  0.32292803E+04  0.32276424E+04
  0.32253294E+04  0.32221188E+04  0.32177121E+04  0.32117159E+04  0.32036422E+04
  0.31929231E+04  0.31788745E+04  0.31607271E+04  0.31379578E+04  0.31102551E+04
  0.30781684E+04  0.30428338E+04  0.30061773E+04  0.29697579E+04  0.29348410E+04
  0.29036405E+04  0.28767871E+04  0.28521517E+04  0.28293830E+04  0.28087635E+04
  0.27862367E+04  0.27626188E+04  0.27402156E+04  0.27177354E+04  0.27012454E+04
  0.26926967E+04  0.26931065E+04  0.27035978E+04  0.27201200E+04  0.27417744E+04
  0.27659457E+04  0.27884637E+04  0.28088155E+04  0.28311362E+04  0.28533163E+04
  0.28698030E+04  0.28810470E+04  0.28899199E+04  0.28986068E+04  0.29064425E+04
  0.29122781E+04  0.29162504E+04  0.29169978E+04  0.29127893E+04  0.29052637E+04
  0.28993722E+04  0.28956723E+04  0.28912583E+04  0.28858727E+04  0.28810212E+04
  0.28755625E+04  0.28678298E+04  0.28585492E+04  0.28472740E+04  0.28341463E+04
  0.28209623E+04  0.28089812E+04  0.27983194E+04  0.27884203E+04  0.27789374E+04
  0.27698165E+04  0.27610727E+04  0.27529304E+04  0.27454909E+04  0.27381099E+04
  0.27303842E+04  0.27223346E+04  0.27135684E+04  0.27039146E+04  0.26930202E+04
  0.26804431E+04  0.26662666E+04  0.26509370E+04  0.26347302E+04  0.26178845E+04
  0.26006034E+04  0.25826861E+04  0.25635698E+04  0.25416453E+04  0.25098138E+04
  0.24899506E+04  0.32131789E+04  0.32138838E+04  0.32161105E+04  0.32190612E+04
  0.32217241E+04  0.32239918E+04  0.32258744E+04  0.32274190E+04  0.32286867E+04
  0.32297263E+04  0.32305611E+04  0.32311970E+04  0.32316369E+04  0.32318817E+04
  0.32319248E+04  0.32317476E+04  0.32313152E+04  0.32305706E+04  0.32294309E+04
  0.32277793E+04  0.32254524E+04  0.32222281E+04  0.32178081E+04  0.32117991E+04
  0.32037129E+04  0.31929854E+04  0.31789356E+04  0.31607930E+04  0.31380448E+04
  0.31103804E+04  0.30783373E+04  0.30430486E+04  0.30064882E+04  0.29703421E+04
  0.29359668E+04  0.29049596E+04  0.28772986E+04  0.28506628E+04  0.28248140E+04
  0.28012935E+04  0.27765513E+04  0.27525266E+04  0.27346190E+04  0.27238591E+04
  0.27262399E+04  0.27434661E+04  0.27696807E+04  0.27998417E+04  0.28291907E+04
  0.28556118E+04  0.28800559E+04  0.28992626E+04  0.29105686E+04  0.29193379E+04
  0.29278104E+04  0.29328182E+04  0.29323523E+04  0.29248570E+04  0.29138678E+04
  0.29036586E+04  0.28944239E+04  0.28852317E+04  0.28737137E+04  0.28584181E+04
  0.28395732E+04  0.28189454E+04  0.27985162E+04  0.27788781E+04  0.27595870E+04
  0.27414276E+04  0.27238518E+04  0.27061071E+04  0.26886337E+04  0.26714724E+04
  0.26540803E+04  0.26354075E+04  0.26158931E+04  0.25966884E+04  0.25782454E+04
  0.25605013E+04  0.25433857E+04  0.25268633E+04  0.25109738E+04  0.24957878E+04
  0.24811264E+04  0.24666240E+04  0.24520161E+04  0.24370123E+04  0.24215030E+04
  0.24055009E+04  0.23889571E+04  0.23718575E+04  0.23542883E+04  0.23363616E+04
  0.23182506E+04  0.23000870E+04  0.22818453E+04  0.22630732E+04  0.22442450E+04
  0.22162423E+04  0.21974385E+04  0.32132123E+04  0.32139742E+04  0.32163588E+04
  0.32194523E+04  0.32221657E+04  0.32244345E+04  0.32262975E+04  0.32278170E+04
  0.32290606E+04  0.32300785E+04  0.32308933E+04  0.32315104E+04  0.32319324E+04
  0.32321600E+04  0.32321861E+04  0.32319919E+04  0.32315422E+04  0.32307800E+04
  0.32296223E+04  0.32279525E+04  0.32256074E+04  0.32223647E+04  0.32179262E+04
  0.32118990E+04  0.32037943E+04  0.31930520E+04  0.31789931E+04  0.31608445E+04
  0.31381024E+04  0.31104498E+04  0.30784106E+04  0.30431507E+04  0.30067349E+04
  0.29708556E+04  0.29365354E+04  0.29044735E+04  0.28748296E+04  0.28455945E+04
  0.28178523E+04  0.27941404E+04  0.27720654E+04  0.27580855E+04  0.27589933E+04
  0.27745722E+04  0.28035967E+04  0.28396287E+04  0.28741816E+04  0.29051238E+04
  0.29282253E+04  0.29398092E+04  0.29480209E+04  0.29535230E+04  0.29505191E+04
  0.29386295E+04  0.29248315E+04  0.29136385E+04  0.29000777E+04  0.28812599E+04
  0.28573327E+04  0.28310201E+04  0.28059154E+04  0.27819939E+04  0.27579133E+04
  0.27334447E+04  0.27084920E+04  0.26813615E+04  0.26524715E+04  0.26239902E+04
  0.25960555E+04  0.25689797E+04  0.25432161E+04  0.25185974E+04  0.24947814E+04
  0.24716741E+04  0.24493594E+04  0.24276912E+04  0.24064001E+04  0.23853622E+04
  0.23647298E+04  0.23446107E+04  0.23250407E+04  0.23060370E+04  0.22875759E+04
  0.22696374E+04  0.22521411E+04  0.22348915E+04  0.22177277E+04  0.22005448E+04
  0.21832644E+04  0.21658802E+04  0.21484640E+04  0.21311049E+04  0.21138746E+04
  0.20968173E+04  0.20799986E+04  0.20634478E+04  0.20472850E+04  0.20311190E+04
  0.20157866E+04  0.19953089E+04  0.19819450E+04  0.32132546E+04  0.32140743E+04
  0.32166218E+04  0.32198673E+04  0.32226419E+04  0.32249238E+04  0.32267773E+04
  0.32282785E+04  0.32295019E+04  0.32304998E+04  0.32312948E+04  0.32318925E+04
  0.32322953E+04  0.32325033E+04  0.32325092E+04  0.32322942E+04  0.32318232E+04
  0.32310388E+04  0.32298584E+04  0.32281657E+04  0.32257973E+04  0.32225308E+04
  0.32180684E+04  0.32120169E+04  0.32038874E+04  0.31931229E+04  0.31790456E+04
  0.31608781E+04  0.31381241E+04  0.31104534E+04  0.30783942E+04  0.30431963E+04
  0.30068976E+04  0.29708268E+04  0.29354757E+04  0.29015522E+04  0.28702873E+04
  0.28394289E+04  0.28127532E+04  0.27969324E+04  0.27913459E+04  0.28026918E+04
  0.28305454E+04  0.28658509E+04  0.29025885E+04  0.29346910E+04  0.29567827E+04
  0.29704994E+04  0.29758404E+04  0.29687117E+04  0.29549156E+04  0.29404752E+04
  0.29237069E+04  0.28992105E+04  0.28696027E+04  0.28412076E+04  0.28132885E+04
  0.27853290E+04  0.27552567E+04  0.27215064E+04  0.26870092E+04  0.26532035E+04
  0.26202273E+04  0.25878372E+04  0.25562788E+04  0.25250922E+04  0.24938394E+04
  0.24629984E+04  0.24327910E+04  0.24034503E+04  0.23753242E+04  0.23484708E+04
  0.23227480E+04  0.22980014E+04  0.22743104E+04  0.22517289E+04  0.22300470E+04
  0.22090819E+04  0.21887786E+04  0.21690987E+04  0.21500010E+04  0.21314410E+04
  0.21133580E+04  0.20956960E+04  0.20783990E+04  0.20613855E+04  0.20445876E+04
  0.20279726E+04  0.20115128E+04  0.19951908E+04  0.19790284E+04  0.19630803E+04
  0.19474119E+04  0.19320686E+04  0.19170972E+04  0.19024879E+04  0.18883940E+04
  0.18744995E+04  0.18615299E+04  0.18453591E+04  0.18351320E+04  0.32133051E+04
  0.32141815E+04  0.32168939E+04  0.32202994E+04  0.32231466E+04  0.32254548E+04
  0.32273111E+04  0.32288037E+04  0.32300132E+04  0.32309942E+04  0.32317713E+04
  0.32323502E+04  0.32327328E+04  0.32329191E+04  0.32329017E+04  0.32326618E+04
  0.32321646E+04  0.32313527E+04  0.32301442E+04  0.32284229E+04  0.32260254E+04
  0.32227292E+04  0.32182365E+04  0.32121545E+04  0.32039929E+04  0.31931976E+04
  0.31790915E+04  0.31608908E+04  0.31381048E+04  0.31103918E+04  0.30783187E+04
  0.30431703E+04  0.30066633E+04  0.29696002E+04  0.29323760E+04  0.28972681E+04
  0.28660598E+04  0.28386086E+04  0.28233907E+04  0.28297259E+04  0.28513555E+04
  0.28851253E+04  0.29228478E+04  0.29548899E+04  0.29778558E+04  0.29908386E+04
  0.29930758E+04  0.29823199E+04  0.29652408E+04  0.29445562E+04  0.29166017E+04
  0.28846362E+04  0.28536415E+04  0.28208187E+04  0.27841506E+04  0.27456376E+04
  0.27074714E+04  0.26705084E+04  0.26342527E+04  0.25973568E+04  0.25602880E+04
  0.25237555E+04  0.24880595E+04  0.24532870E+04  0.24196366E+04  0.23870936E+04
  0.23554970E+04  0.23248557E+04  0.22951605E+04  0.22664755E+04  0.22389847E+04
  0.22127623E+04  0.21877619E+04  0.21639509E+04  0.21413587E+04  0.21198119E+04
  0.20990942E+04  0.20791728E+04  0.20600155E+04  0.20415654E+04  0.20237399E+04
  0.20064438E+04  0.19895826E+04  0.19730728E+04  0.19568564E+04  0.19409120E+04
  0.19252336E+04  0.19098180E+04  0.18946673E+04  0.18797823E+04  0.18651660E+04
  0.18508305E+04  0.18368022E+04  0.18231053E+04  0.18097742E+04  0.17967842E+04
  0.17842675E+04  0.17719644E+04  0.17604871E+04  0.17465196E+04  0.17378205E+04
  0.32133616E+04  0.32142946E+04  0.32171763E+04  0.32207508E+04  0.32236823E+04
  0.32260311E+04  0.32279047E+04  0.32294007E+04  0.32306039E+04  0.32315723E+04
  0.32323340E+04  0.32328953E+04  0.32332571E+04  0.32334192E+04  0.32333746E+04
  0.32331048E+04  0.32325754E+04  0.32317296E+04  0.32304861E+04  0.32287294E+04
  0.32262959E+04  0.32229631E+04  0.32184333E+04  0.32123136E+04  0.32041119E+04
  0.31932766E+04  0.31791309E+04  0.31608822E+04  0.31380438E+04  0.31102823E+04
  0.30781878E+04  0.30428433E+04  0.30055535E+04  0.29670095E+04  0.29284257E+04
  0.28947784E+04  0.28698377E+04  0.28594307E+04  0.28695543E+04  0.28991164E+04
  0.29341554E+04  0.29683929E+04  0.29944330E+04  0.30075804E+04  0.30095463E+04
  0.29991056E+04  0.29811290E+04  0.29532049E+04  0.29191935E+04  0.28857872E+04
  0.28493332E+04  0.28082250E+04  0.27666707E+04  0.27253687E+04  0.26839396E+04
  0.26424434E+04  0.26012576E+04  0.25611796E+04  0.25225254E+04  0.24846539E+04
  0.24475309E+04  0.24114091E+04  0.23763788E+04  0.23424228E+04  0.23095631E+04
  0.22778385E+04  0.22472155E+04  0.22176882E+04  0.21892537E+04  0.21618857E+04
  0.21356847E+04  0.21107243E+04  0.20871136E+04  0.20649488E+04  0.20440145E+04
  0.20240229E+04  0.20048563E+04  0.19864871E+04  0.19688591E+04  0.19518914E+04
  0.19354837E+04  0.19195280E+04  0.19039260E+04  0.18885906E+04  0.18734676E+04
  0.18585519E+04  0.18438643E+04  0.18294419E+04  0.18153221E+04  0.18015292E+04
  0.17880730E+04  0.17749521E+04  0.17621653E+04  0.17497083E+04  0.17375967E+04
  0.17257920E+04  0.17144027E+04  0.17031994E+04  0.16927182E+04  0.16799985E+04
  0.16721052E+04  0.32134233E+04  0.32144150E+04  0.32174749E+04  0.32212315E+04
  0.32242613E+04  0.32266677E+04  0.32285753E+04  0.32300880E+04  0.32312932E+04
  0.32322544E+04  0.32330039E+04  0.32335482E+04  0.32338877E+04  0.32340221E+04
  0.32339449E+04  0.32336383E+04  0.32330690E+04  0.32321807E+04  0.32308935E+04
  0.32290927E+04  0.32266150E+04  0.32232376E+04  0.32186629E+04  0.32124977E+04
  0.32042470E+04  0.31933615E+04  0.31791652E+04  0.31608514E+04  0.31379415E+04
  0.31101387E+04  0.30778759E+04  0.30419527E+04  0.30035691E+04  0.29642451E+04
  0.29282247E+04  0.29033782E+04  0.28976757E+04  0.29131870E+04  0.29428495E+04
  0.29767944E+04  0.30032570E+04  0.30202370E+04  0.30250566E+04  0.30161666E+04
  0.29989851E+04  0.29719361E+04  0.29380681E+04  0.28999462E+04  0.28568295E+04
  0.28123923E+04  0.27684263E+04  0.27236680E+04  0.26787255E+04  0.26343426E+04
  0.25909740E+04  0.25488798E+04  0.25079552E+04  0.24683179E+04  0.24301473E+04
  0.23930981E+04  0.23570250E+04  0.23220628E+04  0.22882930E+04  0.22556783E+04
  0.22241700E+04  0.21937779E+04  0.21644992E+04  0.21363266E+04  0.21092661E+04
  0.20833054E+04  0.20585046E+04  0.20349892E+04  0.20129597E+04  0.19923648E+04
  0.19728960E+04  0.19544002E+04  0.19367950E+04  0.19199833E+04  0.19038556E+04
  0.18882941E+04  0.18731875E+04  0.18584280E+04  0.18439150E+04  0.18295763E+04
  0.18153771E+04  0.18013207E+04  0.17874407E+04  0.17737918E+04  0.17604317E+04
  0.17474036E+04  0.17347312E+04  0.17224190E+04  0.17104615E+04  0.16988395E+04
  0.16875546E+04  0.16765528E+04  0.16659275E+04  0.16554650E+04  0.16456477E+04
  0.16336961E+04  0.16262767E+04  0.32134925E+04  0.32145470E+04  0.32177999E+04
  0.32217594E+04  0.32249092E+04  0.32273955E+04  0.32293561E+04  0.32308985E+04
  0.32321147E+04  0.32330747E+04  0.32338148E+04  0.32343418E+04  0.32346557E+04
  0.32347568E+04  0.32346391E+04  0.32342860E+04  0.32336657E+04  0.32327233E+04
  0.32313806E+04  0.32295249E+04  0.32269928E+04  0.32235615E+04  0.32189329E+04
  0.32127125E+04  0.32044019E+04  0.31934548E+04  0.31791950E+04  0.31607937E+04
  0.31377942E+04  0.31099336E+04  0.30771849E+04  0.30404331E+04  0.30018335E+04
  0.29656810E+04  0.29408925E+04  0.29351153E+04  0.29525531E+04  0.29818521E+04
  0.30109650E+04  0.30320812E+04  0.30389597E+04  0.30333076E+04  0.30178398E+04
  0.29944012E+04  0.29635077E+04  0.29256077E+04  0.28811834E+04  0.28351090E+04
  0.27874986E+04  0.27390138E+04  0.26917587E+04  0.26455529E+04  0.26003618E+04
  0.25562436E+04  0.25132962E+04  0.24718185E+04  0.24318707E+04  0.23933876E+04
  0.23564078E+04  0.23206965E+04  0.22859960E+04  0.22523097E+04  0.22197334E+04
  0.21883071E+04  0.21580159E+04  0.21288613E+04  0.21008521E+04  0.20739741E+04
  0.20482322E+04  0.20236603E+04  0.20003380E+04  0.19784551E+04  0.19579669E+04
  0.19386664E+04  0.19204976E+04  0.19033824E+04  0.18871902E+04  0.18717598E+04
  0.18569306E+04  0.18425599E+04  0.18285230E+04  0.18147080E+04  0.18010279E+04
  0.17874433E+04  0.17739542E+04  0.17605852E+04  0.17473773E+04  0.17343767E+04
  0.17216306E+04  0.17091833E+04  0.16970670E+04  0.16852946E+04  0.16738683E+04
  0.16627732E+04  0.16520081E+04  0.16415176E+04  0.16313827E+04  0.16213922E+04
  0.16120008E+04  0.16005299E+04  0.15934005E+04  0.32135708E+04  0.32146967E+04
  0.32181682E+04  0.32223657E+04  0.32256705E+04  0.32282654E+04  0.32302988E+04
  0.32318850E+04  0.32331224E+04  0.32340863E+04  0.32348180E+04  0.32353255E+04
  0.32356083E+04  0.32356671E+04  0.32354973E+04  0.32350840E+04  0.32343975E+04
  0.32333850E+04  0.32319715E+04  0.32300469E+04  0.32274480E+04  0.32239509E+04
  0.32192561E+04  0.32129664E+04  0.32045813E+04  0.31935581E+04  0.31792153E+04
  0.31606954E+04  0.31375778E+04  0.31095710E+04  0.30759840E+04  0.30387683E+04
  0.30035654E+04  0.29786442E+04  0.29729706E+04  0.29867214E+04  0.30129034E+04
  0.30368460E+04  0.30516840E+04  0.30535319E+04  0.30416616E+04  0.30204165E+04
  0.29919610E+04  0.29585615E+04  0.29177549E+04  0.28714159E+04  0.28216293E+04
  0.27715629E+04  0.27220562E+04  0.26729696E+04  0.26253431E+04  0.25791831E+04
  0.25345690E+04  0.24914305E+04  0.24496419E+04  0.24092971E+04  0.23704864E+04
  0.23331615E+04  0.22973111E+04  0.22628088E+04  0.22293949E+04  0.21969393E+04
  0.21654994E+04  0.21351784E+04  0.21060213E+04  0.20780338E+04  0.20512133E+04
  0.20255601E+04  0.20011092E+04  0.19779388E+04  0.19561750E+04  0.19358517E+04
  0.19167461E+04  0.18987337E+04  0.18818389E+04  0.18659645E+04  0.18509576E+04
  0.18366374E+04  0.18228245E+04  0.18093578E+04  0.17960959E+04  0.17829404E+04
  0.17698486E+04  0.17568210E+04  0.17438854E+04  0.17310791E+04  0.17184393E+04
  0.17059971E+04  0.16937778E+04  0.16818093E+04  0.16701185E+04  0.16587242E+04
  0.16476408E+04  0.16368657E+04  0.16264021E+04  0.16162061E+04  0.16063534E+04
  0.15966324E+04  0.15874913E+04  0.15763047E+04  0.15693457E+04  0.32136525E+04
  0.32148689E+04  0.32186077E+04  0.32231026E+04  0.32266120E+04  0.32293489E+04
  0.32314782E+04  0.32331250E+04  0.32343942E+04  0.32353664E+04  0.32360886E+04
  0.32365714E+04  0.32368144E+04  0.32368183E+04  0.32365803E+04  0.32360882E+04
  0.32353152E+04  0.32342122E+04  0.32327088E+04  0.32306974E+04  0.32280144E+04
  0.32244342E+04  0.32196541E+04  0.32132728E+04  0.32047918E+04  0.31936720E+04
  0.31792129E+04  0.31605451E+04  0.31372505E+04  0.31089759E+04  0.30747651E+04
  0.30394821E+04  0.30144687E+04  0.30075719E+04  0.30189111E+04  0.30392757E+04
  0.30568390E+04  0.30646405E+04  0.30605333E+04  0.30465205E+04  0.30240487E+04
  0.29943717E+04  0.29582570E+04  0.29163439E+04  0.28691811E+04  0.28181954E+04
  0.27660841E+04  0.27146437E+04  0.26645283E+04  0.26156395E+04  0.25685156E+04
  0.25231175E+04  0.24794252E+04  0.24373837E+04  0.23968350E+04  0.23577260E+04
  0.23201039E+04  0.22839393E+04  0.22491741E+04  0.22157750E+04  0.21835560E+04
  0.21523162E+04  0.21220782E+04  0.20929349E+04  0.20649258E+04  0.20380602E+04
  0.20123678E+04  0.19878978E+04  0.19647096E+04  0.19429682E+04  0.19227363E+04
  0.19038136E+04  0.18860361E+04  0.18693289E+04  0.18536096E+04  0.18387714E+04
  0.18246700E+04  0.18111369E+04  0.17979935E+04  0.17850815E+04  0.17722842E+04
  0.17595481E+04  0.17468708E+04  0.17342741E+04  0.17217904E+04  0.17094514E+04
  0.16972839E+04  0.16853065E+04  0.16735330E+04  0.16619739E+04  0.16506403E+04
  0.16395479E+04  0.16287130E+04  0.16181423E+04  0.16078520E+04  0.15978128E+04
  0.15881034E+04  0.15785185E+04  0.15695036E+04  0.15584623E+04  0.15515917E+04
  0.32137334E+04  0.32150671E+04  0.32191450E+04  0.32240236E+04  0.32278058E+04
  0.32307290E+04  0.32329866E+04  0.32347186E+04  0.32360345E+04  0.32370204E+04
  0.32377307E+04  0.32381813E+04  0.32383719E+04  0.32383038E+04  0.32379773E+04
  0.32373839E+04  0.32365016E+04  0.32352857E+04  0.32336695E+04  0.32315461E+04
  0.32287510E+04  0.32250576E+04  0.32201595E+04  0.32136553E+04  0.32050535E+04
  0.31938083E+04  0.31791862E+04  0.31603993E+04  0.31368415E+04  0.31081067E+04
  0.30752011E+04  0.30478702E+04  0.30388791E+04  0.30479429E+04  0.30644532E+04
  0.30761759E+04  0.30762815E+04  0.30668811E+04  0.30488780E+04  0.30253018E+04
  0.29960565E+04  0.29601210E+04  0.29189760E+04  0.28722311E+04  0.28216976E+04
  0.27686791E+04  0.27155622E+04  0.26638551E+04  0.26139758E+04  0.25657404E+04
  0.25194350E+04  0.24750636E+04  0.24325218E+04  0.23917233E+04  0.23525053E+04
  0.23147352E+04  0.22784265E+04  0.22435275E+04  0.22099375E+04  0.21777044E+04
  0.21467406E+04  0.21168060E+04  0.20878027E+04  0.20597280E+04  0.20326660E+04
  0.20067452E+04  0.19820559E+04  0.19586458E+04  0.19367127E+04  0.19164289E+04
  0.18975854E+04  0.18799412E+04  0.18634025E+04  0.18478496E+04  0.18331345E+04
  0.18191154E+04  0.18056451E+04  0.17925715E+04  0.17797526E+04  0.17670861E+04
  0.17545189E+04  0.17420417E+04  0.17296687E+04  0.17174197E+04  0.17053144E+04
  0.16933700E+04  0.16816001E+04  0.16700141E+04  0.16586190E+04  0.16474187E+04
  0.16364158E+04  0.16256144E+04  0.16150209E+04  0.16046404E+04  0.15944946E+04
  0.15845615E+04  0.15749297E+04  0.15654114E+04  0.15564505E+04  0.15454632E+04
  0.15386263E+04  0.32138090E+04  0.32152838E+04  0.32197732E+04  0.32251369E+04
  0.32292886E+04  0.32324768E+04  0.32349222E+04  0.32367810E+04  0.32381698E+04
  0.32391818E+04  0.32398804E+04  0.32402896E+04  0.32404115E+04  0.32402502E+04
  0.32398127E+04  0.32390981E+04  0.32380887E+04  0.32367401E+04  0.32349823E+04
  0.32327053E+04  0.32297468E+04  0.32258882E+04  0.32208279E+04  0.32141766E+04
  0.32054316E+04  0.31940277E+04  0.31792250E+04  0.31605515E+04  0.31367520E+04
  0.31078538E+04  0.30799862E+04  0.30673072E+04  0.30737541E+04  0.30883486E+04
  0.30965683E+04  0.30907604E+04  0.30751949E+04  0.30542037E+04  0.30283746E+04
  0.29982032E+04  0.29628142E+04  0.29225873E+04  0.28778376E+04  0.28284418E+04
  0.27762584E+04  0.27225184E+04  0.26693949E+04  0.26181611E+04  0.25691071E+04
  0.25219965E+04  0.24769036E+04  0.24338522E+04  0.23927132E+04  0.23533820E+04
  0.23156844E+04  0.22794459E+04  0.22446306E+04  0.22111510E+04  0.21788833E+04
  0.21477200E+04  0.21176286E+04  0.20885732E+04  0.20604212E+04  0.20331430E+04
  0.20068515E+04  0.19817695E+04  0.19579821E+04  0.19356989E+04  0.19152110E+04
  0.18963110E+04  0.18786739E+04  0.18621740E+04  0.18466973E+04  0.18320800E+04
  0.18181425E+04  0.18047086E+04  0.17916164E+04  0.17787476E+04  0.17660384E+04
  0.17534633E+04  0.17410268E+04  0.17287433E+04  0.17166253E+04  0.17046806E+04
  0.16929131E+04  0.16813242E+04  0.16699144E+04  0.16586841E+04  0.16476342E+04
  0.16367650E+04  0.16260764E+04  0.16155671E+04  0.16052373E+04  0.15950848E+04
  0.15851222E+04  0.15753241E+04  0.15657843E+04  0.15563221E+04  0.15473859E+04
  0.15364010E+04  0.15295612E+04  0.32138709E+04  0.32155020E+04  0.32204640E+04
  0.32264213E+04  0.32310677E+04  0.32346400E+04  0.32373706E+04  0.32394258E+04
  0.32409348E+04  0.32420007E+04  0.32426972E+04  0.32430585E+04  0.32430944E+04
  0.32428177E+04  0.32422500E+04  0.32414049E+04  0.32402667E+04  0.32387715E+04
  0.32368282E+04  0.32343262E+04  0.32311166E+04  0.32270105E+04  0.32217607E+04
  0.32149946E+04  0.32060938E+04  0.31945194E+04  0.31797119E+04  0.31617181E+04
  0.31382425E+04  0.31106937E+04  0.30927146E+04  0.30954627E+04  0.31090600E+04
  0.31159770E+04  0.31073667E+04  0.30870577E+04  0.30626826E+04  0.30344395E+04
  0.30028223E+04  0.29680686E+04  0.29284353E+04  0.28847291E+04  0.28372746E+04
  0.27863618E+04  0.27334923E+04  0.26798806E+04  0.26275088E+04  0.25773888E+04
  0.25296873E+04  0.24841623E+04  0.24407196E+04  0.23993344E+04  0.23598663E+04
  0.23222283E+04  0.22862349E+04  0.22515971E+04  0.22180545E+04  0.21855288E+04
  0.21540441E+04  0.21234230E+04  0.20936516E+04  0.20648978E+04  0.20371983E+04
  0.20106127E+04  0.19852121E+04  0.19611042E+04  0.19384876E+04  0.19177100E+04
  0.18986763E+04  0.18809527E+04  0.18644045E+04  0.18489121E+04  0.18343032E+04
  0.18203938E+04  0.18069890E+04  0.17939036E+04  0.17810081E+04  0.17682461E+04
  0.17556176E+04  0.17431464E+04  0.17308603E+04  0.17187790E+04  0.17069096E+04
  0.16952504E+04  0.16837947E+04  0.16725331E+04  0.16614570E+04  0.16505592E+04
  0.16398343E+04  0.16292781E+04  0.16188870E+04  0.16086572E+04  0.15985868E+04
  0.15886701E+04  0.15789149E+04  0.15692913E+04  0.15598857E+04  0.15505108E+04
  0.15416149E+04  0.15306214E+04  0.15237641E+04  0.32139170E+04  0.32157059E+04
  0.32211759E+04  0.32278226E+04  0.32331012E+04  0.32372039E+04  0.32403523E+04
  0.32427153E+04  0.32444282E+04  0.32456047E+04  0.32463298E+04  0.32466487E+04
  0.32465900E+04  0.32461849E+04  0.32454781E+04  0.32445112E+04  0.32432691E+04
  0.32416128E+04  0.32394050E+04  0.32365655E+04  0.32329755E+04  0.32285183E+04
  0.32231370E+04  0.32164048E+04  0.32073622E+04  0.31957200E+04  0.31815491E+04
  0.31641782E+04  0.31425225E+04  0.31211448E+04  0.31148551E+04  0.31253732E+04
  0.31328858E+04  0.31222471E+04  0.30991091E+04  0.30727547E+04  0.30431169E+04
  0.30098992E+04  0.29743907E+04  0.29363920E+04  0.28937113E+04  0.28473205E+04
  0.27982448E+04  0.27467723E+04  0.26940815E+04  0.26413566E+04  0.25903908E+04
  0.25419650E+04  0.24961155E+04  0.24525832E+04  0.24111164E+04  0.23716316E+04
  0.23339398E+04  0.22977510E+04  0.22628746E+04  0.22291360E+04  0.21962297E+04
  0.21640642E+04  0.21327308E+04  0.21023011E+04  0.20728514E+04  0.20444792E+04
  0.20173126E+04  0.19914779E+04  0.19670752E+04  0.19441582E+04  0.19230894E+04
  0.19038627E+04  0.18859997E+04  0.18693516E+04  0.18538070E+04  0.18391752E+04
  0.18252615E+04  0.18118628E+04  0.17987885E+04  0.17859048E+04  0.17731513E+04
  0.17605238E+04  0.17480462E+04  0.17357513E+04  0.17236661E+04  0.17118064E+04
  0.17001765E+04  0.16887720E+04  0.16775832E+04  0.16665978E+04  0.16558035E+04
  0.16451890E+04  0.16347437E+04  0.16244588E+04  0.16143273E+04  0.16043427E+04
  0.15945012E+04  0.15847955E+04  0.15752318E+04  0.15657774E+04  0.15565098E+04
  0.15472409E+04  0.15384130E+04  0.15274311E+04  0.15205644E+04  0.32139492E+04
  0.32158849E+04  0.32218523E+04  0.32292249E+04  0.32352380E+04  0.32400125E+04
  0.32437320E+04  0.32465530E+04  0.32486021E+04  0.32499931E+04  0.32508126E+04
  0.32511229E+04  0.32509927E+04  0.32504770E+04  0.32496379E+04  0.32485589E+04
  0.32472392E+04  0.32453844E+04  0.32428062E+04  0.32395214E+04  0.32354279E+04
  0.32305059E+04  0.32251414E+04  0.32186682E+04  0.32096819E+04  0.31982604E+04
  0.31845888E+04  0.31675787E+04  0.31500044E+04  0.31396079E+04  0.31413341E+04
  0.31462202E+04  0.31371250E+04  0.31112938E+04  0.30812308E+04  0.30509510E+04
  0.30176085E+04  0.29817768E+04  0.29438572E+04  0.29034024E+04  0.28586891E+04
  0.28110339E+04  0.27615671E+04  0.27104779E+04  0.26587683E+04  0.26076181E+04
  0.25586400E+04  0.25124005E+04  0.24687585E+04  0.24274168E+04  0.23878761E+04
  0.23498308E+04  0.23131972E+04  0.22777172E+04  0.22432328E+04  0.22097257E+04
  0.21771218E+04  0.21453286E+04  0.21143066E+04  0.20842056E+04  0.20551872E+04
  0.20273710E+04  0.20009417E+04  0.19760348E+04  0.19527112E+04  0.19311972E+04
  0.19116454E+04  0.18936588E+04  0.18769002E+04  0.18612813E+04  0.18466026E+04
  0.18326627E+04  0.18192445E+04  0.18061514E+04  0.17932539E+04  0.17804965E+04
  0.17678754E+04  0.17554088E+04  0.17431201E+04  0.17310304E+04  0.17191554E+04
  0.17075036E+04  0.16960768E+04  0.16848717E+04  0.16738816E+04  0.16630966E+04
  0.16525059E+04  0.16420966E+04  0.16318556E+04  0.16217716E+04  0.16118350E+04
  0.16020372E+04  0.15923727E+04  0.15828327E+04  0.15734215E+04  0.15641043E+04
  0.15549540E+04  0.15457833E+04  0.15370293E+04  0.15260847E+04  0.15192270E+04
  0.32139710E+04  0.32160337E+04  0.32224482E+04  0.32305035E+04  0.32372574E+04
  0.32427688E+04  0.32471652E+04  0.32505727E+04  0.32531014E+04  0.32548346E+04
  0.32558429E+04  0.32562263E+04  0.32561104E+04  0.32555599E+04  0.32545988E+04
  0.32533171E+04  0.32517636E+04  0.32496389E+04  0.32467396E+04  0.32430906E+04
  0.32385708E+04  0.32331781E+04  0.32275721E+04  0.32209506E+04  0.32119373E+04
  0.32011195E+04  0.31881025E+04  0.31725112E+04  0.31614092E+04  0.31605722E+04
  0.31622527E+04  0.31521577E+04  0.31267777E+04  0.30938263E+04  0.30592348E+04
  0.30243316E+04  0.29886506E+04  0.29514091E+04  0.29120422E+04  0.28701477E+04
  0.28248359E+04  0.27772356E+04  0.27283132E+04  0.26783611E+04  0.26282480E+04
  0.25792291E+04  0.25326499E+04  0.24888515E+04  0.24473119E+04  0.24075017E+04
  0.23690901E+04  0.23317663E+04  0.22955257E+04  0.22604132E+04  0.22263528E+04
  0.21932134E+04  0.21609536E+04  0.21295289E+04  0.20989281E+04  0.20692678E+04
  0.20407415E+04  0.20135789E+04  0.19880470E+04  0.19641593E+04  0.19421171E+04
  0.19222151E+04  0.19040287E+04  0.18871497E+04  0.18714362E+04  0.18566648E+04
  0.18426279E+04  0.18291107E+04  0.18159156E+04  0.18029198E+04  0.17900744E+04
  0.17773805E+04  0.17648592E+04  0.17525300E+04  0.17404063E+04  0.17284933E+04
  0.17167921E+04  0.17053022E+04  0.16940227E+04  0.16829524E+04  0.16720892E+04
  0.16614282E+04  0.16509614E+04  0.16406771E+04  0.16305644E+04  0.16206116E+04
  0.16108069E+04  0.16011401E+04  0.15916026E+04  0.15821810E+04  0.15728758E+04
  0.15636527E+04  0.15545846E+04  0.15454855E+04  0.15367901E+04  0.15258881E+04
  0.15190484E+04  0.32139864E+04  0.32161514E+04  0.32229367E+04  0.32315704E+04
  0.32389678E+04  0.32451491E+04  0.32501982E+04  0.32542131E+04  0.32572924E+04
  0.32594838E+04  0.32608315E+04  0.32614570E+04  0.32615345E+04  0.32611048E+04
  0.32600685E+04  0.32584613E+04  0.32564446E+04  0.32540170E+04  0.32509916E+04
  0.32472162E+04  0.32425254E+04  0.32367652E+04  0.32301934E+04  0.32226090E+04
  0.32136624E+04  0.32036183E+04  0.31923133E+04  0.31813013E+04  0.31770145E+04
  0.31778908E+04  0.31713349E+04  0.31480933E+04  0.31129807E+04  0.30747622E+04
  0.30356615E+04  0.29973180E+04  0.29596107E+04  0.29211684E+04  0.28810850E+04
  0.28389254E+04  0.27940695E+04  0.27472190E+04  0.26994290E+04  0.26510533E+04
  0.26029694E+04  0.25564243E+04  0.25122398E+04  0.24702970E+04  0.24300234E+04
  0.23909585E+04  0.23530685E+04  0.23163211E+04  0.22806229E+04  0.22459798E+04
  0.22123502E+04  0.21796023E+04  0.21476571E+04  0.21165107E+04  0.20862440E+04
  0.20570325E+04  0.20291298E+04  0.20028126E+04  0.19782943E+04  0.19556637E+04
  0.19352137E+04  0.19167883E+04  0.18997579E+04  0.18838656E+04  0.18689364E+04
  0.18547425E+04  0.18410530E+04  0.18276727E+04  0.18144881E+04  0.18014611E+04
  0.17885998E+04  0.17759299E+04  0.17634723E+04  0.17512394E+04  0.17392340E+04
  0.17274501E+04  0.17158795E+04  0.17045131E+04  0.16933452E+04  0.16823729E+04
  0.16715919E+04  0.16610009E+04  0.16505954E+04  0.16403683E+04  0.16303154E+04
  0.16204273E+04  0.16106926E+04  0.16010995E+04  0.15916373E+04  0.15822901E+04
  0.15730557E+04  0.15638979E+04  0.15548863E+04  0.15458347E+04  0.15371792E+04
  0.15263115E+04  0.15194881E+04  0.32139980E+04  0.32162417E+04  0.32233133E+04
  0.32323834E+04  0.32402458E+04  0.32469072E+04  0.32524444E+04  0.32569485E+04
  0.32605231E+04  0.32632255E+04  0.32651049E+04  0.32662284E+04  0.32667517E+04
  0.32666957E+04  0.32658381E+04  0.32641338E+04  0.32618690E+04  0.32593235E+04
  0.32561998E+04  0.32522831E+04  0.32474580E+04  0.32413607E+04  0.32337699E+04
  0.32252906E+04  0.32167897E+04  0.32079468E+04  0.31995534E+04  0.31945606E+04
  0.31925763E+04  0.31865560E+04  0.31693509E+04  0.31383949E+04  0.30979796E+04
  0.30549940E+04  0.30126527E+04  0.29721862E+04  0.29330560E+04  0.28937609E+04
  0.28534252E+04  0.28115955E+04  0.27675503E+04  0.27217970E+04  0.26753693E+04
  0.26287829E+04  0.25829935E+04  0.25386641E+04  0.24960726E+04  0.24550739E+04
  0.24154229E+04  0.23770309E+04  0.23397678E+04  0.23036072E+04  0.22684527E+04
  0.22342263E+04  0.22008652E+04  0.21683070E+04  0.21365352E+04  0.21056084E+04
  0.20756805E+04  0.20470138E+04  0.20199021E+04  0.19945920E+04  0.19711890E+04
  0.19500848E+04  0.19311816E+04  0.19138082E+04  0.18976801E+04  0.18825535E+04
  0.18681730E+04  0.18543023E+04  0.18407351E+04  0.18273493E+04  0.18141127E+04
  0.18010440E+04  0.17881771E+04  0.17755366E+04  0.17631341E+04  0.17509698E+04
  0.17390371E+04  0.17273287E+04  0.17158364E+04  0.17045483E+04  0.16934566E+04
  0.16825537E+04  0.16718313E+04  0.16612867E+04  0.16509161E+04  0.16407159E+04
  0.16306826E+04  0.16208108E+04  0.16110939E+04  0.16015210E+04  0.15920827E+04
  0.15827657E+04  0.15735683E+04  0.15644519E+04  0.15554807E+04  0.15464673E+04
  0.15378437E+04  0.15270067E+04  0.15202016E+04  0.32140099E+04  0.32163089E+04
  0.32235879E+04  0.32329340E+04  0.32410279E+04  0.32478988E+04  0.32536625E+04
  0.32584354E+04  0.32623215E+04  0.32654287E+04  0.32678729E+04  0.32696932E+04
  0.32709294E+04  0.32715635E+04  0.32714408E+04  0.32704819E+04  0.32688171E+04
  0.32666225E+04  0.32633605E+04  0.32590898E+04  0.32540268E+04  0.32478657E+04
  0.32405050E+04  0.32326463E+04  0.32251348E+04  0.32172646E+04  0.32109266E+04
  0.32071485E+04  0.32005849E+04  0.31854042E+04  0.31599438E+04  0.31239958E+04
  0.30804682E+04  0.30350331E+04  0.29910246E+04  0.29495167E+04  0.29098942E+04
  0.28704428E+04  0.28301629E+04  0.27888218E+04  0.27456860E+04  0.27010938E+04
  0.26560506E+04  0.26113819E+04  0.25675110E+04  0.25244231E+04  0.24826245E+04
  0.24423205E+04  0.24033307E+04  0.23655746E+04  0.23289006E+04  0.22932057E+04
  0.22584002E+04  0.22244083E+04  0.21911687E+04  0.21586637E+04  0.21269609E+04
  0.20962257E+04  0.20667234E+04  0.20387600E+04  0.20126117E+04  0.19884118E+04
  0.19663383E+04  0.19466232E+04  0.19288056E+04  0.19123120E+04  0.18969339E+04
  0.18823682E+04  0.18683290E+04  0.18545888E+04  0.18410190E+04  0.18275845E+04
  0.18143077E+04  0.18012286E+04  0.17883782E+04  0.17757720E+04  0.17634130E+04
  0.17512951E+04  0.17394067E+04  0.17277390E+04  0.17162824E+04  0.17050272E+04
  0.16939692E+04  0.16830993E+04  0.16724102E+04  0.16618944E+04  0.16515467E+04
  0.16413637E+04  0.16313385E+04  0.16214667E+04  0.16117445E+04  0.16021652E+04
  0.15927220E+04  0.15834032E+04  0.15742085E+04  0.15651012E+04  0.15561458E+04
  0.15471552E+04  0.15385543E+04  0.15277460E+04  0.15209600E+04  0.32140157E+04
  0.32163437E+04  0.32237433E+04  0.32332136E+04  0.32413470E+04  0.32482106E+04
  0.32539670E+04  0.32587787E+04  0.32627604E+04  0.32660652E+04  0.32688655E+04
  0.32712610E+04  0.32731603E+04  0.32744602E+04  0.32752087E+04  0.32753756E+04
  0.32747576E+04  0.32732551E+04  0.32705057E+04  0.32666485E+04  0.32621540E+04
  0.32572795E+04  0.32516701E+04  0.32449293E+04  0.32376897E+04  0.32294898E+04
  0.32218242E+04  0.32131124E+04  0.31990618E+04  0.31776163E+04  0.31470477E+04
  0.31075289E+04  0.30622547E+04  0.30159993E+04  0.29715096E+04  0.29297754E+04
  0.28902133E+04  0.28510423E+04  0.28111890E+04  0.27704328E+04  0.27281745E+04
  0.26846874E+04  0.26410369E+04  0.25978368E+04  0.25549093E+04  0.25124838E+04
  0.24713811E+04  0.24317514E+04  0.23933777E+04  0.23560951E+04  0.23197967E+04
  0.22843860E+04  0.22497638E+04  0.22158464E+04  0.21825965E+04  0.21500627E+04
  0.21184156E+04  0.20879524E+04  0.20590207E+04  0.20319231E+04  0.20068931E+04
  0.19840118E+04  0.19634487E+04  0.19449515E+04  0.19279640E+04  0.19121868E+04
  0.18972919E+04  0.18829917E+04  0.18690373E+04  0.18552694E+04  0.18416334E+04
  0.18281479E+04  0.18148522E+04  0.18017776E+04  0.17889423E+04  0.17763539E+04
  0.17640110E+04  0.17519098E+04  0.17400397E+04  0.17283886E+04  0.17169470E+04
  0.17057065E+04  0.16946598E+04  0.16837996E+04  0.16731202E+04  0.16626121E+04
  0.16522692E+04  0.16420870E+04  0.16320589E+04  0.16221794E+04  0.16124438E+04
  0.16028469E+04  0.15933843E+04  0.15840463E+04  0.15748349E+04  0.15657155E+04
  0.15567561E+04  0.15477691E+04  0.15391809E+04  0.15283994E+04  0.15216303E+04
  0.32140120E+04  0.32163426E+04  0.32237604E+04  0.32332203E+04  0.32412877E+04
  0.32480646E+04  0.32537211E+04  0.32584522E+04  0.32624294E+04  0.32658197E+04
  0.32687696E+04  0.32713766E+04  0.32735300E+04  0.32751239E+04  0.32762592E+04
  0.32769307E+04  0.32768548E+04  0.32758934E+04  0.32743799E+04  0.32720854E+04
  0.32690575E+04  0.32659522E+04  0.32618896E+04  0.32558627E+04  0.32482744E+04
  0.32392246E+04  0.32282768E+04  0.32133215E+04  0.31935579E+04  0.31680314E+04
  0.31340645E+04  0.30921632E+04  0.30459853E+04  0.29994688E+04  0.29548301E+04
  0.29132215E+04  0.28740198E+04  0.28353194E+04  0.27960093E+04  0.27558283E+04
  0.27143809E+04  0.26719703E+04  0.26294218E+04  0.25868472E+04  0.25443477E+04
  0.25025914E+04  0.24621194E+04  0.24229844E+04  0.23849917E+04  0.23479892E+04
  0.23118800E+04  0.22765775E+04  0.22419819E+04  0.22080103E+04  0.21746645E+04
  0.21420846E+04  0.21105755E+04  0.20805341E+04  0.20523440E+04  0.20262932E+04
  0.20024863E+04  0.19811221E+04  0.19620477E+04  0.19445929E+04  0.19283360E+04
  0.19130098E+04  0.18983162E+04  0.18840161E+04  0.18699541E+04  0.18560668E+04
  0.18423529E+04  0.18288377E+04  0.18155432E+04  0.18024824E+04  0.17896622E+04
  0.17770835E+04  0.17647424E+04  0.17526351E+04  0.17407558E+04  0.17290944E+04
  0.17176445E+04  0.17063991E+04  0.16953461E+04  0.16844783E+04  0.16737905E+04
  0.16632754E+04  0.16529256E+04  0.16427347E+04  0.16326965E+04  0.16228046E+04
  0.16130533E+04  0.16034370E+04  0.15939519E+04  0.15845898E+04  0.15753551E+04
  0.15662148E+04  0.15572409E+04  0.15482456E+04  0.15396588E+04  0.15288960E+04
  0.15221408E+04  0.32140115E+04  0.32163155E+04  0.32236526E+04  0.32329772E+04
  0.32408794E+04  0.32475039E+04  0.32530282E+04  0.32576624E+04  0.32616205E+04
  0.32650644E+04  0.32680881E+04  0.32707282E+04  0.32729333E+04  0.32746605E+04
  0.32759167E+04  0.32766003E+04  0.32766195E+04  0.32760371E+04  0.32754142E+04
  0.32744436E+04  0.32726074E+04  0.32698954E+04  0.32658211E+04  0.32604435E+04
  0.32532051E+04  0.32435060E+04  0.32301972E+04  0.32118593E+04  0.31888180E+04
  0.31598257E+04  0.31232804E+04  0.30798875E+04  0.30328237E+04  0.29858042E+04
  0.29411373E+04  0.28998643E+04  0.28610674E+04  0.28228582E+04  0.27840283E+04
  0.27443603E+04  0.27036710E+04  0.26620838E+04  0.26200058E+04  0.25777123E+04
  0.25356652E+04  0.24944250E+04  0.24543525E+04  0.24154867E+04  0.23776637E+04
  0.23407599E+04  0.23046850E+04  0.22693492E+04  0.22346521E+04  0.22005323E+04
  0.21670588E+04  0.21344966E+04  0.21032748E+04  0.20738451E+04  0.20466060E+04
  0.20217609E+04  0.19993457E+04  0.19794304E+04  0.19615092E+04  0.19448572E+04
  0.19291481E+04  0.19140881E+04  0.18994305E+04  0.18850203E+04  0.18708064E+04
  0.18567986E+04  0.18430206E+04  0.18294877E+04  0.18162008E+04  0.18031555E+04
  0.17903488E+04  0.17777749E+04  0.17654294E+04  0.17533070E+04  0.17414064E+04
  0.17297232E+04  0.17182500E+04  0.17069814E+04  0.16959083E+04  0.16850225E+04
  0.16743172E+04  0.16637856E+04  0.16534206E+04  0.16432148E+04  0.16331614E+04
  0.16232538E+04  0.16134859E+04  0.16038518E+04  0.15943474E+04  0.15849649E+04
  0.15757101E+04  0.15665511E+04  0.15575622E+04  0.15485569E+04  0.15399656E+04
  0.15292122E+04  0.15224670E+04  0.32140143E+04  0.32162636E+04  0.32234345E+04
  0.32325060E+04  0.32401336E+04  0.32465199E+04  0.32518697E+04  0.32564008E+04
  0.32603212E+04  0.32637791E+04  0.32668470E+04  0.32695396E+04  0.32718424E+04
  0.32737258E+04  0.32750860E+04  0.32757061E+04  0.32758282E+04  0.32757177E+04
  0.32754511E+04  0.32749161E+04  0.32736001E+04  0.32707362E+04  0.32662261E+04
  0.32606193E+04  0.32532182E+04  0.32431076E+04  0.32291865E+04  0.32100391E+04
  0.31851661E+04  0.31535949E+04  0.31150463E+04  0.30703363E+04  0.30220796E+04
  0.29742746E+04  0.29297321E+04  0.28890106E+04  0.28507048E+04  0.28130092E+04
  0.27746367E+04  0.27354421E+04  0.26952819E+04  0.26540115E+04  0.26120403E+04
  0.25700053E+04  0.25283415E+04  0.24874142E+04  0.24475482E+04  0.24087780E+04
  0.23709719E+04  0.23340317E+04  0.22978697E+04  0.22623874E+04  0.22274901E+04
  0.21931666E+04  0.21596007E+04  0.21271950E+04  0.20964592E+04  0.20678809E+04
  0.20418158E+04  0.20183392E+04  0.19974646E+04  0.19787981E+04  0.19616378E+04
  0.19455410E+04  0.19301379E+04  0.19151455E+04  0.19003973E+04  0.18858383E+04
  0.18714880E+04  0.18573878E+04  0.18435615E+04  0.18300107E+04  0.18167247E+04
  0.18036877E+04  0.17908867E+04  0.17783117E+04  0.17659577E+04  0.17538195E+04
  0.17418953E+04  0.17301844E+04  0.17186820E+04  0.17073833E+04  0.16962824E+04
  0.16853721E+04  0.16746442E+04  0.16640912E+04  0.16537060E+04  0.16434811E+04
  0.16334095E+04  0.16234846E+04  0.16137005E+04  0.16040511E+04  0.15945324E+04
  0.15851368E+04  0.15758701E+04  0.15667006E+04  0.15577035E+04  0.15486933E+04
  0.15400998E+04  0.15293531E+04  0.15226154E+04  0.32140122E+04  0.32161868E+04
  0.32231153E+04  0.32318294E+04  0.32391005E+04  0.32451922E+04  0.32503335E+04
  0.32547403E+04  0.32585998E+04  0.32620423E+04  0.32651340E+04  0.32678890E+04
  0.32703037E+04  0.32723403E+04  0.32738466E+04  0.32745722E+04  0.32749142E+04
  0.32751937E+04  0.32751243E+04  0.32745902E+04  0.32733066E+04  0.32705742E+04
  0.32661226E+04  0.32599870E+04  0.32519302E+04  0.32413927E+04  0.32271805E+04
  0.32076797E+04  0.31816860E+04  0.31484699E+04  0.31082670E+04  0.30621666E+04
  0.30128975E+04  0.29645393E+04  0.29199987E+04  0.28797877E+04  0.28422514E+04
  0.28051813E+04  0.27673062E+04  0.27284456E+04  0.26883768E+04  0.26471191E+04
  0.26052472E+04  0.25634011E+04  0.25219361E+04  0.24811554E+04  0.24413434E+04
  0.24025346E+04  0.23646263E+04  0.23275405E+04  0.22911884E+04  0.22554631E+04
  0.22202938E+04  0.21857631E+04  0.21522092E+04  0.21201521E+04  0.20901530E+04
  0.20626942E+04  0.20379399E+04  0.20159293E+04  0.19964702E+04  0.19787852E+04
  0.19622143E+04  0.19464245E+04  0.19310974E+04  0.19160252E+04  0.19011324E+04
  0.18864369E+04  0.18719859E+04  0.18578173E+04  0.18439458E+04  0.18303656E+04
  0.18170621E+04  0.18040163E+04  0.17912084E+04  0.17786254E+04  0.17662602E+04
  0.17541077E+04  0.17421645E+04  0.17304292E+04  0.17188996E+04  0.17075723E+04
  0.16964426E+04  0.16855046E+04  0.16747511E+04  0.16641744E+04  0.16537670E+04
  0.16435215E+04  0.16334310E+04  0.16234893E+04  0.16136906E+04  0.16040293E+04
  0.15945016E+04  0.15851001E+04  0.15758303E+04  0.15666602E+04  0.15576645E+04
  0.15486578E+04  0.15400691E+04  0.15293329E+04  0.15226032E+04  0.32139954E+04
  0.32160762E+04  0.32226967E+04  0.32309768E+04  0.32378389E+04  0.32435979E+04
  0.32485005E+04  0.32527549E+04  0.32565263E+04  0.32599290E+04  0.32630232E+04
  0.32658237E+04  0.32683268E+04  0.32705002E+04  0.32722471E+04  0.32734217E+04
  0.32741043E+04  0.32744810E+04  0.32744551E+04  0.32738548E+04  0.32724715E+04
  0.32698508E+04  0.32655726E+04  0.32592968E+04  0.32508074E+04  0.32396862E+04
  0.32249077E+04  0.32047965E+04  0.31779073E+04  0.31436143E+04  0.31022129E+04
  0.30549832E+04  0.30050284E+04  0.29564797E+04  0.29120041E+04  0.28721900E+04
  0.28353636E+04  0.27989011E+04  0.27614105E+04  0.27226112E+04  0.26824261E+04
  0.26411703E+04  0.25993962E+04  0.25576301E+04  0.25162012E+04  0.24753988E+04
  0.24354925E+04  0.23965234E+04  0.23584086E+04  0.23210813E+04  0.22844474E+04
  0.22483990E+04  0.22129204E+04  0.21782446E+04  0.21448708E+04  0.21134049E+04
  0.20844336E+04  0.20582996E+04  0.20349900E+04  0.20144193E+04  0.19960384E+04
  0.19790130E+04  0.19628444E+04  0.19471797E+04  0.19317947E+04  0.19165919E+04
  0.19015717E+04  0.18867841E+04  0.18722701E+04  0.18580517E+04  0.18441368E+04
  0.18305179E+04  0.18171803E+04  0.18041073E+04  0.17912804E+04  0.17786843E+04
  0.17663083E+04  0.17541453E+04  0.17421900E+04  0.17304391E+04  0.17188902E+04
  0.17075404E+04  0.16963861E+04  0.16854225E+04  0.16746437E+04  0.16640429E+04
  0.16536131E+04  0.16433473E+04  0.16332390E+04  0.16232822E+04  0.16134717E+04
  0.16038023E+04  0.15942709E+04  0.15848699E+04  0.15756045E+04  0.15664420E+04
  0.15574564E+04  0.15484618E+04  0.15398858E+04  0.15291672E+04  0.15224488E+04
  0.32139519E+04  0.32159117E+04  0.32221624E+04  0.32299594E+04  0.32363875E+04
  0.32417944E+04  0.32464372E+04  0.32505135E+04  0.32541711E+04  0.32575094E+04
  0.32605802E+04  0.32633964E+04  0.32659538E+04  0.32682374E+04  0.32702379E+04
  0.32719796E+04  0.32730858E+04  0.32734762E+04  0.32734152E+04  0.32727575E+04
  0.32713140E+04  0.32687443E+04  0.32645882E+04  0.32583692E+04  0.32497066E+04
  0.32380593E+04  0.32225199E+04  0.32015702E+04  0.31738649E+04  0.31387857E+04
  0.30966258E+04  0.30486643E+04  0.29981883E+04  0.29496306E+04  0.29055535E+04
  0.28662462E+04  0.28298761E+04  0.27937982E+04  0.27564354E+04  0.27175186E+04
  0.26772492E+04  0.26359933E+04  0.25942312E+04  0.25524223E+04  0.25108792E+04
  0.24698987E+04  0.24297628E+04  0.23905287E+04  0.23521232E+04  0.23144765E+04
  0.22774849E+04  0.22410589E+04  0.22052908E+04  0.21706061E+04  0.21376371E+04
  0.21070590E+04  0.20793762E+04  0.20547061E+04  0.20329695E+04  0.20136973E+04
  0.19960477E+04  0.19793998E+04  0.19633687E+04  0.19476583E+04  0.19321400E+04
  0.19168114E+04  0.19017054E+04  0.18868644E+04  0.18723133E+04  0.18580610E+04
  0.18441082E+04  0.18304489E+04  0.18170712E+04  0.18039626E+04  0.17911088E+04
  0.17784950E+04  0.17661081E+04  0.17539381E+04  0.17419770E+04  0.17302192E+04
  0.17186604E+04  0.17072970E+04  0.16961255E+04  0.16851418E+04  0.16743412E+04
  0.16637185E+04  0.16532677E+04  0.16429830E+04  0.16328587E+04  0.16228895E+04
  0.16130707E+04  0.16033976E+04  0.15938674E+04  0.15844722E+04  0.15752168E+04
  0.15660679E+04  0.15570985E+04  0.15481225E+04  0.15395657E+04  0.15288719E+04
  0.15221691E+04  0.32138766E+04  0.32156823E+04  0.32214933E+04  0.32287707E+04
  0.32347705E+04  0.32398311E+04  0.32442084E+04  0.32480904E+04  0.32516129E+04
  0.32548625E+04  0.32578808E+04  0.32606794E+04  0.32632581E+04  0.32656206E+04
  0.32678109E+04  0.32698926E+04  0.32713926E+04  0.32720182E+04  0.32720141E+04
  0.32713214E+04  0.32698333E+04  0.32673003E+04  0.32632499E+04  0.32571768E+04
  0.32485317E+04  0.32364525E+04  0.32200673E+04  0.31982060E+04  0.31697301E+04
  0.31339979E+04  0.30912545E+04  0.30427494E+04  0.29918914E+04  0.29434505E+04
  0.29000004E+04  0.28614178E+04  0.28254994E+04  0.27896246E+04  0.27522551E+04
  0.27131694E+04  0.26727374E+04  0.26313628E+04  0.25894835E+04  0.25474980E+04
  0.25057020E+04  0.24644108E+04  0.24239390E+04  0.23843647E+04  0.23456106E+04
  0.23075884E+04  0.22701842E+04  0.22333647E+04  0.21974005E+04  0.21629143E+04
  0.21306440E+04  0.21012618E+04  0.20750306E+04  0.20518992E+04  0.20315966E+04
  0.20132882E+04  0.19961343E+04  0.19796769E+04  0.19636152E+04  0.19477780E+04
  0.19321270E+04  0.19167053E+04  0.19015516E+04  0.18866847E+04  0.18721152E+04
  0.18578431E+04  0.18438629E+04  0.18301690E+04  0.18167541E+04  0.18036097E+04
  0.17907258E+04  0.17780902E+04  0.17656902E+04  0.17535136E+04  0.17415500E+04
  0.17297908E+04  0.17182295E+04  0.17068606E+04  0.16956799E+04  0.16846832E+04
  0.16738667E+04  0.16632264E+04  0.16527581E+04  0.16424574E+04  0.16323201E+04
  0.16223419E+04  0.16125188E+04  0.16028466E+04  0.15933220E+04  0.15839368E+04
  0.15746954E+04  0.15655640E+04  0.15566150E+04  0.15476617E+04  0.15391284E+04
  0.15284653E+04  0.15217817E+04  0.32137601E+04  0.32153873E+04  0.32206958E+04
  0.32274253E+04  0.32330266E+04  0.32377734E+04  0.32419015E+04  0.32455882E+04
  0.32489617E+04  0.32520980E+04  0.32550300E+04  0.32577715E+04  0.32603316E+04
  0.32627283E+04  0.32650096E+04  0.32671882E+04  0.32689610E+04  0.32699785E+04
  0.32702015E+04  0.32696036E+04  0.32681416E+04  0.32656313E+04  0.32616606E+04
  0.32557256E+04  0.32471050E+04  0.32346218E+04  0.32174860E+04  0.31948387E+04
  0.31656465E+04  0.31292824E+04  0.30859682E+04  0.30369304E+04  0.29857674E+04
  0.29375406E+04  0.28948169E+04  0.28570986E+04  0.28217403E+04  0.27860852E+04
  0.27486738E+04  0.27093362E+04  0.26686095E+04  0.26269807E+04  0.25848606E+04
  0.25425875E+04  0.25004353E+04  0.24587434E+04  0.24178695E+04  0.23779115E+04
  0.23387741E+04  0.23003367E+04  0.22624883E+04  0.22253153E+04  0.21893237E+04
  0.21553060E+04  0.21240652E+04  0.20961145E+04  0.20715085E+04  0.20499310E+04
  0.20307081E+04  0.20129803E+04  0.19960913E+04  0.19796703E+04  0.19635044E+04
  0.19475419E+04  0.19318035E+04  0.19163259E+04  0.19011479E+04  0.18862748E+04
  0.18717019E+04  0.18574205E+04  0.18434227E+04  0.18297033E+04  0.18162581E+04
  0.18030824E+04  0.17901694E+04  0.17775103E+04  0.17650939E+04  0.17529082E+04
  0.17409413E+04  0.17291823E+04  0.17176222E+04  0.17062533E+04  0.16950699E+04
  0.16840673E+04  0.16732419E+04  0.16625906E+04  0.16521107E+04  0.16417995E+04
  0.16316543E+04  0.16216720E+04  0.16118494E+04  0.16021823E+04  0.15926671E+04
  0.15832953E+04  0.15740708E+04  0.15649593E+04  0.15560327E+04  0.15471044E+04
  0.15385970E+04  0.15279685E+04  0.15213067E+04  0.32136260E+04  0.32150954E+04
  0.32198770E+04  0.32260109E+04  0.32312336E+04  0.32357136E+04  0.32396292E+04
  0.32431353E+04  0.32463550E+04  0.32493576E+04  0.32521720E+04  0.32548160E+04
  0.32573098E+04  0.32596783E+04  0.32619525E+04  0.32641169E+04  0.32660148E+04
  0.32673651E+04  0.32679335E+04  0.32676102E+04  0.32663053E+04  0.32638383E+04
  0.32599033E+04  0.32539792E+04  0.32452257E+04  0.32323521E+04  0.32146823E+04
  0.31914644E+04  0.31616444E+04  0.31246505E+04  0.30807214E+04  0.30310825E+04
  0.29796006E+04  0.29316572E+04  0.28897353E+04  0.28529036E+04  0.28181490E+04
  0.27827681E+04  0.27452598E+04  0.27055820E+04  0.26645008E+04  0.26225440E+04
  0.25801088E+04  0.25374839E+04  0.24949213E+04  0.24527858E+04  0.24114807E+04
  0.23711186E+04  0.23315739E+04  0.22926903E+04  0.22543956E+04  0.22169812E+04
  0.21812026E+04  0.21479686E+04  0.21180699E+04  0.20917042E+04  0.20687424E+04
  0.20485901E+04  0.20301762E+04  0.20127700E+04  0.19959293E+04  0.19794093E+04
  0.19631058E+04  0.19470337E+04  0.19312355E+04  0.19157344E+04  0.19005495E+04
  0.18856777E+04  0.18711052E+04  0.18568192E+04  0.18428109E+04  0.18290752E+04
  0.18156091E+04  0.18024093E+04  0.17894717E+04  0.17767900E+04  0.17643555E+04
  0.17521577E+04  0.17401846E+04  0.17284243E+04  0.17168659E+04  0.17054998E+04
  0.16943185E+04  0.16833165E+04  0.16724896E+04  0.16618354E+04  0.16513520E+04
  0.16410380E+04  0.16308920E+04  0.16209119E+04  0.16110949E+04  0.16014370E+04
  0.15919344E+04  0.15825783E+04  0.15733722E+04  0.15642818E+04  0.15553784E+04
  0.15464757E+04  0.15379949E+04  0.15274027E+04  0.15207642E+04  0.32135242E+04
  0.32148714E+04  0.32191380E+04  0.32246476E+04  0.32295074E+04  0.32337572E+04
  0.32374882E+04  0.32408329E+04  0.32439049E+04  0.32467671E+04  0.32494498E+04
  0.32519735E+04  0.32543629E+04  0.32566420E+04  0.32588269E+04  0.32609037E+04
  0.32628004E+04  0.32643302E+04  0.32652283E+04  0.32652859E+04  0.32642572E+04
  0.32618923E+04  0.32579334E+04  0.32518403E+04  0.32428095E+04  0.32296156E+04
  0.32116059E+04  0.31879839E+04  0.31576385E+04  0.31200393E+04  0.30754577E+04
  0.30251433E+04  0.29732976E+04  0.29256964E+04  0.28846573E+04  0.28486924E+04
  0.28145047E+04  0.27793396E+04  0.27416670E+04  0.27016348E+04  0.26601786E+04
  0.26178639E+04  0.25750804E+04  0.25320777E+04  0.24890876E+04  0.24464981E+04
  0.24047552E+04  0.23639776E+04  0.23240013E+04  0.22846461E+04  0.22459487E+04
  0.22084823E+04  0.21732247E+04  0.21411282E+04  0.21128064E+04  0.20881782E+04
  0.20666982E+04  0.20475425E+04  0.20296846E+04  0.20124460E+04  0.19955519E+04
  0.19788949E+04  0.19624653E+04  0.19463110E+04  0.19304764E+04  0.19149728E+04
  0.18997922E+04  0.18849221E+04  0.18703487E+04  0.18560599E+04  0.18420471E+04
  0.18283040E+04  0.18148266E+04  0.18016121E+04  0.17886573E+04  0.17759576E+04
  0.17635066E+04  0.17512955E+04  0.17393138E+04  0.17275496E+04  0.17159914E+04
  0.17046286E+04  0.16934522E+04  0.16824558E+04  0.16716346E+04  0.16609857E+04
  0.16505079E+04  0.16402001E+04  0.16300614E+04  0.16200902E+04  0.16102840E+04
  0.16006389E+04  0.15911512E+04  0.15818122E+04  0.15726251E+04  0.15635556E+04
  0.15546750E+04  0.15457974E+04  0.15373426E+04  0.15267868E+04  0.15201719E+04
  0.32134377E+04  0.32146607E+04  0.32184565E+04  0.32234071E+04  0.32279307E+04
  0.32319642E+04  0.32355298E+04  0.32387316E+04  0.32416664E+04  0.32443961E+04
  0.32469512E+04  0.32493524E+04  0.32516227E+04  0.32537814E+04  0.32558376E+04
  0.32577830E+04  0.32595809E+04  0.32611253E+04  0.32622116E+04  0.32625813E+04
  0.32618469E+04  0.32596374E+04  0.32556265E+04  0.32492890E+04  0.32399693E+04
  0.32265114E+04  0.32082301E+04  0.31842785E+04  0.31534832E+04  0.31153145E+04
  0.30700597E+04  0.30190147E+04  0.29668084E+04  0.29196281E+04  0.28795371E+04
  0.28444319E+04  0.28107176E+04  0.27756525E+04  0.27377769E+04  0.26973979E+04
  0.26555588E+04  0.26128734E+04  0.25697262E+04  0.25263359E+04  0.24829170E+04
  0.24398779E+04  0.23976986E+04  0.23564923E+04  0.23160544E+04  0.22762169E+04
  0.22372293E+04  0.21999782E+04  0.21655838E+04  0.21349774E+04  0.21083446E+04
  0.20854020E+04  0.20652632E+04  0.20467451E+04  0.20291301E+04  0.20119176E+04
  0.19949249E+04  0.19781383E+04  0.19616160E+04  0.19454176E+04  0.19295711E+04
  0.19140699E+04  0.18988940E+04  0.18840259E+04  0.18694529E+04  0.18551649E+04
  0.18411533E+04  0.18274108E+04  0.18139319E+04  0.18007127E+04  0.17877498E+04
  0.17750394E+04  0.17625764E+04  0.17503540E+04  0.17383629E+04  0.17265927E+04
  0.17150324E+04  0.17036714E+04  0.16925008E+04  0.16815130E+04  0.16707027E+04
  0.16600664E+04  0.16496023E+04  0.16393090E+04  0.16291852E+04  0.16192291E+04
  0.16094383E+04  0.15998089E+04  0.15903376E+04  0.15810157E+04  0.15718468E+04
  0.15627968E+04  0.15539374E+04  0.15450830E+04  0.15366526E+04  0.15261320E+04
  0.15195402E+04  0.32133366E+04  0.32144244E+04  0.32178160E+04  0.32223120E+04
  0.32265254E+04  0.32303495E+04  0.32337653E+04  0.32368415E+04  0.32396563E+04
  0.32422686E+04  0.32447084E+04  0.32469947E+04  0.32491479E+04  0.32511837E+04
  0.32531079E+04  0.32549119E+04  0.32565683E+04  0.32580141E+04  0.32591016E+04
  0.32595687E+04  0.32590002E+04  0.32569329E+04  0.32528993E+04  0.32463785E+04
  0.32368234E+04  0.32231043E+04  0.32045363E+04  0.31802612E+04  0.31490410E+04
  0.31103216E+04  0.30643668E+04  0.30125407E+04  0.29600144E+04  0.29133820E+04
  0.28743190E+04  0.28400872E+04  0.28067598E+04  0.27716763E+04  0.27335592E+04
  0.26928289E+04  0.26506128E+04  0.26075565E+04  0.25640380E+04  0.25202547E+04
  0.24764098E+04  0.24329296E+04  0.23903167E+04  0.23486631E+04  0.23077301E+04
  0.22674385E+04  0.22283553E+04  0.21916512E+04  0.21584942E+04  0.21296300E+04
  0.21048030E+04  0.20833003E+04  0.20640991E+04  0.20460098E+04  0.20284539E+04
  0.20111650E+04  0.19940607E+04  0.19771822E+04  0.19606127E+04  0.19444000E+04
  0.19285506E+04  0.19130501E+04  0.18978770E+04  0.18830129E+04  0.18684446E+04
  0.18541622E+04  0.18401572E+04  0.18264220E+04  0.18129498E+04  0.17997351E+04
  0.17867734E+04  0.17740606E+04  0.17615920E+04  0.17493616E+04  0.17373622E+04
  0.17255848E+04  0.17140204E+04  0.17026594E+04  0.16914935E+04  0.16805151E+04
  0.16697182E+04  0.16590987E+04  0.16486535E+04  0.16383801E+04  0.16282764E+04
  0.16183396E+04  0.16085672E+04  0.15989552E+04  0.15895005E+04  0.15801949E+04
  0.15710424E+04  0.15620095E+04  0.15531685E+04  0.15443348E+04  0.15359266E+04
  0.15254394E+04  0.15188697E+04  0.32132381E+04  0.32142022E+04  0.32172487E+04
  0.32213593E+04  0.32252901E+04  0.32289132E+04  0.32321857E+04  0.32351519E+04
  0.32378690E+04  0.32403810E+04  0.32427172E+04  0.32448978E+04  0.32469408E+04
  0.32488598E+04  0.32506581E+04  0.32523250E+04  0.32538300E+04  0.32551127E+04
  0.32560408E+04  0.32563789E+04  0.32557639E+04  0.32537253E+04  0.32496929E+04
  0.32430891E+04  0.32333700E+04  0.32193954E+04  0.32005152E+04  0.31758859E+04
  0.31442188E+04  0.31049359E+04  0.30582177E+04  0.30055999E+04  0.29528462E+04
  0.29068859E+04  0.28689302E+04  0.28355988E+04  0.28025962E+04  0.27673710E+04
  0.27289706E+04  0.26878934E+04  0.26453206E+04  0.26019029E+04  0.25580105E+04
  0.25138310E+04  0.24695654E+04  0.24256560E+04  0.23826113E+04  0.23404871E+04
  0.22990339E+04  0.22583834E+04  0.22194837E+04  0.21836999E+04  0.21521676E+04
  0.21251102E+04  0.21020127E+04  0.20817718E+04  0.20630880E+04  0.20451704E+04
  0.20275755E+04  0.20101775E+04  0.19929894E+04  0.19760769E+04  0.19595030E+04
  0.19432934E+04  0.19274450E+04  0.19119438E+04  0.18967725E+04  0.18819143E+04
  0.18673548E+04  0.18530828E+04  0.18390894E+04  0.18253664E+04  0.18119066E+04
  0.17987032E+04  0.17857501E+04  0.17730419E+04  0.17605734E+04  0.17483392E+04
  0.17363332E+04  0.17245485E+04  0.17129782E+04  0.17016148E+04  0.16904510E+04
  0.16794802E+04  0.16686961E+04  0.16580939E+04  0.16476689E+04  0.16374173E+04
  0.16273355E+04  0.16174198E+04  0.16076668E+04  0.15980725E+04  0.15886337E+04
  0.15793429E+04  0.15702048E+04  0.15611866E+04  0.15523615E+04  0.15435459E+04
  0.15351576E+04  0.15247018E+04  0.15181534E+04  0.32131604E+04  0.32140219E+04
  0.32167670E+04  0.32205318E+04  0.32242059E+04  0.32276404E+04  0.32307783E+04
  0.32336449E+04  0.32362777E+04  0.32387037E+04  0.32409446E+04  0.32430239E+04
  0.32449605E+04  0.32467651E+04  0.32484378E+04  0.32499623E+04  0.32512961E+04
  0.32523599E+04  0.32530182E+04  0.32530777E+04  0.32522499E+04  0.32500973E+04
  0.32460177E+04  0.32393759E+04  0.32295552E+04  0.32153505E+04  0.31961455E+04
  0.31711257E+04  0.31389665E+04  0.30990798E+04  0.30515152E+04  0.29980583E+04
  0.29451877E+04  0.29000681E+04  0.28633047E+04  0.28308485E+04  0.27981168E+04
  0.27627069E+04  0.27239933E+04  0.26825752E+04  0.26396675E+04  0.25959016E+04
  0.25516376E+04  0.25070631E+04  0.24623866E+04  0.24180633E+04  0.23745866E+04
  0.23319645E+04  0.22899956E+04  0.22491631E+04  0.22108031E+04  0.21763565E+04
  0.21467257E+04  0.21215408E+04  0.20998686E+04  0.20804845E+04  0.20621078E+04
  0.20441952E+04  0.20265018E+04  0.20090080E+04  0.19917793E+04  0.19748748E+04
  0.19583225E+04  0.19421271E+04  0.19262834E+04  0.19107826E+04  0.18956134E+04
  0.18807618E+04  0.18662132E+04  0.18519549E+04  0.18379764E+04  0.18242689E+04
  0.18108247E+04  0.17976358E+04  0.17846948E+04  0.17719949E+04  0.17595300E+04
  0.17472945E+04  0.17352832E+04  0.17234911E+04  0.17119134E+04  0.17005449E+04
  0.16893801E+04  0.16784134E+04  0.16676391E+04  0.16570514E+04  0.16466447E+04
  0.16364134E+04  0.16263527E+04  0.16164575E+04  0.16067237E+04  0.15971466E+04
  0.15877233E+04  0.15784465E+04  0.15693217E+04  0.15603169E+04  0.15515062E+04
  0.15427073E+04  0.15343376E+04  0.15239120E+04  0.15173843E+04  0.32131030E+04
  0.32138758E+04  0.32163546E+04  0.32198090E+04  0.32232513E+04  0.32265148E+04
  0.32295269E+04  0.32322960E+04  0.32348442E+04  0.32371861E+04  0.32393336E+04
  0.32413095E+04  0.32431351E+04  0.32448178E+04  0.32463527E+04  0.32477147E+04
  0.32488470E+04  0.32496553E+04  0.32500114E+04  0.32497554E+04  0.32486378E+04
  0.32462453E+04  0.32420111E+04  0.32352850E+04  0.32253583E+04  0.32109302E+04
  0.31913935E+04  0.31659545E+04  0.31332551E+04  0.30927114E+04  0.30442192E+04
  0.29898575E+04  0.29369836E+04  0.28928960E+04  0.28574137E+04  0.28257635E+04
  0.27932354E+04  0.27576515E+04  0.27186098E+04  0.26768624E+04  0.26336448E+04
  0.25895488E+04  0.25449221E+04  0.24999602E+04  0.24548882E+04  0.24101677E+04
  0.23662522E+04  0.23231028E+04  0.22806843E+04  0.22399440E+04  0.22025313E+04
  0.21698438E+04  0.21421704E+04  0.21187831E+04  0.20983244E+04  0.20793575E+04
  0.20610629E+04  0.20430635E+04  0.20252670E+04  0.20077190E+04  0.19904908E+04
  0.19736167E+04  0.19570960E+04  0.19409211E+04  0.19250874E+04  0.19095910E+04
  0.18944254E+04  0.18795801E+04  0.18650418E+04  0.18507970E+04  0.18368339E+04
  0.18231423E+04  0.18097134E+04  0.17965383E+04  0.17836089E+04  0.17709171E+04
  0.17584560E+04  0.17462196E+04  0.17342034E+04  0.17224038E+04  0.17108179E+04
  0.16994426E+04  0.16882742E+04  0.16773085E+04  0.16665402E+04  0.16559634E+04
  0.16455716E+04  0.16353580E+04  0.16253163E+04  0.16154405E+04  0.16057253E+04
  0.15961657E+04  0.15867585E+04  0.15774966E+04  0.15683859E+04  0.15593953E+04
  0.15505997E+04  0.15418180E+04  0.15334673E+04  0.15230722E+04  0.15165654E+04
  0.32130597E+04  0.32137554E+04  0.32159990E+04  0.32191764E+04  0.32224105E+04
  0.32255183E+04  0.32284103E+04  0.32310772E+04  0.32335287E+04  0.32357725E+04
  0.32378168E+04  0.32396804E+04  0.32413820E+04  0.32429273E+04  0.32443058E+04
  0.32454864E+04  0.32464060E+04  0.32469693E+04  0.32470567E+04  0.32465129E+04
  0.32450855E+04  0.32423726E+04  0.32378770E+04  0.32309543E+04  0.32208295E+04
  0.32061289E+04  0.31862329E+04  0.31603450E+04  0.31270627E+04  0.30858062E+04
  0.30363199E+04  0.29810393E+04  0.29282755E+04  0.28853817E+04  0.28512710E+04
  0.28203806E+04  0.27879575E+04  0.27521619E+04  0.27127964E+04  0.26707496E+04
  0.26272572E+04  0.25828569E+04  0.25378837E+04  0.24925482E+04  0.24470987E+04
  0.24019919E+04  0.23576182E+04  0.23139221E+04  0.22712092E+04  0.22309356E+04
  0.21949210E+04  0.21642913E+04  0.21386065E+04  0.21166663E+04  0.20970110E+04
  0.20782660E+04  0.20599164E+04  0.20417954E+04  0.20239220E+04  0.20063621E+04
  0.19891609E+04  0.19723238E+04  0.19558357E+04  0.19396849E+04  0.19238667E+04
  0.19083793E+04  0.18932190E+04  0.18783786E+04  0.18638472E+04  0.18496123E+04
  0.18356613E+04  0.18219825E+04  0.18085656E+04  0.17954009E+04  0.17824795E+04
  0.17697929E+04  0.17573336E+04  0.17450957E+04  0.17330751E+04  0.17212691E+04
  0.17096763E+04  0.16982951E+04  0.16871234E+04  0.16761580E+04  0.16653942E+04
  0.16548262E+04  0.16444470E+04  0.16342493E+04  0.16242256E+04  0.16143689E+04
  0.16046730E+04  0.15951324E+04  0.15857436E+04  0.15764994E+04  0.15674060E+04
  0.15584329E+04  0.15496554E+04  0.15408936E+04  0.15325641E+04  0.15222013E+04
  0.15157162E+04  0.32130337E+04  0.32136616E+04  0.32156972E+04  0.32186284E+04
  0.32216742E+04  0.32246329E+04  0.32273998E+04  0.32299512E+04  0.32322863E+04
  0.32344104E+04  0.32363330E+04  0.32380693E+04  0.32396327E+04  0.32410272E+04
  0.32422398E+04  0.32432368E+04  0.32439576E+04  0.32443103E+04  0.32441695E+04
  0.32433660E+04  0.32416349E+04  0.32385816E+04  0.32337650E+04  0.32265276E+04
  0.32160700E+04  0.32009969E+04  0.31806768E+04  0.31542925E+04  0.31203787E+04
  0.30783498E+04  0.30278337E+04  0.29716206E+04  0.29190713E+04  0.28775660E+04
  0.28449268E+04  0.28147417E+04  0.27823081E+04  0.27462575E+04  0.27065792E+04
  0.26642676E+04  0.26205360E+04  0.25758589E+04  0.25305579E+04  0.24848634E+04
  0.24390517E+04  0.23935567E+04  0.23486876E+04  0.23044650E+04  0.22617077E+04
  0.22223467E+04  0.21881967E+04  0.21596941E+04  0.21358917E+04  0.21151279E+04
  0.20958167E+04  0.20770972E+04  0.20586375E+04  0.20404171E+04  0.20225092E+04
  0.20049676E+04  0.19878025E+04  0.19709996E+04  0.19545414E+04  0.19384155E+04
  0.19226160E+04  0.19071401E+04  0.18919856E+04  0.18771476E+04  0.18626186E+04
  0.18483879E+04  0.18344433E+04  0.18207721E+04  0.18073626E+04  0.17942043E+04
  0.17812874E+04  0.17686034E+04  0.17561450E+04  0.17439065E+04  0.17318843E+04
  0.17200764E+04  0.17084820E+04  0.16971003E+04  0.16859299E+04  0.16749683E+04
  0.16642114E+04  0.16536535E+04  0.16432877E+04  0.16331061E+04  0.16231010E+04
  0.16132644E+04  0.16035900E+04  0.15940713E+04  0.15847046E+04  0.15754825E+04
  0.15664113E+04  0.15574607E+04  0.15487062E+04  0.15399687E+04  0.15316640E+04
  0.15213361E+04  0.15148738E+04  0.32130197E+04  0.32135922E+04  0.32154539E+04
  0.32181724E+04  0.32210415E+04  0.32238423E+04  0.32264631E+04  0.32288765E+04
  0.32310730E+04  0.32330543E+04  0.32348345E+04  0.32364282E+04  0.32378443E+04
  0.32390850E+04  0.32401359E+04  0.32409609E+04  0.32415012E+04  0.32416650E+04
  0.32413155E+04  0.32402665E+04  0.32382444E+04  0.32348699E+04  0.32297069E+04
  0.32220732E+04  0.32111807E+04  0.31956237E+04  0.31747856E+04  0.31478290E+04
  0.31132166E+04  0.30703477E+04  0.30187625E+04  0.29616295E+04  0.29094365E+04
  0.28695289E+04  0.28384088E+04  0.28088590E+04  0.27763496E+04  0.27400117E+04
  0.27000308E+04  0.26574797E+04  0.26135340E+04  0.25685996E+04  0.25229840E+04
  0.24769401E+04  0.24307719E+04  0.23848672E+04  0.23394518E+04  0.22947980E+04
  0.22523555E+04  0.22144127E+04  0.21824851E+04  0.21561261E+04  0.21338163E+04
  0.21138068E+04  0.20946405E+04  0.20758256E+04  0.20572468E+04  0.20389651E+04
  0.20210556E+04  0.20035415E+04  0.19864076E+04  0.19696322E+04  0.19531991E+04
  0.19370961E+04  0.19213150E+04  0.19058513E+04  0.18907025E+04  0.18758658E+04
  0.18613362E+04  0.18471057E+04  0.18331631E+04  0.18194959E+04  0.18060914E+04
  0.17929382E+04  0.17800260E+04  0.17673462E+04  0.17548918E+04  0.17426579E+04
  0.17306413E+04  0.17188402E+04  0.17072536E+04  0.16958810E+04  0.16847208E+04
  0.16737707E+04  0.16630267E+04  0.16524833E+04  0.16421339E+04  0.16319709E+04
  0.16219861E+04  0.16121719E+04  0.16025215E+04  0.15930282E+04  0.15836878E+04
  0.15744929E+04  0.15654493E+04  0.15565266E+04  0.15478000E+04  0.15390913E+04
  0.15308151E+04  0.15205245E+04  0.15140861E+04  0.32129972E+04  0.32135325E+04
  0.32152718E+04  0.32178179E+04  0.32205102E+04  0.32231317E+04  0.32255759E+04
  0.32278198E+04  0.32298510E+04  0.32316692E+04  0.32332904E+04  0.32347308E+04
  0.32359975E+04  0.32370885E+04  0.32379874E+04  0.32386547E+04  0.32390281E+04
  0.32390104E+04  0.32384553E+04  0.32371660E+04  0.32348678E+04  0.32312181E+04
  0.32257084E+04  0.32176198E+04  0.32062301E+04  0.31900995E+04  0.31686434E+04
  0.31410204E+04  0.31056260E+04  0.30618390E+04  0.30091127E+04  0.29510940E+04
  0.28994631E+04  0.28613771E+04  0.28317676E+04  0.28027586E+04  0.27701511E+04
  0.27334975E+04  0.26932179E+04  0.26504456E+04  0.26062982E+04  0.25611135E+04
  0.25151859E+04  0.24687932E+04  0.24222609E+04  0.23759017E+04  0.23298991E+04
  0.22850125E+04  0.22433654E+04  0.22073774E+04  0.21777729E+04  0.21534069E+04
  0.21322658E+04  0.21125460E+04  0.20933537E+04  0.20744164E+04  0.20557557E+04
  0.20374559E+04  0.20195619E+04  0.20020698E+04  0.19849566E+04  0.19682013E+04
  0.19517883E+04  0.19357051E+04  0.19199418E+04  0.19044917E+04  0.18893517E+04
  0.18745196E+04  0.18599923E+04  0.18457639E+04  0.18318248E+04  0.18181635E+04
  0.18047670E+04  0.17916233E+04  0.17787213E+04  0.17660525E+04  0.17536105E+04
  0.17413911E+04  0.17293912E+04  0.17176085E+04  0.17060418E+04  0.16946897E+04
  0.16835501E+04  0.16726202E+04  0.16618962E+04  0.16513728E+04  0.16410438E+04
  0.16309020E+04  0.16209399E+04  0.16111502E+04  0.16015263E+04  0.15920615E+04
  0.15827511E+04  0.15735869E+04  0.15645744E+04  0.15556831E+04  0.15469879E+04
  0.15383111E+04  0.15300660E+04  0.15198145E+04  0.15134005E+04  0.32129614E+04
  0.32134738E+04  0.32151387E+04  0.32175500E+04  0.32200632E+04  0.32224857E+04
  0.32247246E+04  0.32267673E+04  0.32286070E+04  0.32302468E+04  0.32317009E+04
  0.32329848E+04  0.32341035E+04  0.32350499E+04  0.32358050E+04  0.32363241E+04
  0.32365366E+04  0.32363371E+04  0.32355734E+04  0.32340502E+04  0.32315051E+04
  0.32276069E+04  0.32217470E+04  0.32131792E+04  0.32012556E+04  0.31844938E+04
  0.31623377E+04  0.31339559E+04  0.30976872E+04  0.30528919E+04  0.29989228E+04
  0.29400586E+04  0.28892569E+04  0.28532286E+04  0.28251075E+04  0.27965102E+04
  0.27637443E+04  0.27267356E+04  0.26861630E+04  0.26431971E+04  0.25988452E+04
  0.25534030E+04  0.25071551E+04  0.24604069E+04  0.24134915E+04  0.23666141E+04
  0.23200397E+04  0.22752413E+04  0.22349748E+04  0.22013791E+04  0.21741076E+04
  0.21512999E+04  0.21308745E+04  0.21112422E+04  0.20919312E+04  0.20728841E+04
  0.20541839E+04  0.20358905E+04  0.20180121E+04  0.20005330E+04  0.19834333E+04
  0.19666944E+04  0.19503008E+04  0.19342391E+04  0.19184979E+04  0.19030692E+04
  0.18879479E+04  0.18731317E+04  0.18586179E+04  0.18444018E+04  0.18304755E+04
  0.18168284E+04  0.18034482E+04  0.17903226E+04  0.17774403E+04  0.17647929E+04
  0.17523745E+04  0.17401812E+04  0.17282094E+04  0.17164562E+04  0.17049195E+04
  0.16935971E+04  0.16824863E+04  0.16715837E+04  0.16608854E+04  0.16503864E+04
  0.16400808E+04  0.16299624E+04  0.16200244E+04  0.16102603E+04  0.16006642E+04
  0.15912287E+04  0.15819482E+04  0.15728145E+04  0.15638337E+04  0.15549749E+04
  0.15463126E+04  0.15376697E+04  0.15294576E+04  0.15192464E+04  0.15128570E+04
  0.32129274E+04  0.32134229E+04  0.32150364E+04  0.32173358E+04  0.32196730E+04
  0.32218896E+04  0.32239102E+04  0.32257347E+04  0.32273720E+04  0.32288290E+04
  0.32301166E+04  0.32312453E+04  0.32322155E+04  0.32330196E+04  0.32336336E+04
  0.32340049E+04  0.32340538E+04  0.32336687E+04  0.32326970E+04  0.32309604E+04
  0.32282186E+04  0.32240380E+04  0.32177781E+04  0.32087517E+04  0.31962891E+04
  0.31788637E+04  0.31559472E+04  0.31267232E+04  0.30894845E+04  0.30435786E+04
  0.29882647E+04  0.29285963E+04  0.28789137E+04  0.28451764E+04  0.28184868E+04
  0.27901468E+04  0.27571363E+04  0.27197240E+04  0.26788567E+04  0.26357153E+04
  0.25911456E+04  0.25454312E+04  0.24988515E+04  0.24517404E+04  0.24044147E+04
  0.23569495E+04  0.23099274E+04  0.22657001E+04  0.22274384E+04  0.21963781E+04
  0.21712666E+04  0.21496671E+04  0.21294883E+04  0.21097949E+04  0.20903643E+04
  0.20712556E+04  0.20525498E+04  0.20342699E+04  0.20164050E+04  0.19989389E+04
  0.19818563E+04  0.19651406E+04  0.19487758E+04  0.19327470E+04  0.19170416E+04
  0.19016498E+04  0.18865648E+04  0.18717825E+04  0.18572993E+04  0.18431107E+04
  0.18292101E+04  0.18155882E+04  0.18022337E+04  0.17891346E+04  0.17762803E+04
  0.17636627E+04  0.17512763E+04  0.17391165E+04  0.17271793E+04  0.17154611E+04
  0.17039597E+04  0.16926721E+04  0.16815947E+04  0.16707236E+04  0.16600544E+04
  0.16495821E+04  0.16393013E+04  0.16292067E+04  0.16192922E+04  0.16095520E+04
  0.15999796E+04  0.15905682E+04  0.15813136E+04  0.15722088E+04  0.15632590E+04
  0.15544327E+04  0.15458039E+04  0.15371955E+04  0.15290170E+04  0.15188455E+04
  0.15124800E+04  0.32129004E+04  0.32133818E+04  0.32149509E+04  0.32171479E+04
  0.32193178E+04  0.32213372E+04  0.32231504E+04  0.32247691E+04  0.32262131E+04
  0.32274907E+04  0.32286155E+04  0.32295924E+04  0.32304142E+04  0.32310744E+04
  0.32315430E+04  0.32317606E+04  0.32316423E+04  0.32310721E+04  0.32299045E+04
  0.32279846E+04  0.32250534E+04  0.32205516E+04  0.32138703E+04  0.32043960E+04
  0.31913880E+04  0.31732657E+04  0.31495282E+04  0.31193760E+04  0.30810632E+04
  0.30339255E+04  0.29771155E+04  0.29166975E+04  0.28684748E+04  0.28372324E+04
  0.28118634E+04  0.27835996E+04  0.27502656E+04  0.27124352E+04  0.26712701E+04
  0.26279441E+04  0.25831402E+04  0.25371402E+04  0.24902215E+04  0.24427483E+04
  0.23949858E+04  0.23468908E+04  0.22996681E+04  0.22566511E+04  0.22209271E+04
  0.21924616E+04  0.21690591E+04  0.21481850E+04  0.21280579E+04  0.21082375E+04
  0.20887174E+04  0.20695903E+04  0.20509001E+04  0.20326435E+04  0.20148045E+04
  0.19973683E+04  0.19803212E+04  0.19636475E+04  0.19473298E+04  0.19313521E+04
  0.19157002E+04  0.19003629E+04  0.18853314E+04  0.18705993E+04  0.18561613E+04
  0.18420124E+04  0.18281466E+04  0.18145559E+04  0.18012308E+04  0.17881606E+04
  0.17753360E+04  0.17627487E+04  0.17503933E+04  0.17382663E+04  0.17263645E+04
  0.17146834E+04  0.17032190E+04  0.16919677E+04  0.16809249E+04  0.16700860E+04
  0.16594457E+04  0.16489989E+04  0.16387407E+04  0.16286665E+04  0.16187712E+04
  0.16090485E+04  0.15994931E+04  0.15901008E+04  0.15808694E+04  0.15717910E+04
  0.15628698E+04  0.15540746E+04  0.15454768E+04  0.15368998E+04  0.15287518E+04
  0.15186156E+04  0.15122712E+04  0.32128793E+04  0.32133477E+04  0.32148717E+04
  0.32169702E+04  0.32189900E+04  0.32208363E+04  0.32224715E+04  0.32239177E+04
  0.32251931E+04  0.32263049E+04  0.32272713E+04  0.32281012E+04  0.32287816E+04
  0.32292949E+04  0.32296086E+04  0.32296676E+04  0.32293878E+04  0.32286420E+04
  0.32272980E+04  0.32252014E+04  0.32220229E+04  0.32172171E+04  0.32101906E+04
  0.32002457E+04  0.31866209E+04  0.31677212E+04  0.31430691E+04  0.31118797E+04
  0.30723686E+04  0.30238505E+04  0.29653476E+04  0.29042667E+04  0.28579109E+04
  0.28292950E+04  0.28050922E+04  0.27767651E+04  0.27430493E+04  0.27048143E+04
  0.26633593E+04  0.26198347E+04  0.25747856E+04  0.25284966E+04  0.24812450E+04
  0.24334222E+04  0.23851966E+04  0.23365117E+04  0.22895131E+04  0.22484328E+04
  0.22155376E+04  0.21895758E+04  0.21674826E+04  0.21468092E+04  0.21265869E+04
  0.21066586E+04  0.20871117E+04  0.20680115E+04  0.20493652E+04  0.20311579E+04
  0.20133726E+04  0.19959935E+04  0.19790054E+04  0.19623921E+04  0.19461364E+04
  0.19302215E+04  0.19146327E+04  0.18993576E+04  0.18843857E+04  0.18697083E+04
  0.18553183E+04  0.18412100E+04  0.18273775E+04  0.18138144E+04  0.18005133E+04
  0.17874658E+04  0.17746635E+04  0.17621011E+04  0.17497742E+04  0.17376781E+04
  0.17258085E+04  0.17141607E+04  0.17027302E+04  0.16915119E+04  0.16805000E+04
  0.16696886E+04  0.16590719E+04  0.16486446E+04  0.16384022E+04  0.16283414E+04
  0.16184590E+04  0.16087501E+04  0.15992108E+04  0.15898372E+04  0.15806256E+04
  0.15715666E+04  0.15626648E+04  0.15538902E+04  0.15453133E+04  0.15367592E+04
  0.15286347E+04  0.15185266E+04  0.15121991E+04  0.32128670E+04  0.32133213E+04
  0.32147969E+04  0.32168036E+04  0.32186982E+04  0.32204053E+04  0.32218999E+04
  0.32232109E+04  0.32243546E+04  0.32253263E+04  0.32261398E+04  0.32268287E+04
  0.32273781E+04  0.32277420E+04  0.32278929E+04  0.32277934E+04  0.32273643E+04
  0.32264546E+04  0.32249405E+04  0.32226449E+04  0.32192178E+04  0.32142069E+04
  0.32068770E+04  0.31963445E+04  0.31819327E+04  0.31621051E+04  0.31364047E+04
  0.31040438E+04  0.30631903E+04  0.30131160E+04  0.29527367E+04  0.28911556E+04
  0.28471472E+04  0.28212563E+04  0.27980372E+04  0.27695685E+04  0.27354554E+04
  0.26968577E+04  0.26551394E+04  0.26114117E+04  0.25661158E+04  0.25195445E+04
  0.24719766E+04  0.24238209E+04  0.23751001E+04  0.23260019E+04  0.22798586E+04
  0.22414005E+04  0.22115271E+04  0.21875688E+04  0.21662294E+04  0.21455738E+04
  0.21252376E+04  0.21052797E+04  0.20857789E+04  0.20667494E+04  0.20481767E+04
  0.20300436E+04  0.20123312E+04  0.19950206E+04  0.19780959E+04  0.19615422E+04
  0.19453438E+04  0.19294850E+04  0.19139508E+04  0.18987279E+04  0.18838043E+04
  0.18691699E+04  0.18548164E+04  0.18407373E+04  0.18269275E+04  0.18133820E+04
  0.18000950E+04  0.17870625E+04  0.17742794E+04  0.17617397E+04  0.17494379E+04
  0.17373679E+04  0.17255234E+04  0.17138999E+04  0.17024936E+04  0.16912970E+04
  0.16803038E+04  0.16695080E+04  0.16589035E+04  0.16484857E+04  0.16382515E+04
  0.16281970E+04  0.16183195E+04  0.16086177E+04  0.15990874E+04  0.15897228E+04
  0.15805202E+04  0.15714721E+04  0.15625811E+04  0.15538182E+04  0.15452550E+04
  0.15367161E+04  0.15286093E+04  0.15185236E+04  0.15122100E+04  0.32128615E+04
  0.32133018E+04  0.32147323E+04  0.32166627E+04  0.32184611E+04  0.32200650E+04
  0.32214559E+04  0.32226654E+04  0.32237122E+04  0.32245765E+04  0.32252555E+04
  0.32258099E+04  0.32262315E+04  0.32264433E+04  0.32264299E+04  0.32261769E+04
  0.32256007E+04  0.32245206E+04  0.32228047E+04  0.32202816E+04  0.32166439E+04
  0.32114815E+04  0.32037430E+04  0.31923687E+04  0.31769467E+04  0.31560610E+04
  0.31292044E+04  0.30955530E+04  0.30532237E+04  0.30014283E+04  0.29390610E+04
  0.28773099E+04  0.28362892E+04  0.28132545E+04  0.27907964E+04  0.27621242E+04
  0.27276516E+04  0.26887567E+04  0.26468045E+04  0.26028644E+04  0.25573178E+04
  0.25104695E+04  0.24625999E+04  0.24141199E+04  0.23648813E+04  0.23156895E+04
  0.22712184E+04  0.22359605E+04  0.22090618E+04  0.21864903E+04  0.21653455E+04
  0.21446696E+04  0.21243345E+04  0.21044357E+04  0.20850136E+04  0.20660578E+04
  0.20475497E+04  0.20294726E+04  0.20118095E+04  0.19945433E+04  0.19776588E+04
  0.19611423E+04  0.19449795E+04  0.19291552E+04  0.19136538E+04  0.18984612E+04
  0.18835648E+04  0.18689537E+04  0.18546189E+04  0.18405536E+04  0.18267541E+04
  0.18132178E+04  0.17999371E+04  0.17869092E+04  0.17741355E+04  0.17616076E+04
  0.17493171E+04  0.17372599E+04  0.17254303E+04  0.17138225E+04  0.17024290E+04
  0.16912422E+04  0.16802558E+04  0.16694640E+04  0.16588620E+04  0.16484462E+04
  0.16382140E+04  0.16281610E+04  0.16182826E+04  0.16085772E+04  0.15990427E+04
  0.15896749E+04  0.15804717E+04  0.15714266E+04  0.15625433E+04  0.15537922E+04
  0.15452419E+04  0.15367176E+04  0.15286267E+04  0.15185592E+04  0.15122564E+04
  0.32128558E+04  0.32132854E+04  0.32146844E+04  0.32165629E+04  0.32182962E+04
  0.32198309E+04  0.32211500E+04  0.32222833E+04  0.32232525E+04  0.32240423E+04
  0.32246177E+04  0.32250402E+04  0.32253302E+04  0.32253836E+04  0.32251990E+04
  0.32247818E+04  0.32240264E+04  0.32227443E+04  0.32207459E+04  0.32178464E+04
  0.32137709E+04  0.32080883E+04  0.31996136E+04  0.31873084E+04  0.31709365E+04
  0.31490827E+04  0.31210994E+04  0.30861269E+04  0.30422913E+04  0.29887201E+04
  0.29244956E+04  0.28631639E+04  0.28258473E+04  0.28058143E+04  0.27839125E+04
  0.27549804E+04  0.27201543E+04  0.26809802E+04  0.26387922E+04  0.25946106E+04
  0.25487946E+04  0.25016643E+04  0.24534985E+04  0.24046902E+04  0.23549458E+04
  0.23060768E+04  0.22641583E+04  0.22324774E+04  0.22079846E+04  0.21862199E+04
  0.21651143E+04  0.21444112E+04  0.21241105E+04  0.21042604E+04  0.20848811E+04
  0.20659589E+04  0.20474733E+04  0.20294084E+04  0.20117525E+04  0.19944929E+04
  0.19776150E+04  0.19611050E+04  0.19449486E+04  0.19291311E+04  0.19136376E+04
  0.18984536E+04  0.18835656E+04  0.18689617E+04  0.18546319E+04  0.18405692E+04
  0.18267695E+04  0.18132314E+04  0.17999480E+04  0.17869137E+04  0.17741297E+04
  0.17615947E+04  0.17493029E+04  0.17372475E+04  0.17254224E+04  0.17138198E+04
  0.17024308E+04  0.16912483E+04  0.16802653E+04  0.16694752E+04  0.16588740E+04
  0.16484581E+04  0.16382238E+04  0.16281682E+04  0.16182875E+04  0.16085785E+04
  0.15990398E+04  0.15896689E+04  0.15804641E+04  0.15714188E+04  0.15625389E+04
  0.15537943E+04  0.15452521E+04  0.15367388E+04  0.15286595E+04  0.15186057E+04
  0.15123110E+04  0.32128486E+04  0.32132698E+04  0.32146539E+04  0.32165111E+04
  0.32182109E+04  0.32197073E+04  0.32209817E+04  0.32220601E+04  0.32229642E+04
  0.32236904E+04  0.32241915E+04  0.32244920E+04  0.32246219E+04  0.32245226E+04
  0.32241686E+04  0.32235108E+04  0.32224381E+04  0.32208074E+04  0.32183524E+04
  0.32147724E+04  0.32097658E+04  0.32028541E+04  0.31933604E+04  0.31805986E+04
  0.31639377E+04  0.31416387E+04  0.31127951E+04  0.30766127E+04  0.30313511E+04
  0.29760487E+04  0.29103822E+04  0.28503311E+04  0.28170753E+04  0.27997421E+04
  0.27781442E+04  0.27488863E+04  0.27136930E+04  0.26742289E+04  0.26317839E+04
  0.25873407E+04  0.25412380E+04  0.24937993E+04  0.24453161E+04  0.23961516E+04
  0.23460191E+04  0.22980595E+04  0.22594443E+04  0.22312554E+04  0.22082956E+04
  0.21867880E+04  0.21656280E+04  0.21448208E+04  0.21244682E+04  0.21045913E+04
  0.20851865E+04  0.20662386E+04  0.20477297E+04  0.20296438E+04  0.20119672E+04
  0.19946868E+04  0.19777885E+04  0.19612586E+04  0.19450838E+04  0.19292518E+04
  0.19137491E+04  0.18985613E+04  0.18836733E+04  0.18690709E+04  0.18547418E+04
  0.18406765E+04  0.18268684E+04  0.18133141E+04  0.18000148E+04  0.17869690E+04
  0.17741726E+04  0.17616265E+04  0.17493281E+04  0.17372695E+04  0.17254427E+04
  0.17138392E+04  0.17024507E+04  0.16912697E+04  0.16802882E+04  0.16694996E+04
  0.16588993E+04  0.16484829E+04  0.16382462E+04  0.16281867E+04  0.16183027E+04
  0.16085920E+04  0.15990523E+04  0.15896809E+04  0.15804760E+04  0.15714314E+04
  0.15625530E+04  0.15538109E+04  0.15452719E+04  0.15367623E+04  0.15286887E+04
  0.15186473E+04  0.15123616E+04  0.32128383E+04  0.32132494E+04  0.32146268E+04
  0.32164807E+04  0.32181630E+04  0.32196368E+04  0.32208827E+04  0.32219232E+04
  0.32227771E+04  0.32234441E+04  0.32238950E+04  0.32241006E+04  0.32240665E+04
  0.32238378E+04  0.32233367E+04  0.32224022E+04  0.32209383E+04  0.32188583E+04
  0.32158791E+04  0.32115815E+04  0.32055799E+04  0.31973498E+04  0.31869541E+04
  0.31740479E+04  0.31572407E+04  0.31344659E+04  0.31046129E+04  0.30672763E+04
  0.30210096E+04  0.29646563E+04  0.28980610E+04  0.28395264E+04  0.28103324E+04
  0.27952811E+04  0.27736205E+04  0.27438326E+04  0.27081859E+04  0.26684472E+04
  0.26257346E+04  0.25810161E+04  0.25346168E+04  0.24868437E+04  0.24380027E+04
  0.23884269E+04  0.23380456E+04  0.22916424E+04  0.22570046E+04  0.22319512E+04
  0.22095863E+04  0.21878421E+04  0.21665151E+04  0.21455959E+04  0.21251747E+04
  0.21052449E+04  0.20857856E+04  0.20667875E+04  0.20482392E+04  0.20301232E+04
  0.20124207E+04  0.19951162E+04  0.19781950E+04  0.19616435E+04  0.19454498E+04
  0.19296030E+04  0.19140909E+04  0.18988989E+04  0.18840111E+04  0.18694118E+04
  0.18550854E+04  0.18410192E+04  0.18272049E+04  0.18136371E+04  0.18003216E+04
  0.17872625E+04  0.17744571E+04  0.17619036E+04  0.17495983E+04  0.17375350E+04
  0.17257049E+04  0.17140993E+04  0.17027097E+04  0.16915269E+04  0.16805433E+04
  0.16697530E+04  0.16591514E+04  0.16487330E+04  0.16384940E+04  0.16284312E+04
  0.16185434E+04  0.16088291E+04  0.15992859E+04  0.15899115E+04  0.15807040E+04
  0.15716580E+04  0.15627792E+04  0.15540373E+04  0.15454977E+04  0.15369879E+04
  0.15289160E+04  0.15188828E+04  0.15126044E+04  0.32128316E+04  0.32132368E+04
  0.32146108E+04  0.32164640E+04  0.32181378E+04  0.32196009E+04  0.32208340E+04
  0.32218588E+04  0.32226919E+04  0.32233330E+04  0.32237639E+04  0.32239309E+04
  0.32238258E+04  0.32235389E+04  0.32229706E+04  0.32219109E+04  0.32202693E+04
  0.32179772E+04  0.32147630E+04  0.32101730E+04  0.32037733E+04  0.31950189E+04
  0.31842519E+04  0.31712248E+04  0.31541722E+04  0.31309474E+04  0.31004133E+04
  0.30624805E+04  0.30158950E+04  0.29593424E+04  0.28924063E+04  0.28345008E+04
  0.28073349E+04  0.27934029E+04  0.27716132E+04  0.27414758E+04  0.27055556E+04
  0.26656851E+04  0.26228385E+04  0.25779760E+04  0.25314249E+04  0.24834813E+04
  0.24344514E+04  0.23846543E+04  0.23341683E+04  0.22886861E+04  0.22562096E+04
  0.22326419E+04  0.22103438E+04  0.21883666E+04  0.21669511E+04  0.21460119E+04
  0.21255788E+04  0.21056315E+04  0.20861511E+04  0.20671336E+04  0.20485698E+04
  0.20304418E+04  0.20127297E+04  0.19954170E+04  0.19784886E+04  0.19619306E+04
  0.19457315E+04  0.19298805E+04  0.19143657E+04  0.18991727E+04  0.18842855E+04
  0.18696881E+04  0.18553637E+04  0.18412986E+04  0.18274840E+04  0.18139140E+04
  0.18005935E+04  0.17875280E+04  0.17747175E+04  0.17621604E+04  0.17498525E+04
  0.17377872E+04  0.17259553E+04  0.17143483E+04  0.17029575E+04  0.16917731E+04
  0.16807872E+04  0.16699952E+04  0.16593921E+04  0.16489721E+04  0.16387315E+04
  0.16286670E+04  0.16187773E+04  0.16090608E+04  0.15995150E+04  0.15901381E+04
  0.15809280E+04  0.15718800E+04  0.15629996E+04  0.15542561E+04  0.15457147E+04
  0.15372041E+04  0.15291323E+04  0.15191005E+04  0.15128240E+04
