  0.00000000E+00  0.13762063E+01  0.59500001E+01
  0.20000000E-01  0.13609581E+01  0.58188801E+01
  0.40000000E-01  0.13457453E+01  0.56895201E+01
  0.60000000E-01  0.13305691E+01  0.55619201E+01
  0.80000000E-01  0.13154307E+01  0.54360801E+01
  0.10000000E+00  0.13003316E+01  0.53120001E+01
  0.12000000E+00  0.12852729E+01  0.51896801E+01
  0.14000000E+00  0.12702563E+01  0.50691201E+01
  0.16000000E+00  0.12552832E+01  0.49503201E+01
  0.18000000E+00  0.12403551E+01  0.48332801E+01
  0.20000000E+00  0.12254738E+01  0.47180001E+01
  0.22000000E+00  0.12106410E+01  0.46044801E+01
  0.24000000E+00  0.11958584E+01  0.44927201E+01
  0.26000000E+00  0.11811279E+01  0.43827201E+01
  0.28000000E+00  0.11664516E+01  0.42744801E+01
  0.30000000E+00  0.11518314E+01  0.41680001E+01
  0.32000000E+00  0.11372696E+01  0.40632801E+01
  0.34000000E+00  0.11227685E+01  0.39603201E+01
  0.36000000E+00  0.11083303E+01  0.38591201E+01
  0.38000000E+00  0.10939576E+01  0.37596801E+01
  0.40000000E+00  0.10796531E+01  0.36620001E+01
  0.42000000E+00  0.10654194E+01  0.35660801E+01
  0.44000000E+00  0.10512595E+01  0.34719201E+01
  0.46000000E+00  0.10371763E+01  0.33795201E+01
  0.48000000E+00  0.10231730E+01  0.32888800E+01
  0.50000000E+00  0.10092530E+01  0.32000000E+01
  0.52000000E+00  0.99541976E+00  0.31128800E+01
  0.54000000E+00  0.98167691E+00  0.30275200E+01
  0.56000000E+00  0.96802833E+00  0.29439200E+01
  0.58000000E+00  0.95447806E+00  0.28620800E+01
  0.60000000E+00  0.94103035E+00  0.27820000E+01
  0.62000000E+00  0.92768965E+00  0.27036800E+01
  0.64000000E+00  0.91446065E+00  0.26271200E+01
  0.66000000E+00  0.90134827E+00  0.25523200E+01
  0.68000000E+00  0.88835767E+00  0.24792800E+01
  0.70000000E+00  0.87549427E+00  0.24080000E+01
  0.72000000E+00  0.86276376E+00  0.23384800E+01
  0.74000000E+00  0.85017212E+00  0.22707200E+01
  0.76000000E+00  0.83772560E+00  0.22047200E+01
  0.78000000E+00  0.82543077E+00  0.21404800E+01
  0.80000000E+00  0.81329450E+00  0.20780000E+01
  0.82000000E+00  0.80132401E+00  0.20172800E+01
  0.84000000E+00  0.78952683E+00  0.19583200E+01
  0.86000000E+00  0.77791085E+00  0.19011200E+01
  0.88000000E+00  0.76648431E+00  0.18456800E+01
  0.90000000E+00  0.75525580E+00  0.17920000E+01
  0.92000000E+00  0.74423429E+00  0.17400800E+01
  0.94000000E+00  0.73342910E+00  0.16899200E+01
  0.96000000E+00  0.72284995E+00  0.16415200E+01
  0.98000000E+00  0.71250689E+00  0.15948800E+01
  0.10000000E+01  0.70241037E+00  0.15500000E+01
  0.10200000E+01  0.69257116E+00  0.15068800E+01
  0.10400000E+01  0.68300037E+00  0.14655200E+01
  0.10600000E+01  0.67370946E+00  0.14259200E+01
  0.10800000E+01  0.66471015E+00  0.13880800E+01
  0.11000000E+01  0.65601446E+00  0.13520000E+01
  0.11200000E+01  0.64763460E+00  0.13176800E+01
  0.11400000E+01  0.63958299E+00  0.12851200E+01
  0.11600000E+01  0.63187219E+00  0.12543200E+01
  0.11800000E+01  0.62451480E+00  0.12252800E+01
  0.12000000E+01  0.61752348E+00  0.11980000E+01
  0.12200000E+01  0.61091078E+00  0.11724800E+01
  0.12400000E+01  0.60468912E+00  0.11487200E+01
  0.12600000E+01  0.59887070E+00  0.11267200E+01
  0.12800000E+01  0.59346737E+00  0.11064800E+01
  0.13000000E+01  0.58849057E+00  0.10880000E+01
  0.13200000E+01  0.58395121E+00  0.10712800E+01
  0.13400000E+01  0.57985955E+00  0.10563200E+01
  0.13600000E+01  0.57622514E+00  0.10431200E+01
  0.13800000E+01  0.57305667E+00  0.10316800E+01
  0.14000000E+01  0.57036191E+00  0.10220000E+01
  0.14200000E+01  0.56814759E+00  0.10140800E+01
  0.14400000E+01  0.56641937E+00  0.10079200E+01
  0.14600000E+01  0.56518168E+00  0.10035200E+01
  0.14800000E+01  0.56443777E+00  0.10008800E+01
  0.15000000E+01  0.56418958E+00  0.10000000E+01
  0.15200000E+01  0.56443777E+00  0.10008800E+01
  0.15400000E+01  0.56518168E+00  0.10035200E+01
  0.15600000E+01  0.56641937E+00  0.10079200E+01
  0.15800000E+01  0.56814759E+00  0.10140800E+01
  0.16000000E+01  0.57036191E+00  0.10220000E+01
  0.16200000E+01  0.57305667E+00  0.10316800E+01
  0.16400000E+01  0.57622514E+00  0.10431200E+01
  0.16600000E+01  0.57985955E+00  0.10563200E+01
  0.16800000E+01  0.58395121E+00  0.10712800E+01
  0.17000000E+01  0.58849057E+00  0.10880000E+01
  0.17200000E+01  0.59346737E+00  0.11064800E+01
  0.17400000E+01  0.59887070E+00  0.11267200E+01
  0.17600000E+01  0.60468912E+00  0.11487200E+01
  0.17800000E+01  0.61091078E+00  0.11724800E+01
  0.18000000E+01  0.61752348E+00  0.11980000E+01
  0.18200000E+01  0.62451480E+00  0.12252800E+01
  0.18400000E+01  0.63187219E+00  0.12543200E+01
  0.18600000E+01  0.63958299E+00  0.12851200E+01
  0.18800000E+01  0.64763460E+00  0.13176800E+01
  0.19000000E+01  0.65601446E+00  0.13520000E+01
  0.19200000E+01  0.66471015E+00  0.13880800E+01
  0.19400000E+01  0.67370946E+00  0.14259200E+01
  0.19600000E+01  0.68300037E+00  0.14655200E+01
  0.19800000E+01  0.69257116E+00  0.15068800E+01
  0.20000000E+01  0.70241037E+00  0.15500000E+01
  0.20200000E+01  0.71250689E+00  0.15948800E+01
  0.20400000E+01  0.72284995E+00  0.16415200E+01
  0.20600000E+01  0.73342910E+00  0.16899200E+01
  0.20800000E+01  0.74423429E+00  0.17400800E+01
  0.21000000E+01  0.75525580E+00  0.17920000E+01
  0.21200000E+01  0.76648431E+00  0.18456800E+01
  0.21400000E+01  0.77791085E+00  0.19011200E+01
  0.21600000E+01  0.78952683E+00  0.19583200E+01
  0.21800000E+01  0.80132401E+00  0.20172800E+01
  0.22000000E+01  0.81329450E+00  0.20780000E+01
  0.22200000E+01  0.82543077E+00  0.21404800E+01
  0.22400000E+01  0.83772560E+00  0.22047200E+01
  0.22600000E+01  0.85017212E+00  0.22707200E+01
  0.22800000E+01  0.86276376E+00  0.23384800E+01
  0.23000000E+01  0.87549427E+00  0.24080000E+01
  0.23200000E+01  0.88835767E+00  0.24792800E+01
  0.23400000E+01  0.90134827E+00  0.25523200E+01
  0.23600000E+01  0.91446065E+00  0.26271200E+01
  0.23800000E+01  0.92768965E+00  0.27036800E+01
  0.24000000E+01  0.94103035E+00  0.27820000E+01
  0.24200000E+01  0.95447806E+00  0.28620800E+01
  0.24400000E+01  0.96802833E+00  0.29439200E+01
  0.24600000E+01  0.98167691E+00  0.30275200E+01
  0.24800000E+01  0.99541976E+00  0.31128800E+01
  0.25000000E+01  0.10092530E+01  0.32000000E+01
  0.25200000E+01  0.10231730E+01  0.32888800E+01
  0.25400000E+01  0.10371763E+01  0.33795201E+01
  0.25600000E+01  0.10512595E+01  0.34719201E+01
  0.25800000E+01  0.10654194E+01  0.35660801E+01
  0.26000000E+01  0.10796531E+01  0.36620001E+01
  0.26200000E+01  0.10939576E+01  0.37596801E+01
  0.26400000E+01  0.11083303E+01  0.38591201E+01
  0.26600000E+01  0.11227685E+01  0.39603201E+01
  0.26800000E+01  0.11372696E+01  0.40632801E+01
  0.27000000E+01  0.11518314E+01  0.41680001E+01
  0.27200000E+01  0.11664516E+01  0.42744801E+01
  0.27400000E+01  0.11811279E+01  0.43827201E+01
  0.27600000E+01  0.11958584E+01  0.44927201E+01
  0.27800000E+01  0.12106410E+01  0.46044801E+01
  0.28000000E+01  0.12254738E+01  0.47180001E+01
  0.28200000E+01  0.12403551E+01  0.48332801E+01
  0.28400000E+01  0.12552832E+01  0.49503201E+01
  0.28600000E+01  0.12702563E+01  0.50691201E+01
  0.28800000E+01  0.12852729E+01  0.51896801E+01
  0.29000000E+01  0.13003316E+01  0.53120001E+01
  0.29200000E+01  0.13154307E+01  0.54360801E+01
  0.29400000E+01  0.13305691E+01  0.55619201E+01
  0.29600000E+01  0.13457453E+01  0.56895201E+01
  0.29800000E+01  0.13609581E+01  0.58188801E+01
  0.30000000E+01  0.13762063E+01  0.59500001E+01
