  0.49101447E+01  0.10005884E+03  0.28019235E+04
  0.48957907E+01  0.10521097E+03  0.28005702E+04
  0.48936307E+01  0.11001187E+03  0.28003724E+04
  0.48901674E+01  0.11540717E+03  0.28000485E+04
  0.48867943E+01  0.12110105E+03  0.27997321E+04
  0.48828541E+01  0.12722935E+03  0.27993619E+04
  0.48784831E+01  0.13378526E+03  0.27989509E+04
  0.48735307E+01  0.14082294E+03  0.27984847E+04
  0.48679436E+01  0.14837908E+03  0.27979583E+04
  0.48616144E+01  0.15650286E+03  0.27973614E+04
  0.48544356E+01  0.16524499E+03  0.27966834E+04
  0.48462756E+01  0.17466240E+03  0.27959118E+04
  0.48369838E+01  0.18481701E+03  0.27950317E+04
  0.48263836E+01  0.19577681E+03  0.27940259E+04
  0.48142698E+01  0.20761603E+03  0.27928741E+04
  0.48004039E+01  0.22041554E+03  0.27915526E+04
  0.47845086E+01  0.23426321E+03  0.27900338E+04
  0.47662628E+01  0.24925404E+03  0.27882849E+04
  0.47452956E+01  0.26549023E+03  0.27862682E+04
  0.47211804E+01  0.28308100E+03  0.27839393E+04
  0.46934293E+01  0.30214204E+03  0.27812467E+04
  0.46614883E+01  0.32279469E+03  0.27781309E+04
  0.46247345E+01  0.34516444E+03  0.27745234E+04
  0.45824754E+01  0.36937893E+03  0.27703456E+04
  0.45339526E+01  0.39556506E+03  0.27655086E+04
  0.44783519E+01  0.42384528E+03  0.27599125E+04
  0.44148212E+01  0.45433287E+03  0.27534469E+04
  0.43424971E+01  0.48712616E+03  0.27459913E+04
  0.42605455E+01  0.52230187E+03  0.27374172E+04
  0.41682121E+01  0.55990767E+03  0.27275911E+04
  0.40648869E+01  0.59995439E+03  0.27163783E+04
  0.39501758E+01  0.64240844E+03  0.27036490E+04
  0.38239764E+01  0.68718520E+03  0.26892848E+04
  0.36865494E+01  0.73414376E+03  0.26731871E+04
  0.35385860E+01  0.78308079E+03  0.26552871E+04
  0.33812254E+01  0.83373302E+03  0.26355528E+04
  0.32160059E+01  0.88579273E+03  0.26139920E+04
  0.30448355E+01  0.93890954E+03  0.25906513E+04
  0.28698450E+01  0.99272427E+03  0.25656684E+04
  0.26934240E+01  0.10468062E+04  0.25388144E+04
  0.25176514E+01  0.11008234E+04  0.25107788E+04
  0.23448978E+01  0.11543892E+04  0.24816261E+04
  0.21771655E+01  0.12071631E+04  0.24515574E+04
  0.20160912E+01  0.12588558E+04  0.24208018E+04
  0.18629365E+01  0.13092275E+04  0.23895898E+04
  0.17185875E+01  0.13580877E+04  0.23581416E+04
  0.15835766E+01  0.14052943E+04  0.23266601E+04
  0.14581240E+01  0.14507502E+04  0.22953261E+04
  0.13421905E+01  0.14943982E+04  0.22642962E+04
  0.12355338E+01  0.15362157E+04  0.22337017E+04
  0.11377628E+01  0.15762078E+04  0.22036499E+04
  0.10483854E+01  0.16144027E+04  0.21742251E+04
  0.96684872E+00  0.16508452E+04  0.21454913E+04
  0.89257116E+00  0.16855930E+04  0.21174946E+04
  0.82496679E+00  0.17187126E+04  0.20902656E+04
  0.76346277E+00  0.17502757E+04  0.20638220E+04
  0.70751127E+00  0.17803571E+04  0.20381709E+04
  0.65659707E+00  0.18090328E+04  0.20133111E+04
  0.61024162E+00  0.18363780E+04  0.19892343E+04
  0.56800475E+00  0.18624665E+04  0.19659270E+04
  0.52948463E+00  0.18873695E+04  0.19433719E+04
  0.49431649E+00  0.19111556E+04  0.19215487E+04
  0.46217068E+00  0.19338900E+04  0.19004349E+04
  0.43275025E+00  0.19556345E+04  0.18800070E+04
  0.40578835E+00  0.19764473E+04  0.18602405E+04
  0.38104560E+00  0.19963834E+04  0.18411105E+04
  0.35830750E+00  0.20154943E+04  0.18225923E+04
  0.33738194E+00  0.20338281E+04  0.18046614E+04
  0.31809695E+00  0.20514300E+04  0.17872938E+04
  0.30029855E+00  0.20683421E+04  0.17704659E+04
  0.28384884E+00  0.20846037E+04  0.17541552E+04
  0.26862426E+00  0.21002516E+04  0.17383397E+04
  0.25451400E+00  0.21153199E+04  0.17229982E+04
  0.24141861E+00  0.21298407E+04  0.17081107E+04
  0.22924878E+00  0.21438436E+04  0.16936577E+04
  0.21792419E+00  0.21573567E+04  0.16796208E+04
  0.20737251E+00  0.21704057E+04  0.16659823E+04
  0.19752858E+00  0.21830150E+04  0.16527253E+04
  0.18833360E+00  0.21952072E+04  0.16398339E+04
  0.17973444E+00  0.22070036E+04  0.16272929E+04
  0.17168303E+00  0.22184239E+04  0.16150877E+04
  0.16413583E+00  0.22294868E+04  0.16032046E+04
  0.15705338E+00  0.22402096E+04  0.15916305E+04
  0.15039982E+00  0.22506086E+04  0.15803528E+04
  0.14414255E+00  0.22606991E+04  0.15693599E+04
  0.13825189E+00  0.22704955E+04  0.15586404E+04
  0.13270080E+00  0.22800113E+04  0.15481837E+04
  0.12746458E+00  0.22892592E+04  0.15379795E+04
  0.12252068E+00  0.22982510E+04  0.15280183E+04
  0.11784840E+00  0.23069982E+04  0.15182908E+04
  0.11342900E+00  0.23155110E+04  0.15087884E+04
  0.10924467E+00  0.23238001E+04  0.14995023E+04
  0.10528077E+00  0.23318732E+04  0.14904261E+04
  0.10151918E+00  0.23397439E+04  0.14815474E+04
  0.97955794E-01  0.23474074E+04  0.14728740E+04
  0.94552993E-01  0.23549088E+04  0.14643531E+04
  0.91367202E-01  0.23621515E+04  0.14561176E+04
  0.88205057E-01  0.23694750E+04  0.14477421E+04
  0.85549079E-01  0.23758454E+04  0.14404697E+04
  0.81235852E-01  0.23863009E+04  0.14283920E+04
