  0.48902457E+01  0.00000000E+00  0.28000000E+04
  0.48418322E+01  0.00000000E+00  0.28000000E+04
  0.47934188E+01  0.00000000E+00  0.28000000E+04
  0.47450054E+01  0.00000000E+00  0.28000000E+04
  0.46965919E+01  0.00000000E+00  0.28000000E+04
  0.46481785E+01  0.00000000E+00  0.28000000E+04
  0.45997651E+01  0.00000000E+00  0.28000000E+04
  0.45513516E+01  0.00000000E+00  0.28000000E+04
  0.45029382E+01  0.00000000E+00  0.28000000E+04
  0.44545248E+01  0.00000000E+00  0.28000000E+04
  0.44061113E+01  0.00000000E+00  0.28000000E+04
  0.43576979E+01  0.00000000E+00  0.28000000E+04
  0.43092845E+01  0.00000000E+00  0.28000000E+04
  0.42608710E+01  0.00000000E+00  0.28000000E+04
  0.42124576E+01  0.00000000E+00  0.28000000E+04
  0.41640442E+01  0.00000000E+00  0.28000000E+04
  0.41156307E+01  0.00000000E+00  0.28000000E+04
  0.40672173E+01  0.00000000E+00  0.28000000E+04
  0.40188039E+01  0.00000000E+00  0.28000000E+04
  0.39703904E+01  0.00000000E+00  0.28000000E+04
  0.39219770E+01  0.00000000E+00  0.28000000E+04
  0.38735636E+01  0.00000000E+00  0.28000000E+04
  0.38251501E+01  0.00000000E+00  0.28000000E+04
  0.37767367E+01  0.00000000E+00  0.28000000E+04
  0.37283233E+01  0.00000000E+00  0.28000000E+04
  0.36799099E+01  0.00000000E+00  0.28000000E+04
  0.36314964E+01  0.00000000E+00  0.28000000E+04
  0.35830830E+01  0.00000000E+00  0.28000000E+04
  0.35346696E+01  0.00000000E+00  0.28000000E+04
  0.34862561E+01  0.00000000E+00  0.28000000E+04
  0.34378427E+01  0.00000000E+00  0.28000000E+04
  0.33894293E+01  0.00000000E+00  0.28000000E+04
  0.33410158E+01  0.00000000E+00  0.28000000E+04
  0.32926024E+01  0.00000000E+00  0.28000000E+04
  0.32441890E+01  0.00000000E+00  0.28000000E+04
  0.31957755E+01  0.00000000E+00  0.28000000E+04
  0.31473621E+01  0.00000000E+00  0.28000000E+04
  0.30989487E+01  0.00000000E+00  0.28000000E+04
  0.30505352E+01  0.00000000E+00  0.28000000E+04
  0.30021218E+01  0.00000000E+00  0.28000000E+04
  0.29537084E+01  0.00000000E+00  0.28000000E+04
  0.29052949E+01  0.00000000E+00  0.28000000E+04
  0.28568815E+01  0.00000000E+00  0.28000000E+04
  0.28084681E+01  0.00000000E+00  0.28000000E+04
  0.27600546E+01  0.00000000E+00  0.28000000E+04
  0.27116412E+01  0.00000000E+00  0.28000000E+04
  0.26632278E+01  0.00000000E+00  0.28000000E+04
  0.26148143E+01  0.00000000E+00  0.28000000E+04
  0.25664009E+01  0.00000000E+00  0.28000000E+04
  0.25179875E+01  0.00000000E+00  0.28000000E+04
  0.24695741E+01  0.00000000E+00  0.28000000E+04
  0.24211606E+01  0.00000000E+00  0.28000000E+04
  0.23727472E+01  0.00000000E+00  0.28000000E+04
  0.23243338E+01  0.00000000E+00  0.28000000E+04
  0.22759203E+01  0.00000000E+00  0.28000000E+04
  0.22275069E+01  0.00000000E+00  0.28000000E+04
  0.21790935E+01  0.00000000E+00  0.28000000E+04
  0.21306800E+01  0.00000000E+00  0.28000000E+04
  0.20822666E+01  0.00000000E+00  0.28000000E+04
  0.20338532E+01  0.00000000E+00  0.28000000E+04
  0.19854397E+01  0.00000000E+00  0.28000000E+04
  0.19370263E+01  0.00000000E+00  0.28000000E+04
  0.18886129E+01  0.00000000E+00  0.28000000E+04
  0.18401994E+01  0.00000000E+00  0.28000000E+04
  0.17917860E+01  0.00000000E+00  0.28000000E+04
  0.17433726E+01  0.00000000E+00  0.28000000E+04
  0.16949591E+01  0.00000000E+00  0.28000000E+04
  0.16465457E+01  0.00000000E+00  0.28000000E+04
  0.15981323E+01  0.00000000E+00  0.28000000E+04
  0.15497188E+01  0.00000000E+00  0.28000000E+04
  0.15013054E+01  0.00000000E+00  0.28000000E+04
  0.14528920E+01  0.00000000E+00  0.28000000E+04
  0.14044786E+01  0.00000000E+00  0.28000000E+04
  0.13560651E+01  0.00000000E+00  0.28000000E+04
  0.13076517E+01  0.00000000E+00  0.28000000E+04
  0.12592383E+01  0.00000000E+00  0.28000000E+04
  0.12108248E+01  0.00000000E+00  0.28000000E+04
  0.11624114E+01  0.00000000E+00  0.28000000E+04
  0.11139980E+01  0.00000000E+00  0.28000000E+04
  0.10655845E+01  0.00000000E+00  0.28000000E+04
  0.10171711E+01  0.00000000E+00  0.28000000E+04
  0.96875766E+00  0.00000000E+00  0.28000000E+04
  0.92034423E+00  0.00000000E+00  0.28000000E+04
  0.87193080E+00  0.00000000E+00  0.28000000E+04
  0.82351737E+00  0.00000000E+00  0.28000000E+04
  0.77510394E+00  0.00000000E+00  0.28000000E+04
  0.72669050E+00  0.00000000E+00  0.28000000E+04
  0.67827707E+00  0.00000000E+00  0.28000000E+04
  0.62986364E+00  0.00000000E+00  0.28000000E+04
  0.58145021E+00  0.00000000E+00  0.28000000E+04
  0.53303678E+00  0.00000000E+00  0.28000000E+04
  0.48462334E+00  0.00000000E+00  0.28000000E+04
  0.43620991E+00  0.00000000E+00  0.28000000E+04
  0.38779648E+00  0.00000000E+00  0.28000000E+04
  0.33938305E+00  0.00000000E+00  0.28000000E+04
  0.29096962E+00  0.00000000E+00  0.28000000E+04
  0.24255618E+00  0.00000000E+00  0.28000000E+04
  0.19414275E+00  0.00000000E+00  0.28000000E+04
  0.14572932E+00  0.00000000E+00  0.28000000E+04
  0.97315888E-01  0.00000000E+00  0.28000000E+04
