  0.49101446E+01  0.10005896E+03  0.28019234E+04
  0.48957905E+01  0.10521112E+03  0.28005701E+04
  0.48936303E+01  0.11001202E+03  0.28003724E+04
  0.48901668E+01  0.11540733E+03  0.28000484E+04
  0.48867936E+01  0.12110121E+03  0.27997320E+04
  0.48828532E+01  0.12722951E+03  0.27993618E+04
  0.48784820E+01  0.13378542E+03  0.27989508E+04
  0.48735295E+01  0.14082310E+03  0.27984846E+04
  0.48679422E+01  0.14837924E+03  0.27979582E+04
  0.48616128E+01  0.15650302E+03  0.27973612E+04
  0.48544338E+01  0.16524515E+03  0.27966833E+04
  0.48462737E+01  0.17466255E+03  0.27959116E+04
  0.48369816E+01  0.18481716E+03  0.27950315E+04
  0.48263812E+01  0.19577696E+03  0.27940257E+04
  0.48142673E+01  0.20761617E+03  0.27928739E+04
  0.48004012E+01  0.22041567E+03  0.27915524E+04
  0.47845057E+01  0.23426333E+03  0.27900335E+04
  0.47662598E+01  0.24925415E+03  0.27882846E+04
  0.47452924E+01  0.26549033E+03  0.27862679E+04
  0.47211769E+01  0.28308108E+03  0.27839389E+04
  0.46934256E+01  0.30214211E+03  0.27812463E+04
  0.46614845E+01  0.32279474E+03  0.27781306E+04
  0.46247306E+01  0.34516447E+03  0.27745230E+04
  0.45824712E+01  0.36937894E+03  0.27703452E+04
  0.45339483E+01  0.39556506E+03  0.27655081E+04
  0.44783475E+01  0.42384526E+03  0.27599120E+04
  0.44148166E+01  0.45433282E+03  0.27534464E+04
  0.43424925E+01  0.48712609E+03  0.27459908E+04
  0.42605408E+01  0.52230178E+03  0.27374167E+04
  0.41682074E+01  0.55990756E+03  0.27275906E+04
  0.40648821E+01  0.59995426E+03  0.27163778E+04
  0.39501710E+01  0.64240828E+03  0.27036484E+04
  0.38239717E+01  0.68718501E+03  0.26892842E+04
  0.36865447E+01  0.73414355E+03  0.26731866E+04
  0.35385814E+01  0.78308055E+03  0.26552866E+04
  0.33812209E+01  0.83373276E+03  0.26355523E+04
  0.32160015E+01  0.88579244E+03  0.26139914E+04
  0.30448314E+01  0.93890922E+03  0.25906507E+04
  0.28698410E+01  0.99272393E+03  0.25656678E+04
  0.26934202E+01  0.10468059E+04  0.25388138E+04
  0.25176479E+01  0.11008230E+04  0.25107783E+04
  0.23448944E+01  0.11543888E+04  0.24816255E+04
  0.21771624E+01  0.12071626E+04  0.24515568E+04
  0.20160883E+01  0.12588553E+04  0.24208013E+04
  0.18629338E+01  0.13092270E+04  0.23895892E+04
  0.17185850E+01  0.13580871E+04  0.23581411E+04
  0.15835743E+01  0.14052937E+04  0.23266595E+04
  0.14581219E+01  0.14507496E+04  0.22953256E+04
  0.13421886E+01  0.14943976E+04  0.22642957E+04
  0.12355321E+01  0.15362150E+04  0.22337012E+04
  0.11377612E+01  0.15762072E+04  0.22036494E+04
  0.10483840E+01  0.16144020E+04  0.21742246E+04
  0.96684738E+00  0.16508444E+04  0.21454909E+04
  0.89256994E+00  0.16855923E+04  0.21174942E+04
  0.82496567E+00  0.17187118E+04  0.20902651E+04
  0.76346174E+00  0.17502749E+04  0.20638215E+04
  0.70751034E+00  0.17803563E+04  0.20381705E+04
  0.65659622E+00  0.18090320E+04  0.20133107E+04
  0.61024084E+00  0.18363772E+04  0.19892339E+04
  0.56800404E+00  0.18624656E+04  0.19659266E+04
  0.52948398E+00  0.18873686E+04  0.19433716E+04
  0.49431589E+00  0.19111547E+04  0.19215483E+04
  0.46217013E+00  0.19338891E+04  0.19004346E+04
  0.43274975E+00  0.19556335E+04  0.18800067E+04
  0.40578789E+00  0.19764463E+04  0.18602401E+04
  0.38104518E+00  0.19963824E+04  0.18411102E+04
  0.35830711E+00  0.20154932E+04  0.18225920E+04
  0.33738159E+00  0.20338270E+04  0.18046611E+04
  0.31809663E+00  0.20514289E+04  0.17872935E+04
  0.30029826E+00  0.20683410E+04  0.17704657E+04
  0.28384858E+00  0.20846026E+04  0.17541549E+04
  0.26862402E+00  0.21002505E+04  0.17383394E+04
  0.25451377E+00  0.21153188E+04  0.17229980E+04
  0.24141841E+00  0.21298395E+04  0.17081105E+04
  0.22924860E+00  0.21438425E+04  0.16936575E+04
  0.21792402E+00  0.21573555E+04  0.16796206E+04
  0.20737236E+00  0.21704045E+04  0.16659821E+04
  0.19752845E+00  0.21830138E+04  0.16527252E+04
  0.18833348E+00  0.21952060E+04  0.16398338E+04
  0.17973433E+00  0.22070024E+04  0.16272928E+04
  0.17168293E+00  0.22184227E+04  0.16150876E+04
  0.16413575E+00  0.22294855E+04  0.16032045E+04
  0.15705330E+00  0.22402083E+04  0.15916303E+04
  0.15039975E+00  0.22506073E+04  0.15803527E+04
  0.14414249E+00  0.22606979E+04  0.15693598E+04
  0.13825184E+00  0.22704943E+04  0.15586403E+04
  0.13270076E+00  0.22800101E+04  0.15481836E+04
  0.12746454E+00  0.22892579E+04  0.15379795E+04
  0.12252065E+00  0.22982498E+04  0.15280183E+04
  0.11784837E+00  0.23069969E+04  0.15182908E+04
  0.11342898E+00  0.23155097E+04  0.15087884E+04
  0.10924466E+00  0.23237988E+04  0.14995023E+04
  0.10528076E+00  0.23318719E+04  0.14904261E+04
  0.10151917E+00  0.23397426E+04  0.14815474E+04
  0.97955790E-01  0.23474061E+04  0.14728740E+04
  0.94552993E-01  0.23549075E+04  0.14643531E+04
  0.91367205E-01  0.23621502E+04  0.14561177E+04
  0.88205063E-01  0.23694738E+04  0.14477421E+04
  0.85549088E-01  0.23758441E+04  0.14404697E+04
  0.81235865E-01  0.23862996E+04  0.14283920E+04
