  0.20000000E-01
  0.60000000E-01
  0.10000000E+00
  0.14000000E+00
  0.18000000E+00
  0.22000000E+00
  0.26000000E+00
  0.30000000E+00
  0.34000000E+00
  0.38000000E+00
  0.42000000E+00
  0.46000000E+00
  0.50000000E+00
  0.54000000E+00
  0.58000000E+00
  0.62000000E+00
  0.66000000E+00
  0.70000000E+00
  0.74000000E+00
  0.78000000E+00
  0.82000000E+00
  0.86000000E+00
  0.90000000E+00
  0.94000000E+00
  0.98000000E+00
  0.10200000E+01
  0.10600000E+01
  0.11000000E+01
  0.11400000E+01
  0.11800000E+01
  0.12200000E+01
  0.12600000E+01
  0.13000000E+01
  0.13400000E+01
  0.13800000E+01
  0.14200000E+01
  0.14600000E+01
  0.15000000E+01
  0.15400000E+01
  0.15800000E+01
  0.16200000E+01
  0.16600000E+01
  0.17000000E+01
  0.17400000E+01
  0.17800000E+01
  0.18200000E+01
  0.18600000E+01
  0.19000000E+01
  0.19400000E+01
  0.19800000E+01
  0.20200000E+01
  0.20600000E+01
  0.21000000E+01
  0.21400000E+01
  0.21800000E+01
  0.22200000E+01
  0.22600000E+01
  0.23000000E+01
  0.23400000E+01
  0.23800000E+01
  0.24200000E+01
  0.24600000E+01
  0.25000000E+01
  0.25400000E+01
  0.25800000E+01
  0.26200000E+01
  0.26600000E+01
  0.27000000E+01
  0.27400000E+01
  0.27800000E+01
  0.28200000E+01
  0.28600000E+01
  0.29000000E+01
  0.29400000E+01
  0.29800000E+01
  0.30200000E+01
  0.30600000E+01
  0.31000000E+01
  0.31400000E+01
  0.31800000E+01
  0.32200000E+01
  0.32600000E+01
  0.33000000E+01
  0.33400000E+01
  0.33800000E+01
  0.34200000E+01
  0.34600000E+01
  0.35000000E+01
  0.35400000E+01
  0.35800000E+01
  0.36200000E+01
  0.36600000E+01
  0.37000000E+01
  0.37400000E+01
  0.37800000E+01
  0.38200000E+01
  0.38600000E+01
  0.39000000E+01
  0.39400000E+01
  0.39800000E+01
