  0.00000000E+00  0.10000000E+01  0.97820602E-01  0.10000000E+01  0.97820602E-01
  0.30275277E-01  0.99966187E+00  0.10121857E+00  0.99952665E+00  0.10122542E+00
  0.60550553E-01  0.99929458E+00  0.10478556E+00  0.99901255E+00  0.10480035E+00
  0.90825830E-01  0.99889519E+00  0.10853215E+00  0.99845360E+00  0.10855615E+00
  0.12110111E+00  0.99846043E+00  0.11246969E+00  0.99784527E+00  0.11250435E+00
  0.15137638E+00  0.99798666E+00  0.11661037E+00  0.99718246E+00  0.11665738E+00
  0.18165166E+00  0.99746982E+00  0.12096726E+00  0.99645954E+00  0.12102857E+00
  0.21192694E+00  0.99690536E+00  0.12555440E+00  0.99567019E+00  0.12563225E+00
  0.24220221E+00  0.99628821E+00  0.13038683E+00  0.99480736E+00  0.13048384E+00
  0.27247749E+00  0.99561271E+00  0.13548073E+00  0.99386319E+00  0.13559993E+00
  0.30275277E+00  0.99487249E+00  0.14085346E+00  0.99282886E+00  0.14099836E+00
  0.33302804E+00  0.99406046E+00  0.14652365E+00  0.99169454E+00  0.14669833E+00
  0.36330332E+00  0.99316864E+00  0.15251129E+00  0.99044918E+00  0.15272052E+00
  0.39357860E+00  0.99218809E+00  0.15883783E+00  0.98908044E+00  0.15908717E+00
  0.42385387E+00  0.99110879E+00  0.16552628E+00  0.98757448E+00  0.16582221E+00
  0.45412915E+00  0.98991948E+00  0.17260129E+00  0.98591579E+00  0.17295139E+00
  0.48440443E+00  0.98860754E+00  0.18008925E+00  0.98408698E+00  0.18050241E+00
  0.51467970E+00  0.98715878E+00  0.18801841E+00  0.98206859E+00  0.18850504E+00
  0.54495498E+00  0.98555730E+00  0.19641895E+00  0.97983879E+00  0.19699128E+00
  0.57523026E+00  0.98378522E+00  0.20532306E+00  0.97737317E+00  0.20599547E+00
  0.60550553E+00  0.98182252E+00  0.21476503E+00  0.97464439E+00  0.21555444E+00
  0.63578081E+00  0.97964676E+00  0.22478129E+00  0.97162194E+00  0.22570764E+00
  0.66605609E+00  0.97723281E+00  0.23541046E+00  0.96827174E+00  0.23649728E+00
  0.69633137E+00  0.97455259E+00  0.24669334E+00  0.96455587E+00  0.24796841E+00
  0.72660664E+00  0.97157475E+00  0.25867288E+00  0.96043219E+00  0.26016906E+00
  0.75688192E+00  0.96826442E+00  0.27139410E+00  0.95585401E+00  0.27315026E+00
  0.78715720E+00  0.96458289E+00  0.28490394E+00  0.95076980E+00  0.28696607E+00
  0.81743247E+00  0.96048735E+00  0.29925103E+00  0.94512295E+00  0.30167361E+00
  0.84770775E+00  0.95593064E+00  0.31448537E+00  0.93885157E+00  0.31733295E+00
  0.87798303E+00  0.95086111E+00  0.33065792E+00  0.93188843E+00  0.33400695E+00
  0.90825830E+00  0.94522250E+00  0.34782002E+00  0.92416107E+00  0.35176106E+00
  0.93853358E+00  0.93895402E+00  0.36602271E+00  0.91559214E+00  0.37066294E+00
  0.96880886E+00  0.93199055E+00  0.38531583E+00  0.90609996E+00  0.39078200E+00
  0.99908413E+00  0.92426309E+00  0.40574697E+00  0.89559952E+00  0.41218878E+00
  0.10293594E+01  0.91569947E+00  0.42736024E+00  0.88400383E+00  0.43495419E+00
  0.10596347E+01  0.90622544E+00  0.45019478E+00  0.87122584E+00  0.45914853E+00
  0.10899100E+01  0.89576607E+00  0.47428314E+00  0.85718084E+00  0.48484036E+00
  0.11201852E+01  0.88424772E+00  0.49964951E+00  0.84178955E+00  0.51209517E+00
  0.11504605E+01  0.87160034E+00  0.52630771E+00  0.82498177E+00  0.54097382E+00
  0.11807358E+01  0.85776034E+00  0.55425923E+00  0.80670055E+00  0.57153093E+00
  0.12110111E+01  0.84267384E+00  0.58349126E+00  0.78690684E+00  0.60381299E+00
  0.12412863E+01  0.82630024E+00  0.61397485E+00  0.76558432E+00  0.63785653E+00
  0.12715616E+01  0.80861593E+00  0.64566330E+00  0.74274410E+00  0.67368618E+00
  0.13018369E+01  0.78961801E+00  0.67849104E+00  0.71842902E+00  0.71131293E+00
  0.13321122E+01  0.76932755E+00  0.71237300E+00  0.69271692E+00  0.75073246E+00
  0.13623875E+01  0.74779218E+00  0.74720474E+00  0.66572258E+00  0.79192387E+00
  0.13926627E+01  0.72508775E+00  0.78286331E+00  0.63759779E+00  0.83484879E+00
  0.14229380E+01  0.70131859E+00  0.81920902E+00  0.60852930E+00  0.87945101E+00
  0.14532133E+01  0.67661624E+00  0.85608805E+00  0.57873452E+00  0.92565670E+00
  0.14834886E+01  0.65113671E+00  0.89333577E+00  0.54845507E+00  0.97337522E+00
  0.15137638E+01  0.62505606E+00  0.93078071E+00  0.51794848E+00  0.10225006E+01
  0.15440391E+01  0.59856485E+00  0.96824887E+00  0.48747876E+00  0.10729136E+01
  0.15743144E+01  0.57186168E+00  0.10055682E+01  0.45730652E+00  0.11244841E+01
  0.16045897E+01  0.54514630E+00  0.10425728E+01  0.42767937E+00  0.11770740E+01
  0.16348649E+01  0.51861293E+00  0.10791068E+01  0.39882345E+00  0.12305401E+01
  0.16651402E+01  0.49244420E+00  0.11150278E+01  0.37093674E+00  0.12847372E+01
  0.16954155E+01  0.46680602E+00  0.11502091E+01  0.34418429E+00  0.13395210E+01
  0.17256908E+01  0.44184385E+00  0.11845415E+01  0.31869581E+00  0.13947505E+01
  0.17559661E+01  0.41768026E+00  0.12179342E+01  0.29456527E+00  0.14502906E+01
  0.17862413E+01  0.39441387E+00  0.12503145E+01  0.27185233E+00  0.15060134E+01
  0.18165166E+01  0.37211950E+00  0.12816279E+01  0.25058519E+00  0.15618001E+01
  0.18467919E+01  0.35084932E+00  0.13118362E+01  0.23076445E+00  0.16175417E+01
  0.18770672E+01  0.33063472E+00  0.13409169E+01  0.21236740E+00  0.16731395E+01
  0.19073424E+01  0.31148871E+00  0.13688606E+01  0.19535262E+00  0.17285054E+01
  0.19376177E+01  0.29340848E+00  0.13956697E+01  0.17966427E+00  0.17835617E+01
  0.19678930E+01  0.27637814E+00  0.14213568E+01  0.16523619E+00  0.18382407E+01
  0.19981683E+01  0.26037132E+00  0.14459423E+01  0.15199539E+00  0.18924845E+01
  0.20284435E+01  0.24535353E+00  0.14694532E+01  0.13986506E+00  0.19462441E+01
  0.20587188E+01  0.23128437E+00  0.14919215E+01  0.12876707E+00  0.19994784E+01
  0.20889941E+01  0.21811935E+00  0.15133830E+01  0.11862382E+00  0.20521542E+01
  0.21192694E+01  0.20581152E+00  0.15338758E+01  0.10935976E+00  0.21042448E+01
  0.21192694E+01  0.57996389E+00  0.54432579E+00  0.54670625E+00  0.56063779E+00
  0.21496394E+01  0.59092527E+00  0.51074260E+00  0.56122665E+00  0.52408198E+00
  0.21800094E+01  0.60024413E+00  0.48067012E+00  0.57365633E+00  0.49168300E+00
  0.22103794E+01  0.60825965E+00  0.45345428E+00  0.58440956E+00  0.46261462E+00
  0.22407495E+01  0.61521340E+00  0.42863478E+00  0.59378443E+00  0.43630069E+00
  0.22711195E+01  0.62128588E+00  0.40587003E+00  0.60200594E+00  0.41231804E+00
  0.23014895E+01  0.62661673E+00  0.38489598E+00  0.60924992E+00  0.39034320E+00
  0.23318595E+01  0.63131691E+00  0.36550187E+00  0.61565738E+00  0.37012104E+00
  0.23622295E+01  0.63547634E+00  0.34751517E+00  0.62134361E+00  0.35144514E+00
  0.23925996E+01  0.63916905E+00  0.33079168E+00  0.62640430E+00  0.33414508E+00
  0.24229696E+01  0.64245676E+00  0.31520889E+00  0.63091981E+00  0.31807777E+00
  0.24533396E+01  0.64539142E+00  0.30066131E+00  0.63495823E+00  0.30312137E+00
  0.24837096E+01  0.64801711E+00  0.28705709E+00  0.63857772E+00  0.28917093E+00
  0.25140797E+01  0.65037149E+00  0.27431552E+00  0.64182819E+00  0.27613518E+00
  0.25444497E+01  0.65248690E+00  0.26236514E+00  0.64475276E+00  0.26393405E+00
  0.25748197E+01  0.65439127E+00  0.25114228E+00  0.64738881E+00  0.25249686E+00
  0.26051897E+01  0.65610878E+00  0.24058991E+00  0.64976885E+00  0.24176080E+00
  0.26355597E+01  0.65766048E+00  0.23065671E+00  0.65192126E+00  0.23166978E+00
  0.26659298E+01  0.65906473E+00  0.22129632E+00  0.65387088E+00  0.22217348E+00
  0.26962998E+01  0.66033758E+00  0.21246672E+00  0.65563951E+00  0.21322659E+00
  0.27266698E+01  0.66149314E+00  0.20412973E+00  0.65724634E+00  0.20478816E+00
  0.27570398E+01  0.66254378E+00  0.19625052E+00  0.65870826E+00  0.19682105E+00
  0.27874098E+01  0.66350043E+00  0.18879729E+00  0.66004020E+00  0.18929152E+00
  0.28177799E+01  0.66437273E+00  0.18174093E+00  0.66125537E+00  0.18216882E+00
  0.28481499E+01  0.66516922E+00  0.17505475E+00  0.66236549E+00  0.17542486E+00
  0.28785199E+01  0.66589745E+00  0.16871422E+00  0.66338094E+00  0.16903392E+00
  0.29088899E+01  0.66656415E+00  0.16269677E+00  0.66431098E+00  0.16297245E+00
  0.29392600E+01  0.66717530E+00  0.15698161E+00  0.66516385E+00  0.15721879E+00
  0.29696300E+01  0.66773621E+00  0.15154956E+00  0.66594689E+00  0.15175302E+00
  0.30000000E+01  0.66825164E+00  0.14638288E+00  0.66666667E+00  0.14655679E+00
