 -0.49500000E+02
 -0.48500000E+02
 -0.47500000E+02
 -0.46500000E+02
 -0.45500000E+02
 -0.44500000E+02
 -0.43500000E+02
 -0.42500000E+02
 -0.41500000E+02
 -0.40500000E+02
 -0.39500000E+02
 -0.38500000E+02
 -0.37500000E+02
 -0.36500000E+02
 -0.35500000E+02
 -0.34500000E+02
 -0.33500000E+02
 -0.32500000E+02
 -0.31500000E+02
 -0.30500000E+02
 -0.29500000E+02
 -0.28500000E+02
 -0.27500000E+02
 -0.26500000E+02
 -0.25500000E+02
 -0.24500000E+02
 -0.23500000E+02
 -0.22500000E+02
 -0.21500000E+02
 -0.20500000E+02
 -0.19500000E+02
 -0.18500000E+02
 -0.17500000E+02
 -0.16500000E+02
 -0.15500000E+02
 -0.14500000E+02
 -0.13500000E+02
 -0.12500000E+02
 -0.11500000E+02
 -0.10500000E+02
 -0.95000000E+01
 -0.85000000E+01
 -0.75000000E+01
 -0.65000000E+01
 -0.55000000E+01
 -0.45000000E+01
 -0.35000000E+01
 -0.25000000E+01
 -0.15000000E+01
 -0.50000000E+00
  0.50000000E+00
  0.15000000E+01
  0.25000000E+01
  0.35000000E+01
  0.45000000E+01
  0.55000000E+01
  0.65000000E+01
  0.75000000E+01
  0.85000000E+01
  0.95000000E+01
  0.10500000E+02
  0.11500000E+02
  0.12500000E+02
  0.13500000E+02
  0.14500000E+02
  0.15500000E+02
  0.16500000E+02
  0.17500000E+02
  0.18500000E+02
  0.19500000E+02
  0.20500000E+02
  0.21500000E+02
  0.22500000E+02
  0.23500000E+02
  0.24500000E+02
  0.25500000E+02
  0.26500000E+02
  0.27500000E+02
  0.28500000E+02
  0.29500000E+02
  0.30500000E+02
  0.31500000E+02
  0.32500000E+02
  0.33500000E+02
  0.34500000E+02
  0.35500000E+02
  0.36500000E+02
  0.37500000E+02
  0.38500000E+02
  0.39500000E+02
  0.40500000E+02
  0.41500000E+02
  0.42500000E+02
  0.43500000E+02
  0.44500000E+02
  0.45500000E+02
  0.46500000E+02
  0.47500000E+02
  0.48500000E+02
  0.49500000E+02
