  0.10000000E+01  0.50000000E+01  0.10000000E+01  0.10000000E+01
  0.10000000E+01  0.50000000E+01  0.10000000E+01  0.10000000E+01
  0.10000000E+01  0.50000000E+01  0.10000000E+01  0.10000000E+01
  0.10000000E+01  0.50000000E+01  0.10000000E+01  0.10000000E+01
  0.10000000E+01  0.50000000E+01  0.10000000E+01  0.10000000E+01
  0.10000000E+01  0.50000000E+01  0.10000000E+01  0.10000000E+01
  0.10000000E+01  0.50000000E+01  0.10000000E+01  0.10000000E+01
  0.10000000E+01  0.50000000E+01  0.10000000E+01  0.10000000E+01
  0.10000000E+01  0.50000000E+01  0.10000000E+01  0.10000000E+01
  0.10000000E+01  0.50000000E+01  0.10000000E+01  0.10000000E+01
  0.10000000E+01  0.50000000E+01  0.10000000E+01  0.10000000E+01
  0.10000000E+01  0.50000000E+01  0.10000000E+01  0.10000000E+01
  0.10000000E+01  0.50000000E+01  0.10000000E+01  0.10000000E+01
  0.10000000E+01  0.50000000E+01  0.10000000E+01  0.10000000E+01
  0.10000000E+01  0.50000000E+01  0.10000000E+01  0.10000000E+01
  0.10000000E+01  0.50000000E+01  0.10000000E+01  0.10000000E+01
  0.10000000E+01  0.50000000E+01  0.10000000E+01  0.10000000E+01
  0.10000000E+01  0.50000000E+01  0.10000000E+01  0.10000000E+01
  0.10000000E+01  0.50000000E+01  0.10000000E+01  0.10000000E+01
  0.10000004E+01  0.49999992E+01  0.10000007E+01  0.10000003E+01
  0.10000077E+01  0.49999840E+01  0.10000148E+01  0.10000071E+01
  0.10001602E+01  0.49996690E+01  0.10003157E+01  0.10001554E+01
  0.10031228E+01  0.49934876E+01  0.10067820E+01  0.10036478E+01
  0.10463129E+01  0.48902614E+01  0.11439363E+01  0.10933023E+01
  0.13972750E+01  0.38796689E+01  0.34151483E+01  0.24441490E+01
  0.32005874E+01  0.11996407E+01  0.17685944E+02  0.55258433E+01
  0.49492475E+01  0.48592942E-01  0.31019918E+02  0.62676029E+01
  0.50501954E+01 -0.23048918E-01  0.31906249E+02  0.63178245E+01
  0.50884779E+01 -0.19521697E-03  0.32192110E+02  0.63264714E+01
  0.50894778E+01  0.27350658E-02  0.32202824E+02  0.63273336E+01
  0.50808066E+01 -0.12973257E-02  0.32124850E+02  0.63227854E+01
  0.50798262E+01 -0.18569582E-02  0.32112951E+02  0.63216633E+01
  0.50824990E+01 -0.37426669E-03  0.32133334E+02  0.63223493E+01
  0.50826901E+01 -0.71489492E-04  0.32132923E+02  0.63220307E+01
  0.50823076E+01 -0.40567388E-03  0.32126341E+02  0.63212115E+01
  0.50826795E+01 -0.36750138E-03  0.32125626E+02  0.63206082E+01
  0.50831209E+01 -0.21737790E-03  0.32126409E+02  0.63202134E+01
  0.50832032E+01 -0.15049959E-03  0.32125503E+02  0.63199328E+01
  0.50830318E+01 -0.15083569E-03  0.32124119E+02  0.63198736E+01
  0.50824836E+01 -0.79818457E-04  0.32123493E+02  0.63204321E+01
  0.50810720E+01  0.11065871E-04  0.32123260E+02  0.63221422E+01
  0.50780389E+01  0.74887392E-04  0.32122671E+02  0.63258024E+01
  0.50725985E+01  0.12975814E-03  0.32122170E+02  0.63324882E+01
  0.50637487E+01  0.19911786E-03  0.32121898E+02  0.63435017E+01
  0.50503312E+01  0.27476213E-03  0.32121865E+02  0.63603482E+01
  0.50316504E+01  0.32356688E-03  0.32121626E+02  0.63839146E+01
  0.50135064E+01  0.30625954E-03  0.32121196E+02  0.64069322E+01
  0.50016722E+01  0.24883605E-03  0.32121160E+02  0.64220843E+01
  0.49954314E+01  0.15983720E-03  0.32121204E+02  0.64301161E+01
  0.49932914E+01  0.55277703E-04  0.32121229E+02  0.64328770E+01
  0.49932914E+01 -0.55277703E-04  0.32121229E+02  0.64328770E+01
  0.49954314E+01 -0.15983720E-03  0.32121204E+02  0.64301161E+01
  0.50016722E+01 -0.24883605E-03  0.32121160E+02  0.64220843E+01
  0.50135064E+01 -0.30625954E-03  0.32121196E+02  0.64069322E+01
  0.50316504E+01 -0.32356688E-03  0.32121626E+02  0.63839146E+01
  0.50503312E+01 -0.27476213E-03  0.32121865E+02  0.63603482E+01
  0.50637487E+01 -0.19911786E-03  0.32121898E+02  0.63435017E+01
  0.50725985E+01 -0.12975814E-03  0.32122170E+02  0.63324882E+01
  0.50780389E+01 -0.74887392E-04  0.32122671E+02  0.63258024E+01
  0.50810720E+01 -0.11065871E-04  0.32123260E+02  0.63221422E+01
  0.50824836E+01  0.79818457E-04  0.32123493E+02  0.63204321E+01
  0.50830318E+01  0.15083569E-03  0.32124119E+02  0.63198736E+01
  0.50832032E+01  0.15049959E-03  0.32125503E+02  0.63199328E+01
  0.50831209E+01  0.21737790E-03  0.32126409E+02  0.63202134E+01
  0.50826795E+01  0.36750138E-03  0.32125626E+02  0.63206082E+01
  0.50823076E+01  0.40567388E-03  0.32126341E+02  0.63212115E+01
  0.50826901E+01  0.71489492E-04  0.32132923E+02  0.63220307E+01
  0.50824990E+01  0.37426669E-03  0.32133334E+02  0.63223493E+01
  0.50798262E+01  0.18569582E-02  0.32112951E+02  0.63216633E+01
  0.50808066E+01  0.12973257E-02  0.32124850E+02  0.63227854E+01
  0.50894778E+01 -0.27350658E-02  0.32202824E+02  0.63273336E+01
  0.50884779E+01  0.19521697E-03  0.32192110E+02  0.63264714E+01
  0.50501954E+01  0.23048918E-01  0.31906249E+02  0.63178245E+01
  0.49492475E+01 -0.48592942E-01  0.31019918E+02  0.62676029E+01
  0.32005874E+01 -0.11996407E+01  0.17685944E+02  0.55258433E+01
  0.13972750E+01 -0.38796689E+01  0.34151483E+01  0.24441490E+01
  0.10463129E+01 -0.48902614E+01  0.11439363E+01  0.10933023E+01
  0.10031228E+01 -0.49934876E+01  0.10067820E+01  0.10036478E+01
  0.10001602E+01 -0.49996690E+01  0.10003157E+01  0.10001554E+01
  0.10000077E+01 -0.49999840E+01  0.10000148E+01  0.10000071E+01
  0.10000004E+01 -0.49999992E+01  0.10000007E+01  0.10000003E+01
  0.10000000E+01 -0.50000000E+01  0.10000000E+01  0.10000000E+01
  0.10000000E+01 -0.50000000E+01  0.10000000E+01  0.10000000E+01
  0.10000000E+01 -0.50000000E+01  0.10000000E+01  0.10000000E+01
  0.10000000E+01 -0.50000000E+01  0.10000000E+01  0.10000000E+01
  0.10000000E+01 -0.50000000E+01  0.10000000E+01  0.10000000E+01
  0.10000000E+01 -0.50000000E+01  0.10000000E+01  0.10000000E+01
  0.10000000E+01 -0.50000000E+01  0.10000000E+01  0.10000000E+01
  0.10000000E+01 -0.50000000E+01  0.10000000E+01  0.10000000E+01
  0.10000000E+01 -0.50000000E+01  0.10000000E+01  0.10000000E+01
  0.10000000E+01 -0.50000000E+01  0.10000000E+01  0.10000000E+01
  0.10000000E+01 -0.50000000E+01  0.10000000E+01  0.10000000E+01
  0.10000000E+01 -0.50000000E+01  0.10000000E+01  0.10000000E+01
  0.10000000E+01 -0.50000000E+01  0.10000000E+01  0.10000000E+01
  0.10000000E+01 -0.50000000E+01  0.10000000E+01  0.10000000E+01
  0.10000000E+01 -0.50000000E+01  0.10000000E+01  0.10000000E+01
  0.10000000E+01 -0.50000000E+01  0.10000000E+01  0.10000000E+01
  0.10000000E+01 -0.50000000E+01  0.10000000E+01  0.10000000E+01
  0.10000000E+01 -0.50000000E+01  0.10000000E+01  0.10000000E+01
  0.10000000E+01 -0.50000000E+01  0.10000000E+01  0.10000000E+01
