  0.50000000E+01  0.75000000E+00  0.50000000E+01  0.63386570E+00
  0.50000000E+01  0.75000000E+00  0.50000000E+01  0.63386570E+00
  0.50000000E+01  0.75000000E+00  0.50000000E+01  0.63386570E+00
  0.50000000E+01  0.75000000E+00  0.50000000E+01  0.63386570E+00
  0.50000000E+01  0.75000000E+00  0.50000000E+01  0.63386570E+00
  0.50000000E+01  0.75000000E+00  0.50000000E+01  0.63386570E+00
  0.50000000E+01  0.75000000E+00  0.50000000E+01  0.63386570E+00
  0.50000000E+01  0.75000000E+00  0.50000000E+01  0.63386570E+00
  0.50000000E+01  0.75000000E+00  0.50000000E+01  0.63386570E+00
  0.50000000E+01  0.75000000E+00  0.50000000E+01  0.63386570E+00
  0.50000000E+01  0.75000000E+00  0.50000000E+01  0.63386570E+00
  0.50000000E+01  0.75000000E+00  0.50000000E+01  0.63386570E+00
  0.50000000E+01  0.75000000E+00  0.50000000E+01  0.63386570E+00
  0.50000000E+01  0.75000000E+00  0.50000000E+01  0.63386570E+00
  0.50000000E+01  0.75000000E+00  0.50000000E+01  0.63386570E+00
  0.50000000E+01  0.75000000E+00  0.50000000E+01  0.63386570E+00
  0.50000000E+01  0.75000000E+00  0.50000000E+01  0.63386570E+00
  0.50000000E+01  0.75000000E+00  0.50000000E+01  0.63386570E+00
  0.50000000E+01  0.75000000E+00  0.50000000E+01  0.63386570E+00
  0.50000002E+01  0.74999993E+00  0.50000003E+01  0.63386563E+00
  0.50000129E+01  0.74999680E+00  0.50000171E+01  0.63386272E+00
  0.50000348E+01  0.74999177E+00  0.50000486E+01  0.63385787E+00
  0.49955636E+01  0.75136976E+00  0.49949010E+01  0.63506548E+00
  0.46492479E+01  0.83429814E+00  0.45253686E+01  0.71469646E+00
  0.39481638E+01  0.10248503E+01  0.36017732E+01  0.90685076E+00
  0.32998543E+01  0.12243472E+01  0.28166617E+01  0.11200067E+01
  0.28935937E+01  0.13949663E+01  0.23534296E+01  0.13072777E+01
  0.27896984E+01  0.14143064E+01  0.20879730E+01  0.13816425E+01
  0.27625912E+01  0.14124327E+01  0.20551686E+01  0.13840071E+01
  0.27354788E+01  0.14142680E+01  0.20673836E+01  0.13749086E+01
  0.26431761E+01  0.14268991E+01  0.21055204E+01  0.13511780E+01
  0.24265484E+01  0.14497060E+01  0.21640367E+01  0.12974125E+01
  0.21158623E+01  0.14680604E+01  0.22105380E+01  0.12138768E+01
  0.18311987E+01  0.14698869E+01  0.22148489E+01  0.11295764E+01
  0.16873396E+01  0.14666600E+01  0.22077736E+01  0.10836510E+01
  0.16320940E+01  0.14373016E+01  0.21417751E+01  0.10603996E+01
  0.14580626E+01  0.12602616E+01  0.17724591E+01  0.96604346E+00
  0.11309981E+01  0.91275547E+00  0.11968827E+01  0.74988658E+00
  0.10004803E+01  0.75058821E+00  0.10006174E+01  0.63431937E+00
  0.10000000E+01  0.75000000E+00  0.10000000E+01  0.63386570E+00
  0.10000000E+01  0.75000000E+00  0.10000000E+01  0.63386570E+00
  0.10000000E+01  0.75000000E+00  0.10000000E+01  0.63386570E+00
  0.10000000E+01  0.75000000E+00  0.10000000E+01  0.63386570E+00
  0.10000000E+01  0.75000000E+00  0.10000000E+01  0.63386570E+00
  0.10000000E+01  0.75000000E+00  0.10000000E+01  0.63386570E+00
  0.10000000E+01  0.75000000E+00  0.10000000E+01  0.63386570E+00
  0.10000000E+01  0.75000000E+00  0.10000000E+01  0.63386570E+00
  0.10000000E+01  0.75000000E+00  0.10000000E+01  0.63386570E+00
  0.10000000E+01  0.75000000E+00  0.10000000E+01  0.63386570E+00
  0.10000000E+01  0.75000000E+00  0.10000000E+01  0.63386570E+00
  0.10000000E+01  0.75000000E+00  0.10000000E+01  0.63386570E+00
  0.10000000E+01  0.75000000E+00  0.10000000E+01  0.63386570E+00
  0.10000000E+01  0.75000000E+00  0.10000000E+01  0.63386570E+00
  0.10000000E+01  0.75000000E+00  0.10000000E+01  0.63386570E+00
  0.10000000E+01  0.75000000E+00  0.10000000E+01  0.63386570E+00
  0.10000000E+01  0.75000000E+00  0.10000000E+01  0.63386570E+00
  0.10000000E+01  0.75000000E+00  0.10000000E+01  0.63386570E+00
  0.10000000E+01  0.75000000E+00  0.10000000E+01  0.63386570E+00
  0.10000000E+01  0.75000000E+00  0.10000000E+01  0.63386570E+00
  0.10000000E+01  0.75000000E+00  0.10000000E+01  0.63386570E+00
  0.10000000E+01  0.75000000E+00  0.10000000E+01  0.63386570E+00
  0.10000000E+01  0.75000000E+00  0.10000000E+01  0.63386570E+00
  0.10000000E+01  0.75000000E+00  0.10000000E+01  0.63386570E+00
  0.10000000E+01  0.75000000E+00  0.10000000E+01  0.63386570E+00
  0.10000000E+01  0.75000000E+00  0.10000000E+01  0.63386570E+00
  0.10000000E+01  0.75000000E+00  0.10000000E+01  0.63386570E+00
  0.10000000E+01  0.75000000E+00  0.10000000E+01  0.63386570E+00
  0.10000000E+01  0.75000000E+00  0.10000000E+01  0.63386570E+00
  0.10000000E+01  0.75000000E+00  0.10000000E+01  0.63386570E+00
  0.10000000E+01  0.75000000E+00  0.10000000E+01  0.63386570E+00
  0.10000000E+01  0.75000000E+00  0.10000000E+01  0.63386570E+00
  0.10000000E+01  0.75000000E+00  0.10000000E+01  0.63386570E+00
  0.10000000E+01  0.75000000E+00  0.10000000E+01  0.63386570E+00
  0.10000000E+01  0.75000000E+00  0.10000000E+01  0.63386570E+00
  0.10000000E+01  0.75000000E+00  0.10000000E+01  0.63386570E+00
  0.10000000E+01  0.75000000E+00  0.10000000E+01  0.63386570E+00
  0.10000000E+01  0.75000000E+00  0.10000000E+01  0.63386570E+00
  0.10000000E+01  0.75000000E+00  0.10000000E+01  0.63386570E+00
  0.10000000E+01  0.75000000E+00  0.10000000E+01  0.63386570E+00
  0.10000000E+01  0.75000000E+00  0.10000000E+01  0.63386570E+00
  0.10000000E+01  0.75000000E+00  0.10000000E+01  0.63386570E+00
  0.10000000E+01  0.75000000E+00  0.10000000E+01  0.63386570E+00
  0.10000000E+01  0.75000000E+00  0.10000000E+01  0.63386570E+00
  0.10000000E+01  0.75000000E+00  0.10000000E+01  0.63386570E+00
  0.10000000E+01  0.75000000E+00  0.10000000E+01  0.63386570E+00
  0.10000000E+01  0.75000000E+00  0.10000000E+01  0.63386570E+00
  0.10000000E+01  0.75000000E+00  0.10000000E+01  0.63386570E+00
  0.10000000E+01  0.75000000E+00  0.10000000E+01  0.63386570E+00
  0.10000000E+01  0.75000000E+00  0.10000000E+01  0.63386570E+00
  0.10000000E+01  0.75000000E+00  0.10000000E+01  0.63386570E+00
  0.10000000E+01  0.75000000E+00  0.10000000E+01  0.63386570E+00
  0.10000000E+01  0.75000000E+00  0.10000000E+01  0.63386570E+00
  0.10000000E+01  0.75000000E+00  0.10000000E+01  0.63386570E+00
  0.10000000E+01  0.75000000E+00  0.10000000E+01  0.63386570E+00
  0.10000000E+01  0.75000000E+00  0.10000000E+01  0.63386570E+00
  0.10000000E+01  0.75000000E+00  0.10000000E+01  0.63386570E+00
  0.10000000E+01  0.75000000E+00  0.10000000E+01  0.63386570E+00
  0.10000000E+01  0.75000000E+00  0.10000000E+01  0.63386570E+00
  0.10000000E+01  0.75000000E+00  0.10000000E+01  0.63386570E+00
  0.10000000E+01  0.75000000E+00  0.10000000E+01  0.63386570E+00
