  0.50000000E+01  0.75000000E+00  0.50000000E+01  0.63386570E+00
  0.50000000E+01  0.75000000E+00  0.50000000E+01  0.63386570E+00
  0.50000000E+01  0.75000000E+00  0.50000000E+01  0.63386570E+00
  0.50000000E+01  0.75000000E+00  0.50000000E+01  0.63386570E+00
  0.50000000E+01  0.75000000E+00  0.50000000E+01  0.63386570E+00
  0.50000000E+01  0.75000000E+00  0.50000000E+01  0.63386570E+00
  0.50000000E+01  0.75000000E+00  0.50000000E+01  0.63386570E+00
  0.50000000E+01  0.75000000E+00  0.50000000E+01  0.63386570E+00
  0.50000000E+01  0.75000000E+00  0.50000000E+01  0.63386570E+00
  0.50000000E+01  0.75000000E+00  0.50000000E+01  0.63386570E+00
  0.50000037E+01  0.74999910E+00  0.50000051E+01  0.63386485E+00
  0.50000138E+01  0.74999669E+00  0.50000192E+01  0.63386256E+00
  0.50000209E+01  0.74999505E+00  0.50000293E+01  0.63386099E+00
  0.50000222E+01  0.74999475E+00  0.50000310E+01  0.63386070E+00
  0.49793417E+01  0.75511025E+00  0.49728602E+01  0.63860041E+00
  0.48554909E+01  0.78477243E+00  0.48000058E+01  0.66707615E+00
  0.47020761E+01  0.82229214E+00  0.45883721E+01  0.70352193E+00
  0.45613501E+01  0.85765104E+00  0.43972314E+01  0.73825033E+00
  0.44289380E+01  0.89186087E+00  0.42195049E+01  0.77223975E+00
  0.43000349E+01  0.92597136E+00  0.40485352E+01  0.80653008E+00
  0.41739088E+01  0.96005688E+00  0.38833142E+01  0.84120756E+00
  0.40506681E+01  0.99409250E+00  0.37237795E+01  0.87626231E+00
  0.39303518E+01  0.10281280E+01  0.35698475E+01  0.91174643E+00
  0.38128749E+01  0.10622317E+01  0.34213600E+01  0.94772457E+00
  0.36979928E+01  0.10964687E+01  0.32779361E+01  0.98427176E+00
  0.35851101E+01  0.11309754E+01  0.31387389E+01  0.10215575E+01
  0.34753459E+01  0.11653360E+01  0.30050411E+01  0.10591585E+01
  0.33686419E+01  0.11995173E+01  0.28766757E+01  0.10970451E+01
  0.32649578E+01  0.12335321E+01  0.27534995E+01  0.11352270E+01
  0.31647145E+01  0.12672651E+01  0.26358877E+01  0.11735654E+01
  0.30684457E+01  0.13005317E+01  0.25243249E+01  0.12118350E+01
  0.29764191E+01  0.13331352E+01  0.24190475E+01  0.12497841E+01
  0.28896316E+01  0.13648278E+01  0.23205417E+01  0.12871833E+01
  0.28075396E+01  0.13949085E+01  0.22296628E+01  0.13228940E+01
  0.27389911E+01  0.14211102E+01  0.21534573E+01  0.13545371E+01
  0.27117486E+01  0.14343444E+01  0.21165797E+01  0.13721349E+01
  0.27033554E+01  0.14344901E+01  0.21149178E+01  0.13706872E+01
  0.27040598E+01  0.14340472E+01  0.21158193E+01  0.13701506E+01
  0.27054186E+01  0.14331411E+01  0.21177955E+01  0.13689897E+01
  0.27069914E+01  0.14322930E+01  0.21200004E+01  0.13678652E+01
  0.27085263E+01  0.14316093E+01  0.21219956E+01  0.13669568E+01
  0.27100921E+01  0.14309534E+01  0.21239378E+01  0.13661004E+01
  0.27119867E+01  0.14303107E+01  0.21260738E+01  0.13652777E+01
  0.27139885E+01  0.14297321E+01  0.21277055E+01  0.13647054E+01
  0.27164115E+01  0.14296240E+01  0.21285479E+01  0.13649410E+01
  0.27188786E+01  0.14297110E+01  0.21283977E+01  0.13656920E+01
  0.27190771E+01  0.14300090E+01  0.21277502E+01  0.13662344E+01
  0.27188148E+01  0.14303637E+01  0.21269280E+01  0.13667714E+01
  0.27175257E+01  0.14307444E+01  0.21269023E+01  0.13668193E+01
  0.27134997E+01  0.14309216E+01  0.21272109E+01  0.13658765E+01
  0.27091263E+01  0.14308872E+01  0.21276186E+01  0.13646118E+01
  0.27088733E+01  0.14307033E+01  0.21279796E+01  0.13642570E+01
  0.27103006E+01  0.14303940E+01  0.21278982E+01  0.13643474E+01
  0.27185022E+01  0.14300161E+01  0.21271833E+01  0.13662787E+01
  0.27376552E+01  0.14295748E+01  0.21258559E+01  0.13710880E+01
  0.27526653E+01  0.14293010E+01  0.21247131E+01  0.13749479E+01
  0.27527162E+01  0.14293008E+01  0.21243055E+01  0.13750923E+01
  0.27448887E+01  0.14294398E+01  0.21243822E+01  0.13732446E+01
  0.27046160E+01  0.14297530E+01  0.21251424E+01  0.13631881E+01
  0.25717548E+01  0.14303122E+01  0.21268085E+01  0.13292829E+01
  0.23297734E+01  0.14310287E+01  0.21289229E+01  0.12652059E+01
  0.20162806E+01  0.14316820E+01  0.21306769E+01  0.11770617E+01
  0.17345599E+01  0.14319005E+01  0.21313320E+01  0.10917367E+01
  0.16497447E+01  0.14318882E+01  0.21313877E+01  0.10646877E+01
  0.16502237E+01  0.14318295E+01  0.21313955E+01  0.10647966E+01
  0.16534078E+01  0.14317229E+01  0.21312512E+01  0.10657801E+01
  0.16621472E+01  0.14313577E+01  0.21305773E+01  0.10684895E+01
  0.16738188E+01  0.14304890E+01  0.21287532E+01  0.10720426E+01
  0.16845947E+01  0.14291291E+01  0.21258368E+01  0.10752023E+01
  0.16921250E+01  0.14277689E+01  0.21229182E+01  0.10773169E+01
  0.16933559E+01  0.14273747E+01  0.21221338E+01  0.10776103E+01
  0.16930469E+01  0.14273703E+01  0.21222723E+01  0.10774735E+01
  0.16920024E+01  0.14275776E+01  0.21228196E+01  0.10771586E+01
  0.16917767E+01  0.14286724E+01  0.21254297E+01  0.10772507E+01
  0.16936103E+01  0.14314520E+01  0.21317376E+01  0.10783324E+01
  0.16971278E+01  0.14346183E+01  0.21390292E+01  0.10799938E+01
  0.16983108E+01  0.14355637E+01  0.21412110E+01  0.10805312E+01
  0.16983285E+01  0.14354203E+01  0.21410159E+01  0.10804781E+01
  0.16978740E+01  0.14344914E+01  0.21389699E+01  0.10801506E+01
  0.16947291E+01  0.14310516E+01  0.21313154E+01  0.10784936E+01
  0.16892775E+01  0.14260419E+01  0.21201547E+01  0.10758086E+01
  0.16849863E+01  0.14220687E+01  0.21113279E+01  0.10736850E+01
  0.16815840E+01  0.14187913E+01  0.21041919E+01  0.10719415E+01
  0.16692046E+01  0.14084027E+01  0.20811423E+01  0.10660234E+01
  0.15938483E+01  0.13475237E+01  0.19504454E+01  0.10295063E+01
  0.13150984E+01  0.11048025E+01  0.14912637E+01  0.87684440E+00
  0.10448033E+01  0.80975065E+00  0.10664629E+01  0.67737892E+00
  0.10000000E+01  0.75000000E+00  0.10000000E+01  0.63386570E+00
  0.10000000E+01  0.75000000E+00  0.10000000E+01  0.63386570E+00
  0.10000000E+01  0.75000000E+00  0.10000000E+01  0.63386570E+00
  0.10000000E+01  0.75000000E+00  0.10000000E+01  0.63386570E+00
  0.10000000E+01  0.75000000E+00  0.10000000E+01  0.63386570E+00
  0.10000000E+01  0.75000000E+00  0.10000000E+01  0.63386570E+00
  0.10000000E+01  0.75000000E+00  0.10000000E+01  0.63386570E+00
  0.10000000E+01  0.75000000E+00  0.10000000E+01  0.63386570E+00
  0.10000000E+01  0.75000000E+00  0.10000000E+01  0.63386570E+00
  0.10000000E+01  0.75000000E+00  0.10000000E+01  0.63386570E+00
  0.10000000E+01  0.75000000E+00  0.10000000E+01  0.63386570E+00
  0.10000000E+01  0.75000000E+00  0.10000000E+01  0.63386570E+00
  0.10000000E+01  0.75000000E+00  0.10000000E+01  0.63386570E+00
