  0.50000000E+01  0.75000000E+00  0.50000000E+01  0.63386570E+00
  0.50000000E+01  0.75000000E+00  0.50000000E+01  0.63386570E+00
  0.50000000E+01  0.75000000E+00  0.50000000E+01  0.63386570E+00
  0.50000000E+01  0.75000000E+00  0.50000000E+01  0.63386570E+00
  0.50000000E+01  0.75000000E+00  0.50000000E+01  0.63386570E+00
  0.50000000E+01  0.75000000E+00  0.50000000E+01  0.63386570E+00
  0.50000000E+01  0.75000000E+00  0.50000000E+01  0.63386570E+00
  0.50000000E+01  0.75000000E+00  0.50000000E+01  0.63386570E+00
  0.50000000E+01  0.75000000E+00  0.50000000E+01  0.63386570E+00
  0.50000000E+01  0.75000000E+00  0.50000000E+01  0.63386570E+00
  0.50000000E+01  0.75000000E+00  0.50000000E+01  0.63386570E+00
  0.50000000E+01  0.75000000E+00  0.50000000E+01  0.63386570E+00
  0.50000016E+01  0.74999959E+00  0.50000021E+01  0.63386532E+00
  0.50000113E+01  0.74999728E+00  0.50000157E+01  0.63386312E+00
  0.50000212E+01  0.74999499E+00  0.50000296E+01  0.63386093E+00
  0.50000236E+01  0.74999443E+00  0.50000329E+01  0.63386039E+00
  0.49840105E+01  0.75404725E+00  0.49793978E+01  0.63758135E+00
  0.48454641E+01  0.78716297E+00  0.47865503E+01  0.66935578E+00
  0.46562709E+01  0.83371065E+00  0.45263342E+01  0.71465617E+00
  0.44815579E+01  0.87821377E+00  0.42901507E+01  0.75860284E+00
  0.43181194E+01  0.92121353E+00  0.40725612E+01  0.80169617E+00
  0.41597663E+01  0.96404173E+00  0.38650113E+01  0.84526113E+00
  0.40056994E+01  0.10068473E+01  0.36661918E+01  0.88946977E+00
  0.38560710E+01  0.10496723E+01  0.34759439E+01  0.93438496E+00
  0.37106110E+01  0.10926665E+01  0.32937579E+01  0.98016790E+00
  0.35683822E+01  0.11361293E+01  0.31183980E+01  0.10271495E+01
  0.34313155E+01  0.11793921E+01  0.29520403E+01  0.10746409E+01
  0.32993815E+01  0.12223295E+01  0.27944091E+01  0.11225238E+01
  0.31726309E+01  0.12648224E+01  0.26452906E+01  0.11706811E+01
  0.30525874E+01  0.13063115E+01  0.25061315E+01  0.12184701E+01
  0.29396094E+01  0.13463056E+01  0.23776976E+01  0.12651620E+01
  0.28375976E+01  0.13841802E+01  0.22620176E+01  0.13102556E+01
  0.27503286E+01  0.14167861E+01  0.21663559E+01  0.13491731E+01
  0.27022952E+01  0.14335661E+01  0.21152510E+01  0.13694278E+01
  0.27014251E+01  0.14346637E+01  0.21143667E+01  0.13705422E+01
  0.27031308E+01  0.14342227E+01  0.21160578E+01  0.13700057E+01
  0.27062362E+01  0.14335207E+01  0.21192460E+01  0.13690904E+01
  0.27098152E+01  0.14328924E+01  0.21218288E+01  0.13685613E+01
  0.27142227E+01  0.14323205E+01  0.21236071E+01  0.13685538E+01
  0.27184023E+01  0.14316037E+01  0.21252045E+01  0.13684071E+01
  0.27193283E+01  0.14307130E+01  0.21268795E+01  0.13672499E+01
  0.27184588E+01  0.14296607E+01  0.21272674E+01  0.13659012E+01
  0.27134573E+01  0.14288092E+01  0.21265228E+01  0.13640701E+01
  0.27060226E+01  0.14286979E+01  0.21257359E+01  0.13623461E+01
  0.27022969E+01  0.14289393E+01  0.21247991E+01  0.13619380E+01
  0.27035927E+01  0.14295848E+01  0.21247108E+01  0.13629082E+01
  0.27142803E+01  0.14302799E+01  0.21254552E+01  0.13660242E+01
  0.27422654E+01  0.14309818E+01  0.21272971E+01  0.13731271E+01
  0.27673844E+01  0.14315261E+01  0.21294796E+01  0.13792191E+01
  0.27690825E+01  0.14317496E+01  0.21310735E+01  0.13793415E+01
  0.27600697E+01  0.14317490E+01  0.21318283E+01  0.13768505E+01
  0.27078834E+01  0.14316081E+01  0.21318017E+01  0.13636462E+01
  0.25461121E+01  0.14313880E+01  0.21310692E+01  0.13223101E+01
  0.22747477E+01  0.14308059E+01  0.21291811E+01  0.12499050E+01
  0.19488726E+01  0.14297407E+01  0.21263256E+01  0.11568315E+01
  0.16913275E+01  0.14283834E+01  0.21231092E+01  0.10774782E+01
  0.16422959E+01  0.14274964E+01  0.21212332E+01  0.10615550E+01
  0.16429821E+01  0.14274530E+01  0.21212069E+01  0.10617510E+01
  0.16478376E+01  0.14275776E+01  0.21214840E+01  0.10633421E+01
  0.16610243E+01  0.14282995E+01  0.21232025E+01  0.10676958E+01
  0.16789027E+01  0.14308580E+01  0.21289371E+01  0.10739001E+01
  0.16954637E+01  0.14345877E+01  0.21373627E+01  0.10798620E+01
  0.17031268E+01  0.14366922E+01  0.21423164E+01  0.10826334E+01
  0.17034163E+01  0.14366879E+01  0.21423409E+01  0.10827159E+01
  0.17029190E+01  0.14360709E+01  0.21411407E+01  0.10823962E+01
  0.16976864E+01  0.14328041E+01  0.21337872E+01  0.10801299E+01
  0.16857461E+01  0.14251636E+01  0.21168494E+01  0.10748598E+01
  0.16768666E+01  0.14189962E+01  0.21031599E+01  0.10708542E+01
  0.16763856E+01  0.14185721E+01  0.21023745E+01  0.10705805E+01
  0.16767183E+01  0.14186599E+01  0.21026793E+01  0.10706754E+01
  0.16763378E+01  0.14180477E+01  0.21014120E+01  0.10704145E+01
  0.16681324E+01  0.14106510E+01  0.20852126E+01  0.10663399E+01
  0.15970278E+01  0.13522254E+01  0.19593490E+01  0.10317760E+01
  0.13146069E+01  0.11050499E+01  0.14911721E+01  0.87690373E+00
  0.10423525E+01  0.80669470E+00  0.10627955E+01  0.67519253E+00
  0.10000000E+01  0.75000000E+00  0.10000000E+01  0.63386570E+00
  0.10000000E+01  0.75000000E+00  0.10000000E+01  0.63386570E+00
  0.10000000E+01  0.75000000E+00  0.10000000E+01  0.63386570E+00
  0.10000000E+01  0.75000000E+00  0.10000000E+01  0.63386570E+00
  0.10000000E+01  0.75000000E+00  0.10000000E+01  0.63386570E+00
  0.10000000E+01  0.75000000E+00  0.10000000E+01  0.63386570E+00
  0.10000000E+01  0.75000000E+00  0.10000000E+01  0.63386570E+00
  0.10000000E+01  0.75000000E+00  0.10000000E+01  0.63386570E+00
  0.10000000E+01  0.75000000E+00  0.10000000E+01  0.63386570E+00
  0.10000000E+01  0.75000000E+00  0.10000000E+01  0.63386570E+00
  0.10000000E+01  0.75000000E+00  0.10000000E+01  0.63386570E+00
  0.10000000E+01  0.75000000E+00  0.10000000E+01  0.63386570E+00
  0.10000000E+01  0.75000000E+00  0.10000000E+01  0.63386570E+00
  0.10000000E+01  0.75000000E+00  0.10000000E+01  0.63386570E+00
  0.10000000E+01  0.75000000E+00  0.10000000E+01  0.63386570E+00
  0.10000000E+01  0.75000000E+00  0.10000000E+01  0.63386570E+00
  0.10000000E+01  0.75000000E+00  0.10000000E+01  0.63386570E+00
  0.10000000E+01  0.75000000E+00  0.10000000E+01  0.63386570E+00
  0.10000000E+01  0.75000000E+00  0.10000000E+01  0.63386570E+00
  0.10000000E+01  0.75000000E+00  0.10000000E+01  0.63386570E+00
  0.10000000E+01  0.75000000E+00  0.10000000E+01  0.63386570E+00
  0.10000000E+01  0.75000000E+00  0.10000000E+01  0.63386570E+00
  0.10000000E+01  0.75000000E+00  0.10000000E+01  0.63386570E+00
  0.10000000E+01  0.75000000E+00  0.10000000E+01  0.63386570E+00
  0.10000000E+01  0.75000000E+00  0.10000000E+01  0.63386570E+00
