  0.50000000E+01  0.75000000E+00  0.50000000E+01  0.63386570E+00
  0.50000000E+01  0.75000000E+00  0.50000000E+01  0.63386570E+00
  0.50000000E+01  0.75000000E+00  0.50000000E+01  0.63386570E+00
  0.50000000E+01  0.75000000E+00  0.50000000E+01  0.63386570E+00
  0.50000000E+01  0.75000000E+00  0.50000000E+01  0.63386570E+00
  0.50000000E+01  0.75000000E+00  0.50000000E+01  0.63386570E+00
  0.50000000E+01  0.75000000E+00  0.50000000E+01  0.63386570E+00
  0.50000000E+01  0.75000000E+00  0.50000000E+01  0.63386570E+00
  0.50000000E+01  0.75000000E+00  0.50000000E+01  0.63386570E+00
  0.50000000E+01  0.75000000E+00  0.50000000E+01  0.63386570E+00
  0.50000000E+01  0.75000000E+00  0.50000000E+01  0.63386570E+00
  0.50000000E+01  0.75000000E+00  0.50000000E+01  0.63386570E+00
  0.50000000E+01  0.75000000E+00  0.50000000E+01  0.63386570E+00
  0.50000000E+01  0.75000000E+00  0.50000000E+01  0.63386570E+00
  0.50000003E+01  0.74999991E+00  0.50000004E+01  0.63386562E+00
  0.50000080E+01  0.74999807E+00  0.50000110E+01  0.63386388E+00
  0.50000208E+01  0.74999506E+00  0.50000289E+01  0.63386101E+00
  0.50000255E+01  0.74999395E+00  0.50000357E+01  0.63385994E+00
  0.49881816E+01  0.75309796E+00  0.49851483E+01  0.63667756E+00
  0.48265109E+01  0.79166200E+00  0.47611838E+01  0.67365100E+00
  0.45795573E+01  0.85313214E+00  0.44230365E+01  0.73367509E+00
  0.43494980E+01  0.91301155E+00  0.41146256E+01  0.79335336E+00
  0.41358658E+01  0.97083575E+00  0.38342534E+01  0.85216670E+00
  0.39306073E+01  0.10284604E+01  0.35705996E+01  0.91197479E+00
  0.37324912E+01  0.10863045E+01  0.33213672E+01  0.97325923E+00
  0.35401967E+01  0.11449620E+01  0.30843980E+01  0.10367059E+01
  0.33577776E+01  0.12031571E+01  0.28641481E+01  0.11009981E+01
  0.31858945E+01  0.12605051E+01  0.26611548E+01  0.11656313E+01
  0.30255854E+01  0.13158871E+01  0.24759864E+01  0.12293773E+01
  0.28876582E+01  0.13669733E+01  0.23161746E+01  0.12899808E+01
  0.27606751E+01  0.14110244E+01  0.21866074E+01  0.13399629E+01
  0.27008825E+01  0.14315813E+01  0.21135755E+01  0.13677161E+01
  0.27046003E+01  0.14340070E+01  0.21112472E+01  0.13717319E+01
  0.27111181E+01  0.14334973E+01  0.21140607E+01  0.13719818E+01
  0.27123252E+01  0.14332710E+01  0.21191100E+01  0.13704350E+01
  0.27100619E+01  0.14333162E+01  0.21231782E+01  0.13685932E+01
  0.27031336E+01  0.14332105E+01  0.21256296E+01  0.13659535E+01
  0.27012576E+01  0.14327287E+01  0.21277167E+01  0.13643507E+01
  0.27034332E+01  0.14320842E+01  0.21303454E+01  0.13634441E+01
  0.27179180E+01  0.14314564E+01  0.21324033E+01  0.13658330E+01
  0.27532505E+01  0.14307200E+01  0.21321660E+01  0.13740514E+01
  0.27788097E+01  0.14299832E+01  0.21295622E+01  0.13805469E+01
  0.27780880E+01  0.14288208E+01  0.21242508E+01  0.13809687E+01
  0.27611832E+01  0.14277864E+01  0.21192791E+01  0.13773767E+01
  0.26846964E+01  0.14277923E+01  0.21183209E+01  0.13584784E+01
  0.24980610E+01  0.14283437E+01  0.21196661E+01  0.13104985E+01
  0.22168849E+01  0.14304436E+01  0.21258811E+01  0.12345504E+01
  0.19010072E+01  0.14341630E+01  0.21354815E+01  0.11436114E+01
  0.16759287E+01  0.14374110E+01  0.21429279E+01  0.10743380E+01
  0.16487914E+01  0.14378227E+01  0.21437215E+01  0.10657123E+01
  0.16522684E+01  0.14375300E+01  0.21431306E+01  0.10667653E+01
  0.16608203E+01  0.14355577E+01  0.21387959E+01  0.10691368E+01
  0.16664321E+01  0.14285394E+01  0.21231370E+01  0.10696286E+01
  0.16675604E+01  0.14186518E+01  0.21012603E+01  0.10681018E+01
  0.16708606E+01  0.14143956E+01  0.20918433E+01  0.10683472E+01
  0.16763416E+01  0.14148174E+01  0.20927289E+01  0.10701907E+01
  0.16820694E+01  0.14187717E+01  0.21016397E+01  0.10727322E+01
  0.16918885E+01  0.14287933E+01  0.21240489E+01  0.10777276E+01
  0.16932945E+01  0.14309976E+01  0.21290052E+01  0.10785810E+01
  0.16819823E+01  0.14232937E+01  0.21119939E+01  0.10734823E+01
  0.15896683E+01  0.13506371E+01  0.19546898E+01  0.10294115E+01
  0.12781026E+01  0.10721882E+01  0.14357753E+01  0.85496161E+00
  0.10267254E+01  0.78621423E+00  0.10392306E+01  0.66046238E+00
  0.10000000E+01  0.75000000E+00  0.10000000E+01  0.63386570E+00
  0.10000000E+01  0.75000000E+00  0.10000000E+01  0.63386570E+00
  0.10000000E+01  0.75000000E+00  0.10000000E+01  0.63386570E+00
  0.10000000E+01  0.75000000E+00  0.10000000E+01  0.63386570E+00
  0.10000000E+01  0.75000000E+00  0.10000000E+01  0.63386570E+00
  0.10000000E+01  0.75000000E+00  0.10000000E+01  0.63386570E+00
  0.10000000E+01  0.75000000E+00  0.10000000E+01  0.63386570E+00
  0.10000000E+01  0.75000000E+00  0.10000000E+01  0.63386570E+00
  0.10000000E+01  0.75000000E+00  0.10000000E+01  0.63386570E+00
  0.10000000E+01  0.75000000E+00  0.10000000E+01  0.63386570E+00
  0.10000000E+01  0.75000000E+00  0.10000000E+01  0.63386570E+00
  0.10000000E+01  0.75000000E+00  0.10000000E+01  0.63386570E+00
  0.10000000E+01  0.75000000E+00  0.10000000E+01  0.63386570E+00
  0.10000000E+01  0.75000000E+00  0.10000000E+01  0.63386570E+00
  0.10000000E+01  0.75000000E+00  0.10000000E+01  0.63386570E+00
  0.10000000E+01  0.75000000E+00  0.10000000E+01  0.63386570E+00
  0.10000000E+01  0.75000000E+00  0.10000000E+01  0.63386570E+00
  0.10000000E+01  0.75000000E+00  0.10000000E+01  0.63386570E+00
  0.10000000E+01  0.75000000E+00  0.10000000E+01  0.63386570E+00
  0.10000000E+01  0.75000000E+00  0.10000000E+01  0.63386570E+00
  0.10000000E+01  0.75000000E+00  0.10000000E+01  0.63386570E+00
  0.10000000E+01  0.75000000E+00  0.10000000E+01  0.63386570E+00
  0.10000000E+01  0.75000000E+00  0.10000000E+01  0.63386570E+00
  0.10000000E+01  0.75000000E+00  0.10000000E+01  0.63386570E+00
  0.10000000E+01  0.75000000E+00  0.10000000E+01  0.63386570E+00
  0.10000000E+01  0.75000000E+00  0.10000000E+01  0.63386570E+00
  0.10000000E+01  0.75000000E+00  0.10000000E+01  0.63386570E+00
  0.10000000E+01  0.75000000E+00  0.10000000E+01  0.63386570E+00
  0.10000000E+01  0.75000000E+00  0.10000000E+01  0.63386570E+00
  0.10000000E+01  0.75000000E+00  0.10000000E+01  0.63386570E+00
  0.10000000E+01  0.75000000E+00  0.10000000E+01  0.63386570E+00
  0.10000000E+01  0.75000000E+00  0.10000000E+01  0.63386570E+00
  0.10000000E+01  0.75000000E+00  0.10000000E+01  0.63386570E+00
  0.10000000E+01  0.75000000E+00  0.10000000E+01  0.63386570E+00
  0.10000000E+01  0.75000000E+00  0.10000000E+01  0.63386570E+00
  0.10000000E+01  0.75000000E+00  0.10000000E+01  0.63386570E+00
  0.10000000E+01  0.75000000E+00  0.10000000E+01  0.63386570E+00
