  0.50000000E+01  0.75000000E+00  0.50000000E+01  0.63386570E+00
  0.50000000E+01  0.75000000E+00  0.50000000E+01  0.63386570E+00
  0.50000000E+01  0.75000000E+00  0.50000000E+01  0.63386570E+00
  0.50000000E+01  0.75000000E+00  0.50000000E+01  0.63386570E+00
  0.50000000E+01  0.75000000E+00  0.50000000E+01  0.63386570E+00
  0.50000000E+01  0.75000000E+00  0.50000000E+01  0.63386570E+00
  0.50000000E+01  0.75000000E+00  0.50000000E+01  0.63386570E+00
  0.50000000E+01  0.75000000E+00  0.50000000E+01  0.63386570E+00
  0.50000000E+01  0.75000000E+00  0.50000000E+01  0.63386570E+00
  0.50000000E+01  0.75000000E+00  0.50000000E+01  0.63386570E+00
  0.50000000E+01  0.75000000E+00  0.50000000E+01  0.63386570E+00
  0.50000000E+01  0.75000000E+00  0.50000000E+01  0.63386570E+00
  0.50000000E+01  0.75000000E+00  0.50000000E+01  0.63386570E+00
  0.50000000E+01  0.75000000E+00  0.50000000E+01  0.63386570E+00
  0.50000000E+01  0.75000000E+00  0.50000000E+01  0.63386570E+00
  0.50000000E+01  0.75000000E+00  0.50000000E+01  0.63386570E+00
  0.50000000E+01  0.75000000E+00  0.50000000E+01  0.63386570E+00
  0.50000038E+01  0.74999906E+00  0.50000051E+01  0.63386482E+00
  0.50000189E+01  0.74999544E+00  0.50000260E+01  0.63386139E+00
  0.50000286E+01  0.74999327E+00  0.50000400E+01  0.63385928E+00
  0.49919543E+01  0.75223337E+00  0.49902362E+01  0.63586267E+00
  0.47847082E+01  0.80159434E+00  0.47054052E+01  0.68315593E+00
  0.44249511E+01  0.89335234E+00  0.42170211E+01  0.77341060E+00
  0.40880569E+01  0.98469939E+00  0.37736213E+01  0.86620156E+00
  0.37793644E+01  0.10732698E+01  0.33801316E+01  0.95915211E+00
  0.34828477E+01  0.11634810E+01  0.30160431E+01  0.10566806E+01
  0.32121917E+01  0.12518634E+01  0.26939572E+01  0.11553094E+01
  0.29773400E+01  0.13331123E+01  0.24187005E+01  0.12500457E+01
  0.28018769E+01  0.14008047E+01  0.22206674E+01  0.13298306E+01
  0.27183647E+01  0.14363238E+01  0.21388548E+01  0.13685213E+01
  0.26774987E+01  0.14334559E+01  0.21076419E+01  0.13654837E+01
  0.26753754E+01  0.14301891E+01  0.21053232E+01  0.13625813E+01
  0.26873548E+01  0.14288873E+01  0.21079010E+01  0.13635509E+01
  0.27359641E+01  0.14301372E+01  0.21145863E+01  0.13748527E+01
  0.28003795E+01  0.14343233E+01  0.21280556E+01  0.13905929E+01
  0.28193616E+01  0.14382877E+01  0.21435694E+01  0.13940821E+01
  0.28032706E+01  0.14386593E+01  0.21493858E+01  0.13885747E+01
  0.27005703E+01  0.14367382E+01  0.21481789E+01  0.13614640E+01
  0.24531759E+01  0.14309628E+01  0.21340555E+01  0.12966591E+01
  0.21216893E+01  0.14210409E+01  0.21077320E+01  0.12049687E+01
  0.18034905E+01  0.14126751E+01  0.20879497E+01  0.11096223E+01
  0.16328374E+01  0.14117093E+01  0.20862975E+01  0.10555155E+01
  0.16225978E+01  0.14124395E+01  0.20884042E+01  0.10522139E+01
  0.16269159E+01  0.14181567E+01  0.21009527E+01  0.10547138E+01
  0.16612240E+01  0.14360916E+01  0.21406921E+01  0.10691906E+01
  0.17077308E+01  0.14537933E+01  0.21806981E+01  0.10873030E+01
  0.17185739E+01  0.14544240E+01  0.21823036E+01  0.10908211E+01
  0.17075505E+01  0.14399467E+01  0.21491889E+01  0.10847556E+01
  0.15672025E+01  0.13234686E+01  0.18971303E+01  0.10166316E+01
  0.12077384E+01  0.99887059E+00  0.13195333E+01  0.80764680E+00
  0.10077907E+01  0.76059719E+00  0.10111741E+01  0.64174561E+00
  0.10000000E+01  0.75000000E+00  0.10000000E+01  0.63386570E+00
  0.10000000E+01  0.75000000E+00  0.10000000E+01  0.63386570E+00
  0.10000000E+01  0.75000000E+00  0.10000000E+01  0.63386570E+00
  0.10000000E+01  0.75000000E+00  0.10000000E+01  0.63386570E+00
  0.10000000E+01  0.75000000E+00  0.10000000E+01  0.63386570E+00
  0.10000000E+01  0.75000000E+00  0.10000000E+01  0.63386570E+00
  0.10000000E+01  0.75000000E+00  0.10000000E+01  0.63386570E+00
  0.10000000E+01  0.75000000E+00  0.10000000E+01  0.63386570E+00
  0.10000000E+01  0.75000000E+00  0.10000000E+01  0.63386570E+00
  0.10000000E+01  0.75000000E+00  0.10000000E+01  0.63386570E+00
  0.10000000E+01  0.75000000E+00  0.10000000E+01  0.63386570E+00
  0.10000000E+01  0.75000000E+00  0.10000000E+01  0.63386570E+00
  0.10000000E+01  0.75000000E+00  0.10000000E+01  0.63386570E+00
  0.10000000E+01  0.75000000E+00  0.10000000E+01  0.63386570E+00
  0.10000000E+01  0.75000000E+00  0.10000000E+01  0.63386570E+00
  0.10000000E+01  0.75000000E+00  0.10000000E+01  0.63386570E+00
  0.10000000E+01  0.75000000E+00  0.10000000E+01  0.63386570E+00
  0.10000000E+01  0.75000000E+00  0.10000000E+01  0.63386570E+00
  0.10000000E+01  0.75000000E+00  0.10000000E+01  0.63386570E+00
  0.10000000E+01  0.75000000E+00  0.10000000E+01  0.63386570E+00
  0.10000000E+01  0.75000000E+00  0.10000000E+01  0.63386570E+00
  0.10000000E+01  0.75000000E+00  0.10000000E+01  0.63386570E+00
  0.10000000E+01  0.75000000E+00  0.10000000E+01  0.63386570E+00
  0.10000000E+01  0.75000000E+00  0.10000000E+01  0.63386570E+00
  0.10000000E+01  0.75000000E+00  0.10000000E+01  0.63386570E+00
  0.10000000E+01  0.75000000E+00  0.10000000E+01  0.63386570E+00
  0.10000000E+01  0.75000000E+00  0.10000000E+01  0.63386570E+00
  0.10000000E+01  0.75000000E+00  0.10000000E+01  0.63386570E+00
  0.10000000E+01  0.75000000E+00  0.10000000E+01  0.63386570E+00
  0.10000000E+01  0.75000000E+00  0.10000000E+01  0.63386570E+00
  0.10000000E+01  0.75000000E+00  0.10000000E+01  0.63386570E+00
  0.10000000E+01  0.75000000E+00  0.10000000E+01  0.63386570E+00
  0.10000000E+01  0.75000000E+00  0.10000000E+01  0.63386570E+00
  0.10000000E+01  0.75000000E+00  0.10000000E+01  0.63386570E+00
  0.10000000E+01  0.75000000E+00  0.10000000E+01  0.63386570E+00
  0.10000000E+01  0.75000000E+00  0.10000000E+01  0.63386570E+00
  0.10000000E+01  0.75000000E+00  0.10000000E+01  0.63386570E+00
  0.10000000E+01  0.75000000E+00  0.10000000E+01  0.63386570E+00
  0.10000000E+01  0.75000000E+00  0.10000000E+01  0.63386570E+00
  0.10000000E+01  0.75000000E+00  0.10000000E+01  0.63386570E+00
  0.10000000E+01  0.75000000E+00  0.10000000E+01  0.63386570E+00
  0.10000000E+01  0.75000000E+00  0.10000000E+01  0.63386570E+00
  0.10000000E+01  0.75000000E+00  0.10000000E+01  0.63386570E+00
  0.10000000E+01  0.75000000E+00  0.10000000E+01  0.63386570E+00
  0.10000000E+01  0.75000000E+00  0.10000000E+01  0.63386570E+00
  0.10000000E+01  0.75000000E+00  0.10000000E+01  0.63386570E+00
  0.10000000E+01  0.75000000E+00  0.10000000E+01  0.63386570E+00
  0.10000000E+01  0.75000000E+00  0.10000000E+01  0.63386570E+00
  0.10000000E+01  0.75000000E+00  0.10000000E+01  0.63386570E+00
